#Seq2Logo.py -f /work3/idamei/wzy_ssn/run/1e-50/run/150/MSAs/0003_64.afa -o /work3/idamei/wzy_ssn/run/1e-50/run/150/logos/0003_64.logo
Last position-specific scoring matrix computed, values are in halfbits
A R N D C Q E G H I L K M F P S T W Y V
0 L -1.073 -1.376 -2.353 -2.807 -0.161 -1.044 -2.346 -2.576 -0.961 1.61 2.142 -1.445 5.574 0.475 -3.235 -2.009 -1.039 -1.299 -0.825 0.997
1 L -1.533 -2.179 -3.355 -3.613 -0.143 -2.633 -3.298 -3.375 -2.306 2.012 4.026 -2.471 2.14 0.84 -3.597 -3.151 -1.573 -1.643 -1.049 1.113
2 K -0.819 2.101 -0.261 -0.715 -1.97 0.814 0.32 -1.335 -0.236 -2.116 -2.233 4.472 -1.217 -2.799 -1.68 -0.874 -1.075 -2.542 -1.782 -1.992
3 L -1.533 -2.179 -3.355 -3.613 -0.143 -2.633 -3.298 -3.375 -2.306 2.012 4.026 -2.471 2.14 0.84 -3.597 -3.151 -1.573 -1.643 -1.049 1.113
4 Y -1.805 -1.77 -2.118 -3.015 -1.744 -1.776 -2.356 -2.925 2.112 -0.796 -0.903 -1.866 -0.675 3.356 -3.326 -2.43 -2.082 2.316 6.64 -0.972
5 K -0.819 2.101 -0.261 -0.715 -1.97 0.814 0.32 -1.335 -0.236 -2.116 -2.233 4.472 -1.217 -2.799 -1.68 -0.874 -1.075 -2.542 -1.782 -1.992
6 N -1.653 -0.408 5.628 1.289 -1.839 -0.52 -0.718 -0.147 0.976 -2.705 -3.144 -0.288 -2.154 -2.367 -2.58 -0.111 -0.444 -2.959 -2.062 -2.553
7 K -0.819 2.101 -0.261 -0.715 -1.97 0.814 0.32 -1.335 -0.236 -2.116 -2.233 4.472 -1.217 -2.799 -1.68 -0.874 -1.075 -2.542 -1.782 -1.992
8 A 3.901 -1.477 -1.655 -1.68 0.687 -1.313 -1.291 0.381 -1.204 -0.823 -1.314 -0.841 -0.866 -1.841 -1.468 0.462 -0.415 -2.433 -1.748 0.146
9 Q -0.98 0.053 -1.009 -1.331 -0.91 3.23 0.089 -1.979 0.029 0.279 0.754 0.184 3.949 -0.764 -2.645 -1.317 -1.01 -1.712 -1.05 -0.077
10 E 0.242 -0.415 0.109 0.768 -0.91 0.544 2.956 -0.883 -0.002 -2.306 -2.51 0.236 -1.456 -2.256 -1.671 1.895 0.081 -2.467 -1.831 -1.683
11 F -2.062 -2.283 -2.47 -3.164 -1.557 -2.64 -2.869 -2.903 0.996 -0.213 -0.079 -2.501 -0.207 5.346 -3.837 -2.719 -2.227 1.671 5.356 -0.734
12 L -1.673 -1.975 -2.678 -3.306 -0.841 -2.18 -2.796 -3.148 0.67 0.93 2.515 -2.16 1.056 2.356 -3.466 -2.775 -1.824 0.961 4.848 0.248
13 L -1.541 -2.186 -3.362 -3.62 -0.15 -2.64 -3.306 -3.383 -2.314 2.005 4.037 -2.478 2.132 0.833 -3.604 -3.158 -1.581 -1.65 -1.056 1.106
14 L -1.458 -2.607 -3.312 -3.392 -0.15 -2.911 -3.49 -3.43 -2.505 3.529 3.092 -2.577 1.734 0.542 -3.554 -3.117 -1.317 -1.905 -1.168 2.114
15 L -1.458 -2.607 -3.312 -3.392 -0.15 -2.911 -3.49 -3.43 -2.505 3.529 3.092 -2.577 1.734 0.542 -3.554 -3.117 -1.317 -1.905 -1.168 2.114
16 C -0.746 -2.198 -2.646 -3.1 7.773 -2.011 -3.033 -2.366 -1.792 0.666 0.959 -2.165 3.882 -0.518 -3.224 -1.838 -1.178 -2.112 -1.65 0.374
17 L -1.541 -2.186 -3.362 -3.62 -0.15 -2.64 -3.306 -3.383 -2.314 2.005 4.037 -2.478 2.132 0.833 -3.604 -3.158 -1.581 -1.65 -1.056 1.106
18 F -2.334 -2.896 -2.86 -3.314 -1.374 -3.864 -3.482 -2.875 -0.828 0.277 0.565 -3.304 0.201 6.515 -4.448 -3.031 -2.371 0.852 2.931 -0.507
19 L -1.301 -1.757 -2.818 -3.189 -0.159 -1.738 -2.79 -2.955 -1.563 1.811 3.24 -1.92 4.367 0.656 -3.418 -2.531 -1.301 -1.473 -0.942 1.048
20 C 2.492 -2.265 -2.24 -2.425 7.804 -2.195 -2.322 -0.624 -1.952 -0.781 -1.188 -1.764 -0.974 -1.936 -2.213 -0.416 -0.835 -2.81 -2.229 -0.122
21 V -0.234 -2.486 -2.929 -3.164 0.34 -2.587 -2.894 -2.955 -2.915 3.03 0.945 -2.388 0.832 -0.398 -3.171 -2.284 -0.451 -2.387 -1.285 4.125
22 F -2.334 -2.896 -2.86 -3.314 -1.374 -3.864 -3.482 -2.875 -0.828 0.277 0.565 -3.304 0.201 6.515 -4.448 -3.031 -2.371 0.852 2.931 -0.507
23 N -1.66 -0.415 5.643 1.281 -1.846 -0.527 -0.725 -0.155 0.968 -2.712 -3.152 -0.296 -2.161 -2.374 -2.588 -0.118 -0.451 -2.966 -2.069 -2.56
24 F -2.334 -2.896 -2.86 -3.314 -1.374 -3.864 -3.482 -2.875 -0.828 0.277 0.565 -3.304 0.201 6.515 -4.448 -3.031 -2.371 0.852 2.931 -0.507
25 Y -1.812 -1.777 -2.126 -3.022 -1.752 -1.784 -2.363 -2.932 2.105 -0.804 -0.91 -1.873 -0.682 3.348 -3.333 -2.437 -2.089 2.309 6.655 -0.979
26 V -0.749 -2.777 -3.091 -3.173 0.105 -2.882 -3.263 -3.205 -2.811 3.871 1.334 -2.53 1.06 -0.074 -3.333 -2.653 -0.746 -2.284 -1.285 3.561
27 P -0.836 -2.014 -1.934 -1.564 -1.457 -1.933 -1.622 -1.852 -1.608 -2.318 -2.75 -1.064 -2.403 -3.336 6.663 -1.452 -1.348 -4.549 -2.636 -2.162
28 N 0.015 -0.573 4.091 0.617 -0.73 -0.548 -0.639 -0.13 0.342 -2.284 -2.711 -0.29 -1.633 -2.151 -1.978 2.041 0.372 -2.75 -1.908 -1.857
29 V -0.749 -2.777 -3.091 -3.173 0.105 -2.882 -3.263 -3.205 -2.811 3.871 1.334 -2.53 1.06 -0.074 -3.333 -2.653 -0.746 -2.284 -1.285 3.561
30 G 0.09 -2.358 -0.44 -1.323 -1.32 -2.195 -2.622 5.809 -1.476 -3.215 -3.461 -1.651 -2.667 -2.678 -2.779 -1.002 -1.919 -2.44 -3.148 -2.864
31 P -0.836 -2.014 -1.934 -1.564 -1.457 -1.933 -1.622 -1.852 -1.608 -2.318 -2.75 -1.064 -2.403 -3.336 6.663 -1.452 -1.348 -4.549 -2.636 -2.162
32 A 3.918 -1.484 -1.662 -1.687 0.68 -1.32 -1.298 0.374 -1.211 -0.83 -1.321 -0.849 -0.874 -1.848 -1.475 0.455 -0.422 -2.44 -1.756 0.139
33 L -1.541 -2.186 -3.362 -3.62 -0.15 -2.64 -3.306 -3.383 -2.314 2.005 4.037 -2.478 2.132 0.833 -3.604 -3.158 -1.581 -1.65 -1.056 1.106
34 Y -1.812 -1.777 -2.126 -3.022 -1.752 -1.784 -2.363 -2.932 2.105 -0.804 -0.91 -1.873 -0.682 3.348 -3.333 -2.437 -2.089 2.309 6.655 -0.979
35 I -1.377 -3.101 -3.263 -3.181 -0.15 -3.209 -3.687 -3.479 -2.711 4.521 1.677 -2.679 1.271 0.218 -3.505 -3.076 -1.075 -2.185 -1.285 2.86
36 S 1.068 -0.741 0.497 -0.249 0.072 -0.57 -0.555 -0.106 -0.46 -1.911 -2.328 -0.285 -1.187 -1.943 -1.475 3.262 1.011 -2.549 -1.756 -1.292
37 V -0.749 -2.777 -3.091 -3.173 0.105 -2.882 -3.263 -3.205 -2.811 3.871 1.334 -2.53 1.06 -0.074 -3.333 -2.653 -0.746 -2.284 -1.285 3.561
38 F 2.231 -2.104 -2.199 -2.388 -0.168 -2.32 -2.188 -0.816 -1.013 -0.224 -0.227 -1.823 -0.286 4.669 -2.595 -0.791 -1.235 -0.348 1.45 -0.166
39 V -0.626 -1.882 -2.631 -2.984 0.097 -1.718 -2.611 -2.763 -1.78 2.404 1.601 -1.882 4.115 0.067 -3.207 -2.147 -0.733 -1.796 -1.05 2.964
40 V 0.49 -1.484 -0.735 -1.353 0.209 -1.406 -1.494 -1.193 -1.434 1.508 -0.25 -1.149 -0.005 -1.069 -2.2 1.656 0.372 -2.467 -1.511 2.536
41 F -2.334 -2.896 -2.86 -3.314 -1.374 -3.864 -3.482 -2.875 -0.828 0.277 0.565 -3.304 0.201 6.515 -4.448 -3.031 -2.371 0.852 2.931 -0.507
42 V -0.749 -2.777 -3.091 -3.173 0.105 -2.882 -3.263 -3.205 -2.811 3.871 1.334 -2.53 1.06 -0.074 -3.333 -2.653 -0.746 -2.284 -1.285 3.561
43 C -1.05 -2.454 -2.515 -3.214 7.734 -2.501 -3.04 -2.522 0.566 -0.767 -0.985 -2.427 -0.874 1.765 -3.269 -2.028 -1.677 0.703 4.762 -0.68
44 L -1.541 -2.186 -3.362 -3.62 -0.15 -2.64 -3.306 -3.383 -2.314 2.005 4.037 -2.478 2.132 0.833 -3.604 -3.158 -1.581 -1.65 -1.056 1.106
45 F -1.097 -2.684 -2.895 -3.238 -0.392 -3.156 -3.173 -2.915 -1.687 1.97 0.761 -2.81 0.534 4.766 -3.74 -2.633 -1.254 -0.335 1.533 2.653
46 F -1.097 -2.684 -2.895 -3.238 -0.392 -3.156 -3.173 -2.915 -1.687 1.97 0.761 -2.81 0.534 4.766 -3.74 -2.633 -1.254 -0.335 1.533 2.653
47 N -1.245 0.383 4.013 0.577 -1.878 3.294 0.523 -0.741 0.871 -2.467 -2.513 0.562 -1.15 -2.652 -2.361 -0.419 -0.701 -2.549 -1.65 -2.148
48 V -0.749 -2.777 -3.091 -3.173 0.105 -2.882 -3.263 -3.205 -2.811 3.871 1.334 -2.53 1.06 -0.074 -3.333 -2.653 -0.746 -2.284 -1.285 3.561
49 N -1.213 1.104 3.993 0.45 -1.911 0.216 -0.16 -0.688 0.426 -2.403 -2.66 2.993 -1.655 -2.582 -2.102 -0.474 -0.749 -2.75 -1.925 -2.266
50 K 0.274 1.011 0.14 -0.476 -0.774 0.2 -0.088 -0.659 -0.349 -2.015 -2.284 2.995 -1.205 -2.342 -1.579 1.878 0.15 -2.549 -1.772 -1.624
51 L -0.814 -2.332 -3.138 -3.383 0.105 -2.614 -3.092 -3.161 -2.599 2.562 2.887 -2.433 1.555 0.282 -3.38 -2.688 -0.961 -1.995 -1.168 2.993
52 C -0.875 -3.217 -3.11 -3.297 7.774 -3.331 -3.803 -2.747 -2.828 2.954 0.621 -2.888 0.329 -0.692 -3.352 -2.288 -1.193 -2.662 -1.943 1.666
53 E -0.872 1.193 -0.303 0.61 -2.186 1.089 3.103 -1.63 0.092 -2.426 -2.462 3.172 -1.476 -2.705 -1.783 -0.836 -1.189 -2.467 -1.848 -2.066
54 D -1.795 -1.681 -0.009 3.964 -2.045 -1.292 -0.179 -1.888 1.076 -1.607 -1.921 -1.304 -1.517 1.66 -2.764 -1.6 -1.731 0.667 4.753 -1.771
55 N -1.213 1.104 3.993 0.45 -1.911 0.216 -0.16 -0.688 0.426 -2.403 -2.66 2.993 -1.655 -2.582 -2.102 -0.474 -0.749 -2.75 -1.925 -2.266
56 N 0.015 -0.573 4.091 0.617 -0.73 -0.548 -0.639 -0.13 0.342 -2.284 -2.711 -0.29 -1.633 -2.151 -1.978 2.041 0.372 -2.75 -1.908 -1.857
57 V -0.172 -1.706 -1.209 -1.894 0.233 -1.751 -2.037 -2.029 -2.067 1.839 0.114 -1.48 0.23 -0.929 -2.335 -0.419 2.762 -2.284 -1.488 2.79
58 I -1.377 -3.101 -3.263 -3.181 -0.15 -3.209 -3.687 -3.479 -2.711 4.521 1.677 -2.679 1.271 0.218 -3.505 -3.076 -1.075 -2.185 -1.285 2.86
59 F -0.158 -1.622 -0.719 -1.392 -0.561 -1.77 -1.662 -1.17 -0.638 -0.615 -0.533 -1.417 -0.41 4.664 -2.595 1.571 -0.21 -0.374 1.45 -0.873
60 R -1.67 3.732 -1.176 -2.202 -1.994 -0.409 -1.323 -2.502 1.272 -1.568 -1.415 0.684 -0.94 1.709 -3.002 -1.876 -1.754 0.852 4.806 -1.51
61 A 3.918 -1.484 -1.662 -1.687 0.68 -1.32 -1.298 0.374 -1.211 -0.83 -1.321 -0.849 -0.874 -1.848 -1.475 0.455 -0.422 -2.44 -1.756 0.139
62 L -1.673 -1.975 -2.678 -3.306 -0.841 -2.18 -2.796 -3.148 0.67 0.93 2.515 -2.16 1.056 2.356 -3.466 -2.775 -1.824 0.961 4.848 0.248
63 R -0.811 3.685 -1.44 -2.254 -0.676 -0.636 -1.497 -2.512 -1.032 1.412 -0.174 0.585 -0.017 -1.253 -2.928 -1.812 -0.909 -2.31 -1.518 2.434
64 R 0.051 3.823 0.057 -0.832 -0.864 0.025 -0.558 -0.944 -0.167 -2.24 -2.174 1.091 -1.205 -2.196 -2.025 1.784 0.034 -2.387 -1.764 -1.694
65 Y -1.812 -1.777 -2.126 -3.022 -1.752 -1.784 -2.363 -2.932 2.105 -0.804 -0.91 -1.873 -0.682 3.348 -3.333 -2.437 -2.089 2.309 6.655 -0.979
66 F -1.816 -2.997 -3.054 -3.247 -0.698 -3.518 -3.583 -3.161 -1.619 3.118 1.174 -2.975 0.786 4.823 -3.938 -3.053 -1.651 -0.284 1.533 1.642
67 L -1.91 -2.52 -3.1 -3.463 -0.698 -3.188 -3.393 -3.117 -1.476 1.268 2.795 -2.862 1.326 4.892 -3.996 -3.094 -1.949 -0.136 1.577 0.411
68 F -1.816 -2.997 -3.054 -3.247 -0.698 -3.518 -3.583 -3.161 -1.619 3.118 1.174 -2.975 0.786 4.823 -3.938 -3.053 -1.651 -0.284 1.533 1.642
69 F -2.062 -2.283 -2.47 -3.164 -1.557 -2.64 -2.869 -2.903 0.996 -0.213 -0.079 -2.501 -0.207 5.346 -3.837 -2.719 -2.227 1.671 5.356 -0.734
70 G -0.551 -2.705 -1.519 -2.105 -0.676 -2.658 -3.106 3.922 -2.028 2.712 0.126 -2.119 -0.072 -0.881 -3.119 -1.857 -1.466 -2.31 -2.069 1.232
71 L -0.814 -2.332 -3.138 -3.383 0.105 -2.614 -3.092 -3.161 -2.599 2.562 2.887 -2.433 1.555 0.282 -3.38 -2.688 -0.961 -1.995 -1.168 2.993
72 P -0.836 -2.014 -1.934 -1.564 -1.457 -1.933 -1.622 -1.852 -1.608 -2.318 -2.75 -1.064 -2.403 -3.336 6.663 -1.452 -1.348 -4.549 -2.636 -2.162
73 F -2.334 -2.896 -2.86 -3.314 -1.374 -3.864 -3.482 -2.875 -0.828 0.277 0.565 -3.304 0.201 6.515 -4.448 -3.031 -2.371 0.852 2.931 -0.507
74 L -1.541 -2.186 -3.362 -3.62 -0.15 -2.64 -3.306 -3.383 -2.314 2.005 4.037 -2.478 2.132 0.833 -3.604 -3.158 -1.581 -1.65 -1.056 1.106
75 F -2.334 -2.896 -2.86 -3.314 -1.374 -3.864 -3.482 -2.875 -0.828 0.277 0.565 -3.304 0.201 6.515 -4.448 -3.031 -2.371 0.852 2.931 -0.507
76 L -1.541 -2.186 -3.362 -3.62 -0.15 -2.64 -3.306 -3.383 -2.314 2.005 4.037 -2.478 2.132 0.833 -3.604 -3.158 -1.581 -1.65 -1.056 1.106
77 I -1.377 -3.101 -3.263 -3.181 -0.15 -3.209 -3.687 -3.479 -2.711 4.521 1.677 -2.679 1.271 0.218 -3.505 -3.076 -1.075 -2.185 -1.285 2.86
78 C -1.239 -3.109 -2.912 -3.366 7.741 -3.654 -3.695 -2.497 -1.698 -0.184 -0.135 -3.207 -0.368 4.66 -3.761 -2.271 -1.796 -0.521 1.302 -0.458
79 F -1.816 -2.997 -3.054 -3.247 -0.698 -3.518 -3.583 -3.161 -1.619 3.118 1.174 -2.975 0.786 4.823 -3.938 -3.053 -1.651 -0.284 1.533 1.642
80 V -0.749 -2.777 -3.091 -3.173 0.105 -2.882 -3.263 -3.205 -2.811 3.871 1.334 -2.53 1.06 -0.074 -3.333 -2.653 -0.746 -2.284 -1.285 3.561
81 G 0.62 -1.438 0.066 -0.736 -0.541 -1.27 -1.407 4.159 -0.924 -2.49 -2.839 -0.888 -1.833 -2.287 -2.054 1.855 -0.097 -2.494 -2.369 -1.973
82 V -0.749 -2.777 -3.091 -3.173 0.105 -2.882 -3.263 -3.205 -2.811 3.871 1.334 -2.53 1.06 -0.074 -3.333 -2.653 -0.746 -2.284 -1.285 3.561
83 R -1.534 5.51 -0.462 -1.564 -2.259 0.518 -0.561 -2.128 0.098 -2.612 -2.028 2.018 -1.224 -2.472 -2.704 -1.406 -1.454 -2.234 -1.772 -2.162
84 T -0.112 -1.093 -0.139 -1.014 0.122 -1.103 -1.378 -1.329 -1.413 -0.224 -1.057 -0.791 -0.532 -1.58 -1.687 0.705 4.245 -2.185 -1.706 0.229
85 I -1.377 -3.101 -3.263 -3.181 -0.15 -3.209 -3.687 -3.479 -2.711 4.521 1.677 -2.679 1.271 0.218 -3.505 -3.076 -1.075 -2.185 -1.285 2.86
86 L -0.739 -1.588 -1.322 -2.033 -0.011 -1.77 -2.184 -2.177 -1.828 1.101 2.493 -1.513 1.097 -0.129 -2.489 -0.623 2.605 -1.905 -1.363 0.701
87 T 0.538 -0.911 0.197 -0.606 0.097 -0.824 -0.937 -0.653 -0.897 -0.946 -1.623 -0.527 -0.841 -1.756 -1.579 2.258 3.059 -2.361 -1.731 -0.432
88 G 0.09 -2.358 -0.44 -1.323 -1.32 -2.195 -2.622 5.809 -1.476 -3.215 -3.461 -1.651 -2.667 -2.678 -2.779 -1.002 -1.919 -2.44 -3.148 -2.864
89 G 0.62 -1.438 0.066 -0.736 -0.541 -1.27 -1.407 4.159 -0.924 -2.49 -2.839 -0.888 -1.833 -2.287 -2.054 1.855 -0.097 -2.494 -2.369 -1.973
90 G -0.067 -2.421 -1.424 -2.099 -0.372 -2.385 -2.755 3.944 -2.107 1.343 -0.488 -1.996 -0.417 -1.319 -2.969 -1.573 -1.093 -2.414 -2.069 2.37
91 D -1.777 -1.588 1.199 5.833 -2.372 -0.872 1.05 -1.124 -0.536 -2.725 -3.491 -0.829 -2.698 -2.92 -2.289 -0.952 -1.413 -3.531 -3.043 -2.864
92 P -0.452 -1.516 -0.899 -1.276 -0.561 -1.488 -1.497 -1.579 -1.509 -1.085 -1.781 -0.924 -1.318 -2.327 4.818 -0.176 2.633 -3.131 -2.134 -0.725
93 S 1.068 -0.741 0.497 -0.249 0.072 -0.57 -0.555 -0.106 -0.46 -1.911 -2.328 -0.285 -1.187 -1.943 -1.475 3.262 1.011 -2.549 -1.756 -1.292
94 F -2.062 -2.283 -2.47 -3.164 -1.557 -2.64 -2.869 -2.903 0.996 -0.213 -0.079 -2.501 -0.207 5.346 -3.837 -2.719 -2.227 1.671 5.356 -0.734
95 L -0.814 -2.332 -3.138 -3.383 0.105 -2.614 -3.092 -3.161 -2.599 2.562 2.887 -2.433 1.555 0.282 -3.38 -2.688 -0.961 -1.995 -1.168 2.993
96 F -2.334 -2.896 -2.86 -3.314 -1.374 -3.864 -3.482 -2.875 -0.828 0.277 0.565 -3.304 0.201 6.515 -4.448 -3.031 -2.371 0.852 2.931 -0.507
97 L -1.541 -2.186 -3.362 -3.62 -0.15 -2.64 -3.306 -3.383 -2.314 2.005 4.037 -2.478 2.132 0.833 -3.604 -3.158 -1.581 -1.65 -1.056 1.106
98 L -1.301 -1.757 -2.818 -3.189 -0.159 -1.738 -2.79 -2.955 -1.563 1.811 3.24 -1.92 4.367 0.656 -3.418 -2.531 -1.301 -1.473 -0.942 1.048
99 I -1.377 -3.101 -3.263 -3.181 -0.15 -3.209 -3.687 -3.479 -2.711 4.521 1.677 -2.679 1.271 0.218 -3.505 -3.076 -1.075 -2.185 -1.285 2.86
100 K -0.826 2.094 -0.268 -0.722 -1.977 0.807 0.313 -1.342 -0.243 -2.123 -2.24 4.49 -1.224 -2.806 -1.687 -0.881 -1.082 -2.549 -1.789 -1.999
101 Y -0.027 -1.213 -0.526 -1.314 -0.698 -1.113 -1.32 -1.186 1.098 -1.305 -1.533 -0.971 -0.923 1.776 -2.257 1.637 -0.141 0.8 4.807 -1.132
102 L -1.91 -2.52 -3.1 -3.463 -0.698 -3.188 -3.393 -3.117 -1.476 1.268 2.795 -2.862 1.326 4.892 -3.996 -3.094 -1.949 -0.136 1.577 0.411
103 V -0.749 -2.777 -3.091 -3.173 0.105 -2.882 -3.263 -3.205 -2.811 3.871 1.334 -2.53 1.06 -0.074 -3.333 -2.653 -0.746 -2.284 -1.285 3.561
104 F -2.334 -2.896 -2.86 -3.314 -1.374 -3.864 -3.482 -2.875 -0.828 0.277 0.565 -3.304 0.201 6.515 -4.448 -3.031 -2.371 0.852 2.931 -0.507
105 G -0.166 -2.807 -1.434 -2.184 7.743 -2.758 -3.2 3.986 -2.12 -1.714 -2.018 -2.29 -1.765 -2.334 -2.985 -1.317 -1.602 -2.81 -2.967 -1.383
106 C -0.875 -3.217 -3.11 -3.297 7.774 -3.331 -3.803 -2.747 -2.828 2.954 0.621 -2.888 0.329 -0.692 -3.352 -2.288 -1.193 -2.662 -1.943 1.666
107 L -0.814 -2.332 -3.138 -3.383 0.105 -2.614 -3.092 -3.161 -2.599 2.562 2.887 -2.433 1.555 0.282 -3.38 -2.688 -0.961 -1.995 -1.168 2.993
108 A 2.556 -1.282 -0.801 -1.331 0.414 -1.209 -1.338 -0.354 -1.31 -0.511 -1.186 -0.82 -0.698 -1.711 -1.579 0.582 2.767 -2.31 -1.731 0.184
109 L 0.049 -1.374 -0.83 -1.468 -0.037 -1.423 -1.614 -1.302 -1.24 0.666 2.339 -1.178 0.926 -0.233 -2.348 1.558 -0.003 -2.065 -1.385 0.149
110 L -1.541 -2.186 -3.362 -3.62 -0.15 -2.64 -3.306 -3.383 -2.314 2.005 4.037 -2.478 2.132 0.833 -3.604 -3.158 -1.581 -1.65 -1.056 1.106
111 F -1.816 -2.997 -3.054 -3.247 -0.698 -3.518 -3.583 -3.161 -1.619 3.118 1.174 -2.975 0.786 4.823 -3.938 -3.053 -1.651 -0.284 1.533 1.642
112 P 2.426 -1.736 -1.795 -1.625 -0.195 -1.61 -1.456 -0.53 -1.402 -1.479 -1.948 -0.954 -1.538 -2.497 4.83 -0.344 -0.848 -3.306 -2.162 -0.788
113 L -0.814 -2.332 -3.138 -3.383 0.105 -2.614 -3.092 -3.161 -2.599 2.562 2.887 -2.433 1.555 0.282 -3.38 -2.688 -0.961 -1.995 -1.168 2.993
114 A 3.918 -1.484 -1.662 -1.687 0.68 -1.32 -1.298 0.374 -1.211 -0.83 -1.321 -0.849 -0.874 -1.848 -1.475 0.455 -0.422 -2.44 -1.756 0.139
115 I -1.377 -3.101 -3.263 -3.181 -0.15 -3.209 -3.687 -3.479 -2.711 4.521 1.677 -2.679 1.271 0.218 -3.505 -3.076 -1.075 -2.185 -1.285 2.86
116 F -2.334 -2.896 -2.86 -3.314 -1.374 -3.864 -3.482 -2.875 -0.828 0.277 0.565 -3.304 0.201 6.515 -4.448 -3.031 -2.371 0.852 2.931 -0.507
117 Y -1.586 -2.364 -2.638 -3.1 -0.841 -2.409 -2.95 -3.193 0.603 2.944 0.664 -2.248 0.457 2.188 -3.418 -2.739 -1.538 0.86 4.833 1.537
118 S 1.068 -0.741 0.497 -0.249 0.072 -0.57 -0.555 -0.106 -0.46 -1.911 -2.328 -0.285 -1.187 -1.943 -1.475 3.262 1.011 -2.549 -1.756 -1.292
119 K -0.805 2.115 -0.246 -0.7 -1.956 0.828 0.335 -1.321 -0.221 -2.101 -2.219 4.434 -1.202 -2.784 -1.665 -0.86 -1.06 -2.527 -1.767 -1.977
120 S 1.068 -0.741 0.497 -0.249 0.072 -0.57 -0.555 -0.106 -0.46 -1.911 -2.328 -0.285 -1.187 -1.943 -1.475 3.262 1.011 -2.549 -1.756 -1.292
121 E -0.872 1.193 -0.303 0.61 -2.186 1.089 3.103 -1.63 0.092 -2.426 -2.462 3.172 -1.476 -2.705 -1.783 -0.836 -1.189 -2.467 -1.848 -2.066
122 C -0.875 -3.217 -3.11 -3.297 7.774 -3.331 -3.803 -2.747 -2.828 2.954 0.621 -2.888 0.329 -0.692 -3.352 -2.288 -1.193 -2.662 -1.943 1.666
123 K -0.447 0.92 -0.203 -0.865 -0.741 0.007 -0.41 -1.336 -0.769 -1.02 -1.588 2.919 -0.857 -2.129 -1.687 0.019 2.668 -2.361 -1.747 -0.675
124 D -0.017 -1.134 0.869 4.164 -0.898 -0.717 0.358 -0.57 -0.498 -2.29 -2.852 -0.544 -1.844 -2.39 -1.854 1.864 0.046 -2.998 -2.328 -1.973
125 L -1.458 -2.607 -3.312 -3.392 -0.15 -2.911 -3.49 -3.43 -2.505 3.529 3.092 -2.577 1.734 0.542 -3.554 -3.117 -1.317 -1.905 -1.168 2.114
126 F -0.158 -1.622 -0.719 -1.392 -0.561 -1.77 -1.662 -1.17 -0.638 -0.615 -0.533 -1.417 -0.41 4.664 -2.595 1.571 -0.21 -0.374 1.45 -0.873
127 D -1.57 -2.246 -0.244 3.957 -1.052 -1.81 -0.439 -2.067 -1.423 2.746 0.122 -1.608 -0.079 -0.944 -2.833 -1.823 -1.239 -2.78 -2.032 1.232
128 F -1.097 -2.684 -2.895 -3.238 -0.392 -3.156 -3.173 -2.915 -1.687 1.97 0.761 -2.81 0.534 4.766 -3.74 -2.633 -1.254 -0.335 1.533 2.653
129 R -1.19 4.06 -0.272 -0.898 -2.08 3.457 0.578 -1.785 0.453 -2.42 -2.009 1.648 -0.784 -2.705 -2.414 -1.062 -1.204 -2.209 -1.518 -1.968
130 A 2.428 0.827 -0.882 -1.164 -0.353 -0.065 -0.381 -0.358 -0.687 -1.405 -1.744 2.911 -1.043 -2.287 -1.579 -0.137 -0.733 -2.494 -1.772 -0.737
131 L -1.673 -1.975 -2.678 -3.306 -0.841 -2.18 -2.796 -3.148 0.67 0.93 2.515 -2.16 1.056 2.356 -3.466 -2.775 -1.824 0.961 4.848 0.248
132 F -1.816 -2.997 -3.054 -3.247 -0.698 -3.518 -3.583 -3.161 -1.619 3.118 1.174 -2.975 0.786 4.823 -3.938 -3.053 -1.651 -0.284 1.533 1.642
133 Y -1.812 -1.777 -2.126 -3.022 -1.752 -1.784 -2.363 -2.932 2.105 -0.804 -0.91 -1.873 -0.682 3.348 -3.333 -2.437 -2.089 2.309 6.655 -0.979
134 R -1.454 3.653 -1.535 -2.26 -1.016 -0.782 -1.72 -2.725 -0.977 2.755 0.382 0.536 0.285 -0.824 -3.077 -2.122 -1.258 -2.209 -1.518 1.327
135 I -1.377 -3.101 -3.263 -3.181 -0.15 -3.209 -3.687 -3.479 -2.711 4.521 1.677 -2.679 1.271 0.218 -3.505 -3.076 -1.075 -2.185 -1.285 2.86
136 A 2.556 -1.282 -0.801 -1.331 0.414 -1.209 -1.338 -0.354 -1.31 -0.511 -1.186 -0.82 -0.698 -1.711 -1.579 0.582 2.767 -2.31 -1.731 0.184
137 L 2.323 -1.814 -2.389 -2.495 0.295 -1.905 -2.131 -0.932 -1.71 0.922 2.456 -1.55 1.004 -0.207 -2.348 -0.82 -0.944 -2.018 -1.385 0.663
138 V -0.749 -2.777 -3.091 -3.173 0.105 -2.882 -3.263 -3.205 -2.811 3.871 1.334 -2.53 1.06 -0.074 -3.333 -2.653 -0.746 -2.284 -1.285 3.561
139 Q -0.883 1.007 -0.093 -0.357 -1.911 4.883 1.392 -1.479 0.769 -2.24 -1.991 1.222 -0.403 -2.959 -2.151 -0.755 -0.975 -2.185 -1.285 -1.787
140 S 1.068 -0.741 0.497 -0.249 0.072 -0.57 -0.555 -0.106 -0.46 -1.911 -2.328 -0.285 -1.187 -1.943 -1.475 3.262 1.011 -2.549 -1.756 -1.292
141 L 2.323 -1.814 -2.389 -2.495 0.295 -1.905 -2.131 -0.932 -1.71 0.922 2.456 -1.55 1.004 -0.207 -2.348 -0.82 -0.944 -2.018 -1.385 0.663
142 I -1.377 -3.101 -3.263 -3.181 -0.15 -3.209 -3.687 -3.479 -2.711 4.521 1.677 -2.679 1.271 0.218 -3.505 -3.076 -1.075 -2.185 -1.285 2.86
143 I -1.377 -3.101 -3.263 -3.181 -0.15 -3.209 -3.687 -3.479 -2.711 4.521 1.677 -2.679 1.271 0.218 -3.505 -3.076 -1.075 -2.185 -1.285 2.86
144 I -1.377 -3.101 -3.263 -3.181 -0.15 -3.209 -3.687 -3.479 -2.711 4.521 1.677 -2.679 1.271 0.218 -3.505 -3.076 -1.075 -2.185 -1.285 2.86
145 A 2.345 -2.18 -2.353 -2.338 0.295 -2.113 -2.252 -0.952 -1.865 2.941 0.551 -1.621 0.394 -0.634 -2.315 -0.801 -0.73 -2.31 -1.511 1.809
146 A 3.918 -1.484 -1.662 -1.687 0.68 -1.32 -1.298 0.374 -1.211 -0.83 -1.321 -0.849 -0.874 -1.848 -1.475 0.455 -0.422 -2.44 -1.756 0.139
147 V -0.234 -2.486 -2.929 -3.164 0.34 -2.587 -2.894 -2.955 -2.915 3.03 0.945 -2.388 0.832 -0.398 -3.171 -2.284 -0.451 -2.387 -1.285 4.125
148 L -1.541 -2.186 -3.362 -3.62 -0.15 -2.64 -3.306 -3.383 -2.314 2.005 4.037 -2.478 2.132 0.833 -3.604 -3.158 -1.581 -1.65 -1.056 1.106
149 F -0.158 -1.622 -0.719 -1.392 -0.561 -1.77 -1.662 -1.17 -0.638 -0.615 -0.533 -1.417 -0.41 4.664 -2.595 1.571 -0.21 -0.374 1.45 -0.873
150 P -0.836 -2.014 -1.934 -1.564 -1.457 -1.933 -1.622 -1.852 -1.608 -2.318 -2.75 -1.064 -2.403 -3.336 6.663 -1.452 -1.348 -4.549 -2.636 -2.162
151 S 1.068 -0.741 0.497 -0.249 0.072 -0.57 -0.555 -0.106 -0.46 -1.911 -2.328 -0.285 -1.187 -1.943 -1.475 3.262 1.011 -2.549 -1.756 -1.292
152 F -1.816 -2.997 -3.054 -3.247 -0.698 -3.518 -3.583 -3.161 -1.619 3.118 1.174 -2.975 0.786 4.823 -3.938 -3.053 -1.651 -0.284 1.533 1.642
153 G 0.62 -1.438 0.066 -0.736 -0.541 -1.27 -1.407 4.159 -0.924 -2.49 -2.839 -0.888 -1.833 -2.287 -2.054 1.855 -0.097 -2.494 -2.369 -1.973
154 E -0.919 -0.122 -0.338 1.518 -2.411 1.346 4.494 -1.95 0.392 -2.764 -2.703 0.677 -1.754 -2.608 -1.882 -0.791 -1.301 -2.387 -1.908 -2.134
155 F -1.816 -2.997 -3.054 -3.247 -0.698 -3.518 -3.583 -3.161 -1.619 3.118 1.174 -2.975 0.786 4.823 -3.938 -3.053 -1.651 -0.284 1.533 1.642
156 V -0.234 -2.486 -2.929 -3.164 0.34 -2.587 -2.894 -2.955 -2.915 3.03 0.945 -2.388 0.832 -0.398 -3.171 -2.284 -0.451 -2.387 -1.285 4.125
157 R -1.159 4.281 -0.363 -1.112 -2.115 0.666 -0.091 -1.708 -0.067 -2.357 -2.132 3.511 -1.224 -2.634 -2.151 -1.132 -1.262 -2.387 -1.78 -2.079
158 L 0.049 -1.374 -0.83 -1.468 -0.037 -1.423 -1.614 -1.302 -1.24 0.666 2.339 -1.178 0.926 -0.233 -2.348 1.558 -0.003 -2.065 -1.385 0.149
159 F -2.062 -2.283 -2.47 -3.164 -1.557 -2.64 -2.869 -2.903 0.996 -0.213 -0.079 -2.501 -0.207 5.346 -3.837 -2.719 -2.227 1.671 5.356 -0.734
160 Q -0.883 1.007 -0.093 -0.357 -1.911 4.883 1.392 -1.479 0.769 -2.24 -1.991 1.222 -0.403 -2.959 -2.151 -0.755 -0.975 -2.185 -1.285 -1.787
161 N 0.015 -0.573 4.091 0.617 -0.73 -0.548 -0.639 -0.13 0.342 -2.284 -2.711 -0.29 -1.633 -2.151 -1.978 2.041 0.372 -2.75 -1.908 -1.857
162 N -1.66 -0.415 5.643 1.281 -1.846 -0.527 -0.725 -0.155 0.968 -2.712 -3.152 -0.296 -2.161 -2.374 -2.588 -0.118 -0.451 -2.966 -2.069 -2.56
163 D -1.777 -1.588 1.199 5.833 -2.372 -0.872 1.05 -1.124 -0.536 -2.725 -3.491 -0.829 -2.698 -2.92 -2.289 -0.952 -1.413 -3.531 -3.043 -2.864
164 A 2.831 -1.089 -0.385 -0.879 0.392 -0.921 -0.903 0.144 -0.811 -1.32 -1.781 -0.553 -1.026 -1.895 -1.475 2.187 0.383 -2.494 -1.756 -0.489
165 N -1.66 -0.415 5.643 1.281 -1.846 -0.527 -0.725 -0.155 0.968 -2.712 -3.152 -0.296 -2.161 -2.374 -2.588 -0.118 -0.451 -2.966 -2.069 -2.56
166 N 0.015 -0.573 4.091 0.617 -0.73 -0.548 -0.639 -0.13 0.342 -2.284 -2.711 -0.29 -1.633 -2.151 -1.978 2.041 0.372 -2.75 -1.908 -1.857
167 S 1.068 -0.741 0.497 -0.249 0.072 -0.57 -0.555 -0.106 -0.46 -1.911 -2.328 -0.285 -1.187 -1.943 -1.475 3.262 1.011 -2.549 -1.756 -1.292
168 S 1.068 -0.741 0.497 -0.249 0.072 -0.57 -0.555 -0.106 -0.46 -1.911 -2.328 -0.285 -1.187 -1.943 -1.475 3.262 1.011 -2.549 -1.756 -1.292
169 L -1.541 -2.186 -3.362 -3.62 -0.15 -2.64 -3.306 -3.383 -2.314 2.005 4.037 -2.478 2.132 0.833 -3.604 -3.158 -1.581 -1.65 -1.056 1.106
170 V -0.234 -2.486 -2.929 -3.164 0.34 -2.587 -2.894 -2.955 -2.915 3.03 0.945 -2.388 0.832 -0.398 -3.171 -2.284 -0.451 -2.387 -1.285 4.125
171 L 0.049 -1.374 -0.83 -1.468 -0.037 -1.423 -1.614 -1.302 -1.24 0.666 2.339 -1.178 0.926 -0.233 -2.348 1.558 -0.003 -2.065 -1.385 0.149
172 E -0.919 -0.122 -0.338 1.518 -2.411 1.346 4.494 -1.95 0.392 -2.764 -2.703 0.677 -1.754 -2.608 -1.882 -0.791 -1.301 -2.387 -1.908 -2.134
173 G 0.09 -2.358 -0.44 -1.323 -1.32 -2.195 -2.622 5.809 -1.476 -3.215 -3.461 -1.651 -2.667 -2.678 -2.779 -1.002 -1.919 -2.44 -3.148 -2.864
174 L -1.541 -2.186 -3.362 -3.62 -0.15 -2.64 -3.306 -3.383 -2.314 2.005 4.037 -2.478 2.132 0.833 -3.604 -3.158 -1.581 -1.65 -1.056 1.106
175 R -1.534 5.51 -0.462 -1.564 -2.259 0.518 -0.561 -2.128 0.098 -2.612 -2.028 2.018 -1.224 -2.472 -2.704 -1.406 -1.454 -2.234 -1.772 -2.162
176 G 0.09 -2.358 -0.44 -1.323 -1.32 -2.195 -2.622 5.809 -1.476 -3.215 -3.461 -1.651 -2.667 -2.678 -2.779 -1.002 -1.919 -2.44 -3.148 -2.864
177 V -0.749 -2.777 -3.091 -3.173 0.105 -2.882 -3.263 -3.205 -2.811 3.871 1.334 -2.53 1.06 -0.074 -3.333 -2.653 -0.746 -2.284 -1.285 3.561
178 A 3.918 -1.484 -1.662 -1.687 0.68 -1.32 -1.298 0.374 -1.211 -0.83 -1.321 -0.849 -0.874 -1.848 -1.475 0.455 -0.422 -2.44 -1.756 0.139
179 L -1.541 -2.186 -3.362 -3.62 -0.15 -2.64 -3.306 -3.383 -2.314 2.005 4.037 -2.478 2.132 0.833 -3.604 -3.158 -1.581 -1.65 -1.056 1.106
180 S 1.068 -0.741 0.497 -0.249 0.072 -0.57 -0.555 -0.106 -0.46 -1.911 -2.328 -0.285 -1.187 -1.943 -1.475 3.262 1.011 -2.549 -1.756 -1.292
181 S 1.068 -0.741 0.497 -0.249 0.072 -0.57 -0.555 -0.106 -0.46 -1.911 -2.328 -0.285 -1.187 -1.943 -1.475 3.262 1.011 -2.549 -1.756 -1.292
182 L -1.08 -1.383 -2.36 -2.814 -0.168 -1.051 -2.353 -2.583 -0.968 1.603 2.135 -1.452 5.611 0.468 -3.242 -2.016 -1.046 -1.306 -0.832 0.99
183 Q -0.883 1.007 -0.093 -0.357 -1.911 4.883 1.392 -1.479 0.769 -2.24 -1.991 1.222 -0.403 -2.959 -2.151 -0.755 -0.975 -2.185 -1.285 -1.787
184 F -2.062 -2.283 -2.47 -3.164 -1.557 -2.64 -2.869 -2.903 0.996 -0.213 -0.079 -2.501 -0.207 5.346 -3.837 -2.719 -2.227 1.671 5.356 -0.734
185 Y -1.812 -1.777 -2.126 -3.022 -1.752 -1.784 -2.363 -2.932 2.105 -0.804 -0.91 -1.873 -0.682 3.348 -3.333 -2.437 -2.089 2.309 6.655 -0.979
186 G 0.62 -1.438 0.066 -0.736 -0.541 -1.27 -1.407 4.159 -0.924 -2.49 -2.839 -0.888 -1.833 -2.287 -2.054 1.855 -0.097 -2.494 -2.369 -1.973
187 L -1.541 -2.186 -3.362 -3.62 -0.15 -2.64 -3.306 -3.383 -2.314 2.005 4.037 -2.478 2.132 0.833 -3.604 -3.158 -1.581 -1.65 -1.056 1.106
188 A 3.918 -1.484 -1.662 -1.687 0.68 -1.32 -1.298 0.374 -1.211 -0.83 -1.321 -0.849 -0.874 -1.848 -1.475 0.455 -0.422 -2.44 -1.756 0.139
189 C -0.447 -3.339 -2.965 -3.419 9.68 -3.458 -3.925 -2.163 -2.95 -0.732 -1.061 -3.113 -1.079 -2.027 -3.207 -1.67 -1.317 -3.235 -2.796 -0.409
190 F -2.062 -2.283 -2.47 -3.164 -1.557 -2.64 -2.869 -2.903 0.996 -0.213 -0.079 -2.501 -0.207 5.346 -3.837 -2.719 -2.227 1.671 5.356 -0.734
191 F -2.062 -2.283 -2.47 -3.164 -1.557 -2.64 -2.869 -2.903 0.996 -0.213 -0.079 -2.501 -0.207 5.346 -3.837 -2.719 -2.227 1.671 5.356 -0.734
192 C -0.447 -3.339 -2.965 -3.419 9.68 -3.458 -3.925 -2.163 -2.95 -0.732 -1.061 -3.113 -1.079 -2.027 -3.207 -1.67 -1.317 -3.235 -2.796 -0.409
193 L -1.458 -2.607 -3.312 -3.392 -0.15 -2.911 -3.49 -3.43 -2.505 3.529 3.092 -2.577 1.734 0.542 -3.554 -3.117 -1.317 -1.905 -1.168 2.114
194 V -0.749 -2.777 -3.091 -3.173 0.105 -2.882 -3.263 -3.205 -2.811 3.871 1.334 -2.53 1.06 -0.074 -3.333 -2.653 -0.746 -2.284 -1.285 3.561
195 L -0.739 -1.588 -1.322 -2.033 -0.011 -1.77 -2.184 -2.177 -1.828 1.101 2.493 -1.513 1.097 -0.129 -2.489 -0.623 2.605 -1.905 -1.363 0.701
196 V -0.749 -2.777 -3.091 -3.173 0.105 -2.882 -3.263 -3.205 -2.811 3.871 1.334 -2.53 1.06 -0.074 -3.333 -2.653 -0.746 -2.284 -1.285 3.561
197 L -1.91 -2.52 -3.1 -3.463 -0.698 -3.188 -3.393 -3.117 -1.476 1.268 2.795 -2.862 1.326 4.892 -3.996 -3.094 -1.949 -0.136 1.577 0.411
198 L -1.301 -1.757 -2.818 -3.189 -0.159 -1.738 -2.79 -2.955 -1.563 1.811 3.24 -1.92 4.367 0.656 -3.418 -2.531 -1.301 -1.473 -0.942 1.048
199 A 3.918 -1.484 -1.662 -1.687 0.68 -1.32 -1.298 0.374 -1.211 -0.83 -1.321 -0.849 -0.874 -1.848 -1.475 0.455 -0.422 -2.44 -1.756 0.139
200 D -1.718 -0.942 4.203 4.375 -2.097 -0.694 0.297 -0.599 0.313 -2.719 -3.316 -0.55 -2.417 -2.634 -2.435 -0.505 -0.892 -3.235 -2.515 -2.708
201 D -1.777 -1.588 1.199 5.833 -2.372 -0.872 1.05 -1.124 -0.536 -2.725 -3.491 -0.829 -2.698 -2.92 -2.289 -0.952 -1.413 -3.531 -3.043 -2.864
202 F -2.334 -2.896 -2.86 -3.314 -1.374 -3.864 -3.482 -2.875 -0.828 0.277 0.565 -3.304 0.201 6.515 -4.448 -3.031 -2.371 0.852 2.931 -0.507
203 V -0.749 -2.777 -3.091 -3.173 0.105 -2.882 -3.263 -3.205 -2.811 3.871 1.334 -2.53 1.06 -0.074 -3.333 -2.653 -0.746 -2.284 -1.285 3.561
204 N -1.66 -0.415 5.643 1.281 -1.846 -0.527 -0.725 -0.155 0.968 -2.712 -3.152 -0.296 -2.161 -2.374 -2.588 -0.118 -0.451 -2.966 -2.069 -2.56
205 N -1.213 1.104 3.993 0.45 -1.911 0.216 -0.16 -0.688 0.426 -2.403 -2.66 2.993 -1.655 -2.582 -2.102 -0.474 -0.749 -2.75 -1.925 -2.266
206 K -0.826 2.094 -0.268 -0.722 -1.977 0.807 0.313 -1.342 -0.243 -2.123 -2.24 4.49 -1.224 -2.806 -1.687 -0.881 -1.082 -2.549 -1.789 -1.999
207 I -1.377 -3.101 -3.263 -3.181 -0.15 -3.209 -3.687 -3.479 -2.711 4.521 1.677 -2.679 1.271 0.218 -3.505 -3.076 -1.075 -2.185 -1.285 2.86
208 G 0.62 -1.438 0.066 -0.736 -0.541 -1.27 -1.407 4.159 -0.924 -2.49 -2.839 -0.888 -1.833 -2.287 -2.054 1.855 -0.097 -2.494 -2.369 -1.973
209 Y -1.586 -2.364 -2.638 -3.1 -0.841 -2.409 -2.95 -3.193 0.603 2.944 0.664 -2.248 0.457 2.188 -3.418 -2.739 -1.538 0.86 4.833 1.537
210 L -1.537 3.704 -1.562 -2.412 -1.016 -0.649 -1.618 -2.688 -0.863 0.536 2.37 0.57 0.917 -0.37 -3.119 -2.151 -1.516 -1.927 -1.392 -0.088
211 N -1.213 1.104 3.993 0.45 -1.911 0.216 -0.16 -0.688 0.426 -2.403 -2.66 2.993 -1.655 -2.582 -2.102 -0.474 -0.749 -2.75 -1.925 -2.266
212 T -0.112 -1.093 -0.139 -1.014 0.122 -1.103 -1.378 -1.329 -1.413 -0.224 -1.057 -0.791 -0.532 -1.58 -1.687 0.705 4.245 -2.185 -1.706 0.229
213 S 1.068 -0.741 0.497 -0.249 0.072 -0.57 -0.555 -0.106 -0.46 -1.911 -2.328 -0.285 -1.187 -1.943 -1.475 3.262 1.011 -2.549 -1.756 -1.292
214 V -0.749 -2.777 -3.091 -3.173 0.105 -2.882 -3.263 -3.205 -2.811 3.871 1.334 -2.53 1.06 -0.074 -3.333 -2.653 -0.746 -2.284 -1.285 3.561
215 L -1.91 -2.52 -3.1 -3.463 -0.698 -3.188 -3.393 -3.117 -1.476 1.268 2.795 -2.862 1.326 4.892 -3.996 -3.094 -1.949 -0.136 1.577 0.411
216 L -1.541 -2.186 -3.362 -3.62 -0.15 -2.64 -3.306 -3.383 -2.314 2.005 4.037 -2.478 2.132 0.833 -3.604 -3.158 -1.581 -1.65 -1.056 1.106
217 L -1.458 -2.607 -3.312 -3.392 -0.15 -2.911 -3.49 -3.43 -2.505 3.529 3.092 -2.577 1.734 0.542 -3.554 -3.117 -1.317 -1.905 -1.168 2.114
218 L -1.541 -2.186 -3.362 -3.62 -0.15 -2.64 -3.306 -3.383 -2.314 2.005 4.037 -2.478 2.132 0.833 -3.604 -3.158 -1.581 -1.65 -1.056 1.106
219 L -1.301 -1.757 -2.818 -3.189 -0.159 -1.738 -2.79 -2.955 -1.563 1.811 3.24 -1.92 4.367 0.656 -3.418 -2.531 -1.301 -1.473 -0.942 1.048
220 A 2.831 -1.089 -0.385 -0.879 0.392 -0.921 -0.903 0.144 -0.811 -1.32 -1.781 -0.553 -1.026 -1.895 -1.475 2.187 0.383 -2.494 -1.756 -0.489
221 I -1.377 -3.101 -3.263 -3.181 -0.15 -3.209 -3.687 -3.479 -2.711 4.521 1.677 -2.679 1.271 0.218 -3.505 -3.076 -1.075 -2.185 -1.285 2.86
222 S 1.068 -0.741 0.497 -0.249 0.072 -0.57 -0.555 -0.106 -0.46 -1.911 -2.328 -0.285 -1.187 -1.943 -1.475 3.262 1.011 -2.549 -1.756 -1.292
223 A 2.831 -1.089 -0.385 -0.879 0.392 -0.921 -0.903 0.144 -0.811 -1.32 -1.781 -0.553 -1.026 -1.895 -1.475 2.187 0.383 -2.494 -1.756 -0.489
224 I -1.377 -3.101 -3.263 -3.181 -0.15 -3.209 -3.687 -3.479 -2.711 4.521 1.677 -2.679 1.271 0.218 -3.505 -3.076 -1.075 -2.185 -1.285 2.86
225 F -2.334 -2.896 -2.86 -3.314 -1.374 -3.864 -3.482 -2.875 -0.828 0.277 0.565 -3.304 0.201 6.515 -4.448 -3.031 -2.371 0.852 2.931 -0.507
226 V -0.749 -2.777 -3.091 -3.173 0.105 -2.882 -3.263 -3.205 -2.811 3.871 1.334 -2.53 1.06 -0.074 -3.333 -2.653 -0.746 -2.284 -1.285 3.561
227 S 1.068 -0.741 0.497 -0.249 0.072 -0.57 -0.555 -0.106 -0.46 -1.911 -2.328 -0.285 -1.187 -1.943 -1.475 3.262 1.011 -2.549 -1.756 -1.292
228 R -1.534 5.51 -0.462 -1.564 -2.259 0.518 -0.561 -2.128 0.098 -2.612 -2.028 2.018 -1.224 -2.472 -2.704 -1.406 -1.454 -2.234 -1.772 -2.162
229 T -0.112 -1.093 -0.139 -1.014 0.122 -1.103 -1.378 -1.329 -1.413 -0.224 -1.057 -0.791 -0.532 -1.58 -1.687 0.705 4.245 -2.185 -1.706 0.229
230 A 2.831 -1.089 -0.385 -0.879 0.392 -0.921 -0.903 0.144 -0.811 -1.32 -1.781 -0.553 -1.026 -1.895 -1.475 2.187 0.383 -2.494 -1.756 -0.489
231 L -1.458 -2.607 -3.312 -3.392 -0.15 -2.911 -3.49 -3.43 -2.505 3.529 3.092 -2.577 1.734 0.542 -3.554 -3.117 -1.317 -1.905 -1.168 2.114
232 L -1.458 -2.607 -3.312 -3.392 -0.15 -2.911 -3.49 -3.43 -2.505 3.529 3.092 -2.577 1.734 0.542 -3.554 -3.117 -1.317 -1.905 -1.168 2.114
233 G 0.09 -2.358 -0.44 -1.323 -1.32 -2.195 -2.622 5.809 -1.476 -3.215 -3.461 -1.651 -2.667 -2.678 -2.779 -1.002 -1.919 -2.44 -3.148 -2.864
234 V -0.234 -2.486 -2.929 -3.164 0.34 -2.587 -2.894 -2.955 -2.915 3.03 0.945 -2.388 0.832 -0.398 -3.171 -2.284 -0.451 -2.387 -1.285 4.125
235 L -1.541 -2.186 -3.362 -3.62 -0.15 -2.64 -3.306 -3.383 -2.314 2.005 4.037 -2.478 2.132 0.833 -3.604 -3.158 -1.581 -1.65 -1.056 1.106
236 L -1.458 -2.607 -3.312 -3.392 -0.15 -2.911 -3.49 -3.43 -2.505 3.529 3.092 -2.577 1.734 0.542 -3.554 -3.117 -1.317 -1.905 -1.168 2.114
237 F -2.334 -2.896 -2.86 -3.314 -1.374 -3.864 -3.482 -2.875 -0.828 0.277 0.565 -3.304 0.201 6.515 -4.448 -3.031 -2.371 0.852 2.931 -0.507
238 W -2.488 -2.628 -3.009 -3.463 -1.814 -3.298 -3.214 -2.609 -0.977 -0.596 -0.335 -3.036 -0.445 4.929 -4.888 -3.188 -2.528 8.707 2.575 -1.241
239 A 2.532 -1.942 -2.227 -2.332 0.515 -1.885 -1.987 -0.835 -1.939 1.702 0.029 -1.517 0.103 -1.033 -2.2 -0.601 -0.437 -2.414 -1.511 2.772
240 Y -1.812 -1.777 -2.126 -3.022 -1.752 -1.784 -2.363 -2.932 2.105 -0.804 -0.91 -1.873 -0.682 3.348 -3.333 -2.437 -2.089 2.309 6.655 -0.979
241 L -0.739 -1.588 -1.322 -2.033 -0.011 -1.77 -2.184 -2.177 -1.828 1.101 2.493 -1.513 1.097 -0.129 -2.489 -0.623 2.605 -1.905 -1.363 0.701
242 L -1.541 -2.186 -3.362 -3.62 -0.15 -2.64 -3.306 -3.383 -2.314 2.005 4.037 -2.478 2.132 0.833 -3.604 -3.158 -1.581 -1.65 -1.056 1.106
243 N -1.66 -0.415 5.643 1.281 -1.846 -0.527 -0.725 -0.155 0.968 -2.712 -3.152 -0.296 -2.161 -2.374 -2.588 -0.118 -0.451 -2.966 -2.069 -2.56
244 P -0.836 -2.014 -1.934 -1.564 -1.457 -1.933 -1.622 -1.852 -1.608 -2.318 -2.75 -1.064 -2.403 -3.336 6.663 -1.452 -1.348 -4.549 -2.636 -2.162
245 L -1.91 -2.52 -3.1 -3.463 -0.698 -3.188 -3.393 -3.117 -1.476 1.268 2.795 -2.862 1.326 4.892 -3.996 -3.094 -1.949 -0.136 1.577 0.411
246 A 2.345 -2.18 -2.353 -2.338 0.295 -2.113 -2.252 -0.952 -1.865 2.941 0.551 -1.621 0.394 -0.634 -2.315 -0.801 -0.73 -2.31 -1.511 1.809
247 G -0.332 0.653 -0.353 -1.007 -1.63 -0.32 -0.796 4.042 -0.794 -2.618 -2.786 2.815 -1.856 -2.741 -2.182 -0.941 -1.47 -2.494 -2.389 -2.399
248 F -2.062 -2.283 -2.47 -3.164 -1.557 -2.64 -2.869 -2.903 0.996 -0.213 -0.079 -2.501 -0.207 5.346 -3.837 -2.719 -2.227 1.671 5.356 -0.734
249 G 0.62 -1.438 0.066 -0.736 -0.541 -1.27 -1.407 4.159 -0.924 -2.49 -2.839 -0.888 -1.833 -2.287 -2.054 1.855 -0.097 -2.494 -2.369 -1.973
250 K -0.826 2.094 -0.268 -0.722 -1.977 0.807 0.313 -1.342 -0.243 -2.123 -2.24 4.49 -1.224 -2.806 -1.687 -0.881 -1.082 -2.549 -1.789 -1.999
251 R -1.159 4.281 -0.363 -1.112 -2.115 0.666 -0.091 -1.708 -0.067 -2.357 -2.132 3.511 -1.224 -2.634 -2.151 -1.132 -1.262 -2.387 -1.78 -2.079
252 R -1.534 5.51 -0.462 -1.564 -2.259 0.518 -0.561 -2.128 0.098 -2.612 -2.028 2.018 -1.224 -2.472 -2.704 -1.406 -1.454 -2.234 -1.772 -2.162
253 T 0.538 -0.911 0.197 -0.606 0.097 -0.824 -0.937 -0.653 -0.897 -0.946 -1.623 -0.527 -0.841 -1.756 -1.579 2.258 3.059 -2.361 -1.731 -0.432
254 Y -0.916 -2.11 -2.5 -3.092 -0.52 -2.158 -2.616 -2.944 0.571 1.708 0.164 -2.119 0.173 2.045 -3.251 -2.36 -1.156 0.826 4.833 2.579
255 F 2.231 -2.104 -2.199 -2.388 -0.168 -2.32 -2.188 -0.816 -1.013 -0.224 -0.227 -1.823 -0.286 4.669 -2.595 -0.791 -1.235 -0.348 1.45 -0.166
256 L -1.301 -1.757 -2.818 -3.189 -0.159 -1.738 -2.79 -2.955 -1.563 1.811 3.24 -1.92 4.367 0.656 -3.418 -2.531 -1.301 -1.473 -0.942 1.048
257 L 2.323 -1.814 -2.389 -2.495 0.295 -1.905 -2.131 -0.932 -1.71 0.922 2.456 -1.55 1.004 -0.207 -2.348 -0.82 -0.944 -2.018 -1.385 0.663
258 L -1.541 -2.186 -3.362 -3.62 -0.15 -2.64 -3.306 -3.383 -2.314 2.005 4.037 -2.478 2.132 0.833 -3.604 -3.158 -1.581 -1.65 -1.056 1.106
259 V -0.626 -1.882 -2.631 -2.984 0.097 -1.718 -2.611 -2.763 -1.78 2.404 1.601 -1.882 4.115 0.067 -3.207 -2.147 -0.733 -1.796 -1.05 2.964
260 F -2.334 -2.896 -2.86 -3.314 -1.374 -3.864 -3.482 -2.875 -0.828 0.277 0.565 -3.304 0.201 6.515 -4.448 -3.031 -2.371 0.852 2.931 -0.507
261 L 0.049 -1.374 -0.83 -1.468 -0.037 -1.423 -1.614 -1.302 -1.24 0.666 2.339 -1.178 0.926 -0.233 -2.348 1.558 -0.003 -2.065 -1.385 0.149
262 L -0.814 -2.332 -3.138 -3.383 0.105 -2.614 -3.092 -3.161 -2.599 2.562 2.887 -2.433 1.555 0.282 -3.38 -2.688 -0.961 -1.995 -1.168 2.993
263 L -1.91 -2.52 -3.1 -3.463 -0.698 -3.188 -3.393 -3.117 -1.476 1.268 2.795 -2.862 1.326 4.892 -3.996 -3.094 -1.949 -0.136 1.577 0.411
264 F -1.015 -1.856 -1.19 -1.941 -0.53 -2.165 -2.242 -1.999 -1.106 0.037 -0.134 -1.782 -0.142 4.684 -2.749 -0.596 2.522 -0.284 1.458 -0.116
265 L -0.814 -2.332 -3.138 -3.383 0.105 -2.614 -3.092 -3.161 -2.599 2.562 2.887 -2.433 1.555 0.282 -3.38 -2.688 -0.961 -1.995 -1.168 2.993
266 C -0.338 -2.881 -2.947 -3.289 7.791 -2.99 -3.363 -2.532 -2.933 1.723 0.113 -2.728 0.032 -1.099 -3.189 -1.961 -0.852 -2.78 -1.943 2.67
267 F -1.015 -1.856 -1.19 -1.941 -0.53 -2.165 -2.242 -1.999 -1.106 0.037 -0.134 -1.782 -0.142 4.684 -2.749 -0.596 2.522 -0.284 1.458 -0.116
268 L -1.541 -2.186 -3.362 -3.62 -0.15 -2.64 -3.306 -3.383 -2.314 2.005 4.037 -2.478 2.132 0.833 -3.604 -3.158 -1.581 -1.65 -1.056 1.106
269 L -1.541 -2.186 -3.362 -3.62 -0.15 -2.64 -3.306 -3.383 -2.314 2.005 4.037 -2.478 2.132 0.833 -3.604 -3.158 -1.581 -1.65 -1.056 1.106
270 L -1.91 -2.52 -3.1 -3.463 -0.698 -3.188 -3.393 -3.117 -1.476 1.268 2.795 -2.862 1.326 4.892 -3.996 -3.094 -1.949 -0.136 1.577 0.411
271 A 2.831 -1.089 -0.385 -0.879 0.392 -0.921 -0.903 0.144 -0.811 -1.32 -1.781 -0.553 -1.026 -1.895 -1.475 2.187 0.383 -2.494 -1.756 -0.489
272 G -0.612 -2.271 -1.546 -2.249 -0.676 -2.409 -2.944 3.926 -1.865 0.443 2.244 -2.035 0.633 -0.419 -3.163 -1.883 -1.745 -2.018 -1.917 -0.244
273 L -1.541 -2.186 -3.362 -3.62 -0.15 -2.64 -3.306 -3.383 -2.314 2.005 4.037 -2.478 2.132 0.833 -3.604 -3.158 -1.581 -1.65 -1.056 1.106
274 L -1.458 -2.607 -3.312 -3.392 -0.15 -2.911 -3.49 -3.43 -2.505 3.529 3.092 -2.577 1.734 0.542 -3.554 -3.117 -1.317 -1.905 -1.168 2.114
275 F 2.231 -2.104 -2.199 -2.388 -0.168 -2.32 -2.188 -0.816 -1.013 -0.224 -0.227 -1.823 -0.286 4.669 -2.595 -0.791 -1.235 -0.348 1.45 -0.166
276 P -0.452 -1.516 -0.899 -1.276 -0.561 -1.488 -1.497 -1.579 -1.509 -1.085 -1.781 -0.924 -1.318 -2.327 4.818 -0.176 2.633 -3.131 -2.134 -0.725
277 E -0.919 -0.122 -0.338 1.518 -2.411 1.346 4.494 -1.95 0.392 -2.764 -2.703 0.677 -1.754 -2.608 -1.882 -0.791 -1.301 -2.387 -1.908 -2.134
278 K -0.854 1.601 -0.179 -0.534 -1.944 3.512 0.903 -1.41 0.307 -2.181 -2.113 3.296 -0.784 -2.881 -1.91 -0.817 -1.028 -2.361 -1.526 -1.891
279 V -0.626 -1.882 -2.631 -2.984 0.097 -1.718 -2.611 -2.763 -1.78 2.404 1.601 -1.882 4.115 0.067 -3.207 -2.147 -0.733 -1.796 -1.05 2.964
280 S 0.189 -1.044 -0.591 -1.255 -0.045 -0.8 -1.316 -1.087 -0.703 0.351 0.692 -0.81 3.872 -0.493 -2.226 1.692 0.162 -1.861 -1.257 0.069
281 V -0.749 -2.777 -3.091 -3.173 0.105 -2.882 -3.263 -3.205 -2.811 3.871 1.334 -2.53 1.06 -0.074 -3.333 -2.653 -0.746 -2.284 -1.285 3.561
282 I -1.377 -3.101 -3.263 -3.181 -0.15 -3.209 -3.687 -3.479 -2.711 4.521 1.677 -2.679 1.271 0.218 -3.505 -3.076 -1.075 -2.185 -1.285 2.86
283 T -0.472 0.144 -0.116 -0.667 -0.719 3.224 0.327 -1.403 -0.12 -1.059 -1.486 0.388 -0.467 -2.188 -1.91 0.066 2.682 -2.185 -1.488 -0.606
284 E -0.901 0.498 -0.213 0.73 -2.15 3.625 3.341 -1.705 0.587 -2.49 -2.325 0.962 -1.0 -2.778 -2.013 -0.773 -1.133 -2.284 -1.58 -1.955
285 K -0.826 2.094 -0.268 -0.722 -1.977 0.807 0.313 -1.342 -0.243 -2.123 -2.24 4.49 -1.224 -2.806 -1.687 -0.881 -1.082 -2.549 -1.789 -1.999
286 V -0.234 -2.486 -2.929 -3.164 0.34 -2.587 -2.894 -2.955 -2.915 3.03 0.945 -2.388 0.832 -0.398 -3.171 -2.284 -0.451 -2.387 -1.285 4.125
287 L -1.541 -2.186 -3.362 -3.62 -0.15 -2.64 -3.306 -3.383 -2.314 2.005 4.037 -2.478 2.132 0.833 -3.604 -3.158 -1.581 -1.65 -1.056 1.106
288 P -0.836 -2.014 -1.934 -1.564 -1.457 -1.933 -1.622 -1.852 -1.608 -2.318 -2.75 -1.064 -2.403 -3.336 6.663 -1.452 -1.348 -4.549 -2.636 -2.162
289 W -2.65 -2.383 -3.166 -3.62 -2.334 -2.824 -2.969 -2.366 -1.134 -1.854 -1.65 -2.791 -1.28 1.128 -5.408 -3.355 -2.695 10.61 2.169 -2.228
290 A 3.918 -1.484 -1.662 -1.687 0.68 -1.32 -1.298 0.374 -1.211 -0.83 -1.321 -0.849 -0.874 -1.848 -1.475 0.455 -0.422 -2.44 -1.756 0.139
291 F -2.334 -2.896 -2.86 -3.314 -1.374 -3.864 -3.482 -2.875 -0.828 0.277 0.565 -3.304 0.201 6.515 -4.448 -3.031 -2.371 0.852 2.931 -0.507
292 E -0.919 -0.122 -0.338 1.518 -2.411 1.346 4.494 -1.95 0.392 -2.764 -2.703 0.677 -1.754 -2.608 -1.882 -0.791 -1.301 -2.387 -1.908 -2.134
293 L -1.91 -2.52 -3.1 -3.463 -0.698 -3.188 -3.393 -3.117 -1.476 1.268 2.795 -2.862 1.326 4.892 -3.996 -3.094 -1.949 -0.136 1.577 0.411
294 I -1.377 -3.101 -3.263 -3.181 -0.15 -3.209 -3.687 -3.479 -2.711 4.521 1.677 -2.679 1.271 0.218 -3.505 -3.076 -1.075 -2.185 -1.285 2.86
295 Y -1.812 -1.777 -2.126 -3.022 -1.752 -1.784 -2.363 -2.932 2.105 -0.804 -0.91 -1.873 -0.682 3.348 -3.333 -2.437 -2.089 2.309 6.655 -0.979
296 R -1.534 5.51 -0.462 -1.564 -2.259 0.518 -0.561 -2.128 0.098 -2.612 -2.028 2.018 -1.224 -2.472 -2.704 -1.406 -1.454 -2.234 -1.772 -2.162
297 Y -1.812 -1.777 -2.126 -3.022 -1.752 -1.784 -2.363 -2.932 2.105 -0.804 -0.91 -1.873 -0.682 3.348 -3.333 -2.437 -2.089 2.309 6.655 -0.979
298 S 0.254 0.264 0.217 -0.302 -0.752 3.289 0.58 -0.712 0.22 -2.071 -2.155 0.566 -0.768 -2.406 -1.793 1.903 0.186 -2.361 -1.511 -1.529
299 E -0.919 -0.122 -0.338 1.518 -2.411 1.346 4.494 -1.95 0.392 -2.764 -2.703 0.677 -1.754 -2.608 -1.882 -0.791 -1.301 -2.387 -1.908 -2.134
300 N -0.784 -0.734 4.008 0.356 -0.698 -0.8 -1.033 -0.682 0.017 -1.208 -1.918 -0.533 -1.233 -1.95 -2.102 0.323 2.762 -2.549 -1.882 -0.841
301 G 0.09 -2.358 -0.44 -1.323 -1.32 -2.195 -2.622 5.809 -1.476 -3.215 -3.461 -1.651 -2.667 -2.678 -2.779 -1.002 -1.919 -2.44 -3.148 -2.864
302 S 1.068 -0.741 0.497 -0.249 0.072 -0.57 -0.555 -0.106 -0.46 -1.911 -2.328 -0.285 -1.187 -1.943 -1.475 3.262 1.011 -2.549 -1.756 -1.292
303 F -1.816 -2.997 -3.054 -3.247 -0.698 -3.518 -3.583 -3.161 -1.619 3.118 1.174 -2.975 0.786 4.823 -3.938 -3.053 -1.651 -0.284 1.533 1.642
304 S 1.068 -0.741 0.497 -0.249 0.072 -0.57 -0.555 -0.106 -0.46 -1.911 -2.328 -0.285 -1.187 -1.943 -1.475 3.262 1.011 -2.549 -1.756 -1.292
305 T -0.112 -1.093 -0.139 -1.014 0.122 -1.103 -1.378 -1.329 -1.413 -0.224 -1.057 -0.791 -0.532 -1.58 -1.687 0.705 4.245 -2.185 -1.706 0.229
306 A 3.918 -1.484 -1.662 -1.687 0.68 -1.32 -1.298 0.374 -1.211 -0.83 -1.321 -0.849 -0.874 -1.848 -1.475 0.455 -0.422 -2.44 -1.756 0.139
307 S 1.068 -0.741 0.497 -0.249 0.072 -0.57 -0.555 -0.106 -0.46 -1.911 -2.328 -0.285 -1.187 -1.943 -1.475 3.262 1.011 -2.549 -1.756 -1.292
308 T -0.112 -1.093 -0.139 -1.014 0.122 -1.103 -1.378 -1.329 -1.413 -0.224 -1.057 -0.791 -0.532 -1.58 -1.687 0.705 4.245 -2.185 -1.706 0.229
309 D -1.777 -1.588 1.199 5.833 -2.372 -0.872 1.05 -1.124 -0.536 -2.725 -3.491 -0.829 -2.698 -2.92 -2.289 -0.952 -1.413 -3.531 -3.043 -2.864
310 E -0.901 0.498 -0.213 0.73 -2.15 3.625 3.341 -1.705 0.587 -2.49 -2.325 0.962 -1.0 -2.778 -2.013 -0.773 -1.133 -2.284 -1.58 -1.955
311 L -1.541 -2.186 -3.362 -3.62 -0.15 -2.64 -3.306 -3.383 -2.314 2.005 4.037 -2.478 2.132 0.833 -3.604 -3.158 -1.581 -1.65 -1.056 1.106
312 K 0.274 1.011 0.14 -0.476 -0.774 0.2 -0.088 -0.659 -0.349 -2.015 -2.284 2.995 -1.205 -2.342 -1.579 1.878 0.15 -2.549 -1.772 -1.624
313 S 0.254 0.264 0.217 -0.302 -0.752 3.289 0.58 -0.712 0.22 -2.071 -2.155 0.566 -0.768 -2.406 -1.793 1.903 0.186 -2.361 -1.511 -1.529
314 L -1.08 -1.383 -2.36 -2.814 -0.168 -1.051 -2.353 -2.583 -0.968 1.603 2.135 -1.452 5.611 0.468 -3.242 -2.016 -1.046 -1.306 -0.832 0.99
315 Y -1.812 -1.777 -2.126 -3.022 -1.752 -1.784 -2.363 -2.932 2.105 -0.804 -0.91 -1.873 -0.682 3.348 -3.333 -2.437 -2.089 2.309 6.655 -0.979
316 F -2.334 -2.896 -2.86 -3.314 -1.374 -3.864 -3.482 -2.875 -0.828 0.277 0.565 -3.304 0.201 6.515 -4.448 -3.031 -2.371 0.852 2.931 -0.507
317 P 0.27 -1.308 -0.47 -0.832 -0.592 -1.172 -1.04 -0.849 -0.977 -2.107 -2.532 -0.648 -1.731 -2.556 4.83 1.777 0.066 -3.379 -2.162 -1.694
318 L -1.541 -2.186 -3.362 -3.62 -0.15 -2.64 -3.306 -3.383 -2.314 2.005 4.037 -2.478 2.132 0.833 -3.604 -3.158 -1.581 -1.65 -1.056 1.106
319 N 0.015 -0.573 4.091 0.617 -0.73 -0.548 -0.639 -0.13 0.342 -2.284 -2.711 -0.29 -1.633 -2.151 -1.978 2.041 0.372 -2.75 -1.908 -1.857
320 E -0.919 -0.122 -0.338 1.518 -2.411 1.346 4.494 -1.95 0.392 -2.764 -2.703 0.677 -1.754 -2.608 -1.882 -0.791 -1.301 -2.387 -1.908 -2.134
321 I 0.097 -1.686 -0.809 -1.357 -0.037 -1.598 -1.715 -1.326 -1.371 2.816 0.32 -1.24 0.296 -0.665 -2.315 1.566 0.153 -2.361 -1.511 1.474
322 T -0.112 -1.093 -0.139 -1.014 0.122 -1.103 -1.378 -1.329 -1.413 -0.224 -1.057 -0.791 -0.532 -1.58 -1.687 0.705 4.245 -2.185 -1.706 0.229
323 L -1.301 -1.757 -2.818 -3.189 -0.159 -1.738 -2.79 -2.955 -1.563 1.811 3.24 -1.92 4.367 0.656 -3.418 -2.531 -1.301 -1.473 -0.942 1.048
324 L -1.458 -2.607 -3.312 -3.392 -0.15 -2.911 -3.49 -3.43 -2.505 3.529 3.092 -2.577 1.734 0.542 -3.554 -3.117 -1.317 -1.905 -1.168 2.114
325 F -1.816 -2.997 -3.054 -3.247 -0.698 -3.518 -3.583 -3.161 -1.619 3.118 1.174 -2.975 0.786 4.823 -3.938 -3.053 -1.651 -0.284 1.533 1.642
326 G 0.09 -2.358 -0.44 -1.323 -1.32 -2.195 -2.622 5.809 -1.476 -3.215 -3.461 -1.651 -2.667 -2.678 -2.779 -1.002 -1.919 -2.44 -3.148 -2.864
327 D -1.777 -1.588 1.199 5.833 -2.372 -0.872 1.05 -1.124 -0.536 -2.725 -3.491 -0.829 -2.698 -2.92 -2.289 -0.952 -1.413 -3.531 -3.043 -2.864
328 G 0.09 -2.358 -0.44 -1.323 -1.32 -2.195 -2.622 5.809 -1.476 -3.215 -3.461 -1.651 -2.667 -2.678 -2.779 -1.002 -1.919 -2.44 -3.148 -2.864
329 R -1.159 4.281 -0.363 -1.112 -2.115 0.666 -0.091 -1.708 -0.067 -2.357 -2.132 3.511 -1.224 -2.634 -2.151 -1.132 -1.262 -2.387 -1.78 -2.079
330 Y -1.812 -1.777 -2.126 -3.022 -1.752 -1.784 -2.363 -2.932 2.105 -0.804 -0.91 -1.873 -0.682 3.348 -3.333 -2.437 -2.089 2.309 6.655 -0.979
331 A 2.556 -1.282 -0.801 -1.331 0.414 -1.209 -1.338 -0.354 -1.31 -0.511 -1.186 -0.82 -0.698 -1.711 -1.579 0.582 2.767 -2.31 -1.731 0.184
332 G 0.09 -2.358 -0.44 -1.323 -1.32 -2.195 -2.622 5.809 -1.476 -3.215 -3.461 -1.651 -2.667 -2.678 -2.779 -1.002 -1.919 -2.44 -3.148 -2.864
333 D -0.903 -2.002 -0.182 3.958 -0.709 -1.604 -0.295 -1.896 -1.487 1.398 -0.493 -1.505 -0.424 -1.392 -2.697 -1.542 -0.892 -2.903 -2.032 2.37
334 T 0.538 -0.911 0.197 -0.606 0.097 -0.824 -0.937 -0.653 -0.897 -0.946 -1.623 -0.527 -0.841 -1.756 -1.579 2.258 3.059 -2.361 -1.731 -0.432
335 P -0.859 -0.125 -0.869 -0.898 -1.675 3.142 0.262 -1.66 -0.181 -2.279 -2.346 0.3 -1.233 -3.141 4.796 -1.082 -1.156 -3.131 -1.882 -1.968
336 G 0.09 -2.358 -0.44 -1.323 -1.32 -2.195 -2.622 5.809 -1.476 -3.215 -3.461 -1.651 -2.667 -2.678 -2.779 -1.002 -1.919 -2.44 -3.148 -2.864
337 T 0.538 -0.911 0.197 -0.606 0.097 -0.824 -0.937 -0.653 -0.897 -0.946 -1.623 -0.527 -0.841 -1.756 -1.579 2.258 3.059 -2.361 -1.731 -0.432
338 Y -1.812 -1.777 -2.126 -3.022 -1.752 -1.784 -2.363 -2.932 2.105 -0.804 -0.91 -1.873 -0.682 3.348 -3.333 -2.437 -2.089 2.309 6.655 -0.979
339 Y -1.812 -1.777 -2.126 -3.022 -1.752 -1.784 -2.363 -2.932 2.105 -0.804 -0.91 -1.873 -0.682 3.348 -3.333 -2.437 -2.089 2.309 6.655 -0.979
340 L -1.301 -1.757 -2.818 -3.189 -0.159 -1.738 -2.79 -2.955 -1.563 1.811 3.24 -1.92 4.367 0.656 -3.418 -2.531 -1.301 -1.473 -0.942 1.048
341 G -0.695 -1.947 0.494 4.065 -1.799 -1.458 -0.237 4.059 -0.968 -2.96 -3.476 -1.211 -2.682 -2.796 -2.524 -0.977 -1.655 -2.934 -3.095 -2.864
342 T -0.112 -1.093 -0.139 -1.014 0.122 -1.103 -1.378 -1.329 -1.413 -0.224 -1.057 -0.791 -0.532 -1.58 -1.687 0.705 4.245 -2.185 -1.706 0.229
343 D -1.777 -1.588 1.199 5.833 -2.372 -0.872 1.05 -1.124 -0.536 -2.725 -3.491 -0.829 -2.698 -2.92 -2.289 -0.952 -1.413 -3.531 -3.043 -2.864
344 A 3.918 -1.484 -1.662 -1.687 0.68 -1.32 -1.298 0.374 -1.211 -0.83 -1.321 -0.849 -0.874 -1.848 -1.475 0.455 -0.422 -2.44 -1.756 0.139
345 G 0.09 -2.358 -0.44 -1.323 -1.32 -2.195 -2.622 5.809 -1.476 -3.215 -3.461 -1.651 -2.667 -2.678 -2.779 -1.002 -1.919 -2.44 -3.148 -2.864
346 Y -1.812 -1.777 -2.126 -3.022 -1.752 -1.784 -2.363 -2.932 2.105 -0.804 -0.91 -1.873 -0.682 3.348 -3.333 -2.437 -2.089 2.309 6.655 -0.979
347 L -1.08 -1.383 -2.36 -2.814 -0.168 -1.051 -2.353 -2.583 -0.968 1.603 2.135 -1.452 5.611 0.468 -3.242 -2.016 -1.046 -1.306 -0.832 0.99
348 R -1.534 5.51 -0.462 -1.564 -2.259 0.518 -0.561 -2.128 0.098 -2.612 -2.028 2.018 -1.224 -2.472 -2.704 -1.406 -1.454 -2.234 -1.772 -2.162
349 P -0.836 -2.014 -1.934 -1.564 -1.457 -1.933 -1.622 -1.852 -1.608 -2.318 -2.75 -1.064 -2.403 -3.336 6.663 -1.452 -1.348 -4.549 -2.636 -2.162
350 T -0.112 -1.093 -0.139 -1.014 0.122 -1.103 -1.378 -1.329 -1.413 -0.224 -1.057 -0.791 -0.532 -1.58 -1.687 0.705 4.245 -2.185 -1.706 0.229
351 L -1.541 -2.186 -3.362 -3.62 -0.15 -2.64 -3.306 -3.383 -2.314 2.005 4.037 -2.478 2.132 0.833 -3.604 -3.158 -1.581 -1.65 -1.056 1.106
352 F -2.334 -2.896 -2.86 -3.314 -1.374 -3.864 -3.482 -2.875 -0.828 0.277 0.565 -3.304 0.201 6.515 -4.448 -3.031 -2.371 0.852 2.931 -0.507
353 G 0.62 -1.438 0.066 -0.736 -0.541 -1.27 -1.407 4.159 -0.924 -2.49 -2.839 -0.888 -1.833 -2.287 -2.054 1.855 -0.097 -2.494 -2.369 -1.973
354 G 0.09 -2.358 -0.44 -1.323 -1.32 -2.195 -2.622 5.809 -1.476 -3.215 -3.461 -1.651 -2.667 -2.678 -2.779 -1.002 -1.919 -2.44 -3.148 -2.864
355 F -1.097 -2.684 -2.895 -3.238 -0.392 -3.156 -3.173 -2.915 -1.687 1.97 0.761 -2.81 0.534 4.766 -3.74 -2.633 -1.254 -0.335 1.533 2.653
356 G -0.875 -2.614 -1.403 -2.15 -1.347 -2.911 -3.02 3.948 -1.134 -0.97 -0.796 -2.361 -0.89 4.631 -3.495 -1.842 -2.136 -0.348 1.262 -1.452
357 L -1.541 -2.186 -3.362 -3.62 -0.15 -2.64 -3.306 -3.383 -2.314 2.005 4.037 -2.478 2.132 0.833 -3.604 -3.158 -1.581 -1.65 -1.056 1.106
358 L -1.458 -2.607 -3.312 -3.392 -0.15 -2.911 -3.49 -3.43 -2.505 3.529 3.092 -2.577 1.734 0.542 -3.554 -3.117 -1.317 -1.905 -1.168 2.114
359 L -1.458 -2.607 -3.312 -3.392 -0.15 -2.911 -3.49 -3.43 -2.505 3.529 3.092 -2.577 1.734 0.542 -3.554 -3.117 -1.317 -1.905 -1.168 2.114
360 A 3.918 -1.484 -1.662 -1.687 0.68 -1.32 -1.298 0.374 -1.211 -0.83 -1.321 -0.849 -0.874 -1.848 -1.475 0.455 -0.422 -2.44 -1.756 0.139
361 L -1.08 -1.383 -2.36 -2.814 -0.168 -1.051 -2.353 -2.583 -0.968 1.603 2.135 -1.452 5.611 0.468 -3.242 -2.016 -1.046 -1.306 -0.832 0.99
362 L -1.91 -2.52 -3.1 -3.463 -0.698 -3.188 -3.393 -3.117 -1.476 1.268 2.795 -2.862 1.326 4.892 -3.996 -3.094 -1.949 -0.136 1.577 0.411
363 L -0.814 -2.332 -3.138 -3.383 0.105 -2.614 -3.092 -3.161 -2.599 2.562 2.887 -2.433 1.555 0.282 -3.38 -2.688 -0.961 -1.995 -1.168 2.993
364 I -0.676 -1.925 -1.297 -1.899 -0.011 -1.968 -2.307 -2.208 -1.99 3.03 0.622 -1.583 0.508 -0.543 -2.455 -0.606 2.669 -2.185 -1.488 1.835
365 W -2.65 -2.383 -3.166 -3.62 -2.334 -2.824 -2.969 -2.366 -1.134 -1.854 -1.65 -2.791 -1.28 1.128 -5.408 -3.355 -2.695 10.61 2.169 -2.228
366 F -1.816 -2.997 -3.054 -3.247 -0.698 -3.518 -3.583 -3.161 -1.619 3.118 1.174 -2.975 0.786 4.823 -3.938 -3.053 -1.651 -0.284 1.533 1.642
367 L -1.91 -2.52 -3.1 -3.463 -0.698 -3.188 -3.393 -3.117 -1.476 1.268 2.795 -2.862 1.326 4.892 -3.996 -3.094 -1.949 -0.136 1.577 0.411
368 W -2.65 -2.383 -3.166 -3.62 -2.334 -2.824 -2.969 -2.366 -1.134 -1.854 -1.65 -2.791 -1.28 1.128 -5.408 -3.355 -2.695 10.61 2.169 -2.228
369 L -1.541 -2.186 -3.362 -3.62 -0.15 -2.64 -3.306 -3.383 -2.314 2.005 4.037 -2.478 2.132 0.833 -3.604 -3.158 -1.581 -1.65 -1.056 1.106
370 K -0.826 2.094 -0.268 -0.722 -1.977 0.807 0.313 -1.342 -0.243 -2.123 -2.24 4.49 -1.224 -2.806 -1.687 -0.881 -1.082 -2.549 -1.789 -1.999
371 N -1.213 1.104 3.993 0.45 -1.911 0.216 -0.16 -0.688 0.426 -2.403 -2.66 2.993 -1.655 -2.582 -2.102 -0.474 -0.749 -2.75 -1.925 -2.266
372 I -0.676 -1.925 -1.297 -1.899 -0.011 -1.968 -2.307 -2.208 -1.99 3.03 0.622 -1.583 0.508 -0.543 -2.455 -0.606 2.669 -2.185 -1.488 1.835
373 F 2.231 -2.104 -2.199 -2.388 -0.168 -2.32 -2.188 -0.816 -1.013 -0.224 -0.227 -1.823 -0.286 4.669 -2.595 -0.791 -1.235 -0.348 1.45 -0.166
374 Y -0.027 -1.213 -0.526 -1.314 -0.698 -1.113 -1.32 -1.186 1.098 -1.305 -1.533 -0.971 -0.923 1.776 -2.257 1.637 -0.141 0.8 4.807 -1.132
375 P -0.452 -1.516 -0.899 -1.276 -0.561 -1.488 -1.497 -1.579 -1.509 -1.085 -1.781 -0.924 -1.318 -2.327 4.818 -0.176 2.633 -3.131 -2.134 -0.725
376 E -0.872 1.193 -0.303 0.61 -2.186 1.089 3.103 -1.63 0.092 -2.426 -2.462 3.172 -1.476 -2.705 -1.783 -0.836 -1.189 -2.467 -1.848 -2.066
377 K -0.826 2.094 -0.268 -0.722 -1.977 0.807 0.313 -1.342 -0.243 -2.123 -2.24 4.49 -1.224 -2.806 -1.687 -0.881 -1.082 -2.549 -1.789 -1.999
378 G -0.654 -1.226 3.974 0.264 -1.571 -1.242 -1.52 4.153 -0.002 -2.953 -3.302 -0.894 -2.403 -2.522 -2.682 -0.526 -1.093 -2.691 -2.558 -2.708
379 G -0.332 0.653 -0.353 -1.007 -1.63 -0.32 -0.796 4.042 -0.794 -2.618 -2.786 2.815 -1.856 -2.741 -2.182 -0.941 -1.47 -2.494 -2.389 -2.399
380 C -0.338 -2.881 -2.947 -3.289 7.791 -2.99 -3.363 -2.532 -2.933 1.723 0.113 -2.728 0.032 -1.099 -3.189 -1.961 -0.852 -2.78 -1.943 2.67
381 L -1.673 -1.975 -2.678 -3.306 -0.841 -2.18 -2.796 -3.148 0.67 0.93 2.515 -2.16 1.056 2.356 -3.466 -2.775 -1.824 0.961 4.848 0.248
382 F -2.334 -2.896 -2.86 -3.314 -1.374 -3.864 -3.482 -2.875 -0.828 0.277 0.565 -3.304 0.201 6.515 -4.448 -3.031 -2.371 0.852 2.931 -0.507
383 I -1.377 -3.101 -3.263 -3.181 -0.15 -3.209 -3.687 -3.479 -2.711 4.521 1.677 -2.679 1.271 0.218 -3.505 -3.076 -1.075 -2.185 -1.285 2.86
384 F -0.158 -1.622 -0.719 -1.392 -0.561 -1.77 -1.662 -1.17 -0.638 -0.615 -0.533 -1.417 -0.41 4.664 -2.595 1.571 -0.21 -0.374 1.45 -0.873
385 L -1.541 -2.186 -3.362 -3.62 -0.15 -2.64 -3.306 -3.383 -2.314 2.005 4.037 -2.478 2.132 0.833 -3.604 -3.158 -1.581 -1.65 -1.056 1.106
386 V 0.49 -1.484 -0.735 -1.353 0.209 -1.406 -1.494 -1.193 -1.434 1.508 -0.25 -1.149 -0.005 -1.069 -2.2 1.656 0.372 -2.467 -1.511 2.536
387 I -1.225 -2.116 -2.776 -2.991 -0.159 -1.933 -2.944 -2.996 -1.71 3.416 1.915 -2.001 4.19 0.346 -3.37 -2.498 -1.06 -1.712 -1.05 2.074
388 L -1.541 -2.186 -3.362 -3.62 -0.15 -2.64 -3.306 -3.383 -2.314 2.005 4.037 -2.478 2.132 0.833 -3.604 -3.158 -1.581 -1.65 -1.056 1.106
389 S 1.068 -0.741 0.497 -0.249 0.072 -0.57 -0.555 -0.106 -0.46 -1.911 -2.328 -0.285 -1.187 -1.943 -1.475 3.262 1.011 -2.549 -1.756 -1.292
390 L -1.541 -2.186 -3.362 -3.62 -0.15 -2.64 -3.306 -3.383 -2.314 2.005 4.037 -2.478 2.132 0.833 -3.604 -3.158 -1.581 -1.65 -1.056 1.106
391 L -1.458 -2.607 -3.312 -3.392 -0.15 -2.911 -3.49 -3.43 -2.505 3.529 3.092 -2.577 1.734 0.542 -3.554 -3.117 -1.317 -1.905 -1.168 2.114
392 L -1.541 -2.186 -3.362 -3.62 -0.15 -2.64 -3.306 -3.383 -2.314 2.005 4.037 -2.478 2.132 0.833 -3.604 -3.158 -1.581 -1.65 -1.056 1.106
393 Q -0.883 1.007 -0.093 -0.357 -1.911 4.883 1.392 -1.479 0.769 -2.24 -1.991 1.222 -0.403 -2.959 -2.151 -0.755 -0.975 -2.185 -1.285 -1.787
394 Y -1.812 -1.777 -2.126 -3.022 -1.752 -1.784 -2.363 -2.932 2.105 -0.804 -0.91 -1.873 -0.682 3.348 -3.333 -2.437 -2.089 2.309 6.655 -0.979
395 K -0.826 2.094 -0.268 -0.722 -1.977 0.807 0.313 -1.342 -0.243 -2.123 -2.24 4.49 -1.224 -2.806 -1.687 -0.881 -1.082 -2.549 -1.789 -1.999
396 G 0.09 -2.358 -0.44 -1.323 -1.32 -2.195 -2.622 5.809 -1.476 -3.215 -3.461 -1.651 -2.667 -2.678 -2.779 -1.002 -1.919 -2.44 -3.148 -2.864
397 E -0.919 -0.122 -0.338 1.518 -2.411 1.346 4.494 -1.95 0.392 -2.764 -2.703 0.677 -1.754 -2.608 -1.882 -0.791 -1.301 -2.387 -1.908 -2.134
398 F -2.334 -2.896 -2.86 -3.314 -1.374 -3.864 -3.482 -2.875 -0.828 0.277 0.565 -3.304 0.201 6.515 -4.448 -3.031 -2.371 0.852 2.931 -0.507
399 I -1.377 -3.101 -3.263 -3.181 -0.15 -3.209 -3.687 -3.479 -2.711 4.521 1.677 -2.679 1.271 0.218 -3.505 -3.076 -1.075 -2.185 -1.285 2.86
400 V -0.749 -2.777 -3.091 -3.173 0.105 -2.882 -3.263 -3.205 -2.811 3.871 1.334 -2.53 1.06 -0.074 -3.333 -2.653 -0.746 -2.284 -1.285 3.561
401 T -0.112 -1.093 -0.139 -1.014 0.122 -1.103 -1.378 -1.329 -1.413 -0.224 -1.057 -0.791 -0.532 -1.58 -1.687 0.705 4.245 -2.185 -1.706 0.229
402 N -1.66 -0.415 5.643 1.281 -1.846 -0.527 -0.725 -0.155 0.968 -2.712 -3.152 -0.296 -2.161 -2.374 -2.588 -0.118 -0.451 -2.966 -2.069 -2.56
403 Y -1.812 -1.777 -2.126 -3.022 -1.752 -1.784 -2.363 -2.932 2.105 -0.804 -0.91 -1.873 -0.682 3.348 -3.333 -2.437 -2.089 2.309 6.655 -0.979
404 C -0.875 -3.217 -3.11 -3.297 7.774 -3.331 -3.803 -2.747 -2.828 2.954 0.621 -2.888 0.329 -0.692 -3.352 -2.288 -1.193 -2.662 -1.943 1.666
405 V -0.172 -1.706 -1.209 -1.894 0.233 -1.751 -2.037 -2.029 -2.067 1.839 0.114 -1.48 0.23 -0.929 -2.335 -0.419 2.762 -2.284 -1.488 2.79
406 L -1.541 -2.186 -3.362 -3.62 -0.15 -2.64 -3.306 -3.383 -2.314 2.005 4.037 -2.478 2.132 0.833 -3.604 -3.158 -1.581 -1.65 -1.056 1.106
407 I -1.377 -3.101 -3.263 -3.181 -0.15 -3.209 -3.687 -3.479 -2.711 4.521 1.677 -2.679 1.271 0.218 -3.505 -3.076 -1.075 -2.185 -1.285 2.86
408 L -0.814 -2.332 -3.138 -3.383 0.105 -2.614 -3.092 -3.161 -2.599 2.562 2.887 -2.433 1.555 0.282 -3.38 -2.688 -0.961 -1.995 -1.168 2.993
409 L -1.458 -2.607 -3.312 -3.392 -0.15 -2.911 -3.49 -3.43 -2.505 3.529 3.092 -2.577 1.734 0.542 -3.554 -3.117 -1.317 -1.905 -1.168 2.114
410 S 1.068 -0.741 0.497 -0.249 0.072 -0.57 -0.555 -0.106 -0.46 -1.911 -2.328 -0.285 -1.187 -1.943 -1.475 3.262 1.011 -2.549 -1.756 -1.292
411 T -0.556 -1.234 -1.041 -1.776 -0.02 -1.077 -1.824 -1.888 -1.182 0.832 0.96 -1.103 3.935 -0.378 -2.361 -0.346 2.673 -1.712 -1.236 0.634
412 L -1.193 -0.169 -1.287 -1.55 -0.898 3.088 -0.091 -2.277 -0.379 0.601 2.374 -0.072 1.135 -0.48 -2.787 -1.713 -1.262 -1.905 -1.168 0.008
413 L -1.541 -2.186 -3.362 -3.62 -0.15 -2.64 -3.306 -3.383 -2.314 2.005 4.037 -2.478 2.132 0.833 -3.604 -3.158 -1.581 -1.65 -1.056 1.106
414 F -1.64 -2.042 -2.599 -3.053 -0.709 -2.128 -2.863 -2.725 -0.897 1.015 1.455 -2.232 4.023 4.849 -3.783 -2.479 -1.633 -0.03 1.624 0.337
415 F -1.097 -2.684 -2.895 -3.238 -0.392 -3.156 -3.173 -2.915 -1.687 1.97 0.761 -2.81 0.534 4.766 -3.74 -2.633 -1.254 -0.335 1.533 2.653
416 S 1.068 -0.741 0.497 -0.249 0.072 -0.57 -0.555 -0.106 -0.46 -1.911 -2.328 -0.285 -1.187 -1.943 -1.475 3.262 1.011 -2.549 -1.756 -1.292
417 L -1.193 -0.169 -1.287 -1.55 -0.898 3.088 -0.091 -2.277 -0.379 0.601 2.374 -0.072 1.135 -0.48 -2.787 -1.713 -1.262 -1.905 -1.168 0.008
418 L -1.541 -2.186 -3.362 -3.62 -0.15 -2.64 -3.306 -3.383 -2.314 2.005 4.037 -2.478 2.132 0.833 -3.604 -3.158 -1.581 -1.65 -1.056 1.106
419 L 2.323 -1.814 -2.389 -2.495 0.295 -1.905 -2.131 -0.932 -1.71 0.922 2.456 -1.55 1.004 -0.207 -2.348 -0.82 -0.944 -2.018 -1.385 0.663
420 R -1.159 4.281 -0.363 -1.112 -2.115 0.666 -0.091 -1.708 -0.067 -2.357 -2.132 3.511 -1.224 -2.634 -2.151 -1.132 -1.262 -2.387 -1.78 -2.079
421 Q -0.883 1.007 -0.093 -0.357 -1.911 4.883 1.392 -1.479 0.769 -2.24 -1.991 1.222 -0.403 -2.959 -2.151 -0.755 -0.975 -2.185 -1.285 -1.787
422 K -0.515 0.63 -1.302 -1.692 -0.592 -0.418 -0.866 -2.037 -1.28 1.477 -0.229 2.745 -0.017 -1.358 -2.335 -1.498 -0.749 -2.467 -1.526 2.451
423 F -2.327 -2.889 -2.853 -3.307 -1.367 -3.857 -3.475 -2.867 -0.821 0.284 0.572 -3.297 0.209 6.503 -4.441 -3.023 -2.363 0.859 2.938 -0.5
424 R -1.527 5.497 -0.455 -1.557 -2.252 0.525 -0.553 -2.121 0.106 -2.604 -2.021 2.026 -1.217 -2.465 -2.697 -1.399 -1.447 -2.227 -1.765 -2.155
425 G -0.695 -1.947 0.494 4.065 -1.799 -1.458 -0.237 4.059 -0.968 -2.96 -3.476 -1.211 -2.682 -2.796 -2.524 -0.977 -1.655 -2.934 -3.095 -2.864