#Seq2Logo.py -f /work3/idamei/wzy_ssn/run/1e-50/run/150/MSAs/0003_227.afa -o /work3/idamei/wzy_ssn/run/1e-50/run/150/logos/0003_227.logo
Last position-specific scoring matrix computed, values are in halfbits
A R N D C Q E G H I L K M F P S T W Y V
0 L -1.08 -1.383 -2.36 -2.814 -0.168 -1.051 -2.353 -2.583 -0.968 1.603 2.135 -1.452 5.611 0.468 -3.242 -2.016 -1.046 -1.306 -0.832 0.99
1 A 2.345 -2.18 -2.353 -2.338 0.295 -2.113 -2.252 -0.952 -1.865 2.941 0.551 -1.621 0.394 -0.634 -2.315 -0.801 -0.73 -2.31 -1.511 1.809
2 Y -1.812 -1.777 -2.126 -3.022 -1.752 -1.784 -2.363 -2.932 2.105 -0.804 -0.91 -1.873 -0.682 3.348 -3.333 -2.437 -2.089 2.309 6.655 -0.979
3 L -1.301 -1.757 -2.818 -3.189 -0.159 -1.738 -2.79 -2.955 -1.563 1.811 3.24 -1.92 4.367 0.656 -3.418 -2.531 -1.301 -1.473 -0.942 1.048
4 F -1.816 -2.997 -3.054 -3.247 -0.698 -3.518 -3.583 -3.161 -1.619 3.118 1.174 -2.975 0.786 4.823 -3.938 -3.053 -1.651 -0.284 1.533 1.642
5 F -2.062 -2.283 -2.47 -3.164 -1.557 -2.64 -2.869 -2.903 0.996 -0.213 -0.079 -2.501 -0.207 5.346 -3.837 -2.719 -2.227 1.671 5.356 -0.734
6 C 2.492 -2.265 -2.24 -2.425 7.804 -2.195 -2.322 -0.624 -1.952 -0.781 -1.188 -1.764 -0.974 -1.936 -2.213 -0.416 -0.835 -2.81 -2.229 -0.122
7 F 2.231 -2.104 -2.199 -2.388 -0.168 -2.32 -2.188 -0.816 -1.013 -0.224 -0.227 -1.823 -0.286 4.669 -2.595 -0.791 -1.235 -0.348 1.45 -0.166
8 L -1.301 -1.757 -2.818 -3.189 -0.159 -1.738 -2.79 -2.955 -1.563 1.811 3.24 -1.92 4.367 0.656 -3.418 -2.531 -1.301 -1.473 -0.942 1.048
9 L -0.739 -1.588 -1.322 -2.033 -0.011 -1.77 -2.184 -2.177 -1.828 1.101 2.493 -1.513 1.097 -0.129 -2.489 -0.623 2.605 -1.905 -1.363 0.701
10 W -2.042 -2.283 -3.263 -3.62 -1.04 -2.731 -3.132 -2.83 -1.664 0.678 2.414 -2.63 0.904 0.984 -4.368 -3.255 -2.084 8.651 0.986 -0.104
11 P -1.167 -2.099 -2.56 -2.412 -0.73 -2.265 -2.343 -2.517 -1.939 0.587 2.3 -1.685 0.677 -0.556 4.744 -2.181 -1.462 -2.75 -1.739 -0.088
12 P -1.489 -2.421 -2.36 -2.308 -1.415 -2.74 -2.405 -2.318 -1.192 -0.738 -0.641 -1.972 -0.816 4.608 4.724 -2.135 -1.814 -0.735 1.322 -1.218
13 A 3.918 -1.484 -1.662 -1.687 0.68 -1.32 -1.298 0.374 -1.211 -0.83 -1.321 -0.849 -0.874 -1.848 -1.475 0.455 -0.422 -2.44 -1.756 0.139
14 L -1.541 -2.186 -3.362 -3.62 -0.15 -2.64 -3.306 -3.383 -2.314 2.005 4.037 -2.478 2.132 0.833 -3.604 -3.158 -1.581 -1.65 -1.056 1.106
15 F -1.097 -2.684 -2.895 -3.238 -0.392 -3.156 -3.173 -2.915 -1.687 1.97 0.761 -2.81 0.534 4.766 -3.74 -2.633 -1.254 -0.335 1.533 2.653
16 S 1.068 -0.741 0.497 -0.249 0.072 -0.57 -0.555 -0.106 -0.46 -1.911 -2.328 -0.285 -1.187 -1.943 -1.475 3.262 1.011 -2.549 -1.756 -1.292
17 F -1.097 -2.684 -2.895 -3.238 -0.392 -3.156 -3.173 -2.915 -1.687 1.97 0.761 -2.81 0.534 4.766 -3.74 -2.633 -1.254 -0.335 1.533 2.653
18 F -2.062 -2.283 -2.47 -3.164 -1.557 -2.64 -2.869 -2.903 0.996 -0.213 -0.079 -2.501 -0.207 5.346 -3.837 -2.719 -2.227 1.671 5.356 -0.734
19 L -1.91 -2.52 -3.1 -3.463 -0.698 -3.188 -3.393 -3.117 -1.476 1.268 2.795 -2.862 1.326 4.892 -3.996 -3.094 -1.949 -0.136 1.577 0.411
20 R 0.051 3.823 0.057 -0.832 -0.864 0.025 -0.558 -0.944 -0.167 -2.24 -2.174 1.091 -1.205 -2.196 -2.025 1.784 0.034 -2.387 -1.764 -1.694
21 R -1.534 5.51 -0.462 -1.564 -2.259 0.518 -0.561 -2.128 0.098 -2.612 -2.028 2.018 -1.224 -2.472 -2.704 -1.406 -1.454 -2.234 -1.772 -2.162
22 D -0.017 -1.134 0.869 4.164 -0.898 -0.717 0.358 -0.57 -0.498 -2.29 -2.852 -0.544 -1.844 -2.39 -1.854 1.864 0.046 -2.998 -2.328 -1.973
23 F -1.816 -2.997 -3.054 -3.247 -0.698 -3.518 -3.583 -3.161 -1.619 3.118 1.174 -2.975 0.786 4.823 -3.938 -3.053 -1.651 -0.284 1.533 1.642
24 Q -0.883 1.007 -0.093 -0.357 -1.911 4.883 1.392 -1.479 0.769 -2.24 -1.991 1.222 -0.403 -2.959 -2.151 -0.755 -0.975 -2.185 -1.285 -1.787
25 W -2.488 -2.628 -3.009 -3.463 -1.814 -3.298 -3.214 -2.609 -0.977 -0.596 -0.335 -3.036 -0.445 4.929 -4.888 -3.188 -2.528 8.707 2.575 -1.241
26 L -1.541 -2.186 -3.362 -3.62 -0.15 -2.64 -3.306 -3.383 -2.314 2.005 4.037 -2.478 2.132 0.833 -3.604 -3.158 -1.581 -1.65 -1.056 1.106
27 L -1.91 -2.52 -3.1 -3.463 -0.698 -3.188 -3.393 -3.117 -1.476 1.268 2.795 -2.862 1.326 4.892 -3.996 -3.094 -1.949 -0.136 1.577 0.411
28 F -2.334 -2.896 -2.86 -3.314 -1.374 -3.864 -3.482 -2.875 -0.828 0.277 0.565 -3.304 0.201 6.515 -4.448 -3.031 -2.371 0.852 2.931 -0.507
29 L 0.049 -1.374 -0.83 -1.468 -0.037 -1.423 -1.614 -1.302 -1.24 0.666 2.339 -1.178 0.926 -0.233 -2.348 1.558 -0.003 -2.065 -1.385 0.149
30 F -2.334 -2.896 -2.86 -3.314 -1.374 -3.864 -3.482 -2.875 -0.828 0.277 0.565 -3.304 0.201 6.515 -4.448 -3.031 -2.371 0.852 2.931 -0.507
31 F 2.231 -2.104 -2.199 -2.388 -0.168 -2.32 -2.188 -0.816 -1.013 -0.224 -0.227 -1.823 -0.286 4.669 -2.595 -0.791 -1.235 -0.348 1.45 -0.166
32 L -0.814 -2.332 -3.138 -3.383 0.105 -2.614 -3.092 -3.161 -2.599 2.562 2.887 -2.433 1.555 0.282 -3.38 -2.688 -0.961 -1.995 -1.168 2.993
33 C 2.492 -2.265 -2.24 -2.425 7.804 -2.195 -2.322 -0.624 -1.952 -0.781 -1.188 -1.764 -0.974 -1.936 -2.213 -0.416 -0.835 -2.81 -2.229 -0.122
34 L -1.458 -2.607 -3.312 -3.392 -0.15 -2.911 -3.49 -3.43 -2.505 3.529 3.092 -2.577 1.734 0.542 -3.554 -3.117 -1.317 -1.905 -1.168 2.114
35 C -1.05 -2.454 -2.515 -3.214 7.734 -2.501 -3.04 -2.522 0.566 -0.767 -0.985 -2.427 -0.874 1.765 -3.269 -2.028 -1.677 0.703 4.762 -0.68
36 V -0.234 -2.486 -2.929 -3.164 0.34 -2.587 -2.894 -2.955 -2.915 3.03 0.945 -2.388 0.832 -0.398 -3.171 -2.284 -0.451 -2.387 -1.285 4.125
37 L -1.91 -2.52 -3.1 -3.463 -0.698 -3.188 -3.393 -3.117 -1.476 1.268 2.795 -2.862 1.326 4.892 -3.996 -3.094 -1.949 -0.136 1.577 0.411
38 L -0.814 -2.332 -3.138 -3.383 0.105 -2.614 -3.092 -3.161 -2.599 2.562 2.887 -2.433 1.555 0.282 -3.38 -2.688 -0.961 -1.995 -1.168 2.993
39 F -1.816 -2.997 -3.054 -3.247 -0.698 -3.518 -3.583 -3.161 -1.619 3.118 1.174 -2.975 0.786 4.823 -3.938 -3.053 -1.651 -0.284 1.533 1.642
40 G 0.62 -1.438 0.066 -0.736 -0.541 -1.27 -1.407 4.159 -0.924 -2.49 -2.839 -0.888 -1.833 -2.287 -2.054 1.855 -0.097 -2.494 -2.369 -1.973
41 F -2.334 -2.896 -2.86 -3.314 -1.374 -3.864 -3.482 -2.875 -0.828 0.277 0.565 -3.304 0.201 6.515 -4.448 -3.031 -2.371 0.852 2.931 -0.507
42 S 1.068 -0.741 0.497 -0.249 0.072 -0.57 -0.555 -0.106 -0.46 -1.911 -2.328 -0.285 -1.187 -1.943 -1.475 3.262 1.011 -2.549 -1.756 -1.292
43 Y -1.812 -1.777 -2.126 -3.022 -1.752 -1.784 -2.363 -2.932 2.105 -0.804 -0.91 -1.873 -0.682 3.348 -3.333 -2.437 -2.089 2.309 6.655 -0.979
44 K -0.826 2.094 -0.268 -0.722 -1.977 0.807 0.313 -1.342 -0.243 -2.123 -2.24 4.49 -1.224 -2.806 -1.687 -0.881 -1.082 -2.549 -1.789 -1.999
45 V 0.49 -1.484 -0.735 -1.353 0.209 -1.406 -1.494 -1.193 -1.434 1.508 -0.25 -1.149 -0.005 -1.069 -2.2 1.656 0.372 -2.467 -1.511 2.536
46 G 0.09 -2.358 -0.44 -1.323 -1.32 -2.195 -2.622 5.809 -1.476 -3.215 -3.461 -1.651 -2.667 -2.678 -2.779 -1.002 -1.919 -2.44 -3.148 -2.864
47 S 1.068 -0.741 0.497 -0.249 0.072 -0.57 -0.555 -0.106 -0.46 -1.911 -2.328 -0.285 -1.187 -1.943 -1.475 3.262 1.011 -2.549 -1.756 -1.292
48 D -1.777 -1.588 1.199 5.833 -2.372 -0.872 1.05 -1.124 -0.536 -2.725 -3.491 -0.829 -2.698 -2.92 -2.289 -0.952 -1.413 -3.531 -3.043 -2.864
49 W -2.65 -2.383 -3.166 -3.62 -2.334 -2.824 -2.969 -2.366 -1.134 -1.854 -1.65 -2.791 -1.28 1.128 -5.408 -3.355 -2.695 10.61 2.169 -2.228
50 Y 2.289 -1.627 -1.884 -2.278 -0.287 -1.542 -1.782 -0.83 0.899 -0.817 -1.108 -1.316 -0.776 1.789 -2.257 -0.643 -1.137 0.817 4.807 -0.367
51 N -1.66 -0.415 5.643 1.281 -1.846 -0.527 -0.725 -0.155 0.968 -2.712 -3.152 -0.296 -2.161 -2.374 -2.588 -0.118 -0.451 -2.966 -2.069 -2.56
52 Y -1.812 -1.777 -2.126 -3.022 -1.752 -1.784 -2.363 -2.932 2.105 -0.804 -0.91 -1.873 -0.682 3.348 -3.333 -2.437 -2.089 2.309 6.655 -0.979
53 L -1.91 -2.52 -3.1 -3.463 -0.698 -3.188 -3.393 -3.117 -1.476 1.268 2.795 -2.862 1.326 4.892 -3.996 -3.094 -1.949 -0.136 1.577 0.411
54 S 1.068 -0.741 0.497 -0.249 0.072 -0.57 -0.555 -0.106 -0.46 -1.911 -2.328 -0.285 -1.187 -1.943 -1.475 3.262 1.011 -2.549 -1.756 -1.292
55 D -1.795 -1.681 -0.009 3.964 -2.045 -1.292 -0.179 -1.888 1.076 -1.607 -1.921 -1.304 -1.517 1.66 -2.764 -1.6 -1.731 0.667 4.753 -1.771
56 F -2.062 -2.283 -2.47 -3.164 -1.557 -2.64 -2.869 -2.903 0.996 -0.213 -0.079 -2.501 -0.207 5.346 -3.837 -2.719 -2.227 1.671 5.356 -0.734
57 D -1.316 -0.763 0.531 4.416 -2.392 0.445 3.258 -1.507 -0.035 -2.745 -3.07 0.021 -2.187 -2.76 -2.078 -0.87 -1.356 -2.903 -2.42 -2.476
58 A 2.831 -1.089 -0.385 -0.879 0.392 -0.921 -0.903 0.144 -0.811 -1.32 -1.781 -0.553 -1.026 -1.895 -1.475 2.187 0.383 -2.494 -1.756 -0.489
59 G 0.09 -2.358 -0.44 -1.323 -1.32 -2.195 -2.622 5.809 -1.476 -3.215 -3.461 -1.651 -2.667 -2.678 -2.779 -1.002 -1.919 -2.44 -3.148 -2.864
60 C -0.447 -3.339 -2.965 -3.419 9.68 -3.458 -3.925 -2.163 -2.95 -0.732 -1.061 -3.113 -1.079 -2.027 -3.207 -1.67 -1.317 -3.235 -2.796 -0.409
61 V -0.172 -1.706 -1.209 -1.894 0.233 -1.751 -2.037 -2.029 -2.067 1.839 0.114 -1.48 0.23 -0.929 -2.335 -0.419 2.762 -2.284 -1.488 2.79
62 G -0.654 -1.226 3.974 0.264 -1.571 -1.242 -1.52 4.153 -0.002 -2.953 -3.302 -0.894 -2.403 -2.522 -2.682 -0.526 -1.093 -2.691 -2.558 -2.708
63 P -1.489 -2.421 -2.36 -2.308 -1.415 -2.74 -2.405 -2.318 -1.192 -0.738 -0.641 -1.972 -0.816 4.608 4.724 -2.135 -1.814 -0.735 1.322 -1.218
64 N -1.266 -0.265 3.985 1.402 -2.115 0.559 2.932 -0.915 0.695 -2.738 -2.918 0.231 -1.95 -2.489 -2.213 -0.435 -0.845 -2.662 -1.987 -2.339
65 F -2.334 -2.896 -2.86 -3.314 -1.374 -3.864 -3.482 -2.875 -0.828 0.277 0.565 -3.304 0.201 6.515 -4.448 -3.031 -2.371 0.852 2.931 -0.507
66 D -1.777 -1.588 1.199 5.833 -2.372 -0.872 1.05 -1.124 -0.536 -2.725 -3.491 -0.829 -2.698 -2.92 -2.289 -0.952 -1.413 -3.531 -3.043 -2.864
67 V -0.749 -2.777 -3.091 -3.173 0.105 -2.882 -3.263 -3.205 -2.811 3.871 1.334 -2.53 1.06 -0.074 -3.333 -2.653 -0.746 -2.284 -1.285 3.561
68 G 0.09 -2.358 -0.44 -1.323 -1.32 -2.195 -2.622 5.809 -1.476 -3.215 -3.461 -1.651 -2.667 -2.678 -2.779 -1.002 -1.919 -2.44 -3.148 -2.864
69 F -2.334 -2.896 -2.86 -3.314 -1.374 -3.864 -3.482 -2.875 -0.828 0.277 0.565 -3.304 0.201 6.515 -4.448 -3.031 -2.371 0.852 2.931 -0.507
70 R -1.21 3.893 -0.4 0.37 -2.334 0.962 2.955 -2.037 0.249 -2.687 -2.346 1.425 -1.476 -2.539 -2.264 -1.082 -1.376 -2.31 -1.839 -2.148
71 Y -0.916 -2.11 -2.5 -3.092 -0.52 -2.158 -2.616 -2.944 0.571 1.708 0.164 -2.119 0.173 2.045 -3.251 -2.36 -1.156 0.826 4.833 2.579
72 L -1.541 -2.186 -3.362 -3.62 -0.15 -2.64 -3.306 -3.383 -2.314 2.005 4.037 -2.478 2.132 0.833 -3.604 -3.158 -1.581 -1.65 -1.056 1.106
73 C -0.447 -3.339 -2.965 -3.419 9.68 -3.458 -3.925 -2.163 -2.95 -0.732 -1.061 -3.113 -1.079 -2.027 -3.207 -1.67 -1.317 -3.235 -2.796 -0.409
74 G 0.62 -1.438 0.066 -0.736 -0.541 -1.27 -1.407 4.159 -0.924 -2.49 -2.839 -0.888 -1.833 -2.287 -2.054 1.855 -0.097 -2.494 -2.369 -1.973
75 G 0.09 -2.358 -0.44 -1.323 -1.32 -2.195 -2.622 5.809 -1.476 -3.215 -3.461 -1.651 -2.667 -2.678 -2.779 -1.002 -1.919 -2.44 -3.148 -2.864
76 F -2.334 -2.896 -2.86 -3.314 -1.374 -3.864 -3.482 -2.875 -0.828 0.277 0.565 -3.304 0.201 6.515 -4.448 -3.031 -2.371 0.852 2.931 -0.507
77 N 0.015 -0.573 4.091 0.617 -0.73 -0.548 -0.639 -0.13 0.342 -2.284 -2.711 -0.29 -1.633 -2.151 -1.978 2.041 0.372 -2.75 -1.908 -1.857
78 W -0.229 -1.447 -0.789 -1.468 -0.887 -1.482 -1.517 -1.02 -0.777 -1.882 -1.969 -1.274 -1.233 -0.017 -2.818 1.54 -0.284 8.64 0.828 -1.722
79 L -0.814 -2.332 -3.138 -3.383 0.105 -2.614 -3.092 -3.161 -2.599 2.562 2.887 -2.433 1.555 0.282 -3.38 -2.688 -0.961 -1.995 -1.168 2.993
80 G 0.09 -2.358 -0.44 -1.323 -1.32 -2.195 -2.622 5.809 -1.476 -3.215 -3.461 -1.651 -2.667 -2.678 -2.779 -1.002 -1.919 -2.44 -3.148 -2.864
81 L -1.458 -2.607 -3.312 -3.392 -0.15 -2.911 -3.49 -3.43 -2.505 3.529 3.092 -2.577 1.734 0.542 -3.554 -3.117 -1.317 -1.905 -1.168 2.114
82 G 0.62 -1.438 0.066 -0.736 -0.541 -1.27 -1.407 4.159 -0.924 -2.49 -2.839 -0.888 -1.833 -2.287 -2.054 1.855 -0.097 -2.494 -2.369 -1.973
83 F -2.062 -2.283 -2.47 -3.164 -1.557 -2.64 -2.869 -2.903 0.996 -0.213 -0.079 -2.501 -0.207 5.346 -3.837 -2.719 -2.227 1.671 5.356 -0.734
84 W -2.65 -2.383 -3.166 -3.62 -2.334 -2.824 -2.969 -2.366 -1.134 -1.854 -1.65 -2.791 -1.28 1.128 -5.408 -3.355 -2.695 10.61 2.169 -2.228
85 F -1.816 -2.997 -3.054 -3.247 -0.698 -3.518 -3.583 -3.161 -1.619 3.118 1.174 -2.975 0.786 4.823 -3.938 -3.053 -1.651 -0.284 1.533 1.642
86 F -2.334 -2.896 -2.86 -3.314 -1.374 -3.864 -3.482 -2.875 -0.828 0.277 0.565 -3.304 0.201 6.515 -4.448 -3.031 -2.371 0.852 2.931 -0.507
87 V 0.49 -1.484 -0.735 -1.353 0.209 -1.406 -1.494 -1.193 -1.434 1.508 -0.25 -1.149 -0.005 -1.069 -2.2 1.656 0.372 -2.467 -1.511 2.536
88 F 2.231 -2.104 -2.199 -2.388 -0.168 -2.32 -2.188 -0.816 -1.013 -0.224 -0.227 -1.823 -0.286 4.669 -2.595 -0.791 -1.235 -0.348 1.45 -0.166
89 F -0.158 -1.622 -0.719 -1.392 -0.561 -1.77 -1.662 -1.17 -0.638 -0.615 -0.533 -1.417 -0.41 4.664 -2.595 1.571 -0.21 -0.374 1.45 -0.873
90 V -0.749 -2.777 -3.091 -3.173 0.105 -2.882 -3.263 -3.205 -2.811 3.871 1.334 -2.53 1.06 -0.074 -3.333 -2.653 -0.746 -2.284 -1.285 3.561
91 K -0.826 2.094 -0.268 -0.722 -1.977 0.807 0.313 -1.342 -0.243 -2.123 -2.24 4.49 -1.224 -2.806 -1.687 -0.881 -1.082 -2.549 -1.789 -1.999
92 A 2.831 -1.089 -0.385 -0.879 0.392 -0.921 -0.903 0.144 -0.811 -1.32 -1.781 -0.553 -1.026 -1.895 -1.475 2.187 0.383 -2.494 -1.756 -0.489
93 F -1.097 -2.684 -2.895 -3.238 -0.392 -3.156 -3.173 -2.915 -1.687 1.97 0.761 -2.81 0.534 4.766 -3.74 -2.633 -1.254 -0.335 1.533 2.653
94 F -2.062 -2.283 -2.47 -3.164 -1.557 -2.64 -2.869 -2.903 0.996 -0.213 -0.079 -2.501 -0.207 5.346 -3.837 -2.719 -2.227 1.671 5.356 -0.734
95 I -1.377 -3.101 -3.263 -3.181 -0.15 -3.209 -3.687 -3.479 -2.711 4.521 1.677 -2.679 1.271 0.218 -3.505 -3.076 -1.075 -2.185 -1.285 2.86
96 F -1.097 -2.684 -2.895 -3.238 -0.392 -3.156 -3.173 -2.915 -1.687 1.97 0.761 -2.81 0.534 4.766 -3.74 -2.633 -1.254 -0.335 1.533 2.653
97 T 0.538 -0.911 0.197 -0.606 0.097 -0.824 -0.937 -0.653 -0.897 -0.946 -1.623 -0.527 -0.841 -1.756 -1.579 2.258 3.059 -2.361 -1.731 -0.432
98 L -1.541 -2.186 -3.362 -3.62 -0.15 -2.64 -3.306 -3.383 -2.314 2.005 4.037 -2.478 2.132 0.833 -3.604 -3.158 -1.581 -1.65 -1.056 1.106
99 G 2.597 -1.888 -0.987 -1.499 -0.15 -1.725 -1.885 4.218 -1.341 -1.783 -2.197 -1.222 -1.633 -2.233 -2.054 -0.183 -1.075 -2.44 -2.369 -0.989
100 W -2.488 -2.628 -3.009 -3.463 -1.814 -3.298 -3.214 -2.609 -0.977 -0.596 -0.335 -3.036 -0.445 4.929 -4.888 -3.188 -2.528 8.707 2.575 -1.241
101 F -2.334 -2.896 -2.86 -3.314 -1.374 -3.864 -3.482 -2.875 -0.828 0.277 0.565 -3.304 0.201 6.515 -4.448 -3.031 -2.371 0.852 2.931 -0.507
102 L -1.541 -2.186 -3.362 -3.62 -0.15 -2.64 -3.306 -3.383 -2.314 2.005 4.037 -2.478 2.132 0.833 -3.604 -3.158 -1.581 -1.65 -1.056 1.106
103 W -2.65 -2.383 -3.166 -3.62 -2.334 -2.824 -2.969 -2.366 -1.134 -1.854 -1.65 -2.791 -1.28 1.128 -5.408 -3.355 -2.695 10.61 2.169 -2.228
104 R -1.534 5.51 -0.462 -1.564 -2.259 0.518 -0.561 -2.128 0.098 -2.612 -2.028 2.018 -1.224 -2.472 -2.704 -1.406 -1.454 -2.234 -1.772 -2.162
105 L -0.814 -2.332 -3.138 -3.383 0.105 -2.614 -3.092 -3.161 -2.599 2.562 2.887 -2.433 1.555 0.282 -3.38 -2.688 -0.961 -1.995 -1.168 2.993
106 G 0.09 -2.358 -0.44 -1.323 -1.32 -2.195 -2.622 5.809 -1.476 -3.215 -3.461 -1.651 -2.667 -2.678 -2.779 -1.002 -1.919 -2.44 -3.148 -2.864
107 V -0.234 -2.486 -2.929 -3.164 0.34 -2.587 -2.894 -2.955 -2.915 3.03 0.945 -2.388 0.832 -0.398 -3.171 -2.284 -0.451 -2.387 -1.285 4.125
108 F 2.231 -2.104 -2.199 -2.388 -0.168 -2.32 -2.188 -0.816 -1.013 -0.224 -0.227 -1.823 -0.286 4.669 -2.595 -0.791 -1.235 -0.348 1.45 -0.166
109 P -0.836 -2.014 -1.934 -1.564 -1.457 -1.933 -1.622 -1.852 -1.608 -2.318 -2.75 -1.064 -2.403 -3.336 6.663 -1.452 -1.348 -4.549 -2.636 -2.162
110 L -1.541 -2.186 -3.362 -3.62 -0.15 -2.64 -3.306 -3.383 -2.314 2.005 4.037 -2.478 2.132 0.833 -3.604 -3.158 -1.581 -1.65 -1.056 1.106
111 L 2.323 -1.814 -2.389 -2.495 0.295 -1.905 -2.131 -0.932 -1.71 0.922 2.456 -1.55 1.004 -0.207 -2.348 -0.82 -0.944 -2.018 -1.385 0.663
112 A 2.532 -1.942 -2.227 -2.332 0.515 -1.885 -1.987 -0.835 -1.939 1.702 0.029 -1.517 0.103 -1.033 -2.2 -0.601 -0.437 -2.414 -1.511 2.772
113 L -1.91 -2.52 -3.1 -3.463 -0.698 -3.188 -3.393 -3.117 -1.476 1.268 2.795 -2.862 1.326 4.892 -3.996 -3.094 -1.949 -0.136 1.577 0.411
114 F -1.015 -1.856 -1.19 -1.941 -0.53 -2.165 -2.242 -1.999 -1.106 0.037 -0.134 -1.782 -0.142 4.684 -2.749 -0.596 2.522 -0.284 1.458 -0.116
115 L 0.049 -1.374 -0.83 -1.468 -0.037 -1.423 -1.614 -1.302 -1.24 0.666 2.339 -1.178 0.926 -0.233 -2.348 1.558 -0.003 -2.065 -1.385 0.149
116 C -1.05 -2.454 -2.515 -3.214 7.734 -2.501 -3.04 -2.522 0.566 -0.767 -0.985 -2.427 -0.874 1.765 -3.269 -2.028 -1.677 0.703 4.762 -0.68
117 V -0.749 -2.777 -3.091 -3.173 0.105 -2.882 -3.263 -3.205 -2.811 3.871 1.334 -2.53 1.06 -0.074 -3.333 -2.653 -0.746 -2.284 -1.285 3.561
118 L -1.541 -2.186 -3.362 -3.62 -0.15 -2.64 -3.306 -3.383 -2.314 2.005 4.037 -2.478 2.132 0.833 -3.604 -3.158 -1.581 -1.65 -1.056 1.106
119 V -0.626 -1.882 -2.631 -2.984 0.097 -1.718 -2.611 -2.763 -1.78 2.404 1.601 -1.882 4.115 0.067 -3.207 -2.147 -0.733 -1.796 -1.05 2.964
120 S 1.068 -0.741 0.497 -0.249 0.072 -0.57 -0.555 -0.106 -0.46 -1.911 -2.328 -0.285 -1.187 -1.943 -1.475 3.262 1.011 -2.549 -1.756 -1.292
121 F -1.097 -2.684 -2.895 -3.238 -0.392 -3.156 -3.173 -2.915 -1.687 1.97 0.761 -2.81 0.534 4.766 -3.74 -2.633 -1.254 -0.335 1.533 2.653
122 V -0.234 -2.486 -2.929 -3.164 0.34 -2.587 -2.894 -2.955 -2.915 3.03 0.945 -2.388 0.832 -0.398 -3.171 -2.284 -0.451 -2.387 -1.285 4.125
123 F -2.334 -2.896 -2.86 -3.314 -1.374 -3.864 -3.482 -2.875 -0.828 0.277 0.565 -3.304 0.201 6.515 -4.448 -3.031 -2.371 0.852 2.931 -0.507
124 L -1.541 -2.186 -3.362 -3.62 -0.15 -2.64 -3.306 -3.383 -2.314 2.005 4.037 -2.478 2.132 0.833 -3.604 -3.158 -1.581 -1.65 -1.056 1.106
125 D -1.777 -1.588 1.199 5.833 -2.372 -0.872 1.05 -1.124 -0.536 -2.725 -3.491 -0.829 -2.698 -2.92 -2.289 -0.952 -1.413 -3.531 -3.043 -2.864
126 N -1.66 -0.415 5.643 1.281 -1.846 -0.527 -0.725 -0.155 0.968 -2.712 -3.152 -0.296 -2.161 -2.374 -2.588 -0.118 -0.451 -2.966 -2.069 -2.56
127 L -1.301 -1.757 -2.818 -3.189 -0.159 -1.738 -2.79 -2.955 -1.563 1.811 3.24 -1.92 4.367 0.656 -3.418 -2.531 -1.301 -1.473 -0.942 1.048
128 L -1.541 -2.186 -3.362 -3.62 -0.15 -2.64 -3.306 -3.383 -2.314 2.005 4.037 -2.478 2.132 0.833 -3.604 -3.158 -1.581 -1.65 -1.056 1.106
129 R -1.534 5.51 -0.462 -1.564 -2.259 0.518 -0.561 -2.128 0.098 -2.612 -2.028 2.018 -1.224 -2.472 -2.704 -1.406 -1.454 -2.234 -1.772 -2.162
130 Q -0.883 1.007 -0.093 -0.357 -1.911 4.883 1.392 -1.479 0.769 -2.24 -1.991 1.222 -0.403 -2.959 -2.151 -0.755 -0.975 -2.185 -1.285 -1.787
131 Q -0.883 1.007 -0.093 -0.357 -1.911 4.883 1.392 -1.479 0.769 -2.24 -1.991 1.222 -0.403 -2.959 -2.151 -0.755 -0.975 -2.185 -1.285 -1.787
132 L -0.814 -2.332 -3.138 -3.383 0.105 -2.614 -3.092 -3.161 -2.599 2.562 2.887 -2.433 1.555 0.282 -3.38 -2.688 -0.961 -1.995 -1.168 2.993
133 A 3.918 -1.484 -1.662 -1.687 0.68 -1.32 -1.298 0.374 -1.211 -0.83 -1.321 -0.849 -0.874 -1.848 -1.475 0.455 -0.422 -2.44 -1.756 0.139
134 F 2.231 -2.104 -2.199 -2.388 -0.168 -2.32 -2.188 -0.816 -1.013 -0.224 -0.227 -1.823 -0.286 4.669 -2.595 -0.791 -1.235 -0.348 1.45 -0.166
135 G 2.597 -1.888 -0.987 -1.499 -0.15 -1.725 -1.885 4.218 -1.341 -1.783 -2.197 -1.222 -1.633 -2.233 -2.054 -0.183 -1.075 -2.44 -2.369 -0.989
136 F -2.334 -2.896 -2.86 -3.314 -1.374 -3.864 -3.482 -2.875 -0.828 0.277 0.565 -3.304 0.201 6.515 -4.448 -3.031 -2.371 0.852 2.931 -0.507
137 F -1.816 -2.997 -3.054 -3.247 -0.698 -3.518 -3.583 -3.161 -1.619 3.118 1.174 -2.975 0.786 4.823 -3.938 -3.053 -1.651 -0.284 1.533 1.642
138 L -1.91 -2.52 -3.1 -3.463 -0.698 -3.188 -3.393 -3.117 -1.476 1.268 2.795 -2.862 1.326 4.892 -3.996 -3.094 -1.949 -0.136 1.577 0.411
139 I -1.046 -2.934 -3.176 -3.177 -0.02 -3.041 -3.467 -3.339 -2.761 4.214 1.511 -2.603 1.167 0.076 -3.418 -2.857 -0.906 -2.234 -1.285 3.232
140 A 2.831 -1.089 -0.385 -0.879 0.392 -0.921 -0.903 0.144 -0.811 -1.32 -1.781 -0.553 -1.026 -1.895 -1.475 2.187 0.383 -2.494 -1.756 -0.489
141 V -0.626 -1.882 -2.631 -2.984 0.097 -1.718 -2.611 -2.763 -1.78 2.404 1.601 -1.882 4.115 0.067 -3.207 -2.147 -0.733 -1.796 -1.05 2.964
142 S 1.907 -0.999 -0.08 -0.739 0.248 -0.872 -0.92 -0.227 -0.854 -1.127 -1.701 -0.54 -0.932 -1.825 -1.527 2.223 2.021 -2.427 -1.743 -0.461
143 C -0.657 -0.415 -1.185 -1.499 7.731 3.039 -0.184 -1.801 -0.528 -1.388 -1.489 -0.198 -0.721 -2.456 -2.631 -1.176 -1.141 -2.662 -1.943 -1.017
144 V -0.749 -2.777 -3.091 -3.173 0.105 -2.882 -3.263 -3.205 -2.811 3.871 1.334 -2.53 1.06 -0.074 -3.333 -2.653 -0.746 -2.284 -1.285 3.561
145 D -1.653 3.747 0.486 4.047 -2.315 -0.094 0.356 -1.582 -0.201 -2.668 -2.668 0.933 -1.868 -2.687 -2.489 -1.17 -1.433 -2.81 -2.338 -2.492
146 D -1.653 3.747 0.486 4.047 -2.315 -0.094 0.356 -1.582 -0.201 -2.668 -2.668 0.933 -1.868 -2.687 -2.489 -1.17 -1.433 -2.81 -2.338 -2.492
147 G -0.609 3.693 -0.451 -1.441 -1.752 -0.531 -1.411 3.988 -0.583 -2.898 -2.656 0.732 -1.856 -2.573 -2.742 -1.197 -1.677 -2.335 -2.379 -2.492
148 L -1.161 0.684 -1.419 -1.822 -0.922 -0.43 -0.963 -2.186 -1.096 0.624 2.348 2.737 0.917 -0.447 -2.489 -1.801 -1.321 -2.065 -1.399 -0.048
149 I -0.676 -1.925 -1.297 -1.899 -0.011 -1.968 -2.307 -2.208 -1.99 3.03 0.622 -1.583 0.508 -0.543 -2.455 -0.606 2.669 -2.185 -1.488 1.835
150 L -1.537 3.704 -1.562 -2.412 -1.016 -0.649 -1.618 -2.688 -0.863 0.536 2.37 0.57 0.917 -0.37 -3.119 -2.151 -1.516 -1.927 -1.392 -0.088
151 P 2.426 -1.736 -1.795 -1.625 -0.195 -1.61 -1.456 -0.53 -1.402 -1.479 -1.948 -0.954 -1.538 -2.497 4.83 -0.344 -0.848 -3.306 -2.162 -0.788
152 F -2.334 -2.896 -2.86 -3.314 -1.374 -3.864 -3.482 -2.875 -0.828 0.277 0.565 -3.304 0.201 6.515 -4.448 -3.031 -2.371 0.852 2.931 -0.507
153 L -0.814 -2.332 -3.138 -3.383 0.105 -2.614 -3.092 -3.161 -2.599 2.562 2.887 -2.433 1.555 0.282 -3.38 -2.688 -0.961 -1.995 -1.168 2.993
154 W -1.343 -2.821 -3.064 -3.518 7.724 -3.124 -3.407 -2.263 -1.902 -1.238 -1.341 -2.948 -1.178 -0.038 -4.102 -2.391 -1.924 8.634 0.644 -1.178
155 L -0.814 -2.332 -3.138 -3.383 0.105 -2.614 -3.092 -3.161 -2.599 2.562 2.887 -2.433 1.555 0.282 -3.38 -2.688 -0.961 -1.995 -1.168 2.993
156 C 0.409 -1.757 -0.743 -1.419 7.781 -1.667 -1.774 -0.955 -1.444 -1.262 -1.626 -1.366 -1.132 -1.985 -2.213 1.742 0.076 -2.872 -2.229 -0.817
157 L 2.323 -1.814 -2.389 -2.495 0.295 -1.905 -2.131 -0.932 -1.71 0.922 2.456 -1.55 1.004 -0.207 -2.348 -0.82 -0.944 -2.018 -1.385 0.663
158 G 2.597 -1.888 -0.987 -1.499 -0.15 -1.725 -1.885 4.218 -1.341 -1.783 -2.197 -1.222 -1.633 -2.233 -2.054 -0.183 -1.075 -2.44 -2.369 -0.989
159 A 2.831 -1.089 -0.385 -0.879 0.392 -0.921 -0.903 0.144 -0.811 -1.32 -1.781 -0.553 -1.026 -1.895 -1.475 2.187 0.383 -2.494 -1.756 -0.489
160 L 0.049 -1.374 -0.83 -1.468 -0.037 -1.423 -1.614 -1.302 -1.24 0.666 2.339 -1.178 0.926 -0.233 -2.348 1.558 -0.003 -2.065 -1.385 0.149
161 F -2.334 -2.896 -2.86 -3.314 -1.374 -3.864 -3.482 -2.875 -0.828 0.277 0.565 -3.304 0.201 6.515 -4.448 -3.031 -2.371 0.852 2.931 -0.507
162 H -1.707 -0.358 0.459 -0.961 -2.334 -0.165 -0.501 -1.697 7.998 -2.662 -2.595 -0.766 -1.261 -0.853 -2.749 -1.579 -2.227 -1.454 1.667 -3.036
163 F -1.816 -2.997 -3.054 -3.247 -0.698 -3.518 -3.583 -3.161 -1.619 3.118 1.174 -2.975 0.786 4.823 -3.938 -3.053 -1.651 -0.284 1.533 1.642
164 S 1.068 -0.741 0.497 -0.249 0.072 -0.57 -0.555 -0.106 -0.46 -1.911 -2.328 -0.285 -1.187 -1.943 -1.475 3.262 1.011 -2.549 -1.756 -1.292
165 A 2.532 -1.942 -2.227 -2.332 0.515 -1.885 -1.987 -0.835 -1.939 1.702 0.029 -1.517 0.103 -1.033 -2.2 -0.601 -0.437 -2.414 -1.511 2.772
166 L -0.814 -2.332 -3.138 -3.383 0.105 -2.614 -3.092 -3.161 -2.599 2.562 2.887 -2.433 1.555 0.282 -3.38 -2.688 -0.961 -1.995 -1.168 2.993
167 F 2.231 -2.104 -2.199 -2.388 -0.168 -2.32 -2.188 -0.816 -1.013 -0.224 -0.227 -1.823 -0.286 4.669 -2.595 -0.791 -1.235 -0.348 1.45 -0.166
168 C -1.239 -3.109 -2.912 -3.366 7.741 -3.654 -3.695 -2.497 -1.698 -0.184 -0.135 -3.207 -0.368 4.66 -3.761 -2.271 -1.796 -0.521 1.302 -0.458
169 A 2.345 -2.18 -2.353 -2.338 0.295 -2.113 -2.252 -0.952 -1.865 2.941 0.551 -1.621 0.394 -0.634 -2.315 -0.801 -0.73 -2.31 -1.511 1.809
170 P -0.836 -2.014 -1.934 -1.564 -1.457 -1.933 -1.622 -1.852 -1.608 -2.318 -2.75 -1.064 -2.403 -3.336 6.663 -1.452 -1.348 -4.549 -2.636 -2.162
171 F -1.816 -2.997 -3.054 -3.247 -0.698 -3.518 -3.583 -3.161 -1.619 3.118 1.174 -2.975 0.786 4.823 -3.938 -3.053 -1.651 -0.284 1.533 1.642
172 L -1.673 -1.975 -2.678 -3.306 -0.841 -2.18 -2.796 -3.148 0.67 0.93 2.515 -2.16 1.056 2.356 -3.466 -2.775 -1.824 0.961 4.848 0.248
173 L -1.91 -2.52 -3.1 -3.463 -0.698 -3.188 -3.393 -3.117 -1.476 1.268 2.795 -2.862 1.326 4.892 -3.996 -3.094 -1.949 -0.136 1.577 0.411
174 L -1.301 -1.757 -2.818 -3.189 -0.159 -1.738 -2.79 -2.955 -1.563 1.811 3.24 -1.92 4.367 0.656 -3.418 -2.531 -1.301 -1.473 -0.942 1.048
175 H -1.759 -0.981 -0.553 -1.811 -2.028 -0.862 -1.284 -2.249 6.35 -1.586 -1.631 -1.267 -0.957 1.953 -3.026 -1.977 -2.157 1.002 5.126 -1.828
176 R -1.454 3.653 -1.535 -2.26 -1.016 -0.782 -1.72 -2.725 -0.977 2.755 0.382 0.536 0.285 -0.824 -3.077 -2.122 -1.258 -2.209 -1.518 1.327
177 S 1.068 -0.741 0.497 -0.249 0.072 -0.57 -0.555 -0.106 -0.46 -1.911 -2.328 -0.285 -1.187 -1.943 -1.475 3.262 1.011 -2.549 -1.756 -1.292
178 D -2.042 -2.169 -0.169 3.952 -1.83 -1.996 -0.405 -1.868 -0.678 -0.85 -0.803 -1.809 -0.898 4.622 -3.171 -1.808 -1.852 -0.577 1.274 -1.452
179 R 0.051 3.823 0.057 -0.832 -0.864 0.025 -0.558 -0.944 -0.167 -2.24 -2.174 1.091 -1.205 -2.196 -2.025 1.784 0.034 -2.387 -1.764 -1.694
180 L -1.91 -2.52 -3.1 -3.463 -0.698 -3.188 -3.393 -3.117 -1.476 1.268 2.795 -2.862 1.326 4.892 -3.996 -3.094 -1.949 -0.136 1.577 0.411
181 R -1.159 4.281 -0.363 -1.112 -2.115 0.666 -0.091 -1.708 -0.067 -2.357 -2.132 3.511 -1.224 -2.634 -2.151 -1.132 -1.262 -2.387 -1.78 -2.079
182 N 0.015 -0.573 4.091 0.617 -0.73 -0.548 -0.639 -0.13 0.342 -2.284 -2.711 -0.29 -1.633 -2.151 -1.978 2.041 0.372 -2.75 -1.908 -1.857
183 L -1.91 -2.52 -3.1 -3.463 -0.698 -3.188 -3.393 -3.117 -1.476 1.268 2.795 -2.862 1.326 4.892 -3.996 -3.094 -1.949 -0.136 1.577 0.411
184 L -1.91 -2.52 -3.1 -3.463 -0.698 -3.188 -3.393 -3.117 -1.476 1.268 2.795 -2.862 1.326 4.892 -3.996 -3.094 -1.949 -0.136 1.577 0.411
185 L 2.323 -1.814 -2.389 -2.495 0.295 -1.905 -2.131 -0.932 -1.71 0.922 2.456 -1.55 1.004 -0.207 -2.348 -0.82 -0.944 -2.018 -1.385 0.663
186 F -1.816 -2.997 -3.054 -3.247 -0.698 -3.518 -3.583 -3.161 -1.619 3.118 1.174 -2.975 0.786 4.823 -3.938 -3.053 -1.651 -0.284 1.533 1.642
187 L -0.814 -2.332 -3.138 -3.383 0.105 -2.614 -3.092 -3.161 -2.599 2.562 2.887 -2.433 1.555 0.282 -3.38 -2.688 -0.961 -1.995 -1.168 2.993
188 A 3.918 -1.484 -1.662 -1.687 0.68 -1.32 -1.298 0.374 -1.211 -0.83 -1.321 -0.849 -0.874 -1.848 -1.475 0.455 -0.422 -2.44 -1.756 0.139
189 V -0.234 -2.486 -2.929 -3.164 0.34 -2.587 -2.894 -2.955 -2.915 3.03 0.945 -2.388 0.832 -0.398 -3.171 -2.284 -0.451 -2.387 -1.285 4.125
190 L -1.458 -2.607 -3.312 -3.392 -0.15 -2.911 -3.49 -3.43 -2.505 3.529 3.092 -2.577 1.734 0.542 -3.554 -3.117 -1.317 -1.905 -1.168 2.114
191 G 0.62 -1.438 0.066 -0.736 -0.541 -1.27 -1.407 4.159 -0.924 -2.49 -2.839 -0.888 -1.833 -2.287 -2.054 1.855 -0.097 -2.494 -2.369 -1.973
192 F -2.334 -2.896 -2.86 -3.314 -1.374 -3.864 -3.482 -2.875 -0.828 0.277 0.565 -3.304 0.201 6.515 -4.448 -3.031 -2.371 0.852 2.931 -0.507
193 F -2.334 -2.896 -2.86 -3.314 -1.374 -3.864 -3.482 -2.875 -0.828 0.277 0.565 -3.304 0.201 6.515 -4.448 -3.031 -2.371 0.852 2.931 -0.507
194 I 0.097 -1.686 -0.809 -1.357 -0.037 -1.598 -1.715 -1.326 -1.371 2.816 0.32 -1.24 0.296 -0.665 -2.315 1.566 0.153 -2.361 -1.511 1.474
195 Q -0.868 1.022 -0.078 -0.342 -1.897 4.831 1.406 -1.465 0.784 -2.226 -1.976 1.236 -0.389 -2.944 -2.137 -0.74 -0.961 -2.17 -1.271 -1.773
196 G 0.09 -2.358 -0.44 -1.323 -1.32 -2.195 -2.622 5.809 -1.476 -3.215 -3.461 -1.651 -2.667 -2.678 -2.779 -1.002 -1.919 -2.44 -3.148 -2.864
197 L -1.91 -2.52 -3.1 -3.463 -0.698 -3.188 -3.393 -3.117 -1.476 1.268 2.795 -2.862 1.326 4.892 -3.996 -3.094 -1.949 -0.136 1.577 0.411
198 G 0.62 -1.438 0.066 -0.736 -0.541 -1.27 -1.407 4.159 -0.924 -2.49 -2.839 -0.888 -1.833 -2.287 -2.054 1.855 -0.097 -2.494 -2.369 -1.973
199 G -0.875 -2.614 -1.403 -2.15 -1.347 -2.911 -3.02 3.948 -1.134 -0.97 -0.796 -2.361 -0.89 4.631 -3.495 -1.842 -2.136 -0.348 1.262 -1.452
200 F -1.977 -1.397 3.79 -0.184 -1.601 -1.738 -1.786 -1.205 0.208 -0.847 -0.732 -1.424 -0.745 4.644 -3.37 -1.221 -1.254 -0.467 1.401 -1.355
201 S 1.068 -0.741 0.497 -0.249 0.072 -0.57 -0.555 -0.106 -0.46 -1.911 -2.328 -0.285 -1.187 -1.943 -1.475 3.262 1.011 -2.549 -1.756 -1.292
202 F -1.816 -2.997 -3.054 -3.247 -0.698 -3.518 -3.583 -3.161 -1.619 3.118 1.174 -2.975 0.786 4.823 -3.938 -3.053 -1.651 -0.284 1.533 1.642
203 V 0.49 -1.484 -0.735 -1.353 0.209 -1.406 -1.494 -1.193 -1.434 1.508 -0.25 -1.149 -0.005 -1.069 -2.2 1.656 0.372 -2.467 -1.511 2.536
204 D -1.718 -0.942 4.203 4.375 -2.097 -0.694 0.297 -0.599 0.313 -2.719 -3.316 -0.55 -2.417 -2.634 -2.435 -0.505 -0.892 -3.235 -2.515 -2.708
205 Y -0.916 -2.11 -2.5 -3.092 -0.52 -2.158 -2.616 -2.944 0.571 1.708 0.164 -2.119 0.173 2.045 -3.251 -2.36 -1.156 0.826 4.833 2.579
206 L -1.541 -2.186 -3.362 -3.62 -0.15 -2.64 -3.306 -3.383 -2.314 2.005 4.037 -2.478 2.132 0.833 -3.604 -3.158 -1.581 -1.65 -1.056 1.106
207 P -0.519 -2.24 -2.389 -2.254 -0.421 -2.242 -2.188 -2.351 -2.188 1.45 -0.347 -1.651 -0.354 -1.508 4.757 -1.838 -0.865 -3.27 -1.882 2.434
208 N 0.015 -0.573 4.091 0.617 -0.73 -0.548 -0.639 -0.13 0.342 -2.284 -2.711 -0.29 -1.633 -2.151 -1.978 2.041 0.372 -2.75 -1.908 -1.857
209 L -1.91 -2.52 -3.1 -3.463 -0.698 -3.188 -3.393 -3.117 -1.476 1.268 2.795 -2.862 1.326 4.892 -3.996 -3.094 -1.949 -0.136 1.577 0.411
210 L -1.541 -2.186 -3.362 -3.62 -0.15 -2.64 -3.306 -3.383 -2.314 2.005 4.037 -2.478 2.132 0.833 -3.604 -3.158 -1.581 -1.65 -1.056 1.106
211 A 2.831 -1.089 -0.385 -0.879 0.392 -0.921 -0.903 0.144 -0.811 -1.32 -1.781 -0.553 -1.026 -1.895 -1.475 2.187 0.383 -2.494 -1.756 -0.489
212 G 0.09 -2.358 -0.44 -1.323 -1.32 -2.195 -2.622 5.809 -1.476 -3.215 -3.461 -1.651 -2.667 -2.678 -2.779 -1.002 -1.919 -2.44 -3.148 -2.864
213 F -2.32 -2.882 -2.846 -3.3 -1.36 -3.85 -3.468 -2.86 -0.814 0.291 0.579 -3.29 0.216 6.492 -4.434 -3.016 -2.356 0.866 2.945 -0.493
214 A 2.556 -1.282 -0.801 -1.331 0.414 -1.209 -1.338 -0.354 -1.31 -0.511 -1.186 -0.82 -0.698 -1.711 -1.579 0.582 2.767 -2.31 -1.731 0.184
215 D -1.777 -1.588 1.199 5.833 -2.372 -0.872 1.05 -1.124 -0.536 -2.725 -3.491 -0.829 -2.698 -2.92 -2.289 -0.952 -1.413 -3.531 -3.043 -2.864
216 G 0.62 -1.438 0.066 -0.736 -0.541 -1.27 -1.407 4.159 -0.924 -2.49 -2.839 -0.888 -1.833 -2.287 -2.054 1.855 -0.097 -2.494 -2.369 -1.973
217 G -0.336 -2.18 -1.091 -1.441 -1.388 -2.061 -2.079 4.005 -1.541 -2.732 -3.084 -1.342 -2.532 -2.988 4.77 -1.218 -1.62 -3.306 -2.88 -2.492
218 F -2.062 -2.283 -2.47 -3.164 -1.557 -2.64 -2.869 -2.903 0.996 -0.213 -0.079 -2.501 -0.207 5.346 -3.837 -2.719 -2.227 1.671 5.356 -0.734
219 L -1.458 -2.607 -3.312 -3.392 -0.15 -2.911 -3.49 -3.43 -2.505 3.529 3.092 -2.577 1.734 0.542 -3.554 -3.117 -1.317 -1.905 -1.168 2.114
220 G 2.597 -1.888 -0.987 -1.499 -0.15 -1.725 -1.885 4.218 -1.341 -1.783 -2.197 -1.222 -1.633 -2.233 -2.054 -0.183 -1.075 -2.44 -2.369 -0.989
221 R -1.534 5.51 -0.462 -1.564 -2.259 0.518 -0.561 -2.128 0.098 -2.612 -2.028 2.018 -1.224 -2.472 -2.704 -1.406 -1.454 -2.234 -1.772 -2.162
222 L 2.323 -1.814 -2.389 -2.495 0.295 -1.905 -2.131 -0.932 -1.71 0.922 2.456 -1.55 1.004 -0.207 -2.348 -0.82 -0.944 -2.018 -1.385 0.663
223 L -1.541 -2.186 -3.362 -3.62 -0.15 -2.64 -3.306 -3.383 -2.314 2.005 4.037 -2.478 2.132 0.833 -3.604 -3.158 -1.581 -1.65 -1.056 1.106
224 F 2.231 -2.104 -2.199 -2.388 -0.168 -2.32 -2.188 -0.816 -1.013 -0.224 -0.227 -1.823 -0.286 4.669 -2.595 -0.791 -1.235 -0.348 1.45 -0.166
225 Y -1.812 -1.777 -2.126 -3.022 -1.752 -1.784 -2.363 -2.932 2.105 -0.804 -0.91 -1.873 -0.682 3.348 -3.333 -2.437 -2.089 2.309 6.655 -0.979
226 L -1.541 -2.186 -3.362 -3.62 -0.15 -2.64 -3.306 -3.383 -2.314 2.005 4.037 -2.478 2.132 0.833 -3.604 -3.158 -1.581 -1.65 -1.056 1.106
227 E -0.919 -0.122 -0.338 1.518 -2.411 1.346 4.494 -1.95 0.392 -2.764 -2.703 0.677 -1.754 -2.608 -1.882 -0.791 -1.301 -2.387 -1.908 -2.134
228 F -2.334 -2.896 -2.86 -3.314 -1.374 -3.864 -3.482 -2.875 -0.828 0.277 0.565 -3.304 0.201 6.515 -4.448 -3.031 -2.371 0.852 2.931 -0.507
229 D -1.316 -0.763 0.531 4.416 -2.392 0.445 3.258 -1.507 -0.035 -2.745 -3.07 0.021 -2.187 -2.76 -2.078 -0.87 -1.356 -2.903 -2.42 -2.476
230 G -0.609 3.693 -0.451 -1.441 -1.752 -0.531 -1.411 3.988 -0.583 -2.898 -2.656 0.732 -1.856 -2.573 -2.742 -1.197 -1.677 -2.335 -2.379 -2.492
231 Y -1.812 -1.777 -2.126 -3.022 -1.752 -1.784 -2.363 -2.932 2.105 -0.804 -0.91 -1.873 -0.682 3.348 -3.333 -2.437 -2.089 2.309 6.655 -0.979
232 P -0.836 -2.014 -1.934 -1.564 -1.457 -1.933 -1.622 -1.852 -1.608 -2.318 -2.75 -1.064 -2.403 -3.336 6.663 -1.452 -1.348 -4.549 -2.636 -2.162
233 V -0.234 -2.486 -2.929 -3.164 0.34 -2.587 -2.894 -2.955 -2.915 3.03 0.945 -2.388 0.832 -0.398 -3.171 -2.284 -0.451 -2.387 -1.285 4.125
234 T -0.112 -1.093 -0.139 -1.014 0.122 -1.103 -1.378 -1.329 -1.413 -0.224 -1.057 -0.791 -0.532 -1.58 -1.687 0.705 4.245 -2.185 -1.706 0.229
235 L -0.814 -2.332 -3.138 -3.383 0.105 -2.614 -3.092 -3.161 -2.599 2.562 2.887 -2.433 1.555 0.282 -3.38 -2.688 -0.961 -1.995 -1.168 2.993
236 G 0.09 -2.358 -0.44 -1.323 -1.32 -2.195 -2.622 5.809 -1.476 -3.215 -3.461 -1.651 -2.667 -2.678 -2.779 -1.002 -1.919 -2.44 -3.148 -2.864
237 H -1.707 -0.358 0.459 -0.961 -2.334 -0.165 -0.501 -1.697 7.998 -2.662 -2.595 -0.766 -1.261 -0.853 -2.749 -1.579 -2.227 -1.454 1.667 -3.036
238 F -2.062 -2.283 -2.47 -3.164 -1.557 -2.64 -2.869 -2.903 0.996 -0.213 -0.079 -2.501 -0.207 5.346 -3.837 -2.719 -2.227 1.671 5.356 -0.734
239 F -2.334 -2.896 -2.86 -3.314 -1.374 -3.864 -3.482 -2.875 -0.828 0.277 0.565 -3.304 0.201 6.515 -4.448 -3.031 -2.371 0.852 2.931 -0.507
240 R -1.534 5.51 -0.462 -1.564 -2.259 0.518 -0.561 -2.128 0.098 -2.612 -2.028 2.018 -1.224 -2.472 -2.704 -1.406 -1.454 -2.234 -1.772 -2.162
241 F -2.334 -2.896 -2.86 -3.314 -1.374 -3.864 -3.482 -2.875 -0.828 0.277 0.565 -3.304 0.201 6.515 -4.448 -3.031 -2.371 0.852 2.931 -0.507
242 L -1.541 -2.186 -3.362 -3.62 -0.15 -2.64 -3.306 -3.383 -2.314 2.005 4.037 -2.478 2.132 0.833 -3.604 -3.158 -1.581 -1.65 -1.056 1.106
243 L -1.458 -2.607 -3.312 -3.392 -0.15 -2.911 -3.49 -3.43 -2.505 3.529 3.092 -2.577 1.734 0.542 -3.554 -3.117 -1.317 -1.905 -1.168 2.114
244 L -1.541 -2.186 -3.362 -3.62 -0.15 -2.64 -3.306 -3.383 -2.314 2.005 4.037 -2.478 2.132 0.833 -3.604 -3.158 -1.581 -1.65 -1.056 1.106
245 L -0.814 -2.332 -3.138 -3.383 0.105 -2.614 -3.092 -3.161 -2.599 2.562 2.887 -2.433 1.555 0.282 -3.38 -2.688 -0.961 -1.995 -1.168 2.993
246 L -1.301 -1.757 -2.818 -3.189 -0.159 -1.738 -2.79 -2.955 -1.563 1.811 3.24 -1.92 4.367 0.656 -3.418 -2.531 -1.301 -1.473 -0.942 1.048
247 F -0.158 -1.622 -0.719 -1.392 -0.561 -1.77 -1.662 -1.17 -0.638 -0.615 -0.533 -1.417 -0.41 4.664 -2.595 1.571 -0.21 -0.374 1.45 -0.873
248 V 0.49 -1.484 -0.735 -1.353 0.209 -1.406 -1.494 -1.193 -1.434 1.508 -0.25 -1.149 -0.005 -1.069 -2.2 1.656 0.372 -2.467 -1.511 2.536
249 V -0.219 -2.472 -2.915 -3.15 0.354 -2.573 -2.879 -2.941 -2.9 3.044 0.96 -2.374 0.846 -0.384 -3.157 -2.27 -0.437 -2.373 -1.271 4.086
250 A 3.883 -1.469 -1.648 -1.673 0.694 -1.306 -1.284 0.388 -1.197 -0.816 -1.307 -0.834 -0.859 -1.834 -1.461 0.469 -0.408 -2.426 -1.741 0.153
251 F -2.062 -2.283 -2.47 -3.164 -1.557 -2.64 -2.869 -2.903 0.996 -0.213 -0.079 -2.501 -0.207 5.346 -3.837 -2.719 -2.227 1.671 5.356 -0.734
252 L -1.673 -1.975 -2.678 -3.306 -0.841 -2.18 -2.796 -3.148 0.67 0.93 2.515 -2.16 1.056 2.356 -3.466 -2.775 -1.824 0.961 4.848 0.248
253 D -1.653 3.747 0.486 4.047 -2.315 -0.094 0.356 -1.582 -0.201 -2.668 -2.668 0.933 -1.868 -2.687 -2.489 -1.17 -1.433 -2.81 -2.338 -2.492
254 L 2.323 -1.814 -2.389 -2.495 0.295 -1.905 -2.131 -0.932 -1.71 0.922 2.456 -1.55 1.004 -0.207 -2.348 -0.82 -0.944 -2.018 -1.385 0.663
255 A 2.532 -1.942 -2.227 -2.332 0.515 -1.885 -1.987 -0.835 -1.939 1.702 0.029 -1.517 0.103 -1.033 -2.2 -0.601 -0.437 -2.414 -1.511 2.772
256 C -0.875 -3.217 -3.11 -3.297 7.774 -3.331 -3.803 -2.747 -2.828 2.954 0.621 -2.888 0.329 -0.692 -3.352 -2.288 -1.193 -2.662 -1.943 1.666
257 R -1.159 4.281 -0.363 -1.112 -2.115 0.666 -0.091 -1.708 -0.067 -2.357 -2.132 3.511 -1.224 -2.634 -2.151 -1.132 -1.262 -2.387 -1.78 -2.079
258 G 0.09 -2.358 -0.44 -1.323 -1.32 -2.195 -2.622 5.809 -1.476 -3.215 -3.461 -1.651 -2.667 -2.678 -2.779 -1.002 -1.919 -2.44 -3.148 -2.864
259 R -1.19 4.06 -0.272 -0.898 -2.08 3.457 0.578 -1.785 0.453 -2.42 -2.009 1.648 -0.784 -2.705 -2.414 -1.062 -1.204 -2.209 -1.518 -1.968
260 Q -0.868 1.022 -0.078 -0.342 -1.897 4.831 1.406 -1.465 0.784 -2.226 -1.976 1.236 -0.389 -2.944 -2.137 -0.74 -0.961 -2.17 -1.271 -1.773
261 L -1.526 -2.172 -3.348 -3.606 -0.136 -2.626 -3.291 -3.368 -2.299 2.019 4.014 -2.464 2.147 0.847 -3.59 -3.144 -1.566 -1.636 -1.042 1.12
262 S 1.082 -0.727 0.511 -0.234 0.087 -0.555 -0.541 -0.092 -0.446 -1.897 -2.314 -0.271 -1.172 -1.929 -1.461 3.212 1.025 -2.535 -1.741 -1.278
263 E -0.905 -0.107 -0.324 1.532 -2.397 1.361 4.46 -1.935 0.407 -2.75 -2.688 0.691 -1.739 -2.593 -1.867 -0.777 -1.286 -2.373 -1.893 -2.12
264 D -1.295 -0.008 0.625 4.152 -2.133 3.251 1.226 -1.296 0.19 -2.473 -2.645 0.375 -1.328 -2.939 -2.219 -0.852 -1.186 -2.78 -2.032 -2.276
265 G -0.695 -1.947 0.494 4.065 -1.799 -1.458 -0.237 4.059 -0.968 -2.96 -3.476 -1.211 -2.682 -2.796 -2.524 -0.977 -1.655 -2.934 -3.095 -2.864
266 C 0.409 -1.757 -0.743 -1.419 7.781 -1.667 -1.774 -0.955 -1.444 -1.262 -1.626 -1.366 -1.132 -1.985 -2.213 1.742 0.076 -2.872 -2.229 -0.817
267 D -1.653 3.747 0.486 4.047 -2.315 -0.094 0.356 -1.582 -0.201 -2.668 -2.668 0.933 -1.868 -2.687 -2.489 -1.17 -1.433 -2.81 -2.338 -2.492
268 G -0.551 -2.705 -1.519 -2.105 -0.676 -2.658 -3.106 3.922 -2.028 2.712 0.126 -2.119 -0.072 -0.881 -3.119 -1.857 -1.466 -2.31 -2.069 1.232
269 W -2.65 -2.383 -3.166 -3.62 -2.334 -2.824 -2.969 -2.366 -1.134 -1.854 -1.65 -2.791 -1.28 1.128 -5.408 -3.355 -2.695 10.61 2.169 -2.228
270 L -1.526 -2.172 -3.348 -3.606 -0.136 -2.626 -3.291 -3.368 -2.299 2.019 4.014 -2.464 2.147 0.847 -3.59 -3.144 -1.566 -1.636 -1.042 1.12
271 R -1.34 4.96 -0.412 -1.329 -2.186 0.593 -0.316 -1.911 0.017 -2.481 -2.079 2.86 -1.224 -2.552 -2.414 -1.266 -1.356 -2.31 -1.776 -2.12
272 L -1.541 -2.186 -3.362 -3.62 -0.15 -2.64 -3.306 -3.383 -2.314 2.005 4.037 -2.478 2.132 0.833 -3.604 -3.158 -1.581 -1.65 -1.056 1.106
273 I 0.097 -1.686 -0.809 -1.357 -0.037 -1.598 -1.715 -1.326 -1.371 2.816 0.32 -1.24 0.296 -0.665 -2.315 1.566 0.153 -2.361 -1.511 1.474
274 Y -0.027 -1.213 -0.526 -1.314 -0.698 -1.113 -1.32 -1.186 1.098 -1.305 -1.533 -0.971 -0.923 1.776 -2.257 1.637 -0.141 0.8 4.807 -1.132
275 S 1.068 -0.741 0.497 -0.249 0.072 -0.57 -0.555 -0.106 -0.46 -1.911 -2.328 -0.285 -1.187 -1.943 -1.475 3.262 1.011 -2.549 -1.756 -1.292
276 G 2.597 -1.888 -0.987 -1.499 -0.15 -1.725 -1.885 4.218 -1.341 -1.783 -2.197 -1.222 -1.633 -2.233 -2.054 -0.183 -1.075 -2.44 -2.369 -0.989
277 V -0.234 -2.486 -2.929 -3.164 0.34 -2.587 -2.894 -2.955 -2.915 3.03 0.945 -2.388 0.832 -0.398 -3.171 -2.284 -0.451 -2.387 -1.285 4.125
278 L -1.458 -2.607 -3.312 -3.392 -0.15 -2.911 -3.49 -3.43 -2.505 3.529 3.092 -2.577 1.734 0.542 -3.554 -3.117 -1.317 -1.905 -1.168 2.114
279 L -1.541 -2.186 -3.362 -3.62 -0.15 -2.64 -3.306 -3.383 -2.314 2.005 4.037 -2.478 2.132 0.833 -3.604 -3.158 -1.581 -1.65 -1.056 1.106
280 L -1.08 -1.383 -2.36 -2.814 -0.168 -1.051 -2.353 -2.583 -0.968 1.603 2.135 -1.452 5.611 0.468 -3.242 -2.016 -1.046 -1.306 -0.832 0.99
281 L -1.91 -2.52 -3.1 -3.463 -0.698 -3.188 -3.393 -3.117 -1.476 1.268 2.795 -2.862 1.326 4.892 -3.996 -3.094 -1.949 -0.136 1.577 0.411
282 F -2.334 -2.896 -2.86 -3.314 -1.374 -3.864 -3.482 -2.875 -0.828 0.277 0.565 -3.304 0.201 6.515 -4.448 -3.031 -2.371 0.852 2.931 -0.507
283 Y -1.812 -1.777 -2.126 -3.022 -1.752 -1.784 -2.363 -2.932 2.105 -0.804 -0.91 -1.873 -0.682 3.348 -3.333 -2.437 -2.089 2.309 6.655 -0.979
284 E -0.919 -0.122 -0.338 1.518 -2.411 1.346 4.494 -1.95 0.392 -2.764 -2.703 0.677 -1.754 -2.608 -1.882 -0.791 -1.301 -2.387 -1.908 -2.134
285 L -1.08 -1.383 -2.36 -2.814 -0.168 -1.051 -2.353 -2.583 -0.968 1.603 2.135 -1.452 5.611 0.468 -3.242 -2.016 -1.046 -1.306 -0.832 0.99
286 F -1.097 -2.684 -2.895 -3.238 -0.392 -3.156 -3.173 -2.915 -1.687 1.97 0.761 -2.81 0.534 4.766 -3.74 -2.633 -1.254 -0.335 1.533 2.653
287 F -2.334 -2.896 -2.86 -3.314 -1.374 -3.864 -3.482 -2.875 -0.828 0.277 0.565 -3.304 0.201 6.515 -4.448 -3.031 -2.371 0.852 2.931 -0.507
288 Y -1.812 -1.777 -2.126 -3.022 -1.752 -1.784 -2.363 -2.932 2.105 -0.804 -0.91 -1.873 -0.682 3.348 -3.333 -2.437 -2.089 2.309 6.655 -0.979
289 D -1.316 -0.763 0.531 4.416 -2.392 0.445 3.258 -1.507 -0.035 -2.745 -3.07 0.021 -2.187 -2.76 -2.078 -0.87 -1.356 -2.903 -2.42 -2.476
290 F -2.334 -2.896 -2.86 -3.314 -1.374 -3.864 -3.482 -2.875 -0.828 0.277 0.565 -3.304 0.201 6.515 -4.448 -3.031 -2.371 0.852 2.931 -0.507
291 G 0.62 -1.438 0.066 -0.736 -0.541 -1.27 -1.407 4.159 -0.924 -2.49 -2.839 -0.888 -1.833 -2.287 -2.054 1.855 -0.097 -2.494 -2.369 -1.973
292 V -0.234 -2.486 -2.929 -3.164 0.34 -2.587 -2.894 -2.955 -2.915 3.03 0.945 -2.388 0.832 -0.398 -3.171 -2.284 -0.451 -2.387 -1.285 4.125
293 F -2.334 -2.896 -2.86 -3.314 -1.374 -3.864 -3.482 -2.875 -0.828 0.277 0.565 -3.304 0.201 6.515 -4.448 -3.031 -2.371 0.852 2.931 -0.507
294 W -2.65 -2.383 -3.166 -3.62 -2.334 -2.824 -2.969 -2.366 -1.134 -1.854 -1.65 -2.791 -1.28 1.128 -5.408 -3.355 -2.695 10.61 2.169 -2.228
295 L -1.08 -1.383 -2.36 -2.814 -0.168 -1.051 -2.353 -2.583 -0.968 1.603 2.135 -1.452 5.611 0.468 -3.242 -2.016 -1.046 -1.306 -0.832 0.99
296 R -1.534 5.51 -0.462 -1.564 -2.259 0.518 -0.561 -2.128 0.098 -2.612 -2.028 2.018 -1.224 -2.472 -2.704 -1.406 -1.454 -2.234 -1.772 -2.162
297 V -0.749 -2.777 -3.091 -3.173 0.105 -2.882 -3.263 -3.205 -2.811 3.871 1.334 -2.53 1.06 -0.074 -3.333 -2.653 -0.746 -2.284 -1.285 3.561
298 R -1.159 4.281 -0.363 -1.112 -2.115 0.666 -0.091 -1.708 -0.067 -2.357 -2.132 3.511 -1.224 -2.634 -2.151 -1.132 -1.262 -2.387 -1.78 -2.079
299 E -0.919 -0.122 -0.338 1.518 -2.411 1.346 4.494 -1.95 0.392 -2.764 -2.703 0.677 -1.754 -2.608 -1.882 -0.791 -1.301 -2.387 -1.908 -2.134
300 F -2.062 -2.283 -2.47 -3.164 -1.557 -2.64 -2.869 -2.903 0.996 -0.213 -0.079 -2.501 -0.207 5.346 -3.837 -2.719 -2.227 1.671 5.356 -0.734
301 F -2.334 -2.896 -2.86 -3.314 -1.374 -3.864 -3.482 -2.875 -0.828 0.277 0.565 -3.304 0.201 6.515 -4.448 -3.031 -2.371 0.852 2.931 -0.507
302 L -1.458 -2.607 -3.312 -3.392 -0.15 -2.911 -3.49 -3.43 -2.505 3.529 3.092 -2.577 1.734 0.542 -3.554 -3.117 -1.317 -1.905 -1.168 2.114
303 V -0.234 -2.486 -2.929 -3.164 0.34 -2.587 -2.894 -2.955 -2.915 3.03 0.945 -2.388 0.832 -0.398 -3.171 -2.284 -0.451 -2.387 -1.285 4.125
304 F -2.334 -2.896 -2.86 -3.314 -1.374 -3.864 -3.482 -2.875 -0.828 0.277 0.565 -3.304 0.201 6.515 -4.448 -3.031 -2.371 0.852 2.931 -0.507
305 L -1.91 -2.52 -3.1 -3.463 -0.698 -3.188 -3.393 -3.117 -1.476 1.268 2.795 -2.862 1.326 4.892 -3.996 -3.094 -1.949 -0.136 1.577 0.411
306 V -0.626 -1.882 -2.631 -2.984 0.097 -1.718 -2.611 -2.763 -1.78 2.404 1.601 -1.882 4.115 0.067 -3.207 -2.147 -0.733 -1.796 -1.05 2.964
307 V -0.234 -2.486 -2.929 -3.164 0.34 -2.587 -2.894 -2.955 -2.915 3.03 0.945 -2.388 0.832 -0.398 -3.171 -2.284 -0.451 -2.387 -1.285 4.125
308 F -0.158 -1.622 -0.719 -1.392 -0.561 -1.77 -1.662 -1.17 -0.638 -0.615 -0.533 -1.417 -0.41 4.664 -2.595 1.571 -0.21 -0.374 1.45 -0.873
309 P -1.603 -2.192 -2.485 -2.412 -1.862 -2.344 -2.218 -2.098 -1.361 -2.076 -2.148 -1.8 -1.787 -0.315 4.706 -2.249 -1.944 8.625 0.669 -2.194
310 L -0.814 -2.332 -3.138 -3.383 0.105 -2.614 -3.092 -3.161 -2.599 2.562 2.887 -2.433 1.555 0.282 -3.38 -2.688 -0.961 -1.995 -1.168 2.993
311 L -1.91 -2.52 -3.1 -3.463 -0.698 -3.188 -3.393 -3.117 -1.476 1.268 2.795 -2.862 1.326 4.892 -3.996 -3.094 -1.949 -0.136 1.577 0.411
312 L -1.526 -2.172 -3.348 -3.606 -0.136 -2.626 -3.291 -3.368 -2.299 2.019 4.014 -2.464 2.147 0.847 -3.59 -3.144 -1.566 -1.636 -1.042 1.12
313 W -2.488 -2.628 -3.009 -3.463 -1.814 -3.298 -3.214 -2.609 -0.977 -0.596 -0.335 -3.036 -0.445 4.929 -4.888 -3.188 -2.528 8.707 2.575 -1.241
314 R -1.454 3.653 -1.535 -2.26 -1.016 -0.782 -1.72 -2.725 -0.977 2.755 0.382 0.536 0.285 -0.824 -3.077 -2.122 -1.258 -2.209 -1.518 1.327
315 A 2.532 -1.942 -2.227 -2.332 0.515 -1.885 -1.987 -0.835 -1.939 1.702 0.029 -1.517 0.103 -1.033 -2.2 -0.601 -0.437 -2.414 -1.511 2.772
316 F -1.518 -0.329 -1.157 -1.472 -1.63 3.019 -0.119 -2.093 0.08 -0.716 -0.439 -0.232 -0.085 4.621 -3.077 -1.674 -1.589 -0.284 1.533 -1.077
317 F -1.977 -1.397 3.79 -0.184 -1.601 -1.738 -1.786 -1.205 0.208 -0.847 -0.732 -1.424 -0.745 4.644 -3.37 -1.221 -1.254 -0.467 1.401 -1.355
318 W -2.14 -1.196 -0.818 -1.995 -2.334 -1.199 -1.478 -2.012 6.117 -2.229 -2.084 -1.604 -1.271 0.305 -3.783 -2.333 -2.451 8.654 1.929 -2.603
319 R -1.534 5.51 -0.462 -1.564 -2.259 0.518 -0.561 -2.128 0.098 -2.612 -2.028 2.018 -1.224 -2.472 -2.704 -1.406 -1.454 -2.234 -1.772 -2.162
320 E 0.242 -0.415 0.109 0.768 -0.91 0.544 2.956 -0.883 -0.002 -2.306 -2.51 0.236 -1.456 -2.256 -1.671 1.895 0.081 -2.467 -1.831 -1.683
321 A 2.532 -1.942 -2.227 -2.332 0.515 -1.885 -1.987 -0.835 -1.939 1.702 0.029 -1.517 0.103 -1.033 -2.2 -0.601 -0.437 -2.414 -1.511 2.772
322 W -2.038 3.692 -1.508 -2.412 -2.296 -0.694 -1.52 -2.244 -0.453 -2.208 -1.833 0.518 -1.252 -0.143 -3.75 -2.219 -2.008 8.644 0.825 -2.194
323 V -0.219 -2.472 -2.915 -3.15 0.354 -2.573 -2.879 -2.941 -2.9 3.044 0.96 -2.374 0.846 -0.384 -3.157 -2.27 -0.437 -2.373 -1.271 4.086
324 P -1.094 -2.506 -2.522 -2.26 -0.73 -2.501 -2.474 -2.552 -2.107 2.779 0.24 -1.76 -0.017 -1.043 4.747 -2.151 -1.208 -3.131 -1.882 1.327
325 F -2.334 -2.896 -2.86 -3.314 -1.374 -3.864 -3.482 -2.875 -0.828 0.277 0.565 -3.304 0.201 6.515 -4.448 -3.031 -2.371 0.852 2.931 -0.507
326 F -0.158 -1.622 -0.719 -1.392 -0.561 -1.77 -1.662 -1.17 -0.638 -0.615 -0.533 -1.417 -0.41 4.664 -2.595 1.571 -0.21 -0.374 1.45 -0.873
327 C 2.492 -2.265 -2.24 -2.425 7.804 -2.195 -2.322 -0.624 -1.952 -0.781 -1.188 -1.764 -0.974 -1.936 -2.213 -0.416 -0.835 -2.81 -2.229 -0.122
328 L -0.814 -2.332 -3.138 -3.383 0.105 -2.614 -3.092 -3.161 -2.599 2.562 2.887 -2.433 1.555 0.282 -3.38 -2.688 -0.961 -1.995 -1.168 2.993
329 F -2.062 -2.283 -2.47 -3.164 -1.557 -2.64 -2.869 -2.903 0.996 -0.213 -0.079 -2.501 -0.207 5.346 -3.837 -2.719 -2.227 1.671 5.356 -0.734
330 V -0.172 -1.706 -1.209 -1.894 0.233 -1.751 -2.037 -2.029 -2.067 1.839 0.114 -1.48 0.23 -0.929 -2.335 -0.419 2.762 -2.284 -1.488 2.79
331 G -0.067 -2.421 -1.424 -2.099 -0.372 -2.385 -2.755 3.944 -2.107 1.343 -0.488 -1.996 -0.417 -1.319 -2.969 -1.573 -1.093 -2.414 -2.069 2.37
332 Y -1.812 -1.777 -2.126 -3.022 -1.752 -1.784 -2.363 -2.932 2.105 -0.804 -0.91 -1.873 -0.682 3.348 -3.333 -2.437 -2.089 2.309 6.655 -0.979
333 P 2.426 -1.736 -1.795 -1.625 -0.195 -1.61 -1.456 -0.53 -1.402 -1.479 -1.948 -0.954 -1.538 -2.497 4.83 -0.344 -0.848 -3.306 -2.162 -0.788
334 L -0.814 -2.332 -3.138 -3.383 0.105 -2.614 -3.092 -3.161 -2.599 2.562 2.887 -2.433 1.555 0.282 -3.38 -2.688 -0.961 -1.995 -1.168 2.993
335 Y 2.289 -1.627 -1.884 -2.278 -0.287 -1.542 -1.782 -0.83 0.899 -0.817 -1.108 -1.316 -0.776 1.789 -2.257 -0.643 -1.137 0.817 4.807 -0.367
336 V -0.234 -2.486 -2.929 -3.164 0.34 -2.587 -2.894 -2.955 -2.915 3.03 0.945 -2.388 0.832 -0.398 -3.171 -2.284 -0.451 -2.387 -1.285 4.125
337 F -2.334 -2.896 -2.86 -3.314 -1.374 -3.864 -3.482 -2.875 -0.828 0.277 0.565 -3.304 0.201 6.515 -4.448 -3.031 -2.371 0.852 2.931 -0.507
338 W -2.65 -2.383 -3.166 -3.62 -2.334 -2.824 -2.969 -2.366 -1.134 -1.854 -1.65 -2.791 -1.28 1.128 -5.408 -3.355 -2.695 10.61 2.169 -2.228
339 G 0.09 -2.358 -0.44 -1.323 -1.32 -2.195 -2.622 5.809 -1.476 -3.215 -3.461 -1.651 -2.667 -2.678 -2.779 -1.002 -1.919 -2.44 -3.148 -2.864
340 V -0.234 -2.486 -2.929 -3.164 0.34 -2.587 -2.894 -2.955 -2.915 3.03 0.945 -2.388 0.832 -0.398 -3.171 -2.284 -0.451 -2.387 -1.285 4.125
341 F -1.816 -2.997 -3.054 -3.247 -0.698 -3.518 -3.583 -3.161 -1.619 3.118 1.174 -2.975 0.786 4.823 -3.938 -3.053 -1.651 -0.284 1.533 1.642
342 T 0.538 -0.911 0.197 -0.606 0.097 -0.824 -0.937 -0.653 -0.897 -0.946 -1.623 -0.527 -0.841 -1.756 -1.579 2.258 3.059 -2.361 -1.731 -0.432
343 G 0.104 -2.343 -0.426 -1.308 -1.306 -2.181 -2.608 5.796 -1.462 -3.201 -3.446 -1.636 -2.652 -2.664 -2.765 -0.988 -1.905 -2.426 -3.134 -2.85
344 L -1.541 -2.186 -3.362 -3.62 -0.15 -2.64 -3.306 -3.383 -2.314 2.005 4.037 -2.478 2.132 0.833 -3.604 -3.158 -1.581 -1.65 -1.056 1.106
345 P -0.836 -2.014 -1.934 -1.564 -1.457 -1.933 -1.622 -1.852 -1.608 -2.318 -2.75 -1.064 -2.403 -3.336 6.663 -1.452 -1.348 -4.549 -2.636 -2.162
346 V -0.234 -2.486 -2.929 -3.164 0.34 -2.587 -2.894 -2.955 -2.915 3.03 0.945 -2.388 0.832 -0.398 -3.171 -2.284 -0.451 -2.387 -1.285 4.125
347 F -2.062 -2.283 -2.47 -3.164 -1.557 -2.64 -2.869 -2.903 0.996 -0.213 -0.079 -2.501 -0.207 5.346 -3.837 -2.719 -2.227 1.671 5.356 -0.734
348 D -1.777 -1.588 1.199 5.833 -2.372 -0.872 1.05 -1.124 -0.536 -2.725 -3.491 -0.829 -2.698 -2.92 -2.289 -0.952 -1.413 -3.531 -3.043 -2.864
349 G -0.695 -1.947 0.494 4.065 -1.799 -1.458 -0.237 4.059 -0.968 -2.96 -3.476 -1.211 -2.682 -2.796 -2.524 -0.977 -1.655 -2.934 -3.095 -2.864
350 L -1.541 -2.186 -3.362 -3.62 -0.15 -2.64 -3.306 -3.383 -2.314 2.005 4.037 -2.478 2.132 0.833 -3.604 -3.158 -1.581 -1.65 -1.056 1.106
351 Y -1.812 -1.777 -2.126 -3.022 -1.752 -1.784 -2.363 -2.932 2.105 -0.804 -0.91 -1.873 -0.682 3.348 -3.333 -2.437 -2.089 2.309 6.655 -0.979
352 F -1.907 3.663 -1.419 -2.308 -1.783 -0.911 -1.666 -2.477 -0.328 -0.82 -0.45 0.442 -0.424 4.64 -3.446 -2.106 -1.876 -0.297 1.447 -1.218
353 D -1.316 -0.763 0.531 4.416 -2.392 0.445 3.258 -1.507 -0.035 -2.745 -3.07 0.021 -2.187 -2.76 -2.078 -0.87 -1.356 -2.903 -2.42 -2.476
354 Y -1.812 -1.777 -2.126 -3.022 -1.752 -1.784 -2.363 -2.932 2.105 -0.804 -0.91 -1.873 -0.682 3.348 -3.333 -2.437 -2.089 2.309 6.655 -0.979
355 R 0.051 3.823 0.057 -0.832 -0.864 0.025 -0.558 -0.944 -0.167 -2.24 -2.174 1.091 -1.205 -2.196 -2.025 1.784 0.034 -2.387 -1.764 -1.694
356 N -1.66 -0.415 5.643 1.281 -1.846 -0.527 -0.725 -0.155 0.968 -2.712 -3.152 -0.296 -2.161 -2.374 -2.588 -0.118 -0.451 -2.966 -2.069 -2.56
357 F -2.062 -2.283 -2.47 -3.164 -1.557 -2.64 -2.869 -2.903 0.996 -0.213 -0.079 -2.501 -0.207 5.346 -3.837 -2.719 -2.227 1.671 5.356 -0.734
358 L -1.458 -2.607 -3.312 -3.392 -0.15 -2.911 -3.49 -3.43 -2.505 3.529 3.092 -2.577 1.734 0.542 -3.554 -3.117 -1.317 -1.905 -1.168 2.114
359 L -0.814 -2.332 -3.138 -3.383 0.105 -2.614 -3.092 -3.161 -2.599 2.562 2.887 -2.433 1.555 0.282 -3.38 -2.688 -0.961 -1.995 -1.168 2.993
360 H -1.759 -0.981 -0.553 -1.811 -2.028 -0.862 -1.284 -2.249 6.35 -1.586 -1.631 -1.267 -0.957 1.953 -3.026 -1.977 -2.157 1.002 5.126 -1.828
361 L -1.673 -1.975 -2.678 -3.306 -0.841 -2.18 -2.796 -3.148 0.67 0.93 2.515 -2.16 1.056 2.356 -3.466 -2.775 -1.824 0.961 4.848 0.248
362 A 3.918 -1.484 -1.662 -1.687 0.68 -1.32 -1.298 0.374 -1.211 -0.83 -1.321 -0.849 -0.874 -1.848 -1.475 0.455 -0.422 -2.44 -1.756 0.139
363 V 0.49 -1.484 -0.735 -1.353 0.209 -1.406 -1.494 -1.193 -1.434 1.508 -0.25 -1.149 -0.005 -1.069 -2.2 1.656 0.372 -2.467 -1.511 2.536
364 G -0.336 -2.18 -1.091 -1.441 -1.388 -2.061 -2.079 4.005 -1.541 -2.732 -3.084 -1.342 -2.532 -2.988 4.77 -1.218 -1.62 -3.306 -2.88 -2.492
365 D -1.777 -1.588 1.199 5.833 -2.372 -0.872 1.05 -1.124 -0.536 -2.725 -3.491 -0.829 -2.698 -2.92 -2.289 -0.952 -1.413 -3.531 -3.043 -2.864
366 D -1.795 -1.681 -0.009 3.964 -2.045 -1.292 -0.179 -1.888 1.076 -1.607 -1.921 -1.304 -1.517 1.66 -2.764 -1.6 -1.731 0.667 4.753 -1.771
367 G -0.612 -2.271 -1.546 -2.249 -0.676 -2.409 -2.944 3.926 -1.865 0.443 2.244 -2.035 0.633 -0.419 -3.163 -1.883 -1.745 -2.018 -1.917 -0.244
368 F -2.334 -2.896 -2.86 -3.314 -1.374 -3.864 -3.482 -2.875 -0.828 0.277 0.565 -3.304 0.201 6.515 -4.448 -3.031 -2.371 0.852 2.931 -0.507
369 D -1.777 -1.588 1.199 5.833 -2.372 -0.872 1.05 -1.124 -0.536 -2.725 -3.491 -0.829 -2.698 -2.92 -2.289 -0.952 -1.413 -3.531 -3.043 -2.864
370 A 2.831 -1.089 -0.385 -0.879 0.392 -0.921 -0.903 0.144 -0.811 -1.32 -1.781 -0.553 -1.026 -1.895 -1.475 2.187 0.383 -2.494 -1.756 -0.489
371 A 2.345 -2.18 -2.353 -2.338 0.295 -2.113 -2.252 -0.952 -1.865 2.941 0.551 -1.621 0.394 -0.634 -2.315 -0.801 -0.73 -2.31 -1.511 1.809
372 R -1.534 5.51 -0.462 -1.564 -2.259 0.518 -0.561 -2.128 0.098 -2.612 -2.028 2.018 -1.224 -2.472 -2.704 -1.406 -1.454 -2.234 -1.772 -2.162
373 D -1.777 -1.588 1.199 5.833 -2.372 -0.872 1.05 -1.124 -0.536 -2.725 -3.491 -0.829 -2.698 -2.92 -2.289 -0.952 -1.413 -3.531 -3.043 -2.864
374 L -1.213 -0.973 -1.471 -0.033 -1.065 -0.007 2.681 -2.578 -0.654 0.51 2.304 -0.489 0.799 -0.402 -2.616 -1.738 -1.437 -1.995 -1.451 -0.081
375 A 3.918 -1.484 -1.662 -1.687 0.68 -1.32 -1.298 0.374 -1.211 -0.83 -1.321 -0.849 -0.874 -1.848 -1.475 0.455 -0.422 -2.44 -1.756 0.139
376 A 2.532 -1.942 -2.227 -2.332 0.515 -1.885 -1.987 -0.835 -1.939 1.702 0.029 -1.517 0.103 -1.033 -2.2 -0.601 -0.437 -2.414 -1.511 2.772
377 F -1.518 -0.329 -1.157 -1.472 -1.63 3.019 -0.119 -2.093 0.08 -0.716 -0.439 -0.232 -0.085 4.621 -3.077 -1.674 -1.589 -0.284 1.533 -1.077
378 D -1.777 -1.588 1.199 5.833 -2.372 -0.872 1.05 -1.124 -0.536 -2.725 -3.491 -0.829 -2.698 -2.92 -2.289 -0.952 -1.413 -3.531 -3.043 -2.864
379 Y -1.812 -1.777 -2.126 -3.022 -1.752 -1.784 -2.363 -2.932 2.105 -0.804 -0.91 -1.873 -0.682 3.348 -3.333 -2.437 -2.089 2.309 6.655 -0.979
380 W -2.65 -2.383 -3.166 -3.62 -2.334 -2.824 -2.969 -2.366 -1.134 -1.854 -1.65 -2.791 -1.28 1.128 -5.408 -3.355 -2.695 10.61 2.169 -2.228
381 D -1.316 -0.763 0.531 4.416 -2.392 0.445 3.258 -1.507 -0.035 -2.745 -3.07 0.021 -2.187 -2.76 -2.078 -0.87 -1.356 -2.903 -2.42 -2.476
382 R -1.159 4.281 -0.363 -1.112 -2.115 0.666 -0.091 -1.708 -0.067 -2.357 -2.132 3.511 -1.224 -2.634 -2.151 -1.132 -1.262 -2.387 -1.78 -2.079
383 W -2.65 -2.383 -3.166 -3.62 -2.334 -2.824 -2.969 -2.366 -1.134 -1.854 -1.65 -2.791 -1.28 1.128 -5.408 -3.355 -2.695 10.61 2.169 -2.228
384 R -1.534 5.51 -0.462 -1.564 -2.259 0.518 -0.561 -2.128 0.098 -2.612 -2.028 2.018 -1.224 -2.472 -2.704 -1.406 -1.454 -2.234 -1.772 -2.162
385 R -1.534 5.51 -0.462 -1.564 -2.259 0.518 -0.561 -2.128 0.098 -2.612 -2.028 2.018 -1.224 -2.472 -2.704 -1.406 -1.454 -2.234 -1.772 -2.162
386 G 0.09 -2.358 -0.44 -1.323 -1.32 -2.195 -2.622 5.809 -1.476 -3.215 -3.461 -1.651 -2.667 -2.678 -2.779 -1.002 -1.919 -2.44 -3.148 -2.864
387 E -0.901 0.498 -0.213 0.73 -2.15 3.625 3.341 -1.705 0.587 -2.49 -2.325 0.962 -1.0 -2.778 -2.013 -0.773 -1.133 -2.284 -1.58 -1.955
388 L -0.814 -2.332 -3.138 -3.383 0.105 -2.614 -3.092 -3.161 -2.599 2.562 2.887 -2.433 1.555 0.282 -3.38 -2.688 -0.961 -1.995 -1.168 2.993
389 R -1.534 5.51 -0.462 -1.564 -2.259 0.518 -0.561 -2.128 0.098 -2.612 -2.028 2.018 -1.224 -2.472 -2.704 -1.406 -1.454 -2.234 -1.772 -2.162