#Seq2Logo.py -f /work3/idamei/wzy_ssn/run/1e-50/run/150/MSAs/0004_206.afa -o /work3/idamei/wzy_ssn/run/1e-50/run/150/logos/0004_206.logo
Last position-specific scoring matrix computed, values are in halfbits
A R N D C Q E G H I L K M F P S T W Y V
0 L -1.094 -1.397 -2.374 -2.828 -0.182 -1.065 -2.367 -2.597 -0.982 1.589 2.121 -1.467 5.683 0.453 -3.256 -2.031 -1.06 -1.32 -0.846 0.975
1 K -0.681 0.829 -0.568 -1.164 -0.814 -0.146 -0.597 -1.606 -0.888 -0.377 0.377 2.89 -0.152 -1.468 -1.945 -0.484 1.868 -2.273 -1.641 -0.465
2 V -0.794 -2.631 -2.92 -3.228 -0.141 -2.968 -3.091 -2.942 -2.055 2.353 0.81 -2.677 0.622 3.844 -3.552 -2.526 -0.975 -0.886 0.846 3.264
3 D -1.27 0.797 0.551 4.125 -2.175 0.081 0.698 -1.238 -0.393 -2.416 -2.806 2.929 -1.875 -2.869 -1.98 -0.924 -1.25 -3.006 -2.355 -2.406
4 V -0.212 -2.465 -2.908 -3.143 0.362 -2.566 -2.872 -2.934 -2.893 3.051 0.967 -2.367 0.853 -0.377 -3.15 -2.262 -0.43 -2.366 -1.263 4.066
5 K -0.805 2.115 -0.246 -0.7 -1.956 0.828 0.335 -1.321 -0.221 -2.101 -2.219 4.434 -1.202 -2.784 -1.665 -0.86 -1.06 -2.527 -1.767 -1.977
6 G -0.075 -2.428 -1.431 -2.106 -0.379 -2.392 -2.762 3.951 -2.114 1.336 -0.495 -2.003 -0.424 -1.326 -2.976 -1.58 -1.1 -2.421 -2.076 2.387
7 G -0.617 3.705 -0.458 -1.448 -1.759 -0.538 -1.418 3.994 -0.59 -2.905 -2.663 0.724 -1.863 -2.58 -2.749 -1.204 -1.684 -2.342 -2.386 -2.499
8 F -2.011 -1.363 -0.754 -1.911 -1.822 -1.466 -1.629 -2.233 6.142 -0.841 -0.61 -1.771 -0.445 4.741 -3.482 -2.222 -2.305 -0.084 2.36 -1.51
9 K -0.833 2.086 -0.275 -0.729 -1.985 0.8 0.306 -1.349 -0.25 -2.13 -2.247 4.508 -1.231 -2.813 -1.694 -0.888 -1.089 -2.556 -1.796 -2.006
10 V -0.226 -2.479 -2.922 -3.157 0.347 -2.58 -2.886 -2.948 -2.908 3.037 0.952 -2.381 0.839 -0.391 -3.164 -2.277 -0.444 -2.38 -1.278 4.106
11 S 1.075 -0.734 0.504 -0.241 0.08 -0.563 -0.548 -0.099 -0.453 -1.904 -2.321 -0.278 -1.18 -1.936 -1.468 3.237 1.018 -2.542 -1.748 -1.285
12 P -1.16 -2.091 -2.553 -2.405 -0.723 -2.258 -2.336 -2.51 -1.932 0.594 2.289 -1.678 0.684 -0.549 4.737 -2.174 -1.455 -2.743 -1.732 -0.081
13 R 0.044 3.835 0.05 -0.839 -0.871 0.018 -0.565 -0.951 -0.174 -2.247 -2.181 1.084 -1.212 -2.203 -2.032 1.804 0.027 -2.394 -1.771 -1.702
14 R -1.677 3.744 -1.183 -2.209 -2.001 -0.416 -1.331 -2.509 1.265 -1.575 -1.422 0.677 -0.947 1.702 -3.009 -1.883 -1.761 0.845 4.82 -1.518
15 L -0.821 -2.34 -3.145 -3.39 0.098 -2.621 -3.099 -3.168 -2.606 2.555 2.894 -2.44 1.548 0.275 -3.387 -2.695 -0.968 -2.003 -1.175 3.006
16 K -0.833 2.086 -0.275 -0.729 -1.985 0.8 0.306 -1.349 -0.25 -2.13 -2.247 4.508 -1.231 -2.813 -1.694 -0.888 -1.089 -2.556 -1.796 -2.006
17 Y -0.846 -1.422 -0.972 -1.854 -0.673 -1.43 -1.836 -2.028 0.844 -0.506 -0.99 -1.289 -0.613 1.822 -2.401 -0.465 2.568 0.853 4.824 -0.319
18 D -1.145 0.859 0.342 3.252 -2.094 2.674 0.938 -1.326 0.038 -2.366 -2.518 2.472 -1.307 -2.908 -2.045 -0.876 -1.165 -2.715 -1.963 -2.195
19 V -0.621 -2.397 -3.081 -3.323 0.171 -2.619 -3.039 -3.105 -2.715 2.712 2.381 -2.432 1.319 0.058 -3.323 -2.561 -0.795 -2.135 -1.221 3.452
20 K -0.583 1.352 -0.239 -0.831 -1.112 0.285 -0.163 -1.352 -0.597 -1.357 -1.804 3.575 -0.989 -2.351 -1.701 -0.265 1.895 -2.437 -1.775 -1.067
21 L -0.295 -1.391 -1.27 -1.865 -0.094 -1.308 -1.855 -1.684 -1.161 0.999 2.281 -1.281 3.448 0.005 -2.631 0.814 -0.325 -1.804 -1.203 0.443
22 N -0.269 0.04 3.261 0.313 -1.087 2.515 0.192 -0.528 0.477 -2.284 -2.465 0.292 -1.177 -2.41 -2.049 1.399 -0.026 -2.563 -1.699 -1.848
23 E -1.192 -0.547 0.255 3.742 -2.412 0.764 3.758 -1.662 0.101 -2.765 -2.957 0.242 -2.05 -2.722 -2.025 -0.858 -1.352 -2.735 -2.253 -2.372
24 L -1.796 -2.418 -3.199 -3.529 -0.518 -3.008 -3.378 -3.217 -1.744 1.521 3.289 -2.742 1.606 4.069 -3.874 -3.129 -1.835 -0.573 0.921 0.647
25 L -1.555 -2.201 -3.377 -3.634 -0.165 -2.655 -3.32 -3.397 -2.328 1.991 4.061 -2.492 2.118 0.819 -3.619 -3.173 -1.595 -1.665 -1.07 1.092
26 F -2.349 -2.911 -2.875 -3.329 -1.388 -3.878 -3.497 -2.889 -0.843 0.262 0.55 -3.319 0.187 6.537 -4.462 -3.045 -2.385 0.837 2.917 -0.522
27 G 1.673 -2.058 -1.562 -2.063 -0.726 -2.061 -2.217 3.2 -1.284 -1.821 -2.017 -1.671 -1.525 -0.657 -2.819 -0.923 -1.535 7.516 -0.013 -1.36
28 L -1.736 -2.715 -3.168 -3.38 -0.518 -3.209 -3.502 -3.247 -1.847 2.809 2.475 -2.814 1.293 4.009 -3.837 -3.102 -1.641 -0.686 0.884 1.46
29 A 3.952 -1.498 -1.676 -1.702 0.665 -1.334 -1.313 0.359 -1.225 -0.845 -1.336 -0.863 -0.888 -1.863 -1.49 0.44 -0.436 -2.454 -1.77 0.124
30 Y -1.99 -2.119 -2.365 -3.131 -1.635 -2.34 -2.705 -2.927 1.4 -0.411 -0.345 -2.29 -0.371 4.828 -3.673 -2.636 -2.194 1.885 5.882 -0.828
31 Y -1.674 -2.169 -2.472 -3.088 -1.128 -2.2 -2.755 -3.117 1.18 2.168 0.214 -2.132 0.11 2.615 -3.404 -2.649 -1.724 1.413 5.604 0.9
32 P -0.851 -2.028 -1.948 -1.578 -1.471 -1.947 -1.637 -1.867 -1.622 -2.332 -2.765 -1.078 -2.417 -3.35 6.677 -1.466 -1.363 -4.563 -2.65 -2.176
33 W -2.664 -2.397 -3.18 -3.634 -2.348 -2.838 -2.983 -2.38 -1.148 -1.868 -1.665 -2.805 -1.294 1.114 -5.422 -3.369 -2.709 10.625 2.155 -2.242
34 L -1.341 -2.154 -2.973 -3.201 -0.171 -2.164 -3.074 -3.134 -1.912 3.033 2.812 -2.166 3.695 0.503 -3.461 -2.716 -1.238 -1.706 -1.066 1.772
35 L -1.736 -2.715 -3.168 -3.38 -0.518 -3.209 -3.502 -3.247 -1.847 2.809 2.475 -2.814 1.293 4.009 -3.837 -3.102 -1.641 -0.686 0.884 1.46
36 A 3.267 -1.229 -0.766 -1.139 0.477 -1.062 -1.043 0.208 -0.953 -1.162 -1.634 -0.663 -0.989 -1.894 -1.49 1.739 0.124 -2.49 -1.77 -0.279
37 W -2.664 -2.397 -3.18 -3.634 -2.348 -2.838 -2.983 -2.38 -1.148 -1.868 -1.665 -2.805 -1.294 1.114 -5.422 -3.369 -2.709 10.625 2.155 -2.242
38 L -1.341 -2.154 -2.973 -3.201 -0.171 -2.164 -3.074 -3.134 -1.912 3.033 2.812 -2.166 3.695 0.503 -3.461 -2.716 -1.238 -1.706 -1.066 1.772
39 L -1.796 -2.418 -3.199 -3.529 -0.518 -3.008 -3.378 -3.217 -1.744 1.521 3.289 -2.742 1.606 4.069 -3.874 -3.129 -1.835 -0.573 0.921 0.647
40 T -0.127 -1.107 -0.153 -1.029 0.107 -1.117 -1.392 -1.343 -1.427 -0.238 -1.071 -0.805 -0.546 -1.595 -1.701 0.691 4.287 -2.199 -1.721 0.215
41 A 1.954 -1.315 -0.872 -1.448 -0.176 -1.195 -1.327 -0.582 0.499 -1.152 -1.475 -0.944 -0.921 0.976 -1.987 1.322 -0.246 0.051 3.808 -0.658
42 T -0.127 -1.107 -0.153 -1.029 0.107 -1.117 -1.392 -1.343 -1.427 -0.238 -1.071 -0.805 -0.546 -1.595 -1.701 0.691 4.287 -2.199 -1.721 0.215
43 F -2.45 -2.729 -2.973 -3.427 -1.674 -3.489 -3.315 -2.709 -0.941 -0.289 -0.017 -3.137 -0.228 5.579 -4.748 -3.149 -2.489 7.643 2.684 -0.99
44 Y -1.733 -1.922 -2.496 -3.222 -1.128 -2.056 -2.659 -3.089 1.217 0.445 1.768 -2.075 0.57 2.712 -3.435 -2.672 -1.924 1.469 5.612 -0.121
45 K -0.841 2.079 -0.282 -0.736 -1.992 0.793 0.299 -1.357 -0.257 -2.137 -2.255 4.526 -1.238 -2.82 -1.701 -0.895 -1.096 -2.563 -1.803 -2.013
46 D -1.443 -1.737 0.465 4.792 -2.048 -1.199 0.387 -1.361 -0.865 -2.597 -3.237 -0.92 -2.61 -3.066 3.753 -1.124 -1.405 -3.846 -2.915 -2.625
47 F -1.993 -2.977 -3.003 -3.283 -0.92 -3.643 -3.563 -3.077 -1.345 2.463 0.971 -3.095 0.589 5.523 -4.113 -3.06 -1.885 0.132 2.063 1.072
48 L -1.445 -2.777 -3.31 -3.334 -0.165 -3.021 -3.568 -3.461 -2.587 3.927 2.699 -2.625 1.573 0.423 -3.552 -3.118 -1.248 -2.01 -1.221 2.371
49 H -0.478 -0.494 0.458 -0.718 -1.308 -0.308 -0.533 -1.079 6.928 -2.404 -2.518 -0.611 -1.25 -1.187 -2.274 1.04 -0.726 -1.789 0.893 -2.345
50 P -0.851 -2.028 -1.948 -1.578 -1.471 -1.947 -1.637 -1.867 -1.622 -2.332 -2.765 -1.078 -2.417 -3.35 6.677 -1.466 -1.363 -4.563 -2.65 -2.176
51 Y -1.827 -1.792 -2.14 -3.036 -1.766 -1.798 -2.378 -2.946 2.09 -0.818 -0.924 -1.887 -0.696 3.334 -3.347 -2.451 -2.104 2.294 6.685 -0.994
52 G 1.994 -2.05 -0.807 -1.454 -0.504 -1.888 -2.125 4.862 -1.399 -2.201 -2.574 -1.372 -1.953 -2.389 -2.291 -0.445 -1.344 -2.454 -2.62 -1.504
53 I -1.676 -3.045 -3.136 -3.239 -0.518 -3.426 -3.631 -3.277 -1.953 3.697 1.337 -2.887 0.942 3.947 -3.8 -3.075 -1.46 -0.804 0.846 2.093
54 I -0.815 -2.846 -2.006 -2.435 -0.504 -2.845 -3.301 2.873 -2.253 3.484 0.726 -2.308 0.434 -0.481 -3.256 -2.223 -1.344 -2.282 -1.797 1.868
55 K -1.093 1.458 3.156 0.095 -1.947 0.413 -0.007 -0.904 0.205 -2.321 -2.528 3.615 -1.518 -2.669 -1.971 -0.618 -0.87 -2.696 -1.893 -2.188
56 I -1.138 -2.668 -2.464 -2.702 -0.117 -2.748 -3.165 -3.005 -2.464 4.14 1.352 -2.28 1.024 -0.029 -3.125 -2.016 0.774 -2.199 -1.365 2.543
57 W -2.664 -2.397 -3.18 -3.634 -2.348 -2.838 -2.983 -2.38 -1.148 -1.868 -1.665 -2.805 -1.294 1.114 -5.422 -3.369 -2.709 10.625 2.155 -2.242
58 E -0.628 0.044 -0.202 0.243 -1.195 2.755 2.458 -1.588 0.047 -1.538 -1.852 0.473 -0.85 -2.336 -1.915 -0.206 1.883 -2.265 -1.636 -1.046
59 Y -1.733 -1.922 -2.496 -3.222 -1.128 -2.056 -2.659 -3.089 1.217 0.445 1.768 -2.075 0.57 2.712 -3.435 -2.672 -1.924 1.469 5.612 -0.121
60 V -0.581 -2.691 -3.051 -3.184 0.171 -2.794 -3.149 -3.134 -2.86 3.626 1.196 -2.496 0.971 -0.192 -3.293 -2.539 -0.659 -2.332 -1.299 3.787
61 G 0.075 -2.372 -0.454 -1.337 -1.335 -2.21 -2.636 5.823 -1.491 -3.23 -3.475 -1.665 -2.681 -2.693 -2.794 -1.017 -1.934 -2.454 -3.163 -2.879
62 L -1.499 -2.474 -3.343 -3.48 -0.165 -2.832 -3.441 -3.429 -2.454 3.119 3.459 -2.558 1.859 0.628 -3.585 -3.145 -1.416 -1.832 -1.145 1.801
63 I -1.676 -3.045 -3.136 -3.239 -0.518 -3.426 -3.631 -3.277 -1.953 3.697 1.337 -2.887 0.942 3.947 -3.8 -3.075 -1.46 -0.804 0.846 2.093
64 F -2.059 -2.654 -3.032 -3.427 -0.92 -3.41 -3.436 -3.048 -1.258 0.96 2.233 -3.016 0.983 5.559 -4.153 -3.087 -2.097 0.218 2.088 0.121
65 L -1.555 -2.201 -3.377 -3.634 -0.165 -2.655 -3.32 -3.397 -2.328 1.991 4.061 -2.492 2.118 0.819 -3.619 -3.173 -1.595 -1.665 -1.07 1.092
66 F -2.059 -2.654 -3.032 -3.427 -0.92 -3.41 -3.436 -3.048 -1.258 0.96 2.233 -3.016 0.983 5.559 -4.153 -3.087 -2.097 0.218 2.088 0.121
67 L -1.615 -2.592 -3.254 -3.43 -0.336 -3.015 -3.471 -3.337 -2.135 2.968 3.009 -2.683 1.59 2.788 -3.708 -3.124 -1.527 -1.203 0.044 1.636
68 K -1.058 3.729 -0.346 -0.991 -2.083 0.699 0.036 -1.595 -0.139 -2.291 -2.182 3.903 -1.238 -2.704 -2.002 -1.06 -1.215 -2.454 -1.797 -2.066
69 L 1.451 -2.146 -2.552 -2.757 -0.176 -2.437 -2.529 -1.461 -1.399 0.708 1.964 -2.039 0.746 3.874 -2.908 -1.401 -1.36 -0.735 0.815 0.308
70 I -1.289 -2.423 -2.944 -3.068 -0.171 -2.313 -3.185 -3.163 -2.021 3.863 1.823 -2.224 3.547 0.289 -3.429 -2.692 -1.079 -1.875 -1.14 2.346
71 L -1.643 -2.058 -2.903 -3.421 -0.606 -2.34 -2.971 -3.239 -0.042 1.32 3.136 -2.276 1.446 1.918 -3.525 -2.912 -1.755 0.308 3.883 0.549
72 G -0.339 -1.452 -1.029 -0.363 -0.92 -0.576 1.784 2.966 -1.031 0.487 -1.07 -0.824 -0.812 -1.702 -2.573 -1.302 -1.175 -2.419 -2.028 1.517
73 R -0.227 3.368 -0.062 -0.809 -1.204 0.295 -0.252 -1.085 -0.207 -2.215 -2.21 2.722 -1.226 -2.399 -1.922 1.167 -0.306 -2.454 -1.786 -1.807
74 N -1.645 -0.4 5.612 1.296 -1.832 -0.512 -0.711 -0.14 0.983 -2.698 -3.137 -0.281 -2.147 -2.36 -2.573 -0.104 -0.437 -2.952 -2.054 -2.546
75 S 0.396 -0.642 3.328 0.342 -0.451 -0.57 -0.625 -0.137 0.084 -2.169 -2.592 -0.303 -1.491 -2.094 -1.815 2.549 0.586 -2.696 -1.871 -1.671
76 K -0.502 1.202 -0.339 -0.923 -1.756 0.092 -0.391 3.096 -0.613 -2.458 -2.607 3.521 -1.644 -2.777 -2.022 -0.935 -1.349 -2.527 -2.189 -2.274
77 I -1.676 -3.045 -3.136 -3.239 -0.518 -3.426 -3.631 -3.277 -1.953 3.697 1.337 -2.887 0.942 3.947 -3.8 -3.075 -1.46 -0.804 0.846 2.093
78 F -0.379 0.177 -0.575 -1.165 -0.975 -0.652 -0.859 -1.241 -0.515 -1.05 -1.013 2.009 -0.671 3.62 -2.274 0.993 -0.487 -0.949 0.701 -1.216
79 Y -0.351 -1.283 -1.032 -1.747 -0.525 -1.107 -1.639 -1.595 0.545 0.001 0.236 -1.137 3.043 1.388 -2.564 0.882 -0.427 0.239 3.86 -0.255
80 L -1.004 -2.581 -3.193 -3.329 0.008 -2.813 -3.291 -3.277 -2.65 3.383 2.544 -2.527 1.449 0.247 -3.435 -2.826 -1.013 -2.071 -1.221 2.962
81 L -0.367 -1.858 -1.452 -1.948 -0.088 -1.92 -2.169 -1.877 -1.667 2.59 2.145 -1.611 1.031 -0.089 -2.699 0.702 -0.332 -2.119 -1.365 1.342
82 L -1.499 -2.474 -3.343 -3.48 -0.165 -2.832 -3.441 -3.429 -2.454 3.119 3.459 -2.558 1.859 0.628 -3.585 -3.145 -1.416 -1.832 -1.145 1.801
83 T 0.015 -1.489 -0.582 -1.253 0.003 -1.438 -1.613 -1.341 -1.399 2.135 -0.085 -1.097 0.032 -0.953 -2.104 1.334 2.238 -2.315 -1.589 1.101
84 G -0.658 -2.47 -1.665 -1.927 -0.928 -2.41 -2.537 2.952 -1.895 1.814 -0.569 -1.737 -0.676 -1.507 3.694 -1.73 -1.441 -2.896 -2.26 0.462
85 L -1.445 -2.777 -3.31 -3.334 -0.165 -3.021 -3.568 -3.461 -2.587 3.927 2.699 -2.625 1.573 0.423 -3.552 -3.118 -1.248 -2.01 -1.221 2.371
86 L -1.19 -1.865 -2.645 -2.945 -0.176 -1.622 -2.747 -2.866 -1.455 2.944 1.976 -1.82 4.808 0.373 -3.341 -2.343 -1.07 -1.585 -0.99 1.741
87 L -0.904 -2.257 -2.049 -2.652 -0.504 -2.499 -3.074 2.88 -2.021 1.048 2.995 -2.189 1.209 0.047 -3.317 -2.264 -1.703 -1.905 -1.615 0.265
88 L -1.736 -2.715 -3.168 -3.38 -0.518 -3.209 -3.502 -3.247 -1.847 2.809 2.475 -2.814 1.293 4.009 -3.837 -3.102 -1.641 -0.686 0.884 1.46
89 I -1.391 -3.115 -3.277 -3.195 -0.165 -3.224 -3.701 -3.493 -2.725 4.558 1.662 -2.693 1.257 0.204 -3.519 -3.091 -1.089 -2.199 -1.299 2.846
90 G 0.01 -1.886 -0.35 -1.231 -0.77 -1.798 -2.159 4.771 -1.469 -1.862 -2.436 -1.349 -1.783 -2.278 -2.382 -0.329 1.718 -2.367 -2.598 -1.45
91 F -1.993 -2.977 -3.003 -3.283 -0.92 -3.643 -3.563 -3.077 -1.345 2.463 0.971 -3.095 0.589 5.523 -4.113 -3.06 -1.885 0.132 2.063 1.072
92 L -1.445 -2.777 -3.31 -3.334 -0.165 -3.021 -3.568 -3.461 -2.587 3.927 2.699 -2.625 1.573 0.423 -3.552 -3.118 -1.248 -2.01 -1.221 2.371
93 V -0.581 -2.691 -3.051 -3.184 0.171 -2.794 -3.149 -3.134 -2.86 3.626 1.196 -2.496 0.971 -0.192 -3.293 -2.539 -0.659 -2.332 -1.299 3.787
94 R -0.017 2.924 -0.021 -0.906 -0.511 -0.319 -0.82 -1.081 -0.54 -1.416 -1.766 0.574 -0.977 -1.99 -1.922 1.492 2.201 -2.332 -1.759 -0.917
95 L -1.585 -2.318 -2.875 -3.278 -0.606 -2.499 -3.078 -3.269 -0.099 2.682 2.271 -2.337 1.115 1.789 -3.493 -2.887 -1.566 0.225 3.87 1.386
96 G -0.423 -2.092 0.201 3.126 -1.644 -1.698 -0.851 4.779 -1.142 -3.057 -3.485 -1.364 -2.691 -2.771 -2.621 -1.0 -1.755 -2.774 -3.127 -2.879
97 N -1.674 -0.429 5.673 1.267 -1.861 -0.541 -0.74 -0.169 0.954 -2.727 -3.166 -0.31 -2.176 -2.389 -2.602 -0.132 -0.466 -2.981 -2.083 -2.575
98 G -0.423 -2.092 0.201 3.126 -1.644 -1.698 -0.851 4.779 -1.142 -3.057 -3.485 -1.364 -2.691 -2.771 -2.621 -1.0 -1.755 -2.774 -3.127 -2.879
99 N -1.674 -0.429 5.673 1.267 -1.861 -0.541 -0.74 -0.169 0.954 -2.727 -3.166 -0.31 -2.176 -2.389 -2.602 -0.132 -0.466 -2.981 -2.083 -2.575
100 A 3.101 -1.795 -2.04 -2.115 0.557 -1.698 -1.753 -0.388 -1.69 1.063 -0.369 -1.291 -0.201 -1.294 -1.952 -0.219 -0.446 -2.437 -1.604 2.15
101 S 0.396 -0.642 3.328 0.342 -0.451 -0.57 -0.625 -0.137 0.084 -2.169 -2.592 -0.303 -1.491 -2.094 -1.815 2.549 0.586 -2.696 -1.871 -1.671
102 F -2.349 -2.911 -2.875 -3.329 -1.388 -3.878 -3.497 -2.889 -0.843 0.262 0.55 -3.319 0.187 6.537 -4.462 -3.045 -2.385 0.837 2.917 -0.522
103 V -0.581 -2.691 -3.051 -3.184 0.171 -2.794 -3.149 -3.134 -2.86 3.626 1.196 -2.496 0.971 -0.192 -3.293 -2.539 -0.659 -2.332 -1.299 3.787
104 A 2.989 -1.714 -2.14 -2.214 0.414 -1.711 -1.84 -0.443 -1.548 0.433 1.666 -1.311 0.489 -0.672 -2.041 -0.344 -0.773 -2.167 -1.517 0.484
105 Y -1.827 -1.792 -2.14 -3.036 -1.766 -1.798 -2.378 -2.946 2.09 -0.818 -0.924 -1.887 -0.696 3.334 -3.347 -2.451 -2.104 2.294 6.685 -0.994
106 T 0.323 -0.985 0.075 -0.75 0.091 -0.928 -1.091 -0.876 -1.073 -0.699 -1.436 -0.627 -0.748 -1.711 -1.629 1.848 3.545 -2.315 -1.737 -0.209
107 L -1.445 -2.777 -3.31 -3.334 -0.165 -3.021 -3.568 -3.461 -2.587 3.927 2.699 -2.625 1.573 0.423 -3.552 -3.118 -1.248 -2.01 -1.221 2.371
108 F -1.145 -2.228 -1.745 -2.312 -0.412 -2.487 -2.663 -2.428 -1.563 2.391 0.589 -2.065 0.395 3.823 -2.994 -1.227 1.771 -0.804 0.784 1.229
109 L -1.555 -2.201 -3.377 -3.634 -0.165 -2.655 -3.32 -3.397 -2.328 1.991 4.061 -2.492 2.118 0.819 -3.619 -3.173 -1.595 -1.665 -1.07 1.092
110 I -1.391 -3.115 -3.277 -3.195 -0.165 -3.224 -3.701 -3.493 -2.725 4.558 1.662 -2.693 1.257 0.204 -3.519 -3.091 -1.089 -2.199 -1.299 2.846
111 L -1.643 -2.058 -2.903 -3.421 -0.606 -2.34 -2.971 -3.239 -0.042 1.32 3.136 -2.276 1.446 1.918 -3.525 -2.912 -1.755 0.308 3.883 0.549
112 S 1.054 -0.755 0.483 -0.263 0.058 -0.584 -0.569 -0.121 -0.474 -1.926 -2.343 -0.299 -1.201 -1.958 -1.49 3.311 0.997 -2.563 -1.77 -1.307
113 S 0.681 -1.229 -0.278 -0.95 0.15 -1.114 -1.16 -0.798 -1.086 0.734 -0.806 -0.846 -0.362 -1.346 -1.952 2.341 0.586 -2.508 -1.604 1.751
114 R -0.9 4.459 -0.469 -1.495 -1.925 -0.152 -1.113 2.997 -0.352 -2.814 -2.445 1.213 -1.644 -2.553 -2.743 -1.279 -1.615 -2.315 -2.176 -2.392
115 D -1.124 -1.428 0.804 4.814 -1.299 -0.961 0.429 -1.205 -0.814 -1.648 -2.45 -0.831 -1.798 -2.415 -2.089 -0.303 1.821 -3.024 -2.54 -1.45
116 I -1.289 -2.423 -2.944 -3.068 -0.171 -2.313 -3.185 -3.163 -2.021 3.863 1.823 -2.224 3.547 0.289 -3.429 -2.692 -1.079 -1.875 -1.14 2.346
117 E -1.16 -0.23 3.142 1.427 -2.225 0.832 3.581 -1.234 0.583 -2.761 -2.859 0.373 -1.897 -2.542 -2.113 -0.563 -1.003 -2.582 -1.975 -2.283
118 F -1.468 -2.767 -2.897 -3.278 -0.698 -3.387 -3.287 -2.916 -1.386 1.493 0.683 -2.98 0.413 5.494 -3.971 -2.774 -1.595 0.103 2.063 1.952
119 D -1.708 2.816 0.73 4.792 -2.348 -0.345 0.592 -1.435 -0.323 -2.701 -2.931 0.441 -2.133 -2.777 -2.435 -1.11 -1.441 -3.045 -2.569 -2.625
120 N -1.713 -0.77 4.793 3.671 -2.026 -0.652 -0.02 -0.457 0.534 -2.731 -3.275 -0.477 -2.344 -2.559 -2.499 -0.384 -0.752 -3.157 -2.373 -2.672
121 L -1.499 -2.474 -3.343 -3.48 -0.165 -2.832 -3.441 -3.429 -2.454 3.119 3.459 -2.558 1.859 0.628 -3.585 -3.145 -1.416 -1.832 -1.145 1.801
122 V -0.248 -2.501 -2.944 -3.179 0.326 -2.602 -2.908 -2.97 -2.929 3.015 0.931 -2.402 0.817 -0.413 -3.186 -2.298 -0.466 -2.402 -1.299 4.163
123 R -1.293 4.772 -0.41 -1.269 -2.176 0.603 -0.253 -1.856 -0.025 -2.454 -2.111 3.107 -1.238 -2.593 -2.338 -1.235 -1.339 -2.35 -1.792 -2.121
124 N -1.117 -0.969 4.575 0.391 -0.936 -1.079 -1.299 -0.838 0.137 0.543 -1.101 -0.854 -0.807 -1.571 -2.784 -0.691 -0.466 -2.774 -1.797 1.504
125 T -0.127 -1.107 -0.153 -1.029 0.107 -1.117 -1.392 -1.343 -1.427 -0.238 -1.071 -0.805 -0.546 -1.595 -1.701 0.691 4.287 -2.199 -1.721 0.215
126 L -1.455 -1.819 -2.532 -2.986 -0.531 -1.737 -2.697 -2.691 -0.935 1.211 1.686 -1.962 4.72 3.994 -3.605 -2.331 -1.438 -0.41 0.998 0.557
127 F -1.829 -2.545 -2.725 -3.184 -1.022 -2.832 -3.131 -3.097 0.185 2.319 0.617 -2.573 0.36 4.421 -3.736 -2.847 -1.804 0.843 4.346 0.988
128 C -0.782 -2.916 -3.105 -3.498 8.572 -3.174 -3.717 -2.53 -2.736 0.476 1.729 -2.9 0.406 -0.75 -3.347 -2.101 -1.416 -2.619 -2.108 0.174
129 Q -0.897 0.993 -0.107 -0.371 -1.925 4.933 1.378 -1.493 0.755 -2.255 -2.005 1.207 -0.417 -2.973 -2.165 -0.769 -0.989 -2.199 -1.299 -1.801
130 L -1.004 -2.581 -3.193 -3.329 0.008 -2.813 -3.291 -3.277 -2.65 3.383 2.544 -2.527 1.449 0.247 -3.435 -2.826 -1.013 -2.071 -1.221 2.962
131 G -0.456 -2.645 -1.931 -2.431 -0.311 -2.649 -3.047 2.894 -2.309 2.839 0.412 -2.22 0.247 -0.725 -3.151 -2.007 -1.101 -2.35 -1.797 2.559
132 L -1.004 -2.581 -3.193 -3.329 0.008 -2.813 -3.291 -3.277 -2.65 3.383 2.544 -2.527 1.449 0.247 -3.435 -2.826 -1.013 -2.071 -1.221 2.962
133 V -0.621 -2.397 -3.081 -3.323 0.171 -2.619 -3.039 -3.105 -2.715 2.712 2.381 -2.432 1.319 0.058 -3.323 -2.561 -0.795 -2.135 -1.221 3.452
134 G -0.74 -2.85 -1.851 -2.528 6.647 -3.096 -3.306 2.958 -1.637 -0.903 -0.896 -2.605 -0.966 3.621 -3.41 -1.798 -1.851 -1.045 0.411 -1.075
135 V -0.459 -1.609 -1.558 -2.183 0.091 -1.512 -2.153 -2.216 -1.667 1.748 0.941 -1.485 3.271 -0.399 -2.621 -0.874 1.982 -1.934 -1.267 2.323
136 T -0.167 -1.501 -0.821 -1.584 0.182 -1.533 -1.815 -1.791 -1.847 1.286 -0.24 -1.246 -0.017 -1.145 -2.117 -0.008 3.383 -2.265 -1.573 2.18
137 V -0.581 -2.691 -3.051 -3.184 0.171 -2.794 -3.149 -3.134 -2.86 3.626 1.196 -2.496 0.971 -0.192 -3.293 -2.539 -0.659 -2.332 -1.299 3.787
138 L -1.051 -2.297 -3.225 -3.474 0.008 -2.637 -3.176 -3.247 -2.515 2.374 3.341 -2.462 1.746 0.463 -3.467 -2.851 -1.167 -1.89 -1.145 2.507
139 G 0.197 -1.631 -0.474 -1.001 -0.829 -1.489 -1.492 3.172 -1.148 -2.446 -2.824 -0.96 -2.025 -2.611 3.773 1.141 -0.471 -3.045 -2.469 -2.049
140 A 3.267 -1.229 -0.766 -1.139 0.477 -1.062 -1.043 0.208 -0.953 -1.162 -1.634 -0.663 -0.989 -1.894 -1.49 1.739 0.124 -2.49 -1.77 -0.279
141 L 1.551 -2.197 -2.666 -2.72 0.139 -2.292 -2.577 -1.574 -2.021 2.68 2.228 -1.894 1.082 -0.073 -2.699 -1.41 -1.001 -2.087 -1.365 1.579
142 L -1.736 -2.715 -3.168 -3.38 -0.518 -3.209 -3.502 -3.247 -1.847 2.809 2.475 -2.814 1.293 4.009 -3.837 -3.102 -1.641 -0.686 0.884 1.46
143 G -0.399 -1.57 3.122 -0.189 -1.499 -1.541 -1.857 4.828 -0.43 -3.052 -3.368 -1.139 -2.503 -2.588 -2.728 -0.691 -1.357 -2.619 -2.756 -2.774
144 I -1.391 -3.115 -3.277 -3.195 -0.165 -3.224 -3.701 -3.493 -2.725 4.558 1.662 -2.693 1.257 0.204 -3.519 -3.091 -1.089 -2.199 -1.299 2.846
145 L -1.445 -2.777 -3.31 -3.334 -0.165 -3.021 -3.568 -3.461 -2.587 3.927 2.699 -2.625 1.573 0.423 -3.552 -3.118 -1.248 -2.01 -1.221 2.371
146 P -1.113 -1.365 -0.915 -1.363 -1.735 -1.231 -1.212 -1.814 5.05 -2.442 -2.712 -0.975 -1.985 -2.268 5.562 -1.508 -1.627 -3.134 -0.445 -2.439
147 N -1.674 -0.429 5.673 1.267 -1.861 -0.541 -0.74 -0.169 0.954 -2.727 -3.166 -0.31 -2.176 -2.389 -2.602 -0.132 -0.466 -2.981 -2.083 -2.575
148 E -1.126 -0.675 -1.057 0.567 -1.462 0.503 3.451 -2.367 -0.276 -0.244 1.395 -0.061 0.157 -0.983 -2.364 -1.401 -1.405 -2.135 -1.61 -0.632
149 L 1.715 -2.035 -2.572 -2.716 0.295 -2.129 -2.378 -1.477 -2.073 1.792 2.045 -1.817 0.934 -0.284 -2.611 -1.245 -0.784 -2.15 -1.365 2.334
150 E 1.313 -0.644 -0.56 0.432 -0.666 0.343 2.853 -1.043 -0.335 -1.423 -1.846 0.024 -1.178 -2.125 -1.726 -0.023 1.397 -2.348 -1.818 -0.748
151 L -0.739 -1.588 -1.322 -2.033 -0.011 -1.77 -2.184 -2.177 -1.828 1.101 2.493 -1.513 1.097 -0.129 -2.489 -0.623 2.605 -1.905 -1.363 0.701
152 T 0.123 -0.136 0.089 -0.535 -0.445 2.454 0.048 -0.917 -0.243 -1.331 -1.755 0.166 -0.702 -2.118 -1.772 1.58 2.249 -2.315 -1.589 -0.832
153 Y -1.2 -2.009 -2.384 -3.083 -0.89 -2.042 -2.544 -2.954 1.163 1.072 -0.166 -2.049 -0.099 2.533 -3.293 -2.4 -1.449 1.395 5.604 1.826
154 S 2.368 -0.982 -0.074 -0.668 0.275 -0.813 -0.797 0.048 -0.704 -1.519 -1.967 -0.475 -1.093 -1.926 -1.49 2.631 0.593 -2.527 -1.77 -0.747
155 E -0.462 -0.727 -0.301 0.478 -1.17 0.268 2.837 1.559 -0.393 -1.713 -2.148 -0.074 -1.414 -2.248 -1.958 -0.244 1.814 -2.341 -2.022 -1.207
156 G -0.477 -1.195 3.152 -0.117 -0.905 -1.209 -1.486 3.2 -0.415 -1.75 -2.361 -0.874 -1.651 -2.187 -2.325 -0.069 1.893 -2.527 -2.26 -1.386
157 G -0.659 -2.585 -1.843 -2.464 -0.684 -2.813 -2.992 2.918 -1.629 1.015 -0.107 -2.384 -0.21 3.722 -3.397 -1.996 -1.474 -0.896 0.62 1.715
158 I -0.958 -2.895 -3.162 -3.19 0.008 -3.001 -3.412 -3.308 -2.792 4.13 1.439 -2.593 1.118 0.012 -3.404 -2.802 -0.866 -2.265 -1.299 3.355
159 R -1.548 5.537 -0.476 -1.578 -2.273 0.503 -0.575 -2.142 0.084 -2.626 -2.042 2.004 -1.238 -2.486 -2.718 -1.42 -1.468 -2.248 -1.786 -2.176
160 L -0.018 -1.292 -0.595 -1.323 0.003 -1.327 -1.548 -1.326 -1.311 0.384 1.598 -1.057 0.502 -0.631 -2.125 1.328 2.189 -2.119 -1.502 0.162
161 R -1.548 5.537 -0.476 -1.578 -2.273 0.503 -0.575 -2.142 0.084 -2.626 -2.042 2.004 -1.238 -2.486 -2.718 -1.42 -1.468 -2.248 -1.786 -2.176
162 Y -1.791 -1.237 -1.003 -2.176 -1.947 -1.152 -1.615 -2.473 5.511 -1.315 -1.385 -1.469 -0.877 2.482 -3.139 -2.136 -2.149 1.492 5.757 -1.531
163 G 0.048 -1.681 -0.709 -1.433 -0.419 -1.673 -1.927 3.102 -1.331 -0.165 1.374 -1.341 0.13 -0.858 -2.499 0.962 -0.527 -2.199 -1.876 -0.568
164 L -1.555 -2.201 -3.377 -3.634 -0.165 -2.655 -3.32 -3.397 -2.328 1.991 4.061 -2.492 2.118 0.819 -3.619 -3.173 -1.595 -1.665 -1.07 1.092
165 G 0.075 -2.372 -0.454 -1.337 -1.335 -2.21 -2.636 5.823 -1.491 -3.23 -3.475 -1.665 -2.681 -2.693 -2.794 -1.017 -1.934 -2.454 -3.163 -2.879
166 F -2.349 -2.911 -2.875 -3.329 -1.388 -3.878 -3.497 -2.889 -0.843 0.262 0.55 -3.319 0.187 6.537 -4.462 -3.045 -2.385 0.837 2.917 -0.522
167 R -1.033 2.959 1.976 -0.631 -1.204 -0.247 -0.841 -1.392 3.587 -1.613 -1.902 0.518 -1.119 -1.838 -2.327 -0.361 1.839 -2.191 -0.871 -1.278
168 Y -1.827 -1.792 -2.14 -3.036 -1.766 -1.798 -2.378 -2.946 2.09 -0.818 -0.924 -1.887 -0.696 3.334 -3.347 -2.451 -2.104 2.294 6.685 -0.994
169 C 0.231 -1.532 -0.542 -1.292 6.724 -1.481 -1.65 -1.089 -1.448 -0.887 -1.438 -1.175 -0.932 -1.858 -2.041 1.462 2.214 -2.638 -2.059 -0.439
170 T 0.323 -0.985 0.075 -0.75 0.091 -0.928 -1.091 -0.876 -1.073 -0.699 -1.436 -0.627 -0.748 -1.711 -1.629 1.848 3.545 -2.315 -1.737 -0.209
171 F -2.151 -2.406 -0.835 2.914 -1.684 -2.51 -1.131 -2.181 -0.742 -0.438 -0.286 -2.241 -0.498 5.421 -3.552 -2.175 -2.029 -0.033 1.923 -1.116
172 L -0.018 -1.292 -0.595 -1.323 0.003 -1.327 -1.548 -1.326 -1.311 0.384 1.598 -1.057 0.502 -0.631 -2.125 1.328 2.189 -2.119 -1.502 0.162
173 P 1.709 -1.84 -1.854 -1.619 -0.572 -1.728 -1.525 -0.921 -1.484 -1.747 -2.206 -1.005 -1.813 -2.765 5.591 -0.682 -1.02 -3.678 -2.326 -1.192
174 N -1.674 -0.429 5.673 1.267 -1.861 -0.541 -0.74 -0.169 0.954 -2.727 -3.166 -0.31 -2.176 -2.389 -2.602 -0.132 -0.466 -2.981 -2.083 -2.575
175 F -2.164 -2.488 -2.608 -3.228 -1.509 -3.008 -3.074 -2.908 0.491 -0.055 0.137 -2.759 -0.078 5.807 -4.041 -2.833 -2.288 1.409 4.764 -0.671
176 F -2.164 -2.488 -2.608 -3.228 -1.509 -3.008 -3.074 -2.908 0.491 -0.055 0.137 -2.759 -0.078 5.807 -4.041 -2.833 -2.288 1.409 4.764 -0.671
177 L -0.997 -1.788 -1.871 -2.486 -0.071 -2.047 -2.526 -2.54 -1.995 1.42 3.125 -1.814 1.471 0.214 -2.83 -1.263 1.785 -1.832 -1.271 0.828
178 S 1.054 -0.755 0.483 -0.263 0.058 -0.584 -0.569 -0.121 -0.474 -1.926 -2.343 -0.299 -1.201 -1.958 -1.49 3.311 0.997 -2.563 -1.77 -1.307
179 I -1.391 -3.115 -3.277 -3.195 -0.165 -3.224 -3.701 -3.493 -2.725 4.558 1.662 -2.693 1.257 0.204 -3.519 -3.091 -1.089 -2.199 -1.299 2.846
180 L -1.004 -2.581 -3.193 -3.329 0.008 -2.813 -3.291 -3.277 -2.65 3.383 2.544 -2.527 1.449 0.247 -3.435 -2.826 -1.013 -2.071 -1.221 2.962
181 L -1.555 -2.201 -3.377 -3.634 -0.165 -2.655 -3.32 -3.397 -2.328 1.991 4.061 -2.492 2.118 0.819 -3.619 -3.173 -1.595 -1.665 -1.07 1.092
182 E -0.933 -0.136 -0.353 1.504 -2.425 1.332 4.527 -1.964 0.378 -2.778 -2.717 0.662 -1.768 -2.622 -1.896 -0.805 -1.315 -2.402 -1.922 -2.148
183 Y -1.827 -1.792 -2.14 -3.036 -1.766 -1.798 -2.378 -2.946 2.09 -0.818 -0.924 -1.887 -0.696 3.334 -3.347 -2.451 -2.104 2.294 6.685 -0.994
184 V 1.733 -2.293 -2.547 -2.603 0.295 -2.277 -2.465 -1.493 -2.188 2.986 0.674 -1.869 0.533 -0.568 -2.588 -1.231 -0.648 -2.35 -1.448 2.815
185 Y -1.827 -1.792 -2.14 -3.036 -1.766 -1.798 -2.378 -2.946 2.09 -0.818 -0.924 -1.887 -0.696 3.334 -3.347 -2.451 -2.104 2.294 6.685 -0.994
186 L -1.555 -2.201 -3.377 -3.634 -0.165 -2.655 -3.32 -3.397 -2.328 1.991 4.061 -2.492 2.118 0.819 -3.619 -3.173 -1.595 -1.665 -1.07 1.092
187 K -1.133 1.264 -0.779 -1.32 -1.915 0.158 -0.35 -1.796 0.752 -1.627 -1.74 3.509 -1.046 0.778 -2.153 -1.327 -1.395 0.036 3.805 -1.632
188 G -0.694 3.267 -0.403 -1.195 -1.839 -0.027 -0.73 3.047 -0.479 -2.63 -2.525 2.591 -1.644 -2.663 -2.36 -1.102 -1.479 -2.419 -2.183 -2.332
189 R -1.091 3.423 -0.369 0.036 -2.225 0.897 2.331 -1.801 0.08 -2.501 -2.324 2.852 -1.404 -2.64 -2.073 -1.028 -1.289 -2.402 -1.837 -2.112
190 K -0.923 1.312 -0.827 -1.281 -1.255 0.295 -0.349 -1.714 -0.479 -0.317 0.001 3.532 2.994 -1.283 -2.133 -1.227 -1.084 -2.087 -1.448 -0.647
191 G -0.761 0.031 -0.846 -1.55 -1.684 -0.745 -1.245 3.008 0.506 -1.893 -2.032 1.943 -1.424 0.79 -2.531 -1.373 -1.677 0.051 3.752 -1.859
192 W -2.175 -2.617 -3.212 -3.48 -1.425 -2.961 -3.203 -2.706 -1.585 1.952 -0.095 -2.767 -0.176 0.841 -4.64 -3.273 -2.063 9.472 1.391 0.527
193 G -0.058 -1.47 -0.25 -1.128 -0.298 -1.438 -1.75 3.098 -1.448 -0.937 -1.674 -1.064 -1.099 -1.916 -2.022 0.225 3.28 -2.282 -2.126 -0.499
194 I -1.391 -3.115 -3.277 -3.195 -0.165 -3.224 -3.701 -3.493 -2.725 4.558 1.662 -2.693 1.257 0.204 -3.519 -3.091 -1.089 -2.199 -1.299 2.846
195 I -0.74 0.073 -0.926 -1.465 -0.545 -0.739 -1.165 -1.904 -1.298 2.119 -0.071 1.976 0.024 -1.134 -2.19 -0.709 1.896 -2.315 -1.599 1.009
196 E -0.902 0.804 -0.329 0.931 -2.273 1.163 3.673 -1.747 0.181 -2.549 -2.555 2.572 -1.58 -2.687 -1.829 -0.835 -1.24 -2.454 -1.882 -2.103
197 L -0.997 -1.788 -1.871 -2.486 -0.071 -2.047 -2.526 -2.54 -1.995 1.42 3.125 -1.814 1.471 0.214 -2.83 -1.263 1.785 -1.832 -1.271 0.828
198 I -1.676 -3.045 -3.136 -3.239 -0.518 -3.426 -3.631 -3.277 -1.953 3.697 1.337 -2.887 0.942 3.947 -3.8 -3.075 -1.46 -0.804 0.846 2.093
199 I -1.391 -3.115 -3.277 -3.195 -0.165 -3.224 -3.701 -3.493 -2.725 4.558 1.662 -2.693 1.257 0.204 -3.519 -3.091 -1.089 -2.199 -1.299 2.846
200 C -0.878 -2.9 -2.932 -3.311 6.694 -3.267 -3.417 -2.656 -2.064 1.302 0.257 -2.922 0.075 3.748 -3.565 -2.29 -1.289 -1.034 0.654 1.966
201 G -0.456 -2.645 -1.931 -2.431 -0.311 -2.649 -3.047 2.894 -2.309 2.839 0.412 -2.22 0.247 -0.725 -3.151 -2.007 -1.101 -2.35 -1.797 2.559
202 G 0.048 -1.681 -0.709 -1.433 -0.419 -1.673 -1.927 3.102 -1.331 -0.165 1.374 -1.341 0.13 -0.858 -2.499 0.962 -0.527 -2.199 -1.876 -0.568
203 L -1.736 -2.715 -3.168 -3.38 -0.518 -3.209 -3.502 -3.247 -1.847 2.809 2.475 -2.814 1.293 4.009 -3.837 -3.102 -1.641 -0.686 0.884 1.46
204 N -0.967 -0.944 4.671 0.63 -1.674 -0.998 -1.245 3.298 0.344 -2.885 -3.265 -0.695 -2.334 -2.486 -2.664 -0.398 -0.877 -2.794 -2.4 -2.672
205 F -1.829 -2.545 -2.725 -3.184 -1.022 -2.832 -3.131 -3.097 0.185 2.319 0.617 -2.573 0.36 4.421 -3.736 -2.847 -1.804 0.843 4.346 0.988
206 V -1.076 -2.418 -2.747 -3.136 -0.406 -2.482 -2.945 -3.126 -0.184 2.988 0.747 -2.308 0.573 1.54 -3.347 -2.594 -1.143 0.11 3.857 2.69
207 I -1.391 -3.115 -3.277 -3.195 -0.165 -3.224 -3.701 -3.493 -2.725 4.558 1.662 -2.693 1.257 0.204 -3.519 -3.091 -1.089 -2.199 -1.299 2.846
208 Y -1.827 -1.792 -2.14 -3.036 -1.766 -1.798 -2.378 -2.946 2.09 -0.818 -0.924 -1.887 -0.696 3.334 -3.347 -2.451 -2.104 2.294 6.685 -0.994
209 K 1.704 0.874 -0.608 -0.884 -0.8 2.634 0.323 -0.7 -0.13 -1.672 -1.838 2.47 -0.828 -2.509 -1.772 -0.343 -0.826 -2.402 -1.615 -1.06
210 Y -1.482 -0.543 -1.293 -1.855 -1.818 2.275 -0.538 -2.377 1.71 -1.222 -1.242 -0.458 -0.6 2.322 -2.897 -1.776 -1.683 1.413 5.604 -1.239
211 T -0.127 -1.107 -0.153 -1.029 0.107 -1.117 -1.392 -1.343 -1.427 -0.238 -1.071 -0.805 -0.546 -1.595 -1.701 0.691 4.287 -2.199 -1.721 0.215
212 D -1.461 -0.459 0.815 4.846 -2.225 2.444 1.154 -1.252 -0.047 -2.569 -2.915 0.012 -1.731 -2.947 -2.257 -0.899 -1.274 -3.024 -2.346 -2.473
213 T -0.127 -1.107 -0.153 -1.029 0.107 -1.117 -1.392 -1.343 -1.427 -0.238 -1.071 -0.805 -0.546 -1.595 -1.701 0.691 4.287 -2.199 -1.721 0.215
214 R -1.293 4.772 -0.41 -1.269 -2.176 0.603 -0.253 -1.856 -0.025 -2.454 -2.111 3.107 -1.238 -2.593 -2.338 -1.235 -1.339 -2.35 -1.792 -2.121
215 L -0.812 -1.027 -0.97 -0.339 -0.627 -0.343 1.87 -2.113 -0.9 0.271 1.568 -0.601 0.406 -0.759 -2.286 -0.692 1.815 -2.071 -1.548 0.012
216 G 1.96 -1.612 -0.69 -1.343 -0.071 -1.516 -1.72 3.26 -1.379 -1.179 -1.779 -1.085 -1.232 -2.013 -1.941 0.13 1.897 -2.367 -2.145 -0.537
217 F -2.164 -2.488 -2.608 -3.228 -1.509 -3.008 -3.074 -2.908 0.491 -0.055 0.137 -2.759 -0.078 5.807 -4.041 -2.833 -2.288 1.409 4.764 -0.671
218 L -1.445 -2.777 -3.31 -3.334 -0.165 -3.021 -3.568 -3.461 -2.587 3.927 2.699 -2.625 1.573 0.423 -3.552 -3.118 -1.248 -2.01 -1.221 2.371
219 L -1.393 -1.907 -3.003 -3.34 -0.171 -2.023 -2.966 -3.105 -1.807 1.863 3.547 -2.108 3.835 0.702 -3.493 -2.74 -1.405 -1.545 -0.994 1.053
220 V -0.248 -2.501 -2.944 -3.179 0.326 -2.602 -2.908 -2.97 -2.929 3.015 0.931 -2.402 0.817 -0.413 -3.186 -2.298 -0.466 -2.402 -1.299 4.163
221 W -2.082 -2.792 -3.105 -3.38 -1.162 -3.282 -3.378 -2.885 -1.462 2.219 0.487 -2.926 0.232 4.043 -4.364 -3.165 -1.973 7.583 1.747 0.813
222 L -0.859 -2.536 -2.027 -2.541 -0.504 -2.666 -3.185 2.877 -2.135 2.516 2.078 -2.248 0.848 -0.205 -3.286 -2.243 -1.518 -2.087 -1.705 1.176
223 L 1.551 -2.197 -2.666 -2.72 0.139 -2.292 -2.577 -1.574 -2.021 2.68 2.228 -1.894 1.082 -0.073 -2.699 -1.41 -1.001 -2.087 -1.365 1.579
224 L -1.796 -2.418 -3.199 -3.529 -0.518 -3.008 -3.378 -3.217 -1.744 1.521 3.289 -2.742 1.606 4.069 -3.874 -3.129 -1.835 -0.573 0.921 0.647
225 L -1.499 -2.474 -3.343 -3.48 -0.165 -2.832 -3.441 -3.429 -2.454 3.119 3.459 -2.558 1.859 0.628 -3.585 -3.145 -1.416 -1.832 -1.145 1.801
226 V -0.749 -2.777 -3.091 -3.173 0.105 -2.882 -3.263 -3.205 -2.811 3.871 1.334 -2.53 1.06 -0.074 -3.333 -2.653 -0.746 -2.284 -1.285 3.561
227 F -0.158 -1.622 -0.719 -1.392 -0.561 -1.77 -1.662 -1.17 -0.638 -0.615 -0.533 -1.417 -0.41 4.664 -2.595 1.571 -0.21 -0.374 1.45 -0.873
228 L -1.91 -2.52 -3.1 -3.463 -0.698 -3.188 -3.393 -3.117 -1.476 1.268 2.795 -2.862 1.326 4.892 -3.996 -3.094 -1.949 -0.136 1.577 0.411
229 W -0.5 -1.44 -1.238 -1.865 -0.641 -1.346 -1.784 -1.468 -0.854 -0.229 0.086 -1.347 2.993 0.14 -2.967 0.799 -0.531 7.53 0.359 -0.529
230 D -1.401 2.951 0.222 3.436 -2.361 0.455 2.466 -1.714 -0.004 -2.714 -2.694 0.835 -1.843 -2.675 -2.286 -1.052 -1.403 -2.677 -2.202 -2.382
231 R -1.548 5.537 -0.476 -1.578 -2.273 0.503 -0.575 -2.142 0.084 -2.626 -2.042 2.004 -1.238 -2.486 -2.718 -1.42 -1.468 -2.248 -1.786 -2.176
232 L -1.736 -2.715 -3.168 -3.38 -0.518 -3.209 -3.502 -3.247 -1.847 2.809 2.475 -2.814 1.293 4.009 -3.837 -3.102 -1.641 -0.686 0.884 1.46
233 L -1.526 -2.172 -3.348 -3.606 -0.136 -2.626 -3.291 -3.368 -2.299 2.019 4.014 -2.464 2.147 0.847 -3.59 -3.144 -1.566 -1.636 -1.042 1.12
234 R -1.03 3.249 -1.035 -1.665 -1.187 -0.125 -0.831 -2.141 -0.742 1.313 -0.491 2.533 -0.263 -1.525 -2.508 -1.57 -1.094 -2.367 -1.62 1.121
235 G 0.197 -1.631 -0.474 -1.001 -0.829 -1.489 -1.492 3.172 -1.148 -2.446 -2.824 -0.96 -2.025 -2.611 3.773 1.141 -0.471 -3.045 -2.469 -2.049
236 I -1.676 -3.045 -3.136 -3.239 -0.518 -3.426 -3.631 -3.277 -1.953 3.697 1.337 -2.887 0.942 3.947 -3.8 -3.075 -1.46 -0.804 0.846 2.093
237 D -1.752 -1.156 3.519 4.964 -2.2 -0.767 0.556 -0.777 0.043 -2.735 -3.388 -0.655 -2.522 -2.74 -2.4 -0.661 -1.07 -3.345 -2.695 -2.774
238 F -1.867 -2.314 -2.698 -3.152 -0.928 -2.613 -3.069 -2.788 -0.888 0.775 1.174 -2.562 3.265 5.537 -4.002 -2.666 -1.873 0.281 2.114 0.068
239 R -0.429 2.986 3.225 0.041 -1.17 -0.162 -0.627 -0.67 0.249 -2.404 -2.479 0.684 -1.504 -2.268 -2.215 1.306 -0.133 -2.582 -1.876 -1.97
240 R -1.514 3.244 -0.997 -1.692 -1.861 -0.233 -0.861 -2.062 -0.314 -1.207 -0.947 2.494 -0.681 3.597 -2.748 -1.652 -1.601 -0.886 0.698 -1.47
241 K 0.136 0.45 0.036 -0.659 -0.458 -0.187 -0.472 -0.879 -0.677 -1.302 -1.829 2.212 -0.977 -2.08 -1.629 1.562 2.238 -2.437 -1.764 -0.881
242 Y -1.798 -1.763 -2.111 -3.008 -1.737 -1.769 -2.349 -2.918 2.119 -0.789 -0.896 -1.859 -0.668 3.363 -3.319 -2.423 -2.075 2.323 6.624 -0.965
243 F -1.145 -2.228 -1.745 -2.312 -0.412 -2.487 -2.663 -2.428 -1.563 2.391 0.589 -2.065 0.395 3.823 -2.994 -1.227 1.771 -0.804 0.784 1.229
244 L -1.555 -2.201 -3.377 -3.634 -0.165 -2.655 -3.32 -3.397 -2.328 1.991 4.061 -2.492 2.118 0.819 -3.619 -3.173 -1.595 -1.665 -1.07 1.092
245 R -1.293 4.772 -0.41 -1.269 -2.176 0.603 -0.253 -1.856 -0.025 -2.454 -2.111 3.107 -1.238 -2.593 -2.338 -1.235 -1.339 -2.35 -1.792 -2.121
246 G 1.745 -1.865 -1.333 -1.938 -0.606 -1.758 -2.05 3.175 0.287 -1.433 -1.716 -1.437 -1.294 0.897 -2.435 -0.772 -1.389 0.066 3.754 -1.0
247 L -1.004 -2.581 -3.193 -3.329 0.008 -2.813 -3.291 -3.277 -2.65 3.383 2.544 -2.527 1.449 0.247 -3.435 -2.826 -1.013 -2.071 -1.221 2.962
248 L -1.585 -2.318 -2.875 -3.278 -0.606 -2.499 -3.078 -3.269 -0.099 2.682 2.271 -2.337 1.115 1.789 -3.493 -2.887 -1.566 0.225 3.87 1.386
249 I -0.74 0.073 -0.926 -1.465 -0.545 -0.739 -1.165 -1.904 -1.298 2.119 -0.071 1.976 0.024 -1.134 -2.19 -0.709 1.896 -2.315 -1.599 1.009
250 G -0.974 -2.111 -1.741 -2.498 -1.007 -2.2 -2.751 2.898 0.101 0.069 1.537 -1.994 0.243 1.414 -3.233 -2.071 -1.87 0.189 3.793 -0.483
251 I -1.217 -1.043 -1.803 -1.924 -0.641 2.086 -0.939 -2.663 -1.061 3.521 0.871 -0.759 0.799 -0.523 -2.994 -2.095 -1.055 -2.199 -1.299 1.951
252 Y -1.827 -1.792 -2.14 -3.036 -1.766 -1.798 -2.378 -2.946 2.09 -0.818 -0.924 -1.887 -0.696 3.334 -3.347 -2.451 -2.104 2.294 6.685 -0.994
253 P -1.54 -2.479 -2.736 -2.661 -1.187 -2.619 -2.644 -2.503 -1.759 1.914 -0.278 -2.079 -0.394 -0.14 3.632 -2.514 -1.638 7.503 0.138 0.535
254 L -0.859 -2.536 -2.027 -2.541 -0.504 -2.666 -3.185 2.877 -2.135 2.516 2.078 -2.248 0.848 -0.205 -3.286 -2.243 -1.518 -2.087 -1.705 1.176
255 Y -0.351 -1.283 -1.032 -1.747 -0.525 -1.107 -1.639 -1.595 0.545 0.001 0.236 -1.137 3.043 1.388 -2.564 0.882 -0.427 0.239 3.86 -0.255
256 A 3.952 -1.498 -1.676 -1.702 0.665 -1.334 -1.313 0.359 -1.225 -0.845 -1.336 -0.863 -0.888 -1.863 -1.49 0.44 -0.436 -2.454 -1.77 0.124
257 L -1.643 -2.058 -2.903 -3.421 -0.606 -2.34 -2.971 -3.239 -0.042 1.32 3.136 -2.276 1.446 1.918 -3.525 -2.912 -1.755 0.308 3.883 0.549
258 L -0.914 -1.994 -2.869 -3.195 0.003 -2.008 -2.839 -2.97 -1.962 2.262 2.664 -2.082 3.636 0.331 -3.347 -2.461 -1.003 -1.761 -1.066 2.483
259 A 2.155 -1.104 -0.315 -0.938 0.29 -0.994 -1.067 -0.283 -1.012 -0.921 -1.533 -0.645 -0.866 -1.801 -1.558 1.794 2.314 -2.402 -1.753 -0.244
260 L -1.585 -2.318 -2.875 -3.278 -0.606 -2.499 -3.078 -3.269 -0.099 2.682 2.271 -2.337 1.115 1.789 -3.493 -2.887 -1.566 0.225 3.87 1.386
261 I -1.756 -2.855 -3.244 -3.334 -0.726 -3.089 -3.441 -3.073 -2.099 3.54 0.915 -2.73 0.629 0.54 -4.025 -3.181 -1.535 7.522 0.349 1.913
262 L -0.405 -1.635 -1.47 -2.038 -0.088 -1.789 -2.09 -1.859 -1.57 1.17 3.044 -1.564 1.372 0.153 -2.723 0.695 -0.454 -1.934 -1.285 0.49
263 T 0.323 -0.985 0.075 -0.75 0.091 -0.928 -1.091 -0.876 -1.073 -0.699 -1.436 -0.627 -0.748 -1.711 -1.629 1.848 3.545 -2.315 -1.737 -0.209
264 I 1.57 -2.47 -2.64 -2.607 0.139 -2.448 -2.67 -1.591 -2.135 3.602 0.963 -1.947 0.702 -0.336 -2.674 -1.395 -0.855 -2.282 -1.448 2.189
265 K -1.175 2.427 -1.037 -1.58 -1.282 -0.031 -0.656 -2.032 -0.725 -0.088 1.484 3.047 0.349 -1.024 -2.386 -1.574 -1.315 -2.183 -1.535 -0.594
266 Y -1.99 -2.119 -2.365 -3.131 -1.635 -2.34 -2.705 -2.927 1.4 -0.411 -0.345 -2.29 -0.371 4.828 -3.673 -2.636 -2.194 1.885 5.882 -0.828
267 D -0.017 -1.134 0.869 4.164 -0.898 -0.717 0.358 -0.57 -0.498 -2.29 -2.852 -0.544 -1.844 -2.39 -1.854 1.864 0.046 -2.998 -2.328 -1.973
268 P 0.097 -1.664 -1.096 -1.436 -0.261 -1.585 -1.55 -1.41 -1.505 0.684 -0.884 -1.135 -0.62 -1.66 3.761 0.973 -0.111 -3.024 -1.853 1.663
269 R -1.33 3.395 3.137 -0.093 -2.037 0.306 -0.301 -1.107 0.306 -2.485 -2.448 2.72 -1.518 -2.559 -2.304 -0.767 -0.98 -2.582 -1.888 -2.245
270 N -1.674 -0.429 5.673 1.267 -1.861 -0.541 -0.74 -0.169 0.954 -2.727 -3.166 -0.31 -2.176 -2.389 -2.602 -0.132 -0.466 -2.981 -2.083 -2.575
271 G 0.197 -1.631 -0.474 -1.001 -0.829 -1.489 -1.492 3.172 -1.148 -2.446 -2.824 -0.96 -2.025 -2.611 3.773 1.141 -0.471 -3.045 -2.469 -2.049
272 L 1.451 -2.146 -2.552 -2.757 -0.176 -2.437 -2.529 -1.461 -1.399 0.708 1.964 -2.039 0.746 3.874 -2.908 -1.401 -1.36 -0.735 0.815 0.308
273 L -1.555 -2.201 -3.377 -3.634 -0.165 -2.655 -3.32 -3.397 -2.328 1.991 4.061 -2.492 2.118 0.819 -3.619 -3.173 -1.595 -1.665 -1.07 1.092
274 N -0.278 -0.429 3.236 0.935 -1.204 0.215 2.185 -0.634 0.344 -2.45 -2.722 0.055 -1.687 -2.31 -1.96 1.393 -0.1 -2.638 -1.922 -1.961
275 L -0.229 0.268 -0.645 -1.211 -0.565 -0.49 -0.835 -1.33 -0.883 -0.016 1.466 2.059 0.356 -0.88 -2.125 0.982 -0.334 -2.232 -1.528 -0.42
276 L -1.445 -2.777 -3.31 -3.334 -0.165 -3.021 -3.568 -3.461 -2.587 3.927 2.699 -2.625 1.573 0.423 -3.552 -3.118 -1.248 -2.01 -1.221 2.371
277 N -1.674 -0.429 5.673 1.267 -1.861 -0.541 -0.74 -0.169 0.954 -2.727 -3.166 -0.31 -2.176 -2.389 -2.602 -0.132 -0.466 -2.981 -2.083 -2.575
278 V -0.65 -1.635 2.781 -0.874 -0.237 -1.741 -1.992 -1.711 -1.006 2.036 0.09 -1.526 0.118 -0.934 -2.978 -1.384 -0.466 -2.582 -1.538 3.129
279 L 1.551 -2.197 -2.666 -2.72 0.139 -2.292 -2.577 -1.574 -2.021 2.68 2.228 -1.894 1.082 -0.073 -2.699 -1.41 -1.001 -2.087 -1.365 1.579
280 L -1.555 -2.201 -3.377 -3.634 -0.165 -2.655 -3.32 -3.397 -2.328 1.991 4.061 -2.492 2.118 0.819 -3.619 -3.173 -1.595 -1.665 -1.07 1.092
281 S 0.396 -0.642 3.328 0.342 -0.451 -0.57 -0.625 -0.137 0.084 -2.169 -2.592 -0.303 -1.491 -2.094 -1.815 2.549 0.586 -2.696 -1.871 -1.671
282 Q -0.091 0.519 0.103 -0.335 -1.104 3.969 0.862 -0.96 0.4 -2.141 -2.113 0.787 -0.656 -2.593 -1.922 1.285 -0.166 -2.315 -1.448 -1.627
283 R -1.548 5.537 -0.476 -1.578 -2.273 0.503 -0.575 -2.142 0.084 -2.626 -2.042 2.004 -1.238 -2.486 -2.718 -1.42 -1.468 -2.248 -1.786 -2.176
284 L -1.555 -2.201 -3.377 -3.634 -0.165 -2.655 -3.32 -3.397 -2.328 1.991 4.061 -2.492 2.118 0.819 -3.619 -3.173 -1.595 -1.665 -1.07 1.092
285 R -1.627 4.486 0.189 3.093 -2.311 0.11 0.067 -1.767 -0.112 -2.663 -2.453 1.327 -1.651 -2.628 -2.573 -1.261 -1.454 -2.619 -2.151 -2.392
286 F -2.059 -2.654 -3.032 -3.427 -0.92 -3.41 -3.436 -3.048 -1.258 0.96 2.233 -3.016 0.983 5.559 -4.153 -3.087 -2.097 0.218 2.088 0.121
287 G 1.994 -2.05 -0.807 -1.454 -0.504 -1.888 -2.125 4.862 -1.399 -2.201 -2.574 -1.372 -1.953 -2.389 -2.291 -0.445 -1.344 -2.454 -2.62 -1.504
288 Q -1.147 0.606 0.089 -0.559 -2.06 3.999 0.873 -1.564 5.284 -2.388 -2.193 0.684 -0.676 -2.089 -2.351 -1.019 -1.349 -1.934 0.046 -2.161
289 L -1.33 2.913 -1.109 -0.473 -1.425 0.164 1.97 -2.434 -0.395 -0.222 1.455 0.591 0.254 -0.957 -2.66 -1.638 -1.457 -2.087 -1.568 -0.638
290 G 0.075 -2.372 -0.454 -1.337 -1.335 -2.21 -2.636 5.823 -1.491 -3.23 -3.475 -1.665 -2.681 -2.693 -2.794 -1.017 -1.934 -2.454 -3.163 -2.879
291 L -1.555 -2.201 -3.377 -3.634 -0.165 -2.655 -3.32 -3.397 -2.328 1.991 4.061 -2.492 2.118 0.819 -3.619 -3.173 -1.595 -1.665 -1.07 1.092
292 R -1.167 3.118 -0.829 -1.421 -1.308 2.609 -0.126 -2.042 0.038 -0.419 0.073 0.918 3.066 -1.244 -2.679 -1.361 -1.165 -1.89 -1.285 -0.634
293 R -0.781 3.341 -0.301 -1.094 -1.179 0.173 -0.474 -1.591 -0.464 -1.474 -1.742 2.667 -0.989 -2.253 -2.002 -0.397 1.854 -2.332 -1.77 -1.105
294 Y -2.08 -1.98 -2.447 -3.222 -1.947 -2.105 -2.566 -2.745 1.355 -1.127 -1.151 -2.162 -0.882 2.765 -3.888 -2.726 -2.292 7.76 5.801 -1.353
295 P -0.508 -2.138 -1.36 -1.495 -1.425 -2.032 -1.933 3.029 -1.577 -2.601 -2.983 -1.261 -2.503 -3.114 5.561 -1.308 -1.541 -3.678 -2.811 -2.392
296 V -0.621 -2.397 -3.081 -3.323 0.171 -2.619 -3.039 -3.105 -2.715 2.712 2.381 -2.432 1.319 0.058 -3.323 -2.561 -0.795 -2.135 -1.221 3.452
297 R -0.781 3.341 -0.301 -1.094 -1.179 0.173 -0.474 -1.591 -0.464 -1.474 -1.742 2.667 -0.989 -2.253 -2.002 -0.397 1.854 -2.332 -1.77 -1.105
298 L -1.499 -2.474 -3.343 -3.48 -0.165 -2.832 -3.441 -3.429 -2.454 3.119 3.459 -2.558 1.859 0.628 -3.585 -3.145 -1.416 -1.832 -1.145 1.801
299 F -2.349 -2.911 -2.875 -3.329 -1.388 -3.878 -3.497 -2.889 -0.843 0.262 0.55 -3.319 0.187 6.537 -4.462 -3.045 -2.385 0.837 2.917 -0.522
300 G 0.075 -2.372 -0.454 -1.337 -1.335 -2.21 -2.636 5.823 -1.491 -3.23 -3.475 -1.665 -2.681 -2.693 -2.794 -1.017 -1.934 -2.454 -3.163 -2.879
301 T -0.167 -1.501 -0.821 -1.584 0.182 -1.533 -1.815 -1.791 -1.847 1.286 -0.24 -1.246 -0.017 -1.145 -2.117 -0.008 3.383 -2.265 -1.573 2.18
302 N -0.468 -0.514 3.323 0.166 -1.187 -0.429 -0.606 -0.579 5.228 -2.419 -2.686 -0.455 -1.518 -1.665 -2.227 1.284 -0.279 -2.265 -0.199 -2.214
303 V -0.763 -2.792 -3.105 -3.187 0.091 -2.896 -3.277 -3.22 -2.826 3.889 1.32 -2.544 1.045 -0.088 -3.347 -2.667 -0.76 -2.298 -1.299 3.579
304 K -0.859 1.76 -0.223 -0.609 -1.969 2.887 0.705 -1.401 0.121 -2.176 -2.169 3.78 -0.938 -2.87 -1.848 -0.853 -1.06 -2.437 -1.625 -1.941
305 W -2.664 -2.397 -3.18 -3.634 -2.348 -2.838 -2.983 -2.38 -1.148 -1.868 -1.665 -2.805 -1.294 1.114 -5.422 -3.369 -2.709 10.625 2.155 -2.242
306 D -1.351 -1.368 -0.289 3.362 -1.453 -0.359 2.236 -2.042 -0.698 1.813 -0.566 -0.647 -0.551 -1.414 -2.494 -1.451 -1.274 -2.657 -2.004 0.465
307 S 1.657 -0.925 0.111 -0.581 0.177 -0.782 -0.808 -0.201 -0.731 -1.38 -1.91 -0.467 -1.029 -1.878 -1.524 2.651 1.73 -2.481 -1.762 -0.726
308 S 0.549 0.522 0.25 -0.412 -0.478 -0.049 -0.25 -0.477 -0.4 -1.994 -2.313 2.277 -1.213 -2.217 -1.558 2.459 0.452 -2.563 -1.781 -1.523
309 G 2.187 -1.467 -0.418 -1.034 -0.088 -1.301 -1.385 3.361 -1.031 -1.84 -2.255 -0.889 -1.491 -2.148 -1.862 1.485 -0.216 -2.49 -2.164 -1.101
310 S 0.396 -0.642 3.328 0.342 -0.451 -0.57 -0.625 -0.137 0.084 -2.169 -2.592 -0.303 -1.491 -2.094 -1.815 2.549 0.586 -2.696 -1.871 -1.671
311 S 0.711 -0.868 0.286 -0.496 0.075 -0.751 -0.818 -0.473 -0.758 -1.248 -1.854 -0.458 -0.966 -1.832 -1.558 2.671 2.544 -2.437 -1.753 -0.706
312 Y -1.827 -1.792 -2.14 -3.036 -1.766 -1.798 -2.378 -2.946 2.09 -0.818 -0.924 -1.887 -0.696 3.334 -3.347 -2.451 -2.104 2.294 6.685 -0.994
313 F -1.969 -1.739 2.776 -0.939 -1.282 -2.159 -2.243 -1.728 -0.267 0.027 0.965 -1.843 0.106 4.749 -3.578 -1.736 -1.482 -0.367 1.446 -0.654
314 Y -1.827 -1.792 -2.14 -3.036 -1.766 -1.798 -2.378 -2.946 2.09 -0.818 -0.924 -1.887 -0.696 3.334 -3.347 -2.451 -2.104 2.294 6.685 -0.994
315 I -0.958 -2.895 -3.162 -3.19 0.008 -3.001 -3.412 -3.308 -2.792 4.13 1.439 -2.593 1.118 0.012 -3.404 -2.802 -0.866 -2.265 -1.299 3.355
316 D -1.791 -1.602 1.185 5.854 -2.387 -0.886 1.036 -1.138 -0.55 -2.74 -3.506 -0.844 -2.712 -2.934 -2.304 -0.966 -1.427 -3.545 -3.058 -2.879
317 S 1.054 -0.755 0.483 -0.263 0.058 -0.584 -0.569 -0.121 -0.474 -1.926 -2.343 -0.299 -1.201 -1.958 -1.49 3.311 0.997 -2.563 -1.77 -1.307
318 S 1.054 -0.755 0.483 -0.263 0.058 -0.584 -0.569 -0.121 -0.474 -1.926 -2.343 -0.299 -1.201 -1.958 -1.49 3.311 0.997 -2.563 -1.77 -1.307
319 Y -1.99 -2.119 -2.365 -3.131 -1.635 -2.34 -2.705 -2.927 1.4 -0.411 -0.345 -2.29 -0.371 4.828 -3.673 -2.636 -2.194 1.885 5.882 -0.828
320 I -1.391 -3.115 -3.277 -3.195 -0.165 -3.224 -3.701 -3.493 -2.725 4.558 1.662 -2.693 1.257 0.204 -3.519 -3.091 -1.089 -2.199 -1.299 2.846
321 N -1.674 -0.429 5.673 1.267 -1.861 -0.541 -0.74 -0.169 0.954 -2.727 -3.166 -0.31 -2.176 -2.389 -2.602 -0.132 -0.466 -2.981 -2.083 -2.575
322 V -0.869 -2.249 -2.841 -3.062 0.003 -2.149 -2.941 -2.997 -2.073 3.305 1.612 -2.139 3.485 0.104 -3.317 -2.439 -0.857 -1.934 -1.14 2.942
323 L -1.555 -2.201 -3.377 -3.634 -0.165 -2.655 -3.32 -3.397 -2.328 1.991 4.061 -2.492 2.118 0.819 -3.619 -3.173 -1.595 -1.665 -1.07 1.092
324 I -1.391 -3.115 -3.277 -3.195 -0.165 -3.224 -3.701 -3.493 -2.725 4.558 1.662 -2.693 1.257 0.204 -3.519 -3.091 -1.089 -2.199 -1.299 2.846
325 C 0.631 -1.391 -0.282 -0.988 6.722 -1.267 -1.322 -0.658 -1.092 -1.477 -1.856 -0.973 -1.165 -1.985 -1.96 2.386 0.408 -2.774 -2.077 -0.981
326 Y -1.827 -1.792 -2.14 -3.036 -1.766 -1.798 -2.378 -2.946 2.09 -0.818 -0.924 -1.887 -0.696 3.334 -3.347 -2.451 -2.104 2.294 6.685 -0.994
327 G 0.075 -2.372 -0.454 -1.337 -1.335 -2.21 -2.636 5.823 -1.491 -3.23 -3.475 -1.665 -2.681 -2.693 -2.794 -1.017 -1.934 -2.454 -3.163 -2.879
328 V -0.535 -2.115 -1.76 -2.277 0.096 -2.174 -2.504 -2.451 -2.281 3.045 0.72 -1.842 0.606 -0.509 -2.689 -1.079 1.978 -2.265 -1.433 2.827
329 L -1.004 -2.581 -3.193 -3.329 0.008 -2.813 -3.291 -3.277 -2.65 3.383 2.544 -2.527 1.449 0.247 -3.435 -2.826 -1.013 -2.071 -1.221 2.962
330 L -1.499 -2.474 -3.343 -3.48 -0.165 -2.832 -3.441 -3.429 -2.454 3.119 3.459 -2.558 1.859 0.628 -3.585 -3.145 -1.416 -1.832 -1.145 1.801
331 F -2.349 -2.911 -2.875 -3.329 -1.388 -3.878 -3.497 -2.889 -0.843 0.262 0.55 -3.319 0.187 6.537 -4.462 -3.045 -2.385 0.837 2.917 -0.522
332 L 1.451 -2.146 -2.552 -2.757 -0.176 -2.437 -2.529 -1.461 -1.399 0.708 1.964 -2.039 0.746 3.874 -2.908 -1.401 -1.36 -0.735 0.815 0.308
333 L -1.736 -2.715 -3.168 -3.38 -0.518 -3.209 -3.502 -3.247 -1.847 2.809 2.475 -2.814 1.293 4.009 -3.837 -3.102 -1.641 -0.686 0.884 1.46
334 L -0.951 -2.024 -1.851 -2.381 -0.071 -2.19 -2.618 -2.563 -2.108 2.745 2.255 -1.866 1.142 -0.023 -2.804 -1.249 1.842 -2.01 -1.351 1.597
335 L -1.555 -2.201 -3.377 -3.634 -0.165 -2.655 -3.32 -3.397 -2.328 1.991 4.061 -2.492 2.118 0.819 -3.619 -3.173 -1.595 -1.665 -1.07 1.092
336 I -1.391 -3.115 -3.277 -3.195 -0.165 -3.224 -3.701 -3.493 -2.725 4.558 1.662 -2.693 1.257 0.204 -3.519 -3.091 -1.089 -2.199 -1.299 2.846
337 G 0.763 -1.201 0.203 -0.579 -0.336 -1.031 -1.109 3.308 -0.775 -2.298 -2.673 -0.687 -1.615 -2.182 -1.862 2.447 0.307 -2.527 -2.164 -1.742
338 Y -1.827 -1.792 -2.14 -3.036 -1.766 -1.798 -2.378 -2.946 2.09 -0.818 -0.924 -1.887 -0.696 3.334 -3.347 -2.451 -2.104 2.294 6.685 -0.994
339 S 0.711 -0.868 0.286 -0.496 0.075 -0.751 -0.818 -0.473 -0.758 -1.248 -1.854 -0.458 -0.966 -1.832 -1.558 2.671 2.544 -2.437 -1.753 -0.706
340 I -1.022 -1.89 -1.562 -2.241 -0.498 -1.92 -2.34 -2.444 0.059 2.243 0.182 -1.691 0.149 1.371 -2.733 -1.112 1.794 0.139 3.835 1.149
341 L -1.445 -2.777 -3.31 -3.334 -0.165 -3.021 -3.568 -3.461 -2.587 3.927 2.699 -2.625 1.573 0.423 -3.552 -3.118 -1.248 -2.01 -1.221 2.371
342 G -0.731 -2.209 -1.787 -2.337 -0.511 -2.032 -2.847 2.911 -1.644 2.41 0.946 -1.894 3.204 -0.373 -3.174 -1.923 -1.334 -1.949 -1.61 1.139
343 W -0.429 0.241 -0.619 -1.211 -1.221 -0.518 -0.785 -1.138 -0.602 -1.975 -2.071 2.038 -1.244 -0.699 -2.404 0.967 -0.54 7.514 0.175 -1.826
344 K -1.058 3.729 -0.346 -0.991 -2.083 0.699 0.036 -1.595 -0.139 -2.291 -2.182 3.903 -1.238 -2.704 -2.002 -1.06 -1.215 -2.454 -1.797 -2.066
345 L 1.715 -2.035 -2.572 -2.716 0.295 -2.129 -2.378 -1.477 -2.073 1.792 2.045 -1.817 0.934 -0.284 -2.611 -1.245 -0.784 -2.15 -1.365 2.334
346 I -0.958 -2.895 -3.162 -3.19 0.008 -3.001 -3.412 -3.308 -2.792 4.13 1.439 -2.593 1.118 0.012 -3.404 -2.802 -0.866 -2.265 -1.299 3.355
347 E -1.065 -0.299 -0.935 -0.104 -1.335 2.621 2.315 -2.198 -0.17 1.849 -0.338 0.16 -0.045 -1.422 -2.444 -1.371 -1.128 -2.265 -1.492 0.599
348 Y -1.791 -1.756 -2.104 -3.001 -1.73 -1.762 -2.342 -2.91 2.126 -0.782 -0.888 -1.852 -0.661 3.37 -3.312 -2.416 -2.068 2.33 6.609 -0.958
349 K -1.093 1.458 3.156 0.095 -1.947 0.413 -0.007 -0.904 0.205 -2.321 -2.528 3.615 -1.518 -2.669 -1.971 -0.618 -0.87 -2.696 -1.893 -2.188
350 E -1.255 1.965 3.149 0.804 -2.117 1.89 2.357 -1.191 0.602 -2.642 -2.597 0.77 -1.521 -2.573 -2.293 -0.643 -0.974 -2.518 -1.837 -2.225
351 D -1.923 -1.473 3.176 3.318 -1.85 -1.434 -0.522 -1.192 -0.034 -1.363 -1.409 -1.226 -1.276 3.597 -2.978 -1.143 -1.32 -1.191 0.51 -1.79
352 K -0.647 0.747 -0.855 -1.19 -0.983 2.546 0.082 -1.853 -0.44 0.665 -0.72 2.342 -0.154 -1.814 -2.286 -1.243 -0.837 -2.384 -1.458 1.623
353 G 0.382 -1.332 -0.015 -0.84 -0.317 -1.227 -1.412 3.205 -1.092 -1.538 -2.13 -0.869 -1.345 -2.046 -1.941 1.545 2.16 -2.402 -2.145 -1.054
354 L -1.555 -2.201 -3.377 -3.634 -0.165 -2.655 -3.32 -3.397 -2.328 1.991 4.061 -2.492 2.118 0.819 -3.619 -3.173 -1.595 -1.665 -1.07 1.092
355 L -1.124 -2.15 -2.774 -3.272 -0.406 -2.324 -2.843 -3.097 -0.126 1.796 2.091 -2.248 0.968 1.68 -3.378 -2.616 -1.305 0.196 3.87 2.186
356 I -0.958 -2.895 -3.162 -3.19 0.008 -3.001 -3.412 -3.308 -2.792 4.13 1.439 -2.593 1.118 0.012 -3.404 -2.802 -0.866 -2.265 -1.299 3.355
357 V -0.248 -2.501 -2.944 -3.179 0.326 -2.602 -2.908 -2.97 -2.929 3.015 0.931 -2.402 0.817 -0.413 -3.186 -2.298 -0.466 -2.402 -1.299 4.163
358 L -1.555 -2.201 -3.377 -3.634 -0.165 -2.655 -3.32 -3.397 -2.328 1.991 4.061 -2.492 2.118 0.819 -3.619 -3.173 -1.595 -1.665 -1.07 1.092
359 I -1.391 -3.115 -3.277 -3.195 -0.165 -3.224 -3.701 -3.493 -2.725 4.558 1.662 -2.693 1.257 0.204 -3.519 -3.091 -1.089 -2.199 -1.299 2.846
360 F -1.993 -2.977 -3.003 -3.283 -0.92 -3.643 -3.563 -3.077 -1.345 2.463 0.971 -3.095 0.589 5.523 -4.113 -3.06 -1.885 0.132 2.063 1.072
361 W -2.664 -2.397 -3.18 -3.634 -2.348 -2.838 -2.983 -2.38 -1.148 -1.868 -1.665 -2.805 -1.294 1.114 -5.422 -3.369 -2.709 10.625 2.155 -2.242
362 G 2.187 -1.467 -0.418 -1.034 -0.088 -1.301 -1.385 3.361 -1.031 -1.84 -2.255 -0.889 -1.491 -2.148 -1.862 1.485 -0.216 -2.49 -2.164 -1.101
363 L -1.004 -2.581 -3.193 -3.329 0.008 -2.813 -3.291 -3.277 -2.65 3.383 2.544 -2.527 1.449 0.247 -3.435 -2.826 -1.013 -2.071 -1.221 2.962
364 R -1.605 4.547 -0.136 -1.363 -2.298 0.293 -0.555 -1.991 5.2 -2.642 -2.219 1.337 -1.25 -1.84 -2.733 -1.477 -1.703 -1.964 -0.148 -2.439
365 A 3.952 -1.498 -1.676 -1.702 0.665 -1.334 -1.313 0.359 -1.225 -0.845 -1.336 -0.863 -0.888 -1.863 -1.49 0.44 -0.436 -2.454 -1.77 0.124
366 C -0.956 -2.483 -2.852 -3.141 6.707 -2.372 -3.249 -2.706 -2.082 2.59 1.204 -2.34 3.294 -0.266 -3.329 -2.209 -1.157 -2.15 -1.538 1.443
367 I -1.391 -3.115 -3.277 -3.195 -0.165 -3.224 -3.701 -3.493 -2.725 4.558 1.662 -2.693 1.257 0.204 -3.519 -3.091 -1.089 -2.199 -1.299 2.846
368 D -1.752 -1.156 3.519 4.964 -2.2 -0.767 0.556 -0.777 0.043 -2.735 -3.388 -0.655 -2.522 -2.74 -2.4 -0.661 -1.07 -3.345 -2.695 -2.774
369 P -0.851 -2.028 -1.948 -1.578 -1.471 -1.947 -1.637 -1.867 -1.622 -2.332 -2.765 -1.078 -2.417 -3.35 6.677 -1.466 -1.363 -4.563 -2.65 -2.176
370 Q -0.897 0.993 -0.107 -0.371 -1.925 4.933 1.378 -1.493 0.755 -2.255 -2.005 1.207 -0.417 -2.973 -2.165 -0.769 -0.989 -2.199 -1.299 -1.801
371 L -1.499 -2.474 -3.343 -3.48 -0.165 -2.832 -3.441 -3.429 -2.454 3.119 3.459 -2.558 1.859 0.628 -3.585 -3.145 -1.416 -1.832 -1.145 1.801
372 F -2.164 -2.488 -2.608 -3.228 -1.509 -3.008 -3.074 -2.908 0.491 -0.055 0.137 -2.759 -0.078 5.807 -4.041 -2.833 -2.288 1.409 4.764 -0.671
373 L -1.555 -2.201 -3.377 -3.634 -0.165 -2.655 -3.32 -3.397 -2.328 1.991 4.061 -2.492 2.118 0.819 -3.619 -3.173 -1.595 -1.665 -1.07 1.092
374 L -1.051 -2.297 -3.225 -3.474 0.008 -2.637 -3.176 -3.247 -2.515 2.374 3.341 -2.462 1.746 0.463 -3.467 -2.851 -1.167 -1.89 -1.145 2.507
375 W -2.664 -2.397 -3.18 -3.634 -2.348 -2.838 -2.983 -2.38 -1.148 -1.868 -1.665 -2.805 -1.294 1.114 -5.422 -3.369 -2.709 10.625 2.155 -2.242
376 F -1.953 -1.504 -1.152 -2.245 -1.808 -1.577 -1.863 -2.457 5.317 -0.838 -0.716 -1.814 -0.532 4.351 -3.441 -2.301 -2.241 0.938 4.579 -1.332
377 N -1.674 -0.429 5.673 1.267 -1.861 -0.541 -0.74 -0.169 0.954 -2.727 -3.166 -0.31 -2.176 -2.389 -2.602 -0.132 -0.466 -2.981 -2.083 -2.575
378 P -0.851 -2.028 -1.948 -1.578 -1.471 -1.947 -1.637 -1.867 -1.622 -2.332 -2.765 -1.078 -2.417 -3.35 6.677 -1.466 -1.363 -4.563 -2.65 -2.176
379 F -2.349 -2.911 -2.875 -3.329 -1.388 -3.878 -3.497 -2.889 -0.843 0.262 0.55 -3.319 0.187 6.537 -4.462 -3.045 -2.385 0.837 2.917 -0.522
380 L -1.555 -2.201 -3.377 -3.634 -0.165 -2.655 -3.32 -3.397 -2.328 1.991 4.061 -2.492 2.118 0.819 -3.619 -3.173 -1.595 -1.665 -1.07 1.092
381 F -2.349 -2.911 -2.875 -3.329 -1.388 -3.878 -3.497 -2.889 -0.843 0.262 0.55 -3.319 0.187 6.537 -4.462 -3.045 -2.385 0.837 2.917 -0.522
382 L -1.393 -1.907 -3.003 -3.34 -0.171 -2.023 -2.966 -3.105 -1.807 1.863 3.547 -2.108 3.835 0.702 -3.493 -2.74 -1.405 -1.545 -0.994 1.053
383 L -1.736 -2.715 -3.168 -3.38 -0.518 -3.209 -3.502 -3.247 -1.847 2.809 2.475 -2.814 1.293 4.009 -3.837 -3.102 -1.641 -0.686 0.884 1.46
384 L 1.518 -1.283 2.835 -0.656 -0.273 -1.384 -1.597 -0.663 -0.535 0.121 1.502 -1.083 0.266 -0.78 -2.44 -0.581 -0.784 -2.315 -1.61 -0.084
385 G -0.772 2.783 -0.973 -1.844 -1.137 -0.709 -1.707 2.973 -0.72 -0.569 -0.12 0.155 2.906 -1.19 -2.913 -1.46 -1.465 -1.964 -1.781 -0.841
386 G 0.382 -1.332 -0.015 -0.84 -0.317 -1.227 -1.412 3.205 -1.092 -1.538 -2.13 -0.869 -1.345 -2.046 -1.941 1.545 2.16 -2.402 -2.145 -1.054
387 C -1.387 -1.925 2.782 -0.933 6.637 -2.22 -2.354 -1.505 -0.53 -0.822 -0.852 -1.9 -0.866 3.633 -3.329 -1.378 -1.289 -1.145 0.535 -1.019
388 L -1.499 -2.474 -3.343 -3.48 -0.165 -2.832 -3.441 -3.429 -2.454 3.119 3.459 -2.558 1.859 0.628 -3.585 -3.145 -1.416 -1.832 -1.145 1.801
389 L -1.06 -1.602 -0.234 3.035 -0.62 -1.453 -0.686 -1.796 -1.345 0.276 1.515 -1.281 0.277 -0.811 -2.435 -0.743 1.803 -2.367 -1.837 -0.092
390 D -1.158 0.513 0.274 3.492 -2.261 0.557 2.583 -1.465 -0.117 -2.536 -2.781 2.363 -1.843 -2.789 -1.956 -0.888 -1.276 -2.794 -2.208 -2.322
391 E -0.865 1.201 -0.296 0.617 -2.179 1.096 3.09 -1.623 0.099 -2.419 -2.455 3.159 -1.469 -2.698 -1.775 -0.828 -1.182 -2.46 -1.84 -2.058
392 I -1.37 -3.094 -3.255 -3.174 -0.143 -3.202 -3.68 -3.472 -2.704 4.502 1.684 -2.671 1.278 0.225 -3.497 -3.069 -1.068 -2.177 -1.278 2.867
393 N -1.206 1.111 3.98 0.457 -1.904 0.224 -0.152 -0.68 0.433 -2.395 -2.653 2.979 -1.647 -2.575 -2.095 -0.467 -0.742 -2.743 -1.918 -2.259
394 K -0.943 0.857 -1.121 -1.575 -0.926 0.032 -0.715 -1.889 -0.576 0.311 0.715 2.821 3.836 -0.72 -2.354 -1.386 -1.057 -1.854 -1.264 -0.127
395 D -1.735 -0.9 0.86 4.085 -2.346 -0.49 0.385 -1.389 6.132 -2.686 -3.001 -0.79 -1.884 -1.698 -2.503 -1.242 -1.784 -2.302 0.189 -2.941
396 R -1.663 3.72 -1.168 -2.195 -1.987 -0.402 -1.316 -2.495 1.28 -1.561 -1.408 0.692 -0.933 1.716 -2.994 -1.869 -1.747 0.859 4.792 -1.503
397 W -1.629 2.903 -1.078 -0.473 -2.348 0.142 1.989 -2.157 -0.157 -2.396 -2.109 0.557 -1.424 -0.771 -2.999 -1.675 -1.767 7.519 0.152 -2.188
398 E -0.218 -1.08 -0.658 -0.071 -0.648 -0.272 1.951 -1.533 -0.671 1.877 -0.398 -0.466 -0.254 -1.194 -2.178 1.005 -0.27 -2.384 -1.651 0.676
399 K -0.681 1.361 -0.322 -0.298 -1.936 0.572 1.368 1.623 -0.307 -2.396 -2.502 3.618 -1.521 -2.765 -1.89 -0.9 -1.257 -2.518 -2.01 -2.164
400 K -1.013 1.138 -0.982 -1.349 -1.247 -0.039 -0.531 -1.909 -0.871 1.906 -0.31 3.472 -0.15 -1.433 -2.19 -1.46 -1.094 -2.437 -1.625 0.587
401 G -0.766 -0.801 -0.092 0.025 -1.992 -0.008 2.019 3.033 5.148 -2.885 -2.909 -0.432 -1.851 -1.93 -2.453 -1.12 -1.804 -2.071 -0.39 -2.665
402 D -1.158 0.513 0.274 3.492 -2.261 0.557 2.583 -1.465 -0.117 -2.536 -2.781 2.363 -1.843 -2.789 -1.956 -0.888 -1.276 -2.794 -2.208 -2.322
403 D -1.476 -1.027 0.757 4.987 -2.399 0.055 2.707 -1.388 -0.207 -2.752 -3.218 -0.25 -2.362 -2.826 -2.161 -0.912 -1.389 -3.112 -2.628 -2.614
404 N -1.515 -1.456 3.772 -0.161 -0.875 -1.567 -1.842 -1.362 -0.321 2.747 0.173 -1.248 0.038 -0.796 -3.01 -1.234 -0.746 -2.549 -1.65 1.271
405 V -0.172 -1.706 -1.209 -1.894 0.233 -1.751 -2.037 -2.029 -2.067 1.839 0.114 -1.48 0.23 -0.929 -2.335 -0.419 2.762 -2.284 -1.488 2.79
406 L -1.673 -1.975 -2.678 -3.306 -0.841 -2.18 -2.796 -3.148 0.67 0.93 2.515 -2.16 1.056 2.356 -3.466 -2.775 -1.824 0.961 4.848 0.248
407 F -1.64 -2.042 -2.599 -3.053 -0.709 -2.128 -2.863 -2.725 -0.897 1.015 1.455 -2.232 4.023 4.849 -3.783 -2.479 -1.633 -0.03 1.624 0.337
408 K -0.617 2.141 -0.576 -1.293 4.859 -0.261 -0.812 -1.595 -0.871 -1.192 -1.574 2.33 -0.966 -2.18 -2.063 -0.426 1.861 -2.481 -1.916 -0.84
409 V -0.535 -2.115 -1.76 -2.277 0.096 -2.174 -2.504 -2.451 -2.281 3.045 0.72 -1.842 0.606 -0.509 -2.689 -1.079 1.978 -2.265 -1.433 2.827
410 N -1.317 -0.954 2.953 0.499 -1.317 -0.259 1.928 -1.559 -0.077 1.814 -0.523 -0.47 -0.46 -1.298 -2.597 -1.093 -0.934 -2.508 -1.748 0.499