#Seq2Logo.py -f /work3/idamei/wzy_ssn/run/1e-50/run/150/MSAs/0004_230.afa -o /work3/idamei/wzy_ssn/run/1e-50/run/150/logos/0004_230.logo
Last position-specific scoring matrix computed, values are in halfbits
A R N D C Q E G H I L K M F P S T W Y V
0 L -1.056 -1.359 -2.336 -2.79 -0.144 -1.027 -2.329 -2.559 -0.944 1.627 2.159 -1.428 5.486 0.492 -3.218 -1.992 -1.022 -1.282 -0.808 1.014
1 I -1.353 -3.077 -3.239 -3.157 -0.126 -3.185 -3.663 -3.455 -2.687 4.457 1.701 -2.655 1.295 0.242 -3.481 -3.052 -1.051 -2.161 -1.261 2.884
2 L -1.08 -1.383 -2.36 -2.814 -0.168 -1.051 -2.353 -2.583 -0.968 1.603 2.135 -1.452 5.611 0.468 -3.242 -2.016 -1.046 -1.306 -0.832 0.99
3 V -0.749 -2.777 -3.091 -3.173 0.105 -2.882 -3.263 -3.205 -2.811 3.871 1.334 -2.53 1.06 -0.074 -3.333 -2.653 -0.746 -2.284 -1.285 3.561
4 N 0.015 -0.573 4.091 0.617 -0.73 -0.548 -0.639 -0.13 0.342 -2.284 -2.711 -0.29 -1.633 -2.151 -1.978 2.041 0.372 -2.75 -1.908 -1.857
5 K -0.802 2.118 -0.244 -0.698 -1.953 0.831 0.337 -1.318 -0.219 -2.099 -2.216 4.428 -1.2 -2.782 -1.663 -0.857 -1.058 -2.525 -1.765 -1.975
6 A 2.831 -1.089 -0.385 -0.879 0.392 -0.921 -0.903 0.144 -0.811 -1.32 -1.781 -0.553 -1.026 -1.895 -1.475 2.187 0.383 -2.494 -1.756 -0.489
7 K -0.826 2.094 -0.268 -0.722 -1.977 0.807 0.313 -1.342 -0.243 -2.123 -2.24 4.49 -1.224 -2.806 -1.687 -0.881 -1.082 -2.549 -1.789 -1.999
8 N -1.515 -1.456 3.772 -0.161 -0.875 -1.567 -1.842 -1.362 -0.321 2.747 0.173 -1.248 0.038 -0.796 -3.01 -1.234 -0.746 -2.549 -1.65 1.271
9 F -2.062 -2.283 -2.47 -3.164 -1.557 -2.64 -2.869 -2.903 0.996 -0.213 -0.079 -2.501 -0.207 5.346 -3.837 -2.719 -2.227 1.671 5.356 -0.734
10 V -0.749 -2.777 -3.091 -3.173 0.105 -2.882 -3.263 -3.205 -2.811 3.871 1.334 -2.53 1.06 -0.074 -3.333 -2.653 -0.746 -2.284 -1.285 3.561
11 L -1.91 -2.52 -3.1 -3.463 -0.698 -3.188 -3.393 -3.117 -1.476 1.268 2.795 -2.862 1.326 4.892 -3.996 -3.094 -1.949 -0.136 1.577 0.411
12 I -1.377 -3.101 -3.263 -3.181 -0.15 -3.209 -3.687 -3.479 -2.711 4.521 1.677 -2.679 1.271 0.218 -3.505 -3.076 -1.075 -2.185 -1.285 2.86
13 L -1.458 -2.607 -3.312 -3.392 -0.15 -2.911 -3.49 -3.43 -2.505 3.529 3.092 -2.577 1.734 0.542 -3.554 -3.117 -1.317 -1.905 -1.168 2.114
14 F -2.334 -2.896 -2.86 -3.314 -1.374 -3.864 -3.482 -2.875 -0.828 0.277 0.565 -3.304 0.201 6.515 -4.448 -3.031 -2.371 0.852 2.931 -0.507
15 D -0.826 -1.33 0.607 4.09 -0.864 -0.985 0.084 -1.224 -0.941 -1.212 -2.025 -0.81 -1.416 -2.173 -1.972 -0.006 2.625 -2.78 -2.298 -0.921
16 V -0.234 -2.486 -2.929 -3.164 0.34 -2.587 -2.894 -2.955 -2.915 3.03 0.945 -2.388 0.832 -0.398 -3.171 -2.284 -0.451 -2.387 -1.285 4.125
17 I -1.372 -3.096 -3.258 -3.176 -0.145 -3.205 -3.682 -3.474 -2.706 4.508 1.682 -2.674 1.276 0.223 -3.5 -3.072 -1.07 -2.18 -1.28 2.865
18 C -0.443 -3.334 -2.96 -3.414 9.674 -3.454 -3.92 -2.159 -2.945 -0.727 -1.057 -3.109 -1.074 -2.023 -3.202 -1.665 -1.312 -3.23 -2.792 -0.405
19 L -1.301 -1.757 -2.818 -3.189 -0.159 -1.738 -2.79 -2.955 -1.563 1.811 3.24 -1.92 4.367 0.656 -3.418 -2.531 -1.301 -1.473 -0.942 1.048
20 F -2.334 -2.896 -2.86 -3.314 -1.374 -3.864 -3.482 -2.875 -0.828 0.277 0.565 -3.304 0.201 6.515 -4.448 -3.031 -2.371 0.852 2.931 -0.507
21 L -1.458 -2.607 -3.312 -3.392 -0.15 -2.911 -3.49 -3.43 -2.505 3.529 3.092 -2.577 1.734 0.542 -3.554 -3.117 -1.317 -1.905 -1.168 2.114
22 N -1.66 -0.415 5.643 1.281 -1.846 -0.527 -0.725 -0.155 0.968 -2.712 -3.152 -0.296 -2.161 -2.374 -2.588 -0.118 -0.451 -2.966 -2.069 -2.56
23 V -0.749 -2.777 -3.091 -3.173 0.105 -2.882 -3.263 -3.205 -2.811 3.871 1.334 -2.53 1.06 -0.074 -3.333 -2.653 -0.746 -2.284 -1.285 3.561
24 F -2.062 -2.283 -2.47 -3.164 -1.557 -2.64 -2.869 -2.903 0.996 -0.213 -0.079 -2.501 -0.207 5.346 -3.837 -2.719 -2.227 1.671 5.356 -0.734
25 V -0.749 -2.777 -3.091 -3.173 0.105 -2.882 -3.263 -3.205 -2.811 3.871 1.334 -2.53 1.06 -0.074 -3.333 -2.653 -0.746 -2.284 -1.285 3.561
26 Y -0.027 -1.213 -0.526 -1.314 -0.698 -1.113 -1.32 -1.186 1.098 -1.305 -1.533 -0.971 -0.923 1.776 -2.257 1.637 -0.141 0.8 4.807 -1.132
27 V -0.749 -2.777 -3.091 -3.173 0.105 -2.882 -3.263 -3.205 -2.811 3.871 1.334 -2.53 1.06 -0.074 -3.333 -2.653 -0.746 -2.284 -1.285 3.561
28 P -0.836 -2.014 -1.934 -1.564 -1.457 -1.933 -1.622 -1.852 -1.608 -2.318 -2.75 -1.064 -2.403 -3.336 6.663 -1.452 -1.348 -4.549 -2.636 -2.162
29 L -1.537 3.704 -1.562 -2.412 -1.016 -0.649 -1.618 -2.688 -0.863 0.536 2.37 0.57 0.917 -0.37 -3.119 -2.151 -1.516 -1.927 -1.392 -0.088
30 L -1.458 -2.607 -3.312 -3.392 -0.15 -2.911 -3.49 -3.43 -2.505 3.529 3.092 -2.577 1.734 0.542 -3.554 -3.117 -1.317 -1.905 -1.168 2.114
31 V -0.749 -2.777 -3.091 -3.173 0.105 -2.882 -3.263 -3.205 -2.811 3.871 1.334 -2.53 1.06 -0.074 -3.333 -2.653 -0.746 -2.284 -1.285 3.561
32 L -1.458 -2.607 -3.312 -3.392 -0.15 -2.911 -3.49 -3.43 -2.505 3.529 3.092 -2.577 1.734 0.542 -3.554 -3.117 -1.317 -1.905 -1.168 2.114
33 G 0.62 -1.438 0.066 -0.736 -0.541 -1.27 -1.407 4.159 -0.924 -2.49 -2.839 -0.888 -1.833 -2.287 -2.054 1.855 -0.097 -2.494 -2.369 -1.973
34 F -1.097 -2.684 -2.895 -3.238 -0.392 -3.156 -3.173 -2.915 -1.687 1.97 0.761 -2.81 0.534 4.766 -3.74 -2.633 -1.254 -0.335 1.533 2.653
35 L -1.541 -2.186 -3.362 -3.62 -0.15 -2.64 -3.306 -3.383 -2.314 2.005 4.037 -2.478 2.132 0.833 -3.604 -3.158 -1.581 -1.65 -1.056 1.106
36 K -0.447 0.92 -0.203 -0.865 -0.741 0.007 -0.41 -1.336 -0.769 -1.02 -1.588 2.919 -0.857 -2.129 -1.687 0.019 2.668 -2.361 -1.747 -0.675
37 K -0.515 0.63 -1.302 -1.692 -0.592 -0.418 -0.866 -2.037 -1.28 1.477 -0.229 2.745 -0.017 -1.358 -2.335 -1.498 -0.749 -2.467 -1.526 2.451
38 D -1.777 -1.588 1.199 5.833 -2.372 -0.872 1.05 -1.124 -0.536 -2.725 -3.491 -0.829 -2.698 -2.92 -2.289 -0.952 -1.413 -3.531 -3.043 -2.864
39 K 0.274 1.011 0.14 -0.476 -0.774 0.2 -0.088 -0.659 -0.349 -2.015 -2.284 2.995 -1.205 -2.342 -1.579 1.878 0.15 -2.549 -1.772 -1.624
40 T 0.538 -0.911 0.197 -0.606 0.097 -0.824 -0.937 -0.653 -0.897 -0.946 -1.623 -0.527 -0.841 -1.756 -1.579 2.258 3.059 -2.361 -1.731 -0.432
41 L -0.814 -2.332 -3.138 -3.383 0.105 -2.614 -3.092 -3.161 -2.599 2.562 2.887 -2.433 1.555 0.282 -3.38 -2.688 -0.961 -1.995 -1.168 2.993
42 K -1.088 0.535 -1.393 -1.697 -0.922 -0.553 -1.043 -2.217 -1.221 2.796 0.337 2.721 0.285 -0.915 -2.455 -1.775 -1.078 -2.361 -1.526 1.352
43 V -0.749 -2.777 -3.091 -3.173 0.105 -2.882 -3.263 -3.205 -2.811 3.871 1.334 -2.53 1.06 -0.074 -3.333 -2.653 -0.746 -2.284 -1.285 3.561
44 T -0.112 -1.093 -0.139 -1.014 0.122 -1.103 -1.378 -1.329 -1.413 -0.224 -1.057 -0.791 -0.532 -1.58 -1.687 0.705 4.245 -2.185 -1.706 0.229
45 F -1.816 -2.997 -3.054 -3.247 -0.698 -3.518 -3.583 -3.161 -1.619 3.118 1.174 -2.975 0.786 4.823 -3.938 -3.053 -1.651 -0.284 1.533 1.642
46 P -0.836 -2.014 -1.934 -1.564 -1.457 -1.933 -1.622 -1.852 -1.608 -2.318 -2.75 -1.064 -2.403 -3.336 6.663 -1.452 -1.348 -4.549 -2.636 -2.162
47 L -1.541 -2.186 -3.362 -3.62 -0.15 -2.64 -3.306 -3.383 -2.314 2.005 4.037 -2.478 2.132 0.833 -3.604 -3.158 -1.581 -1.65 -1.056 1.106
48 F -1.64 -2.042 -2.599 -3.053 -0.709 -2.128 -2.863 -2.725 -0.897 1.015 1.455 -2.232 4.023 4.849 -3.783 -2.479 -1.633 -0.03 1.624 0.337
49 L -1.541 -2.186 -3.362 -3.62 -0.15 -2.64 -3.306 -3.383 -2.314 2.005 4.037 -2.478 2.132 0.833 -3.604 -3.158 -1.581 -1.65 -1.056 1.106
50 S 1.068 -0.741 0.497 -0.249 0.072 -0.57 -0.555 -0.106 -0.46 -1.911 -2.328 -0.285 -1.187 -1.943 -1.475 3.262 1.011 -2.549 -1.756 -1.292
51 V -0.749 -2.777 -3.091 -3.173 0.105 -2.882 -3.263 -3.205 -2.811 3.871 1.334 -2.53 1.06 -0.074 -3.333 -2.653 -0.746 -2.284 -1.285 3.561
52 L -1.541 -2.186 -3.362 -3.62 -0.15 -2.64 -3.306 -3.383 -2.314 2.005 4.037 -2.478 2.132 0.833 -3.604 -3.158 -1.581 -1.65 -1.056 1.106
53 A 3.918 -1.484 -1.662 -1.687 0.68 -1.32 -1.298 0.374 -1.211 -0.83 -1.321 -0.849 -0.874 -1.848 -1.475 0.455 -0.422 -2.44 -1.756 0.139
54 Y -1.812 -1.777 -2.126 -3.022 -1.752 -1.784 -2.363 -2.932 2.105 -0.804 -0.91 -1.873 -0.682 3.348 -3.333 -2.437 -2.089 2.309 6.655 -0.979
55 N -1.735 -1.016 3.832 -0.133 -1.799 -1.087 -1.43 -1.221 1.592 -1.603 -1.818 -0.978 -1.328 1.72 -2.936 -1.051 -1.156 0.739 4.792 -1.663
56 F -2.334 -2.896 -2.86 -3.314 -1.374 -3.864 -3.482 -2.875 -0.828 0.277 0.565 -3.304 0.201 6.515 -4.448 -3.031 -2.371 0.852 2.931 -0.507
57 I -1.377 -3.101 -3.263 -3.181 -0.15 -3.209 -3.687 -3.479 -2.711 4.521 1.677 -2.679 1.271 0.218 -3.505 -3.076 -1.075 -2.185 -1.285 2.86
58 P -0.836 -2.014 -1.934 -1.564 -1.457 -1.933 -1.622 -1.852 -1.608 -2.318 -2.75 -1.064 -2.403 -3.336 6.663 -1.452 -1.348 -4.549 -2.636 -2.162
59 G -0.336 -2.18 -1.091 -1.441 -1.388 -2.061 -2.079 4.005 -1.541 -2.732 -3.084 -1.342 -2.532 -2.988 4.77 -1.218 -1.62 -3.306 -2.88 -2.492
60 E -0.556 -1.068 -1.352 0.038 -0.719 0.004 2.709 -2.409 -0.811 1.393 -0.337 -0.467 -0.181 -1.297 -2.455 -1.442 -0.845 -2.387 -1.58 2.437
61 D -0.826 -1.33 0.607 4.09 -0.864 -0.985 0.084 -1.224 -0.941 -1.212 -2.025 -0.81 -1.416 -2.173 -1.972 -0.006 2.625 -2.78 -2.298 -0.921
62 F -2.062 -2.283 -2.47 -3.164 -1.557 -2.64 -2.869 -2.903 0.996 -0.213 -0.079 -2.501 -0.207 5.346 -3.837 -2.719 -2.227 1.671 5.356 -0.734
63 D -1.777 -1.588 1.199 5.833 -2.372 -0.872 1.05 -1.124 -0.536 -2.725 -3.491 -0.829 -2.698 -2.92 -2.289 -0.952 -1.413 -3.531 -3.043 -2.864
64 L -1.541 -2.186 -3.362 -3.62 -0.15 -2.64 -3.306 -3.383 -2.314 2.005 4.037 -2.478 2.132 0.833 -3.604 -3.158 -1.581 -1.65 -1.056 1.106
65 Y -1.812 -1.777 -2.126 -3.022 -1.752 -1.784 -2.363 -2.932 2.105 -0.804 -0.91 -1.873 -0.682 3.348 -3.333 -2.437 -2.089 2.309 6.655 -0.979
66 R -1.534 5.51 -0.462 -1.564 -2.259 0.518 -0.561 -2.128 0.098 -2.612 -2.028 2.018 -1.224 -2.472 -2.704 -1.406 -1.454 -2.234 -1.772 -2.162
67 H -1.707 -0.358 0.459 -0.961 -2.334 -0.165 -0.501 -1.697 7.998 -2.662 -2.595 -0.766 -1.261 -0.853 -2.749 -1.579 -2.227 -1.454 1.667 -3.036
68 F -2.062 -2.283 -2.47 -3.164 -1.557 -2.64 -2.869 -2.903 0.996 -0.213 -0.079 -2.501 -0.207 5.346 -3.837 -2.719 -2.227 1.671 5.356 -0.734
69 E -0.488 -0.567 -0.237 0.521 -0.875 0.374 2.848 -1.623 -0.371 -1.223 -1.764 0.035 -1.079 -2.049 -1.783 0.053 2.639 -2.284 -1.805 -0.717
70 N 0.015 -0.573 4.091 0.617 -0.73 -0.548 -0.639 -0.13 0.342 -2.284 -2.711 -0.29 -1.633 -2.151 -1.978 2.041 0.372 -2.75 -1.908 -1.857
71 Y -1.812 -1.777 -2.126 -3.022 -1.752 -1.784 -2.363 -2.932 2.105 -0.804 -0.91 -1.873 -0.682 3.348 -3.333 -2.437 -2.089 2.309 6.655 -0.979
72 D -1.295 -0.008 0.625 4.152 -2.133 3.251 1.226 -1.296 0.19 -2.473 -2.645 0.375 -1.328 -2.939 -2.219 -0.852 -1.186 -2.78 -2.032 -2.276
73 F -1.977 -1.397 3.79 -0.184 -1.601 -1.738 -1.786 -1.205 0.208 -0.847 -0.732 -1.424 -0.745 4.644 -3.37 -1.221 -1.254 -0.467 1.401 -1.355
74 F -2.334 -2.896 -2.86 -3.314 -1.374 -3.864 -3.482 -2.875 -0.828 0.277 0.565 -3.304 0.201 6.515 -4.448 -3.031 -2.371 0.852 2.931 -0.507
75 N -0.956 -0.955 3.879 0.078 -0.826 -1.084 -1.322 -0.877 -0.026 -0.151 1.343 -0.855 0.127 -0.832 -2.648 0.295 -0.445 -2.396 -1.642 -0.639
76 N -1.66 -0.415 5.643 1.281 -1.846 -0.527 -0.725 -0.155 0.968 -2.712 -3.152 -0.296 -2.161 -2.374 -2.588 -0.118 -0.451 -2.966 -2.069 -2.56
77 G -0.654 -1.226 3.974 0.264 -1.571 -1.242 -1.52 4.153 -0.002 -2.953 -3.302 -0.894 -2.403 -2.522 -2.682 -0.526 -1.093 -2.691 -2.558 -2.708
78 N -1.735 -1.016 3.832 -0.133 -1.799 -1.087 -1.43 -1.221 1.592 -1.603 -1.818 -0.978 -1.328 1.72 -2.936 -1.051 -1.156 0.739 4.792 -1.663
79 E -0.919 -0.122 -0.338 1.518 -2.411 1.346 4.494 -1.95 0.392 -2.764 -2.703 0.677 -1.754 -2.608 -1.882 -0.791 -1.301 -2.387 -1.908 -2.134
80 L -0.814 -2.332 -3.138 -3.383 0.105 -2.614 -3.092 -3.161 -2.599 2.562 2.887 -2.433 1.555 0.282 -3.38 -2.688 -0.961 -1.995 -1.168 2.993
81 E 0.242 -0.415 0.109 0.768 -0.91 0.544 2.956 -0.883 -0.002 -2.306 -2.51 0.236 -1.456 -2.256 -1.671 1.895 0.081 -2.467 -1.831 -1.683
82 F -2.062 -2.283 -2.47 -3.164 -1.557 -2.64 -2.869 -2.903 0.996 -0.213 -0.079 -2.501 -0.207 5.346 -3.837 -2.719 -2.227 1.671 5.356 -0.734
83 I 0.097 -1.686 -0.809 -1.357 -0.037 -1.598 -1.715 -1.326 -1.371 2.816 0.32 -1.24 0.296 -0.665 -2.315 1.566 0.153 -2.361 -1.511 1.474
84 R -1.534 5.51 -0.462 -1.564 -2.259 0.518 -0.561 -2.128 0.098 -2.612 -2.028 2.018 -1.224 -2.472 -2.704 -1.406 -1.454 -2.234 -1.772 -2.162
85 D -1.777 -1.588 1.199 5.833 -2.372 -0.872 1.05 -1.124 -0.536 -2.725 -3.491 -0.829 -2.698 -2.92 -2.289 -0.952 -1.413 -3.531 -3.043 -2.864
86 F -2.334 -2.896 -2.86 -3.314 -1.374 -3.864 -3.482 -2.875 -0.828 0.277 0.565 -3.304 0.201 6.515 -4.448 -3.031 -2.371 0.852 2.931 -0.507
87 L -1.91 -2.52 -3.1 -3.463 -0.698 -3.188 -3.393 -3.117 -1.476 1.268 2.795 -2.862 1.326 4.892 -3.996 -3.094 -1.949 -0.136 1.577 0.411
88 L -1.541 -2.186 -3.362 -3.62 -0.15 -2.64 -3.306 -3.383 -2.314 2.005 4.037 -2.478 2.132 0.833 -3.604 -3.158 -1.581 -1.65 -1.056 1.106
89 Y -1.331 -0.832 -1.096 0.062 -2.063 0.186 2.75 -2.399 1.374 -1.62 -1.669 -0.325 -1.168 1.693 -2.517 -1.498 -1.668 0.826 4.8 -1.499
90 F -1.816 -2.997 -3.054 -3.247 -0.698 -3.518 -3.583 -3.161 -1.619 3.118 1.174 -2.975 0.786 4.823 -3.938 -3.053 -1.651 -0.284 1.533 1.642
91 L -1.541 -2.186 -3.362 -3.62 -0.15 -2.64 -3.306 -3.383 -2.314 2.005 4.037 -2.478 2.132 0.833 -3.604 -3.158 -1.581 -1.65 -1.056 1.106
92 F -2.334 -2.896 -2.86 -3.314 -1.374 -3.864 -3.482 -2.875 -0.828 0.277 0.565 -3.304 0.201 6.515 -4.448 -3.031 -2.371 0.852 2.931 -0.507
93 I -0.676 -1.925 -1.297 -1.899 -0.011 -1.968 -2.307 -2.208 -1.99 3.03 0.622 -1.583 0.508 -0.543 -2.455 -0.606 2.669 -2.185 -1.488 1.835
94 V -0.749 -2.777 -3.091 -3.173 0.105 -2.882 -3.263 -3.205 -2.811 3.871 1.334 -2.53 1.06 -0.074 -3.333 -2.653 -0.746 -2.284 -1.285 3.561
95 G 0.09 -2.358 -0.44 -1.323 -1.32 -2.195 -2.622 5.809 -1.476 -3.215 -3.461 -1.651 -2.667 -2.678 -2.779 -1.002 -1.919 -2.44 -3.148 -2.864
96 G -0.609 3.693 -0.451 -1.441 -1.752 -0.531 -1.411 3.988 -0.583 -2.898 -2.656 0.732 -1.856 -2.573 -2.742 -1.197 -1.677 -2.335 -2.379 -2.492
97 L -1.91 -2.52 -3.1 -3.463 -0.698 -3.188 -3.393 -3.117 -1.476 1.268 2.795 -2.862 1.326 4.892 -3.996 -3.094 -1.949 -0.136 1.577 0.411
98 F -1.816 -2.997 -3.054 -3.247 -0.698 -3.518 -3.583 -3.161 -1.619 3.118 1.174 -2.975 0.786 4.823 -3.938 -3.053 -1.651 -0.284 1.533 1.642
99 G -0.695 -1.947 0.494 4.065 -1.799 -1.458 -0.237 4.059 -0.968 -2.96 -3.476 -1.211 -2.682 -2.796 -2.524 -0.977 -1.655 -2.934 -3.095 -2.864
100 L -1.541 -2.186 -3.362 -3.62 -0.15 -2.64 -3.306 -3.383 -2.314 2.005 4.037 -2.478 2.132 0.833 -3.604 -3.158 -1.581 -1.65 -1.056 1.106
101 D -1.718 -0.942 4.203 4.375 -2.097 -0.694 0.297 -0.599 0.313 -2.719 -3.316 -0.55 -2.417 -2.634 -2.435 -0.505 -0.892 -3.235 -2.515 -2.708
102 N -1.213 1.104 3.993 0.45 -1.911 0.216 -0.16 -0.688 0.426 -2.403 -2.66 2.993 -1.655 -2.582 -2.102 -0.474 -0.749 -2.75 -1.925 -2.266
103 G -0.671 -1.188 0.045 -1.136 -1.783 -1.005 -1.371 4.016 6.104 -2.925 -2.996 -1.174 -1.879 -1.623 -2.764 -1.276 -2.069 -1.905 0.165 -2.949
104 F -2.334 -2.896 -2.86 -3.314 -1.374 -3.864 -3.482 -2.875 -0.828 0.277 0.565 -3.304 0.201 6.515 -4.448 -3.031 -2.371 0.852 2.931 -0.507
105 L -1.458 -2.607 -3.312 -3.392 -0.15 -2.911 -3.49 -3.43 -2.505 3.529 3.092 -2.577 1.734 0.542 -3.554 -3.117 -1.317 -1.905 -1.168 2.114
106 P 2.426 -1.736 -1.795 -1.625 -0.195 -1.61 -1.456 -0.53 -1.402 -1.479 -1.948 -0.954 -1.538 -2.497 4.83 -0.344 -0.848 -3.306 -2.162 -0.788
107 F -1.64 -2.042 -2.599 -3.053 -0.709 -2.128 -2.863 -2.725 -0.897 1.015 1.455 -2.232 4.023 4.849 -3.783 -2.479 -1.633 -0.03 1.624 0.337
108 L -0.814 -2.332 -3.138 -3.383 0.105 -2.614 -3.092 -3.161 -2.599 2.562 2.887 -2.433 1.555 0.282 -3.38 -2.688 -0.961 -1.995 -1.168 2.993
109 S 1.068 -0.741 0.497 -0.249 0.072 -0.57 -0.555 -0.106 -0.46 -1.911 -2.328 -0.285 -1.187 -1.943 -1.475 3.262 1.011 -2.549 -1.756 -1.292
110 C -0.447 -3.339 -2.965 -3.419 9.68 -3.458 -3.925 -2.163 -2.95 -0.732 -1.061 -3.113 -1.079 -2.027 -3.207 -1.67 -1.317 -3.235 -2.796 -0.409
111 F -2.062 -2.283 -2.47 -3.164 -1.557 -2.64 -2.869 -2.903 0.996 -0.213 -0.079 -2.501 -0.207 5.346 -3.837 -2.719 -2.227 1.671 5.356 -0.734
112 V -0.749 -2.777 -3.091 -3.173 0.105 -2.882 -3.263 -3.205 -2.811 3.871 1.334 -2.53 1.06 -0.074 -3.333 -2.653 -0.746 -2.284 -1.285 3.561
113 L -1.541 -2.186 -3.362 -3.62 -0.15 -2.64 -3.306 -3.383 -2.314 2.005 4.037 -2.478 2.132 0.833 -3.604 -3.158 -1.581 -1.65 -1.056 1.106
114 Y -1.812 -1.777 -2.126 -3.022 -1.752 -1.784 -2.363 -2.932 2.105 -0.804 -0.91 -1.873 -0.682 3.348 -3.333 -2.437 -2.089 2.309 6.655 -0.979
115 F -2.334 -2.896 -2.86 -3.314 -1.374 -3.864 -3.482 -2.875 -0.828 0.277 0.565 -3.304 0.201 6.515 -4.448 -3.031 -2.371 0.852 2.931 -0.507
116 F -2.062 -2.283 -2.47 -3.164 -1.557 -2.64 -2.869 -2.903 0.996 -0.213 -0.079 -2.501 -0.207 5.346 -3.837 -2.719 -2.227 1.671 5.356 -0.734
117 W -2.65 -2.383 -3.166 -3.62 -2.334 -2.824 -2.969 -2.366 -1.134 -1.854 -1.65 -2.791 -1.28 1.128 -5.408 -3.355 -2.695 10.61 2.169 -2.228
118 L -1.301 -1.757 -2.818 -3.189 -0.159 -1.738 -2.79 -2.955 -1.563 1.811 3.24 -1.92 4.367 0.656 -3.418 -2.531 -1.301 -1.473 -0.942 1.048
119 A 2.428 0.827 -0.882 -1.164 -0.353 -0.065 -0.381 -0.358 -0.687 -1.405 -1.744 2.911 -1.043 -2.287 -1.579 -0.137 -0.733 -2.494 -1.772 -0.737
120 I -0.676 -1.925 -1.297 -1.899 -0.011 -1.968 -2.307 -2.208 -1.99 3.03 0.622 -1.583 0.508 -0.543 -2.455 -0.606 2.669 -2.185 -1.488 1.835
121 L -1.541 -2.186 -3.362 -3.62 -0.15 -2.64 -3.306 -3.383 -2.314 2.005 4.037 -2.478 2.132 0.833 -3.604 -3.158 -1.581 -1.65 -1.056 1.106
122 N -1.735 -1.016 3.832 -0.133 -1.799 -1.087 -1.43 -1.221 1.592 -1.603 -1.818 -0.978 -1.328 1.72 -2.936 -1.051 -1.156 0.739 4.792 -1.663
123 L -1.458 -2.607 -3.312 -3.392 -0.15 -2.911 -3.49 -3.43 -2.505 3.529 3.092 -2.577 1.734 0.542 -3.554 -3.117 -1.317 -1.905 -1.168 2.114
124 N -1.213 1.104 3.993 0.45 -1.911 0.216 -0.16 -0.688 0.426 -2.403 -2.66 2.993 -1.655 -2.582 -2.102 -0.474 -0.749 -2.75 -1.925 -2.266
125 F -1.483 0.565 -1.282 -1.736 -1.66 -0.672 -1.001 -2.008 -0.521 -0.681 -0.51 2.678 -0.424 4.626 -2.749 -1.76 -1.655 -0.374 1.444 -1.158
126 D -1.777 -1.588 1.199 5.833 -2.372 -0.872 1.05 -1.124 -0.536 -2.725 -3.491 -0.829 -2.698 -2.92 -2.289 -0.952 -1.413 -3.531 -3.043 -2.864
127 N -1.735 -1.016 3.832 -0.133 -1.799 -1.087 -1.43 -1.221 1.592 -1.603 -1.818 -0.978 -1.328 1.72 -2.936 -1.051 -1.156 0.739 4.792 -1.663
128 K -0.822 2.098 -0.263 -0.717 -1.973 0.812 0.318 -1.337 -0.238 -2.118 -2.235 4.478 -1.219 -2.801 -1.682 -0.876 -1.077 -2.544 -1.784 -1.994
129 A 3.906 -1.479 -1.657 -1.683 0.685 -1.315 -1.294 0.379 -1.206 -0.825 -1.317 -0.844 -0.869 -1.843 -1.471 0.459 -0.417 -2.435 -1.751 0.143
130 N -0.859 -1.269 3.787 -0.159 -0.551 -1.377 -1.61 -1.228 -0.364 1.399 -0.43 -1.156 -0.293 -1.22 -2.865 -1.002 -0.451 -2.662 -1.65 2.396
131 N -1.213 1.104 3.993 0.45 -1.911 0.216 -0.16 -0.688 0.426 -2.403 -2.66 2.993 -1.655 -2.582 -2.102 -0.474 -0.749 -2.75 -1.925 -2.266
132 R -1.159 4.281 -0.363 -1.112 -2.115 0.666 -0.091 -1.708 -0.067 -2.357 -2.132 3.511 -1.224 -2.634 -2.151 -1.132 -1.262 -2.387 -1.78 -2.079
133 N -1.66 -0.415 5.643 1.281 -1.846 -0.527 -0.725 -0.155 0.968 -2.712 -3.152 -0.296 -2.161 -2.374 -2.588 -0.118 -0.451 -2.966 -2.069 -2.56
134 F -2.062 -2.283 -2.47 -3.164 -1.557 -2.64 -2.869 -2.903 0.996 -0.213 -0.079 -2.501 -0.207 5.346 -3.837 -2.719 -2.227 1.671 5.356 -0.734
135 P -1.283 -1.893 -2.028 -2.202 -1.601 -1.857 -1.969 -2.342 0.808 -1.462 -1.686 -1.44 -1.416 1.62 4.752 -1.903 -1.695 0.565 4.768 -1.51
136 L 2.323 -1.814 -2.389 -2.495 0.295 -1.905 -2.131 -0.932 -1.71 0.922 2.456 -1.55 1.004 -0.207 -2.348 -0.82 -0.944 -2.018 -1.385 0.663
137 Y -0.916 -2.11 -2.5 -3.092 -0.52 -2.158 -2.616 -2.944 0.571 1.708 0.164 -2.119 0.173 2.045 -3.251 -2.36 -1.156 0.826 4.833 2.579
138 F -1.097 -2.684 -2.895 -3.238 -0.392 -3.156 -3.173 -2.915 -1.687 1.97 0.761 -2.81 0.534 4.766 -3.74 -2.633 -1.254 -0.335 1.533 2.653
139 F -1.097 -2.684 -2.895 -3.238 -0.392 -3.156 -3.173 -2.915 -1.687 1.97 0.761 -2.81 0.534 4.766 -3.74 -2.633 -1.254 -0.335 1.533 2.653
140 I -1.377 -3.101 -3.263 -3.181 -0.15 -3.209 -3.687 -3.479 -2.711 4.521 1.677 -2.679 1.271 0.218 -3.505 -3.076 -1.075 -2.185 -1.285 2.86
141 F -2.062 -2.283 -2.47 -3.164 -1.557 -2.64 -2.869 -2.903 0.996 -0.213 -0.079 -2.501 -0.207 5.346 -3.837 -2.719 -2.227 1.671 5.356 -0.734
142 L -1.91 -2.52 -3.1 -3.463 -0.698 -3.188 -3.393 -3.117 -1.476 1.268 2.795 -2.862 1.326 4.892 -3.996 -3.094 -1.949 -0.136 1.577 0.411
143 L -1.458 -2.607 -3.312 -3.392 -0.15 -2.911 -3.49 -3.43 -2.505 3.529 3.092 -2.577 1.734 0.542 -3.554 -3.117 -1.317 -1.905 -1.168 2.114
144 T -0.112 -1.093 -0.139 -1.014 0.122 -1.103 -1.378 -1.329 -1.413 -0.224 -1.057 -0.791 -0.532 -1.58 -1.687 0.705 4.245 -2.185 -1.706 0.229
145 P -1.094 -2.506 -2.522 -2.26 -0.73 -2.501 -2.474 -2.552 -2.107 2.779 0.24 -1.76 -0.017 -1.043 4.747 -2.151 -1.208 -3.131 -1.882 1.327
146 P -0.836 -2.014 -1.934 -1.564 -1.457 -1.933 -1.622 -1.852 -1.608 -2.318 -2.75 -1.064 -2.403 -3.336 6.663 -1.452 -1.348 -4.549 -2.636 -2.162
147 L -1.458 -2.607 -3.312 -3.392 -0.15 -2.911 -3.49 -3.43 -2.505 3.529 3.092 -2.577 1.734 0.542 -3.554 -3.117 -1.317 -1.905 -1.168 2.114
148 V -0.749 -2.777 -3.091 -3.173 0.105 -2.882 -3.263 -3.205 -2.811 3.871 1.334 -2.53 1.06 -0.074 -3.333 -2.653 -0.746 -2.284 -1.285 3.561
149 L -1.458 -2.607 -3.312 -3.392 -0.15 -2.911 -3.49 -3.43 -2.505 3.529 3.092 -2.577 1.734 0.542 -3.554 -3.117 -1.317 -1.905 -1.168 2.114
150 Y -1.812 -1.777 -2.126 -3.022 -1.752 -1.784 -2.363 -2.932 2.105 -0.804 -0.91 -1.873 -0.682 3.348 -3.333 -2.437 -2.089 2.309 6.655 -0.979
151 T 0.538 -0.911 0.197 -0.606 0.097 -0.824 -0.937 -0.653 -0.897 -0.946 -1.623 -0.527 -0.841 -1.756 -1.579 2.258 3.059 -2.361 -1.731 -0.432
152 G 0.09 -2.358 -0.44 -1.323 -1.32 -2.195 -2.622 5.809 -1.476 -3.215 -3.461 -1.651 -2.667 -2.678 -2.779 -1.002 -1.919 -2.44 -3.148 -2.864
153 L -0.814 -2.332 -3.138 -3.383 0.105 -2.614 -3.092 -3.161 -2.599 2.562 2.887 -2.433 1.555 0.282 -3.38 -2.688 -0.961 -1.995 -1.168 2.993
154 R -1.534 5.51 -0.462 -1.564 -2.259 0.518 -0.561 -2.128 0.098 -2.612 -2.028 2.018 -1.224 -2.472 -2.704 -1.406 -1.454 -2.234 -1.772 -2.162
155 F -2.334 -2.896 -2.86 -3.314 -1.374 -3.864 -3.482 -2.875 -0.828 0.277 0.565 -3.304 0.201 6.515 -4.448 -3.031 -2.371 0.852 2.931 -0.507
156 G 0.62 -1.438 0.066 -0.736 -0.541 -1.27 -1.407 4.159 -0.924 -2.49 -2.839 -0.888 -1.833 -2.287 -2.054 1.855 -0.097 -2.494 -2.369 -1.973
157 T -0.556 -1.234 -1.041 -1.776 -0.02 -1.077 -1.824 -1.888 -1.182 0.832 0.96 -1.103 3.935 -0.378 -2.361 -0.346 2.673 -1.712 -1.236 0.634
158 G 0.09 -2.358 -0.44 -1.323 -1.32 -2.195 -2.622 5.809 -1.476 -3.215 -3.461 -1.651 -2.667 -2.678 -2.779 -1.002 -1.919 -2.44 -3.148 -2.864
159 L -1.541 -2.186 -3.362 -3.62 -0.15 -2.64 -3.306 -3.383 -2.314 2.005 4.037 -2.478 2.132 0.833 -3.604 -3.158 -1.581 -1.65 -1.056 1.106
160 A 2.345 -2.18 -2.353 -2.338 0.295 -2.113 -2.252 -0.952 -1.865 2.941 0.551 -1.621 0.394 -0.634 -2.315 -0.801 -0.73 -2.31 -1.511 1.809
161 L -1.541 -2.186 -3.362 -3.62 -0.15 -2.64 -3.306 -3.383 -2.314 2.005 4.037 -2.478 2.132 0.833 -3.604 -3.158 -1.581 -1.65 -1.056 1.106
162 G -0.01 -1.656 -0.285 -1.164 -0.51 -1.598 -1.933 4.043 -1.444 -1.348 -2.015 -1.189 -1.406 -2.077 -2.182 -0.024 2.567 -2.31 -2.338 -0.921
163 L -1.458 -2.607 -3.312 -3.392 -0.15 -2.911 -3.49 -3.43 -2.505 3.529 3.092 -2.577 1.734 0.542 -3.554 -3.117 -1.317 -1.905 -1.168 2.114
164 Y -1.812 -1.777 -2.126 -3.022 -1.752 -1.784 -2.363 -2.932 2.105 -0.804 -0.91 -1.873 -0.682 3.348 -3.333 -2.437 -2.089 2.309 6.655 -0.979
165 G 0.62 -1.438 0.066 -0.736 -0.541 -1.27 -1.407 4.159 -0.924 -2.49 -2.839 -0.888 -1.833 -2.287 -2.054 1.855 -0.097 -2.494 -2.369 -1.973
166 L -1.458 -2.607 -3.312 -3.392 -0.15 -2.911 -3.49 -3.43 -2.505 3.529 3.092 -2.577 1.734 0.542 -3.554 -3.117 -1.317 -1.905 -1.168 2.114
167 Y -0.916 -2.11 -2.5 -3.092 -0.52 -2.158 -2.616 -2.944 0.571 1.708 0.164 -2.119 0.173 2.045 -3.251 -2.36 -1.156 0.826 4.833 2.579
168 N -1.655 -0.41 5.633 1.286 -1.841 -0.522 -0.72 -0.15 0.973 -2.708 -3.147 -0.291 -2.156 -2.369 -2.583 -0.113 -0.446 -2.961 -2.064 -2.556
169 W -2.042 -2.283 -3.263 -3.62 -1.04 -2.731 -3.132 -2.83 -1.664 0.678 2.414 -2.63 0.904 0.984 -4.368 -3.255 -2.084 8.651 0.986 -0.104
170 L -1.458 -2.607 -3.312 -3.392 -0.15 -2.911 -3.49 -3.43 -2.505 3.529 3.092 -2.577 1.734 0.542 -3.554 -3.117 -1.317 -1.905 -1.168 2.114
171 D -1.295 -0.008 0.625 4.152 -2.133 3.251 1.226 -1.296 0.19 -2.473 -2.645 0.375 -1.328 -2.939 -2.219 -0.852 -1.186 -2.78 -2.032 -2.276
172 L -1.6 -1.167 3.767 -0.234 -0.875 -1.394 -1.736 -1.339 -0.229 0.519 2.267 -1.185 0.72 -0.346 -3.051 -1.255 -0.961 -2.234 -1.518 -0.18
173 R 0.051 3.823 0.057 -0.832 -0.864 0.025 -0.558 -0.944 -0.167 -2.24 -2.174 1.091 -1.205 -2.196 -2.025 1.784 0.034 -2.387 -1.764 -1.694
174 N -1.66 -0.415 5.643 1.281 -1.846 -0.527 -0.725 -0.155 0.968 -2.712 -3.152 -0.296 -2.161 -2.374 -2.588 -0.118 -0.451 -2.966 -2.069 -2.56
175 V -0.234 -2.486 -2.929 -3.164 0.34 -2.587 -2.894 -2.955 -2.915 3.03 0.945 -2.388 0.832 -0.398 -3.171 -2.284 -0.451 -2.387 -1.285 4.125
176 K -0.826 2.094 -0.268 -0.722 -1.977 0.807 0.313 -1.342 -0.243 -2.123 -2.24 4.49 -1.224 -2.806 -1.687 -0.881 -1.082 -2.549 -1.789 -1.999
177 L -1.161 0.684 -1.419 -1.822 -0.922 -0.43 -0.963 -2.186 -1.096 0.624 2.348 2.737 0.917 -0.447 -2.489 -1.801 -1.321 -2.065 -1.399 -0.048
178 G 0.09 -2.358 -0.44 -1.323 -1.32 -2.195 -2.622 5.809 -1.476 -3.215 -3.461 -1.651 -2.667 -2.678 -2.779 -1.002 -1.919 -2.44 -3.148 -2.864
179 I -0.676 -1.925 -1.297 -1.899 -0.011 -1.968 -2.307 -2.208 -1.99 3.03 0.622 -1.583 0.508 -0.543 -2.455 -0.606 2.669 -2.185 -1.488 1.835
180 V -0.234 -2.486 -2.929 -3.164 0.34 -2.587 -2.894 -2.955 -2.915 3.03 0.945 -2.388 0.832 -0.398 -3.171 -2.284 -0.451 -2.387 -1.285 4.125
181 F -2.062 -2.283 -2.47 -3.164 -1.557 -2.64 -2.869 -2.903 0.996 -0.213 -0.079 -2.501 -0.207 5.346 -3.837 -2.719 -2.227 1.671 5.356 -0.734
182 I -1.377 -3.101 -3.263 -3.181 -0.15 -3.209 -3.687 -3.479 -2.711 4.521 1.677 -2.679 1.271 0.218 -3.505 -3.076 -1.075 -2.185 -1.285 2.86
183 I -1.377 -3.101 -3.263 -3.181 -0.15 -3.209 -3.687 -3.479 -2.711 4.521 1.677 -2.679 1.271 0.218 -3.505 -3.076 -1.075 -2.185 -1.285 2.86
184 C -0.943 -2.705 -3.157 -3.518 7.774 -3.02 -3.598 -2.709 -2.614 0.95 2.492 -2.778 0.952 -0.256 -3.399 -2.319 -1.446 -2.335 -1.797 0.447
185 G 2.597 -1.888 -0.987 -1.499 -0.15 -1.725 -1.885 4.218 -1.341 -1.783 -2.197 -1.222 -1.633 -2.233 -2.054 -0.183 -1.075 -2.44 -2.369 -0.989
186 L 2.323 -1.814 -2.389 -2.495 0.295 -1.905 -2.131 -0.932 -1.71 0.922 2.456 -1.55 1.004 -0.207 -2.348 -0.82 -0.944 -2.018 -1.385 0.663
187 T -0.556 -1.234 -1.041 -1.776 -0.02 -1.077 -1.824 -1.888 -1.182 0.832 0.96 -1.103 3.935 -0.378 -2.361 -0.346 2.673 -1.712 -1.236 0.634
188 A 2.556 -1.282 -0.801 -1.331 0.414 -1.209 -1.338 -0.354 -1.31 -0.511 -1.186 -0.82 -0.698 -1.711 -1.579 0.582 2.767 -2.31 -1.731 0.184
189 H -1.707 -0.358 0.459 -0.961 -2.334 -0.165 -0.501 -1.697 7.998 -2.662 -2.595 -0.766 -1.261 -0.853 -2.749 -1.579 -2.227 -1.454 1.667 -3.036
190 F -2.334 -2.896 -2.86 -3.314 -1.374 -3.864 -3.482 -2.875 -0.828 0.277 0.565 -3.304 0.201 6.515 -4.448 -3.031 -2.371 0.852 2.931 -0.507
191 S 1.068 -0.741 0.497 -0.249 0.072 -0.57 -0.555 -0.106 -0.46 -1.911 -2.328 -0.285 -1.187 -1.943 -1.475 3.262 1.011 -2.549 -1.756 -1.292
192 L -1.08 -1.383 -2.36 -2.814 -0.168 -1.051 -2.353 -2.583 -0.968 1.603 2.135 -1.452 5.611 0.468 -3.242 -2.016 -1.046 -1.306 -0.832 0.99
193 A 2.532 -1.942 -2.227 -2.332 0.515 -1.885 -1.987 -0.835 -1.939 1.702 0.029 -1.517 0.103 -1.033 -2.2 -0.601 -0.437 -2.414 -1.511 2.772
194 L -1.458 -2.607 -3.312 -3.392 -0.15 -2.911 -3.49 -3.43 -2.505 3.529 3.092 -2.577 1.734 0.542 -3.554 -3.117 -1.317 -1.905 -1.168 2.114
195 I -1.377 -3.101 -3.263 -3.181 -0.15 -3.209 -3.687 -3.479 -2.711 4.521 1.677 -2.679 1.271 0.218 -3.505 -3.076 -1.075 -2.185 -1.285 2.86
196 P 2.426 -1.736 -1.795 -1.625 -0.195 -1.61 -1.456 -0.53 -1.402 -1.479 -1.948 -0.954 -1.538 -2.497 4.83 -0.344 -0.848 -3.306 -2.162 -0.788
197 L -1.91 -2.52 -3.1 -3.463 -0.698 -3.188 -3.393 -3.117 -1.476 1.268 2.795 -2.862 1.326 4.892 -3.996 -3.094 -1.949 -0.136 1.577 0.411
198 V -0.749 -2.777 -3.091 -3.173 0.105 -2.882 -3.263 -3.205 -2.811 3.871 1.334 -2.53 1.06 -0.074 -3.333 -2.653 -0.746 -2.284 -1.285 3.561
199 F -1.097 -2.684 -2.895 -3.238 -0.392 -3.156 -3.173 -2.915 -1.687 1.97 0.761 -2.81 0.534 4.766 -3.74 -2.633 -1.254 -0.335 1.533 2.653
200 C -0.423 -3.314 -2.94 -3.394 9.654 -3.434 -3.9 -2.139 -2.926 -0.708 -1.037 -3.089 -1.054 -2.003 -3.182 -1.646 -1.293 -3.211 -2.772 -0.385
201 S 1.092 -0.717 0.521 -0.225 0.096 -0.546 -0.531 -0.082 -0.436 -1.887 -2.304 -0.261 -1.163 -1.919 -1.451 3.177 1.035 -2.525 -1.732 -1.268
202 Q -0.859 1.031 -0.069 -0.333 -1.887 4.795 1.416 -1.455 0.793 -2.216 -1.967 1.246 -0.379 -2.935 -2.127 -0.731 -0.951 -2.161 -1.261 -1.763
203 I -1.377 -3.101 -3.263 -3.181 -0.15 -3.209 -3.687 -3.479 -2.711 4.521 1.677 -2.679 1.271 0.218 -3.505 -3.076 -1.075 -2.185 -1.285 2.86
204 F -1.816 -2.997 -3.054 -3.247 -0.698 -3.518 -3.583 -3.161 -1.619 3.118 1.174 -2.975 0.786 4.823 -3.938 -3.053 -1.651 -0.284 1.533 1.642
205 L -0.739 -1.588 -1.322 -2.033 -0.011 -1.77 -2.184 -2.177 -1.828 1.101 2.493 -1.513 1.097 -0.129 -2.489 -0.623 2.605 -1.905 -1.363 0.701
206 S 1.068 -0.741 0.497 -0.249 0.072 -0.57 -0.555 -0.106 -0.46 -1.911 -2.328 -0.285 -1.187 -1.943 -1.475 3.262 1.011 -2.549 -1.756 -1.292
207 Y -1.277 0.764 -1.05 -1.649 -1.862 -0.207 -0.725 -2.029 1.163 -1.388 -1.499 2.792 -0.94 1.671 -2.394 -1.556 -1.542 0.8 4.806 -1.444
208 F -2.334 -2.896 -2.86 -3.314 -1.374 -3.864 -3.482 -2.875 -0.828 0.277 0.565 -3.304 0.201 6.515 -4.448 -3.031 -2.371 0.852 2.931 -0.507
209 N -1.355 -0.859 3.818 -0.094 -0.887 -0.777 -1.426 -1.12 0.16 0.187 0.563 -0.816 3.8 -0.617 -2.896 -0.914 -0.733 -2.018 -1.385 -0.271
210 L -1.6 -1.167 3.767 -0.234 -0.875 -1.394 -1.736 -1.339 -0.229 0.519 2.267 -1.185 0.72 -0.346 -3.051 -1.255 -0.961 -2.234 -1.518 -0.18
211 I -1.225 -2.116 -2.776 -2.991 -0.159 -1.933 -2.944 -2.996 -1.71 3.416 1.915 -2.001 4.19 0.346 -3.37 -2.498 -1.06 -1.712 -1.05 2.074
212 F -1.483 0.565 -1.282 -1.736 -1.66 -0.672 -1.001 -2.008 -0.521 -0.681 -0.51 2.678 -0.424 4.626 -2.749 -1.76 -1.655 -0.374 1.444 -1.158
213 N 0.015 -0.573 4.091 0.617 -0.73 -0.548 -0.639 -0.13 0.342 -2.284 -2.711 -0.29 -1.633 -2.151 -1.978 2.041 0.372 -2.75 -1.908 -1.857
214 R -1.596 3.859 3.971 0.196 -2.045 0.043 -0.642 -0.976 0.566 -2.662 -2.535 1.087 -1.655 -2.423 -2.645 -0.691 -0.909 -2.577 -1.917 -2.354
215 R -1.159 4.281 -0.363 -1.112 -2.115 0.666 -0.091 -1.708 -0.067 -2.357 -2.132 3.511 -1.224 -2.634 -2.151 -1.132 -1.262 -2.387 -1.78 -2.079
216 Y -1.31 -0.061 -0.934 -1.392 -1.83 3.156 0.087 -2.115 1.514 -1.433 -1.4 0.071 -0.539 1.656 -2.682 -1.475 -1.479 0.86 4.833 -1.355
217 L -1.458 -2.607 -3.312 -3.392 -0.15 -2.911 -3.49 -3.43 -2.505 3.529 3.092 -2.577 1.734 0.542 -3.554 -3.117 -1.317 -1.905 -1.168 2.114
218 R -0.811 3.685 -1.44 -2.254 -0.676 -0.636 -1.497 -2.512 -1.032 1.412 -0.174 0.585 -0.017 -1.253 -2.928 -1.812 -0.909 -2.31 -1.518 2.434
219 V -0.172 -1.706 -1.209 -1.894 0.233 -1.751 -2.037 -2.029 -2.067 1.839 0.114 -1.48 0.23 -0.929 -2.335 -0.419 2.762 -2.284 -1.488 2.79
220 G -0.707 -2.053 -1.161 -2.049 -1.528 -1.982 -2.49 3.946 0.837 -1.765 -1.912 -1.76 -1.507 1.685 -3.043 -1.631 -2.003 0.817 4.75 -1.771
221 L -1.541 -2.186 -3.362 -3.62 -0.15 -2.64 -3.306 -3.383 -2.314 2.005 4.037 -2.478 2.132 0.833 -3.604 -3.158 -1.581 -1.65 -1.056 1.106
222 V -0.234 -2.486 -2.929 -3.164 0.34 -2.587 -2.894 -2.955 -2.915 3.03 0.945 -2.388 0.832 -0.398 -3.171 -2.284 -0.451 -2.387 -1.285 4.125
223 F -2.334 -2.896 -2.86 -3.314 -1.374 -3.864 -3.482 -2.875 -0.828 0.277 0.565 -3.304 0.201 6.515 -4.448 -3.031 -2.371 0.852 2.931 -0.507
224 S 1.073 -0.736 0.502 -0.244 0.077 -0.565 -0.55 -0.101 -0.455 -1.907 -2.324 -0.28 -1.182 -1.938 -1.471 3.246 1.016 -2.544 -1.751 -1.288
225 A 3.906 -1.479 -1.657 -1.683 0.685 -1.315 -1.294 0.379 -1.206 -0.825 -1.317 -0.844 -0.869 -1.843 -1.471 0.459 -0.417 -2.435 -1.751 0.143
226 C -0.943 -2.705 -3.157 -3.518 7.774 -3.02 -3.598 -2.709 -2.614 0.95 2.492 -2.778 0.952 -0.256 -3.399 -2.319 -1.446 -2.335 -1.797 0.447
227 L -1.541 -2.186 -3.362 -3.62 -0.15 -2.64 -3.306 -3.383 -2.314 2.005 4.037 -2.478 2.132 0.833 -3.604 -3.158 -1.581 -1.65 -1.056 1.106
228 V -0.749 -2.777 -3.091 -3.173 0.105 -2.882 -3.263 -3.205 -2.811 3.871 1.334 -2.53 1.06 -0.074 -3.333 -2.653 -0.746 -2.284 -1.285 3.561
229 F -1.816 -2.997 -3.054 -3.247 -0.698 -3.518 -3.583 -3.161 -1.619 3.118 1.174 -2.975 0.786 4.823 -3.938 -3.053 -1.651 -0.284 1.533 1.642
230 S 1.068 -0.741 0.497 -0.249 0.072 -0.57 -0.555 -0.106 -0.46 -1.911 -2.328 -0.285 -1.187 -1.943 -1.475 3.262 1.011 -2.549 -1.756 -1.292
231 F -2.334 -2.896 -2.86 -3.314 -1.374 -3.864 -3.482 -2.875 -0.828 0.277 0.565 -3.304 0.201 6.515 -4.448 -3.031 -2.371 0.852 2.931 -0.507
232 N -1.66 -0.415 5.643 1.281 -1.846 -0.527 -0.725 -0.155 0.968 -2.712 -3.152 -0.296 -2.161 -2.374 -2.588 -0.118 -0.451 -2.966 -2.069 -2.56
233 E -1.139 -1.243 -1.445 0.035 -1.065 -0.113 2.659 -2.614 -0.761 2.743 0.249 -0.538 0.138 -0.862 -2.58 -1.713 -1.186 -2.284 -1.58 1.331
234 E -0.901 0.498 -0.213 0.73 -2.15 3.625 3.341 -1.705 0.587 -2.49 -2.325 0.962 -1.0 -2.778 -2.013 -0.773 -1.133 -2.284 -1.58 -1.955
235 L -1.541 -2.186 -3.362 -3.62 -0.15 -2.64 -3.306 -3.383 -2.314 2.005 4.037 -2.478 2.132 0.833 -3.604 -3.158 -1.581 -1.65 -1.056 1.106
236 V -0.229 -2.482 -2.925 -3.16 0.345 -2.583 -2.889 -2.95 -2.91 3.034 0.95 -2.383 0.836 -0.394 -3.167 -2.279 -0.446 -2.382 -1.28 4.112
237 R -1.529 5.501 -0.457 -1.559 -2.254 0.523 -0.556 -2.123 0.103 -2.607 -2.023 2.023 -1.219 -2.467 -2.699 -1.401 -1.449 -2.229 -1.767 -2.157
238 F -2.334 -2.896 -2.86 -3.314 -1.374 -3.864 -3.482 -2.875 -0.828 0.277 0.565 -3.304 0.201 6.515 -4.448 -3.031 -2.371 0.852 2.931 -0.507
239 L -1.458 -2.607 -3.312 -3.392 -0.15 -2.911 -3.49 -3.43 -2.505 3.529 3.092 -2.577 1.734 0.542 -3.554 -3.117 -1.317 -1.905 -1.168 2.114
240 D -0.826 -1.33 0.607 4.09 -0.864 -0.985 0.084 -1.224 -0.941 -1.212 -2.025 -0.81 -1.416 -2.173 -1.972 -0.006 2.625 -2.78 -2.298 -0.921
241 T -0.472 0.144 -0.116 -0.667 -0.719 3.224 0.327 -1.403 -0.12 -1.059 -1.486 0.388 -0.467 -2.188 -1.91 0.066 2.682 -2.185 -1.488 -0.606
242 V -0.749 -2.777 -3.091 -3.173 0.105 -2.882 -3.263 -3.205 -2.811 3.871 1.334 -2.53 1.06 -0.074 -3.333 -2.653 -0.746 -2.284 -1.285 3.561
243 I -1.377 -3.101 -3.263 -3.181 -0.15 -3.209 -3.687 -3.479 -2.711 4.521 1.677 -2.679 1.271 0.218 -3.505 -3.076 -1.075 -2.185 -1.285 2.86
244 E -0.919 -0.122 -0.338 1.518 -2.411 1.346 4.494 -1.95 0.392 -2.764 -2.703 0.677 -1.754 -2.608 -1.882 -0.791 -1.301 -2.387 -1.908 -2.134
245 F -2.334 -2.896 -2.86 -3.314 -1.374 -3.864 -3.482 -2.875 -0.828 0.277 0.565 -3.304 0.201 6.515 -4.448 -3.031 -2.371 0.852 2.931 -0.507
246 V -0.749 -2.777 -3.091 -3.173 0.105 -2.882 -3.263 -3.205 -2.811 3.871 1.334 -2.53 1.06 -0.074 -3.333 -2.653 -0.746 -2.284 -1.285 3.561
247 G -0.654 -1.226 3.974 0.264 -1.571 -1.242 -1.52 4.153 -0.002 -2.953 -3.302 -0.894 -2.403 -2.522 -2.682 -0.526 -1.093 -2.691 -2.558 -2.708
248 L -1.517 -2.162 -3.338 -3.596 -0.126 -2.616 -3.282 -3.359 -2.29 2.029 3.998 -2.454 2.156 0.857 -3.58 -3.134 -1.557 -1.626 -1.032 1.13
249 I -1.353 -3.077 -3.239 -3.157 -0.126 -3.185 -3.663 -3.455 -2.687 4.457 1.701 -2.655 1.295 0.242 -3.481 -3.052 -1.051 -2.161 -1.261 2.884
250 N -1.636 -0.391 5.591 1.305 -1.822 -0.503 -0.701 -0.13 0.992 -2.688 -3.128 -0.272 -2.137 -2.35 -2.564 -0.094 -0.427 -2.942 -2.045 -2.536
251 H -1.683 -0.334 0.483 -0.937 -2.31 -0.141 -0.477 -1.673 7.954 -2.638 -2.571 -0.742 -1.237 -0.829 -2.725 -1.555 -2.203 -1.43 1.691 -3.012
252 G -0.356 -0.21 -0.261 -0.8 -1.601 3.121 0.033 4.031 -0.14 -2.687 -2.633 0.129 -1.318 -2.815 -2.448 -0.876 -1.409 -2.31 -2.069 -2.276
253 L -1.458 -2.607 -3.312 -3.392 -0.15 -2.911 -3.49 -3.43 -2.505 3.529 3.092 -2.577 1.734 0.542 -3.554 -3.117 -1.317 -1.905 -1.168 2.114
254 F -2.334 -2.896 -2.86 -3.314 -1.374 -3.864 -3.482 -2.875 -0.828 0.277 0.565 -3.304 0.201 6.515 -4.448 -3.031 -2.371 0.852 2.931 -0.507
255 G -0.695 -1.947 0.494 4.065 -1.799 -1.458 -0.237 4.059 -0.968 -2.96 -3.476 -1.211 -2.682 -2.796 -2.524 -0.977 -1.655 -2.934 -3.095 -2.864
256 W -2.65 -2.383 -3.166 -3.62 -2.334 -2.824 -2.969 -2.366 -1.134 -1.854 -1.65 -2.791 -1.28 1.128 -5.408 -3.355 -2.695 10.61 2.169 -2.228
257 N -1.66 -0.415 5.643 1.281 -1.846 -0.527 -0.725 -0.155 0.968 -2.712 -3.152 -0.296 -2.161 -2.374 -2.588 -0.118 -0.451 -2.966 -2.069 -2.56
258 F -2.334 -2.896 -2.86 -3.314 -1.374 -3.864 -3.482 -2.875 -0.828 0.277 0.565 -3.304 0.201 6.515 -4.448 -3.031 -2.371 0.852 2.931 -0.507
259 I -1.377 -3.101 -3.263 -3.181 -0.15 -3.209 -3.687 -3.479 -2.711 4.521 1.677 -2.679 1.271 0.218 -3.505 -3.076 -1.075 -2.185 -1.285 2.86
260 T 0.538 -0.911 0.197 -0.606 0.097 -0.824 -0.937 -0.653 -0.897 -0.946 -1.623 -0.527 -0.841 -1.756 -1.579 2.258 3.059 -2.361 -1.731 -0.432
261 V -0.749 -2.777 -3.091 -3.173 0.105 -2.882 -3.263 -3.205 -2.811 3.871 1.334 -2.53 1.06 -0.074 -3.333 -2.653 -0.746 -2.284 -1.285 3.561
262 D -1.777 -1.588 1.199 5.833 -2.372 -0.872 1.05 -1.124 -0.536 -2.725 -3.491 -0.829 -2.698 -2.92 -2.289 -0.952 -1.413 -3.531 -3.043 -2.864
263 T 0.538 -0.911 0.197 -0.606 0.097 -0.824 -0.937 -0.653 -0.897 -0.946 -1.623 -0.527 -0.841 -1.756 -1.579 2.258 3.059 -2.361 -1.731 -0.432
264 Y -1.812 -1.777 -2.126 -3.022 -1.752 -1.784 -2.363 -2.932 2.105 -0.804 -0.91 -1.873 -0.682 3.348 -3.333 -2.437 -2.089 2.309 6.655 -0.979
265 F -1.816 -2.997 -3.054 -3.247 -0.698 -3.518 -3.583 -3.161 -1.619 3.118 1.174 -2.975 0.786 4.823 -3.938 -3.053 -1.651 -0.284 1.533 1.642
266 T -0.112 -1.093 -0.139 -1.014 0.122 -1.103 -1.378 -1.329 -1.413 -0.224 -1.057 -0.791 -0.532 -1.58 -1.687 0.705 4.245 -2.185 -1.706 0.229
267 G 0.09 -2.358 -0.44 -1.323 -1.32 -2.195 -2.622 5.809 -1.476 -3.215 -3.461 -1.651 -2.667 -2.678 -2.779 -1.002 -1.919 -2.44 -3.148 -2.864
268 K 0.274 1.011 0.14 -0.476 -0.774 0.2 -0.088 -0.659 -0.349 -2.015 -2.284 2.995 -1.205 -2.342 -1.579 1.878 0.15 -2.549 -1.772 -1.624
269 W -2.201 -2.064 -2.599 -3.306 -2.028 -2.257 -2.65 -2.635 0.918 -1.281 -1.256 -2.296 -0.966 2.447 -4.188 -2.86 -2.376 8.768 5.208 -1.537
270 G 0.09 -2.358 -0.44 -1.323 -1.32 -2.195 -2.622 5.809 -1.476 -3.215 -3.461 -1.651 -2.667 -2.678 -2.779 -1.002 -1.919 -2.44 -3.148 -2.864
271 L -1.541 -2.186 -3.362 -3.62 -0.15 -2.64 -3.306 -3.383 -2.314 2.005 4.037 -2.478 2.132 0.833 -3.604 -3.158 -1.581 -1.65 -1.056 1.106
272 E -0.919 -0.122 -0.338 1.518 -2.411 1.346 4.494 -1.95 0.392 -2.764 -2.703 0.677 -1.754 -2.608 -1.882 -0.791 -1.301 -2.387 -1.908 -2.134
273 R -1.534 5.51 -0.462 -1.564 -2.259 0.518 -0.561 -2.128 0.098 -2.612 -2.028 2.018 -1.224 -2.472 -2.704 -1.406 -1.454 -2.234 -1.772 -2.162
274 L 2.323 -1.814 -2.389 -2.495 0.295 -1.905 -2.131 -0.932 -1.71 0.922 2.456 -1.55 1.004 -0.207 -2.348 -0.82 -0.944 -2.018 -1.385 0.663
275 D -1.295 -0.008 0.625 4.152 -2.133 3.251 1.226 -1.296 0.19 -2.473 -2.645 0.375 -1.328 -2.939 -2.219 -0.852 -1.186 -2.78 -2.032 -2.276
276 E 0.242 -0.415 0.109 0.768 -0.91 0.544 2.956 -0.883 -0.002 -2.306 -2.51 0.236 -1.456 -2.256 -1.671 1.895 0.081 -2.467 -1.831 -1.683
277 L -1.541 -2.186 -3.362 -3.62 -0.15 -2.64 -3.306 -3.383 -2.314 2.005 4.037 -2.478 2.132 0.833 -3.604 -3.158 -1.581 -1.65 -1.056 1.106
278 N -1.66 -0.415 5.643 1.281 -1.846 -0.527 -0.725 -0.155 0.968 -2.712 -3.152 -0.296 -2.161 -2.374 -2.588 -0.118 -0.451 -2.966 -2.069 -2.56
279 T 0.538 -0.911 0.197 -0.606 0.097 -0.824 -0.937 -0.653 -0.897 -0.946 -1.623 -0.527 -0.841 -1.756 -1.579 2.258 3.059 -2.361 -1.731 -0.432
280 T -0.112 -1.093 -0.139 -1.014 0.122 -1.103 -1.378 -1.329 -1.413 -0.224 -1.057 -0.791 -0.532 -1.58 -1.687 0.705 4.245 -2.185 -1.706 0.229
281 G 0.09 -2.358 -0.44 -1.323 -1.32 -2.195 -2.622 5.809 -1.476 -3.215 -3.461 -1.651 -2.667 -2.678 -2.779 -1.002 -1.919 -2.44 -3.148 -2.864
282 K -0.854 1.601 -0.179 -0.534 -1.944 3.512 0.903 -1.41 0.307 -2.181 -2.113 3.296 -0.784 -2.881 -1.91 -0.817 -1.028 -2.361 -1.526 -1.891
283 L -1.91 -2.52 -3.1 -3.463 -0.698 -3.188 -3.393 -3.117 -1.476 1.268 2.795 -2.862 1.326 4.892 -3.996 -3.094 -1.949 -0.136 1.577 0.411
284 F -1.097 -2.684 -2.895 -3.238 -0.392 -3.156 -3.173 -2.915 -1.687 1.97 0.761 -2.81 0.534 4.766 -3.74 -2.633 -1.254 -0.335 1.533 2.653
285 L -0.739 -1.588 -1.322 -2.033 -0.011 -1.77 -2.184 -2.177 -1.828 1.101 2.493 -1.513 1.097 -0.129 -2.489 -0.623 2.605 -1.905 -1.363 0.701
286 G -0.356 -0.21 -0.261 -0.8 -1.601 3.121 0.033 4.031 -0.14 -2.687 -2.633 0.129 -1.318 -2.815 -2.448 -0.876 -1.409 -2.31 -2.069 -2.276
287 L -1.458 -2.607 -3.312 -3.392 -0.15 -2.911 -3.49 -3.43 -2.505 3.529 3.092 -2.577 1.734 0.542 -3.554 -3.117 -1.317 -1.905 -1.168 2.114
288 R -1.159 4.281 -0.363 -1.112 -2.115 0.666 -0.091 -1.708 -0.067 -2.357 -2.132 3.511 -1.224 -2.634 -2.151 -1.132 -1.262 -2.387 -1.78 -2.079
289 N -1.245 0.383 4.013 0.577 -1.878 3.294 0.523 -0.741 0.871 -2.467 -2.513 0.562 -1.15 -2.652 -2.361 -0.419 -0.701 -2.549 -1.65 -2.148
290 Y -1.812 -1.777 -2.126 -3.022 -1.752 -1.784 -2.363 -2.932 2.105 -0.804 -0.91 -1.873 -0.682 3.348 -3.333 -2.437 -2.089 2.309 6.655 -0.979
291 G 0.62 -1.438 0.066 -0.736 -0.541 -1.27 -1.407 4.159 -0.924 -2.49 -2.839 -0.888 -1.833 -2.287 -2.054 1.855 -0.097 -2.494 -2.369 -1.973
292 L -1.301 -1.757 -2.818 -3.189 -0.159 -1.738 -2.79 -2.955 -1.563 1.811 3.24 -1.92 4.367 0.656 -3.418 -2.531 -1.301 -1.473 -0.942 1.048
293 L -1.458 -2.607 -3.312 -3.392 -0.15 -2.911 -3.49 -3.43 -2.505 3.529 3.092 -2.577 1.734 0.542 -3.554 -3.117 -1.317 -1.905 -1.168 2.114
294 L -1.91 -2.52 -3.1 -3.463 -0.698 -3.188 -3.393 -3.117 -1.476 1.268 2.795 -2.862 1.326 4.892 -3.996 -3.094 -1.949 -0.136 1.577 0.411
295 L -1.541 -2.186 -3.362 -3.62 -0.15 -2.64 -3.306 -3.383 -2.314 2.005 4.037 -2.478 2.132 0.833 -3.604 -3.158 -1.581 -1.65 -1.056 1.106
296 L -1.458 -2.607 -3.312 -3.392 -0.15 -2.911 -3.49 -3.43 -2.505 3.529 3.092 -2.577 1.734 0.542 -3.554 -3.117 -1.317 -1.905 -1.168 2.114
297 L -0.814 -2.332 -3.138 -3.383 0.105 -2.614 -3.092 -3.161 -2.599 2.562 2.887 -2.433 1.555 0.282 -3.38 -2.688 -0.961 -1.995 -1.168 2.993
298 L -0.739 -1.588 -1.322 -2.033 -0.011 -1.77 -2.184 -2.177 -1.828 1.101 2.493 -1.513 1.097 -0.129 -2.489 -0.623 2.605 -1.905 -1.363 0.701
299 F -2.062 -2.283 -2.47 -3.164 -1.557 -2.64 -2.869 -2.903 0.996 -0.213 -0.079 -2.501 -0.207 5.346 -3.837 -2.719 -2.227 1.671 5.356 -0.734
300 C -0.338 -2.881 -2.947 -3.289 7.791 -2.99 -3.363 -2.532 -2.933 1.723 0.113 -2.728 0.032 -1.099 -3.189 -1.961 -0.852 -2.78 -1.943 2.67
301 P -1.167 -2.099 -2.56 -2.412 -0.73 -2.265 -2.343 -2.517 -1.939 0.587 2.3 -1.685 0.677 -0.556 4.744 -2.181 -1.462 -2.75 -1.739 -0.088
302 C -0.943 -2.705 -3.157 -3.518 7.774 -3.02 -3.598 -2.709 -2.614 0.95 2.492 -2.778 0.952 -0.256 -3.399 -2.319 -1.446 -2.335 -1.797 0.447
303 Y -1.586 -2.364 -2.638 -3.1 -0.841 -2.409 -2.95 -3.193 0.603 2.944 0.664 -2.248 0.457 2.188 -3.418 -2.739 -1.538 0.86 4.833 1.537
304 K 0.274 1.011 0.14 -0.476 -0.774 0.2 -0.088 -0.659 -0.349 -2.015 -2.284 2.995 -1.205 -2.342 -1.579 1.878 0.15 -2.549 -1.772 -1.624
305 L -1.91 -2.52 -3.1 -3.463 -0.698 -3.188 -3.393 -3.117 -1.476 1.268 2.795 -2.862 1.326 4.892 -3.996 -3.094 -1.949 -0.136 1.577 0.411
306 N -1.735 -1.016 3.832 -0.133 -1.799 -1.087 -1.43 -1.221 1.592 -1.603 -1.818 -0.978 -1.328 1.72 -2.936 -1.051 -1.156 0.739 4.792 -1.663
307 P -0.831 0.716 -0.982 -1.112 -1.705 -0.249 -0.495 -1.586 -0.845 -2.219 -2.484 2.883 -1.754 -3.058 4.818 -1.152 -1.212 -3.379 -2.181 -2.079
308 N -1.213 1.104 3.993 0.45 -1.911 0.216 -0.16 -0.688 0.426 -2.403 -2.66 2.993 -1.655 -2.582 -2.102 -0.474 -0.749 -2.75 -1.925 -2.266
309 K -0.826 2.094 -0.268 -0.722 -1.977 0.807 0.313 -1.342 -0.243 -2.123 -2.24 4.49 -1.224 -2.806 -1.687 -0.881 -1.082 -2.549 -1.789 -1.999
310 P -1.283 -1.893 -2.028 -2.202 -1.601 -1.857 -1.969 -2.342 0.808 -1.462 -1.686 -1.44 -1.416 1.62 4.752 -1.903 -1.695 0.565 4.768 -1.51
311 L -0.739 -1.588 -1.322 -2.033 -0.011 -1.77 -2.184 -2.177 -1.828 1.101 2.493 -1.513 1.097 -0.129 -2.489 -0.623 2.605 -1.905 -1.363 0.701
312 D -1.718 -0.942 4.203 4.375 -2.097 -0.694 0.297 -0.599 0.313 -2.719 -3.316 -0.55 -2.417 -2.634 -2.435 -0.505 -0.892 -3.235 -2.515 -2.708
313 I -1.353 -3.077 -3.239 -3.157 -0.126 -3.185 -3.663 -3.455 -2.687 4.457 1.701 -2.655 1.295 0.242 -3.481 -3.052 -1.051 -2.161 -1.261 2.884
314 W -2.488 -2.628 -3.009 -3.463 -1.814 -3.298 -3.214 -2.609 -0.977 -0.596 -0.335 -3.036 -0.445 4.929 -4.888 -3.188 -2.528 8.707 2.575 -1.241
315 F -2.062 -2.283 -2.47 -3.164 -1.557 -2.64 -2.869 -2.903 0.996 -0.213 -0.079 -2.501 -0.207 5.346 -3.837 -2.719 -2.227 1.671 5.356 -0.734
316 Y -0.916 -2.11 -2.5 -3.092 -0.52 -2.158 -2.616 -2.944 0.571 1.708 0.164 -2.119 0.173 2.045 -3.251 -2.36 -1.156 0.826 4.833 2.579
317 V -0.234 -2.486 -2.929 -3.164 0.34 -2.587 -2.894 -2.955 -2.915 3.03 0.945 -2.388 0.832 -0.398 -3.171 -2.284 -0.451 -2.387 -1.285 4.125
318 L -1.301 -1.757 -2.818 -3.189 -0.159 -1.738 -2.79 -2.955 -1.563 1.811 3.24 -1.92 4.367 0.656 -3.418 -2.531 -1.301 -1.473 -0.942 1.048
319 C -0.338 -2.881 -2.947 -3.289 7.791 -2.99 -3.363 -2.532 -2.933 1.723 0.113 -2.728 0.032 -1.099 -3.189 -1.961 -0.852 -2.78 -1.943 2.67
320 C 2.492 -2.265 -2.24 -2.425 7.804 -2.195 -2.322 -0.624 -1.952 -0.781 -1.188 -1.764 -0.974 -1.936 -2.213 -0.416 -0.835 -2.81 -2.229 -0.122
321 L -0.814 -2.332 -3.138 -3.383 0.105 -2.614 -3.092 -3.161 -2.599 2.562 2.887 -2.433 1.555 0.282 -3.38 -2.688 -0.961 -1.995 -1.168 2.993
322 C -0.275 -2.002 -1.219 -1.973 7.783 -2.047 -2.379 -1.716 -2.08 -0.467 -1.059 -1.724 -0.792 -1.795 -2.348 -0.245 2.637 -2.662 -2.2 -0.072
323 I -1.377 -3.101 -3.263 -3.181 -0.15 -3.209 -3.687 -3.479 -2.711 4.521 1.677 -2.679 1.271 0.218 -3.505 -3.076 -1.075 -2.185 -1.285 2.86
324 L -1.458 -2.607 -3.312 -3.392 -0.15 -2.911 -3.49 -3.43 -2.505 3.529 3.092 -2.577 1.734 0.542 -3.554 -3.117 -1.317 -1.905 -1.168 2.114
325 V -0.234 -2.486 -2.929 -3.164 0.34 -2.587 -2.894 -2.955 -2.915 3.03 0.945 -2.388 0.832 -0.398 -3.171 -2.284 -0.451 -2.387 -1.285 4.125
326 F -1.816 -2.997 -3.054 -3.247 -0.698 -3.518 -3.583 -3.161 -1.619 3.118 1.174 -2.975 0.786 4.823 -3.938 -3.053 -1.651 -0.284 1.533 1.642
327 P -1.219 -1.105 3.844 0.196 -1.645 -1.145 -1.139 -0.88 -0.041 -2.508 -2.944 -0.654 -2.28 -2.815 4.777 -0.708 -0.865 -3.65 -2.338 -2.354
328 F -2.334 -2.896 -2.86 -3.314 -1.374 -3.864 -3.482 -2.875 -0.828 0.277 0.565 -3.304 0.201 6.515 -4.448 -3.031 -2.371 0.852 2.931 -0.507
329 T 0.538 -0.911 0.197 -0.606 0.097 -0.824 -0.937 -0.653 -0.897 -0.946 -1.623 -0.527 -0.841 -1.756 -1.579 2.258 3.059 -2.361 -1.731 -0.432
330 A 2.556 -1.282 -0.801 -1.331 0.414 -1.209 -1.338 -0.354 -1.31 -0.511 -1.186 -0.82 -0.698 -1.711 -1.579 0.582 2.767 -2.31 -1.731 0.184
331 V -0.749 -2.777 -3.091 -3.173 0.105 -2.882 -3.263 -3.205 -2.811 3.871 1.334 -2.53 1.06 -0.074 -3.333 -2.653 -0.746 -2.284 -1.285 3.561
332 F -2.062 -2.283 -2.47 -3.164 -1.557 -2.64 -2.869 -2.903 0.996 -0.213 -0.079 -2.501 -0.207 5.346 -3.837 -2.719 -2.227 1.671 5.356 -0.734
333 G -0.695 -1.947 0.494 4.065 -1.799 -1.458 -0.237 4.059 -0.968 -2.96 -3.476 -1.211 -2.682 -2.796 -2.524 -0.977 -1.655 -2.934 -3.095 -2.864
334 R -1.534 5.51 -0.462 -1.564 -2.259 0.518 -0.561 -2.128 0.098 -2.612 -2.028 2.018 -1.224 -2.472 -2.704 -1.406 -1.454 -2.234 -1.772 -2.162
335 F -2.062 -2.283 -2.47 -3.164 -1.557 -2.64 -2.869 -2.903 0.996 -0.213 -0.079 -2.501 -0.207 5.346 -3.837 -2.719 -2.227 1.671 5.356 -0.734
336 G 0.62 -1.438 0.066 -0.736 -0.541 -1.27 -1.407 4.159 -0.924 -2.49 -2.839 -0.888 -1.833 -2.287 -2.054 1.855 -0.097 -2.494 -2.369 -1.973
337 T -0.472 0.144 -0.116 -0.667 -0.719 3.224 0.327 -1.403 -0.12 -1.059 -1.486 0.388 -0.467 -2.188 -1.91 0.066 2.682 -2.185 -1.488 -0.606
338 L -1.91 -2.52 -3.1 -3.463 -0.698 -3.188 -3.393 -3.117 -1.476 1.268 2.795 -2.862 1.326 4.892 -3.996 -3.094 -1.949 -0.136 1.577 0.411
339 L 2.323 -1.814 -2.389 -2.495 0.295 -1.905 -2.131 -0.932 -1.71 0.922 2.456 -1.55 1.004 -0.207 -2.348 -0.82 -0.944 -2.018 -1.385 0.663
340 L -1.458 -2.607 -3.312 -3.392 -0.15 -2.911 -3.49 -3.43 -2.505 3.529 3.092 -2.577 1.734 0.542 -3.554 -3.117 -1.317 -1.905 -1.168 2.114
341 F -1.64 -2.042 -2.599 -3.053 -0.709 -2.128 -2.863 -2.725 -0.897 1.015 1.455 -2.232 4.023 4.849 -3.783 -2.479 -1.633 -0.03 1.624 0.337
342 L -1.91 -2.52 -3.1 -3.463 -0.698 -3.188 -3.393 -3.117 -1.476 1.268 2.795 -2.862 1.326 4.892 -3.996 -3.094 -1.949 -0.136 1.577 0.411
343 L -1.458 -2.607 -3.312 -3.392 -0.15 -2.911 -3.49 -3.43 -2.505 3.529 3.092 -2.577 1.734 0.542 -3.554 -3.117 -1.317 -1.905 -1.168 2.114
344 V -0.234 -2.486 -2.929 -3.164 0.34 -2.587 -2.894 -2.955 -2.915 3.03 0.945 -2.388 0.832 -0.398 -3.171 -2.284 -0.451 -2.387 -1.285 4.125
345 Y -1.812 -1.777 -2.126 -3.022 -1.752 -1.784 -2.363 -2.932 2.105 -0.804 -0.91 -1.873 -0.682 3.348 -3.333 -2.437 -2.089 2.309 6.655 -0.979
346 D -1.795 -1.681 -0.009 3.964 -2.045 -1.292 -0.179 -1.888 1.076 -1.607 -1.921 -1.304 -1.517 1.66 -2.764 -1.6 -1.731 0.667 4.753 -1.771
347 L -1.91 -2.52 -3.1 -3.463 -0.698 -3.188 -3.393 -3.117 -1.476 1.268 2.795 -2.862 1.326 4.892 -3.996 -3.094 -1.949 -0.136 1.577 0.411
348 S 1.068 -0.741 0.497 -0.249 0.072 -0.57 -0.555 -0.106 -0.46 -1.911 -2.328 -0.285 -1.187 -1.943 -1.475 3.262 1.011 -2.549 -1.756 -1.292
349 E -0.488 -0.567 -0.237 0.521 -0.875 0.374 2.848 -1.623 -0.371 -1.223 -1.764 0.035 -1.079 -2.049 -1.783 0.053 2.639 -2.284 -1.805 -0.717
350 L -1.161 0.684 -1.419 -1.822 -0.922 -0.43 -0.963 -2.186 -1.096 0.624 2.348 2.737 0.917 -0.447 -2.489 -1.801 -1.321 -2.065 -1.399 -0.048
351 K -0.854 1.601 -0.179 -0.534 -1.944 3.512 0.903 -1.41 0.307 -2.181 -2.113 3.296 -0.784 -2.881 -1.91 -0.817 -1.028 -2.361 -1.526 -1.891
352 F -1.483 0.565 -1.282 -1.736 -1.66 -0.672 -1.001 -2.008 -0.521 -0.681 -0.51 2.678 -0.424 4.626 -2.749 -1.76 -1.655 -0.374 1.444 -1.158
353 K -1.088 0.535 -1.393 -1.697 -0.922 -0.553 -1.043 -2.217 -1.221 2.796 0.337 2.721 0.285 -0.915 -2.455 -1.775 -1.078 -2.361 -1.526 1.352
354 E -0.488 -0.567 -0.237 0.521 -0.875 0.374 2.848 -1.623 -0.371 -1.223 -1.764 0.035 -1.079 -2.049 -1.783 0.053 2.639 -2.284 -1.805 -0.717
355 N -1.66 -0.415 5.643 1.281 -1.846 -0.527 -0.725 -0.155 0.968 -2.712 -3.152 -0.296 -2.161 -2.374 -2.588 -0.118 -0.451 -2.966 -2.069 -2.56
356 K -1.088 0.535 -1.393 -1.697 -0.922 -0.553 -1.043 -2.217 -1.221 2.796 0.337 2.721 0.285 -0.915 -2.455 -1.775 -1.078 -2.361 -1.526 1.352
357 E -0.872 1.193 -0.303 0.61 -2.186 1.089 3.103 -1.63 0.092 -2.426 -2.462 3.172 -1.476 -2.705 -1.783 -0.836 -1.189 -2.467 -1.848 -2.066
358 G 0.114 -2.334 -0.416 -1.299 -1.296 -2.171 -2.598 5.786 -1.452 -3.191 -3.437 -1.627 -2.643 -2.654 -2.755 -0.978 -1.895 -2.416 -3.124 -2.84
359 L -1.458 -2.607 -3.312 -3.392 -0.15 -2.911 -3.49 -3.43 -2.505 3.529 3.092 -2.577 1.734 0.542 -3.554 -3.117 -1.317 -1.905 -1.168 2.114
360 V -0.749 -2.777 -3.091 -3.173 0.105 -2.882 -3.263 -3.205 -2.811 3.871 1.334 -2.53 1.06 -0.074 -3.333 -2.653 -0.746 -2.284 -1.285 3.561
361 Y -1.586 -2.364 -2.638 -3.1 -0.841 -2.409 -2.95 -3.193 0.603 2.944 0.664 -2.248 0.457 2.188 -3.418 -2.739 -1.538 0.86 4.833 1.537
362 F -1.097 -2.684 -2.895 -3.238 -0.392 -3.156 -3.173 -2.915 -1.687 1.97 0.761 -2.81 0.534 4.766 -3.74 -2.633 -1.254 -0.335 1.533 2.653
363 L -1.91 -2.52 -3.1 -3.463 -0.698 -3.188 -3.393 -3.117 -1.476 1.268 2.795 -2.862 1.326 4.892 -3.996 -3.094 -1.949 -0.136 1.577 0.411
364 L -1.08 -1.383 -2.36 -2.814 -0.168 -1.051 -2.353 -2.583 -0.968 1.603 2.135 -1.452 5.611 0.468 -3.242 -2.016 -1.046 -1.306 -0.832 0.99
365 L -1.541 -2.186 -3.362 -3.62 -0.15 -2.64 -3.306 -3.383 -2.314 2.005 4.037 -2.478 2.132 0.833 -3.604 -3.158 -1.581 -1.65 -1.056 1.106
366 I -1.225 -2.116 -2.776 -2.991 -0.159 -1.933 -2.944 -2.996 -1.71 3.416 1.915 -2.001 4.19 0.346 -3.37 -2.498 -1.06 -1.712 -1.05 2.074
367 F -1.097 -2.684 -2.895 -3.238 -0.392 -3.156 -3.173 -2.915 -1.687 1.97 0.761 -2.81 0.534 4.766 -3.74 -2.633 -1.254 -0.335 1.533 2.653
368 N -1.735 -1.016 3.832 -0.133 -1.799 -1.087 -1.43 -1.221 1.592 -1.603 -1.818 -0.978 -1.328 1.72 -2.936 -1.051 -1.156 0.739 4.792 -1.663
369 L -1.541 -2.186 -3.362 -3.62 -0.15 -2.64 -3.306 -3.383 -2.314 2.005 4.037 -2.478 2.132 0.833 -3.604 -3.158 -1.581 -1.65 -1.056 1.106
370 L -1.458 -2.607 -3.312 -3.392 -0.15 -2.911 -3.49 -3.43 -2.505 3.529 3.092 -2.577 1.734 0.542 -3.554 -3.117 -1.317 -1.905 -1.168 2.114
371 L -1.91 -2.52 -3.1 -3.463 -0.698 -3.188 -3.393 -3.117 -1.476 1.268 2.795 -2.862 1.326 4.892 -3.996 -3.094 -1.949 -0.136 1.577 0.411
372 F -0.158 -1.622 -0.719 -1.392 -0.561 -1.77 -1.662 -1.17 -0.638 -0.615 -0.533 -1.417 -0.41 4.664 -2.595 1.571 -0.21 -0.374 1.45 -0.873
373 R -1.534 5.51 -0.462 -1.564 -2.259 0.518 -0.561 -2.128 0.098 -2.612 -2.028 2.018 -1.224 -2.472 -2.704 -1.406 -1.454 -2.234 -1.772 -2.162
374 L -0.739 -1.588 -1.322 -2.033 -0.011 -1.77 -2.184 -2.177 -1.828 1.101 2.493 -1.513 1.097 -0.129 -2.489 -0.623 2.605 -1.905 -1.363 0.701
375 L -1.198 -2.226 -2.487 -2.865 -0.103 -2.479 -2.986 -2.949 -2.262 2.922 2.906 -2.177 1.537 0.335 -3.154 -2.03 0.631 -1.905 -1.232 1.715
376 D -1.316 -0.763 0.531 4.416 -2.392 0.445 3.258 -1.507 -0.035 -2.745 -3.07 0.021 -2.187 -2.76 -2.078 -0.87 -1.356 -2.903 -2.42 -2.476
377 V -0.749 -2.777 -3.091 -3.173 0.105 -2.882 -3.263 -3.205 -2.811 3.871 1.334 -2.53 1.06 -0.074 -3.333 -2.653 -0.746 -2.284 -1.285 3.561
378 N -1.213 1.104 3.993 0.45 -1.911 0.216 -0.16 -0.688 0.426 -2.403 -2.66 2.993 -1.655 -2.582 -2.102 -0.474 -0.749 -2.75 -1.925 -2.266
379 D -1.718 -0.942 4.203 4.375 -2.097 -0.694 0.297 -0.599 0.313 -2.719 -3.316 -0.55 -2.417 -2.634 -2.435 -0.505 -0.892 -3.235 -2.515 -2.708
380 N -1.66 -0.415 5.643 1.281 -1.846 -0.527 -0.725 -0.155 0.968 -2.712 -3.152 -0.296 -2.161 -2.374 -2.588 -0.118 -0.451 -2.966 -2.069 -2.56
381 F -1.816 -2.997 -3.054 -3.247 -0.698 -3.518 -3.583 -3.161 -1.619 3.118 1.174 -2.975 0.786 4.823 -3.938 -3.053 -1.651 -0.284 1.533 1.642
382 N 0.015 -0.573 4.091 0.617 -0.73 -0.548 -0.639 -0.13 0.342 -2.284 -2.711 -0.29 -1.633 -2.151 -1.978 2.041 0.372 -2.75 -1.908 -1.857
383 Y -0.916 -2.11 -2.5 -3.092 -0.52 -2.158 -2.616 -2.944 0.571 1.708 0.164 -2.119 0.173 2.045 -3.251 -2.36 -1.156 0.826 4.833 2.579
384 F -2.062 -2.283 -2.47 -3.164 -1.557 -2.64 -2.869 -2.903 0.996 -0.213 -0.079 -2.501 -0.207 5.346 -3.837 -2.719 -2.227 1.671 5.356 -0.734
385 T 0.538 -0.911 0.197 -0.606 0.097 -0.824 -0.937 -0.653 -0.897 -0.946 -1.623 -0.527 -0.841 -1.756 -1.579 2.258 3.059 -2.361 -1.731 -0.432
386 D -1.316 -0.763 0.531 4.416 -2.392 0.445 3.258 -1.507 -0.035 -2.745 -3.07 0.021 -2.187 -2.76 -2.078 -0.87 -1.356 -2.903 -2.42 -2.476
387 S 1.068 -0.741 0.497 -0.249 0.072 -0.57 -0.555 -0.106 -0.46 -1.911 -2.328 -0.285 -1.187 -1.943 -1.475 3.262 1.011 -2.549 -1.756 -1.292
388 Y -1.812 -1.777 -2.126 -3.022 -1.752 -1.784 -2.363 -2.932 2.105 -0.804 -0.91 -1.873 -0.682 3.348 -3.333 -2.437 -2.089 2.309 6.655 -0.979
389 S 1.068 -0.741 0.497 -0.249 0.072 -0.57 -0.555 -0.106 -0.46 -1.911 -2.328 -0.285 -1.187 -1.943 -1.475 3.262 1.011 -2.549 -1.756 -1.292
390 N 0.015 -0.573 4.091 0.617 -0.73 -0.548 -0.639 -0.13 0.342 -2.284 -2.711 -0.29 -1.633 -2.151 -1.978 2.041 0.372 -2.75 -1.908 -1.857
391 I -1.119 -0.37 -1.263 -1.436 -0.898 3.052 -0.15 -2.309 -0.475 2.785 0.39 -0.114 0.554 -0.954 -2.749 -1.688 -1.024 -2.185 -1.285 1.386
392 L -1.673 -1.975 -2.678 -3.306 -0.841 -2.18 -2.796 -3.148 0.67 0.93 2.515 -2.16 1.056 2.356 -3.466 -2.775 -1.824 0.961 4.848 0.248
393 F -1.977 -1.397 3.79 -0.184 -1.601 -1.738 -1.786 -1.205 0.208 -0.847 -0.732 -1.424 -0.745 4.644 -3.37 -1.221 -1.254 -0.467 1.401 -1.355
394 L -1.301 -1.757 -2.818 -3.189 -0.159 -1.738 -2.79 -2.955 -1.563 1.811 3.24 -1.92 4.367 0.656 -3.418 -2.531 -1.301 -1.473 -0.942 1.048
395 S 1.068 -0.741 0.497 -0.249 0.072 -0.57 -0.555 -0.106 -0.46 -1.911 -2.328 -0.285 -1.187 -1.943 -1.475 3.262 1.011 -2.549 -1.756 -1.292
396 L -1.673 -1.975 -2.678 -3.306 -0.841 -2.18 -2.796 -3.148 0.67 0.93 2.515 -2.16 1.056 2.356 -3.466 -2.775 -1.824 0.961 4.848 0.248
397 F -1.816 -2.997 -3.054 -3.247 -0.698 -3.518 -3.583 -3.161 -1.619 3.118 1.174 -2.975 0.786 4.823 -3.938 -3.053 -1.651 -0.284 1.533 1.642
398 K 0.274 1.011 0.14 -0.476 -0.774 0.2 -0.088 -0.659 -0.349 -2.015 -2.284 2.995 -1.205 -2.342 -1.579 1.878 0.15 -2.549 -1.772 -1.624
399 L -1.517 -2.162 -3.338 -3.596 -0.126 -2.616 -3.282 -3.359 -2.29 2.029 3.998 -2.454 2.156 0.857 -3.58 -3.134 -1.557 -1.626 -1.032 1.13
400 L -1.517 -2.162 -3.338 -3.596 -0.126 -2.616 -3.282 -3.359 -2.29 2.029 3.998 -2.454 2.156 0.857 -3.58 -3.134 -1.557 -1.626 -1.032 1.13
401 Y -1.788 -1.753 -2.102 -2.998 -1.728 -1.76 -2.339 -2.908 2.129 -0.78 -0.886 -1.849 -0.658 3.372 -3.309 -2.413 -2.065 2.333 6.603 -0.955
402 E -0.556 -1.068 -1.352 0.038 -0.719 0.004 2.709 -2.409 -0.811 1.393 -0.337 -0.467 -0.181 -1.297 -2.455 -1.442 -0.845 -2.387 -1.58 2.437
403 L 2.323 -1.814 -2.389 -2.495 0.295 -1.905 -2.131 -0.932 -1.71 0.922 2.456 -1.55 1.004 -0.207 -2.348 -0.82 -0.944 -2.018 -1.385 0.663
404 L -1.91 -2.52 -3.1 -3.463 -0.698 -3.188 -3.393 -3.117 -1.476 1.268 2.795 -2.862 1.326 4.892 -3.996 -3.094 -1.949 -0.136 1.577 0.411
405 G -0.332 0.653 -0.353 -1.007 -1.63 -0.32 -0.796 4.042 -0.794 -2.618 -2.786 2.815 -1.856 -2.741 -2.182 -0.941 -1.47 -2.494 -2.389 -2.399
406 I -1.377 -3.101 -3.263 -3.181 -0.15 -3.209 -3.687 -3.479 -2.711 4.521 1.677 -2.679 1.271 0.218 -3.505 -3.076 -1.075 -2.185 -1.285 2.86