#Seq2Logo.py -f /work3/idamei/wzy_ssn/run/1e-50/run/150/MSAs/0004_47.afa -o /work3/idamei/wzy_ssn/run/1e-50/run/150/logos/0004_47.logo
Last position-specific scoring matrix computed, values are in halfbits
A R N D C Q E G H I L K M F P S T W Y V
0 L -1.056 -1.359 -2.336 -2.79 -0.144 -1.027 -2.329 -2.559 -0.944 1.627 2.159 -1.428 5.486 0.492 -3.218 -1.992 -1.022 -1.282 -0.808 1.014
1 I -1.353 -3.077 -3.239 -3.157 -0.126 -3.185 -3.663 -3.455 -2.687 4.457 1.701 -2.655 1.295 0.242 -3.481 -3.052 -1.051 -2.161 -1.261 2.884
2 S 1.092 -0.717 0.521 -0.225 0.096 -0.546 -0.531 -0.082 -0.436 -1.887 -2.304 -0.261 -1.163 -1.919 -1.451 3.177 1.035 -2.525 -1.732 -1.268
3 I -1.353 -3.077 -3.239 -3.157 -0.126 -3.185 -3.663 -3.455 -2.687 4.457 1.701 -2.655 1.295 0.242 -3.481 -3.052 -1.051 -2.161 -1.261 2.884
4 I -1.353 -3.077 -3.239 -3.157 -0.126 -3.185 -3.663 -3.455 -2.687 4.457 1.701 -2.655 1.295 0.242 -3.481 -3.052 -1.051 -2.161 -1.261 2.884
5 S 1.092 -0.717 0.521 -0.225 0.096 -0.546 -0.531 -0.082 -0.436 -1.887 -2.304 -0.261 -1.163 -1.919 -1.451 3.177 1.035 -2.525 -1.732 -1.268
6 P -0.812 -1.989 -1.91 -1.54 -1.433 -1.909 -1.598 -1.828 -1.583 -2.293 -2.726 -1.04 -2.379 -3.311 6.638 -1.428 -1.324 -4.525 -2.611 -2.138
7 V -0.21 -2.462 -2.905 -3.14 0.364 -2.563 -2.87 -2.931 -2.891 3.054 0.969 -2.364 0.856 -0.374 -3.147 -2.26 -0.427 -2.363 -1.261 4.06
8 L -1.517 -2.162 -3.338 -3.596 -0.126 -2.616 -3.282 -3.359 -2.29 2.029 3.998 -2.454 2.156 0.857 -3.58 -3.134 -1.557 -1.626 -1.032 1.13
9 G 0.114 -2.334 -0.416 -1.299 -1.296 -2.171 -2.598 5.786 -1.452 -3.191 -3.437 -1.627 -2.643 -2.654 -2.755 -0.978 -1.895 -2.416 -3.124 -2.84
10 S 1.092 -0.717 0.521 -0.225 0.096 -0.546 -0.531 -0.082 -0.436 -1.887 -2.304 -0.261 -1.163 -1.919 -1.451 3.177 1.035 -2.525 -1.732 -1.268
11 S 1.092 -0.717 0.521 -0.225 0.096 -0.546 -0.531 -0.082 -0.436 -1.887 -2.304 -0.261 -1.163 -1.919 -1.451 3.177 1.035 -2.525 -1.732 -1.268
12 S 1.092 -0.717 0.521 -0.225 0.096 -0.546 -0.531 -0.082 -0.436 -1.887 -2.304 -0.261 -1.163 -1.919 -1.451 3.177 1.035 -2.525 -1.732 -1.268
13 K -0.802 2.118 -0.244 -0.698 -1.953 0.831 0.337 -1.318 -0.219 -2.099 -2.216 4.428 -1.2 -2.782 -1.663 -0.857 -1.058 -2.525 -1.765 -1.975
14 V -0.21 -2.462 -2.905 -3.14 0.364 -2.563 -2.87 -2.931 -2.891 3.054 0.969 -2.364 0.856 -0.374 -3.147 -2.26 -0.427 -2.363 -1.261 4.06
15 E -0.895 -0.098 -0.314 1.542 -2.387 1.37 4.437 -1.926 0.417 -2.74 -2.679 0.701 -1.729 -2.584 -1.857 -0.767 -1.277 -2.363 -1.884 -2.11
16 T -0.088 -1.069 -0.115 -0.99 0.146 -1.079 -1.354 -1.305 -1.389 -0.2 -1.033 -0.767 -0.508 -1.556 -1.663 0.729 4.172 -2.161 -1.682 0.253
17 F -2.31 -2.872 -2.836 -3.29 -1.35 -3.84 -3.458 -2.851 -0.804 0.301 0.589 -3.28 0.225 6.477 -4.424 -3.007 -2.347 0.876 2.955 -0.483
18 I -1.353 -3.077 -3.239 -3.157 -0.126 -3.185 -3.663 -3.455 -2.687 4.457 1.701 -2.655 1.295 0.242 -3.481 -3.052 -1.051 -2.161 -1.261 2.884
19 S 1.092 -0.717 0.521 -0.225 0.096 -0.546 -0.531 -0.082 -0.436 -1.887 -2.304 -0.261 -1.163 -1.919 -1.451 3.177 1.035 -2.525 -1.732 -1.268
20 A 3.859 -1.46 -1.638 -1.663 0.704 -1.296 -1.274 0.398 -1.187 -0.806 -1.297 -0.825 -0.85 -1.824 -1.451 0.479 -0.398 -2.416 -1.732 0.163
21 L -1.517 -2.162 -3.338 -3.596 -0.126 -2.616 -3.282 -3.359 -2.29 2.029 3.998 -2.454 2.156 0.857 -3.58 -3.134 -1.557 -1.626 -1.032 1.13
22 L -1.517 -2.162 -3.338 -3.596 -0.126 -2.616 -3.282 -3.359 -2.29 2.029 3.998 -2.454 2.156 0.857 -3.58 -3.134 -1.557 -1.626 -1.032 1.13
23 A 3.859 -1.46 -1.638 -1.663 0.704 -1.296 -1.274 0.398 -1.187 -0.806 -1.297 -0.825 -0.85 -1.824 -1.451 0.479 -0.398 -2.416 -1.732 0.163
24 N -1.636 -0.391 5.591 1.305 -1.822 -0.503 -0.701 -0.13 0.992 -2.688 -3.128 -0.272 -2.137 -2.35 -2.564 -0.094 -0.427 -2.942 -2.045 -2.536
25 T -0.088 -1.069 -0.115 -0.99 0.146 -1.079 -1.354 -1.305 -1.389 -0.2 -1.033 -0.767 -0.508 -1.556 -1.663 0.729 4.172 -2.161 -1.682 0.253
26 H -1.683 -0.334 0.483 -0.937 -2.31 -0.141 -0.477 -1.673 7.954 -2.638 -2.571 -0.742 -1.237 -0.829 -2.725 -1.555 -2.203 -1.43 1.691 -3.012
27 G 0.114 -2.334 -0.416 -1.299 -1.296 -2.171 -2.598 5.786 -1.452 -3.191 -3.437 -1.627 -2.643 -2.654 -2.755 -0.978 -1.895 -2.416 -3.124 -2.84
28 Q -0.859 1.031 -0.069 -0.333 -1.887 4.795 1.416 -1.455 0.793 -2.216 -1.967 1.246 -0.379 -2.935 -2.127 -0.731 -0.951 -2.161 -1.261 -1.763
29 K -0.802 2.118 -0.244 -0.698 -1.953 0.831 0.337 -1.318 -0.219 -2.099 -2.216 4.428 -1.2 -2.782 -1.663 -0.857 -1.058 -2.525 -1.765 -1.975
30 N -1.636 -0.391 5.591 1.305 -1.822 -0.503 -0.701 -0.13 0.992 -2.688 -3.128 -0.272 -2.137 -2.35 -2.564 -0.094 -0.427 -2.942 -2.045 -2.536
31 I -1.353 -3.077 -3.239 -3.157 -0.126 -3.185 -3.663 -3.455 -2.687 4.457 1.701 -2.655 1.295 0.242 -3.481 -3.052 -1.051 -2.161 -1.261 2.884
32 L -1.517 -2.162 -3.338 -3.596 -0.126 -2.616 -3.282 -3.359 -2.29 2.029 3.998 -2.454 2.156 0.857 -3.58 -3.134 -1.557 -1.626 -1.032 1.13
33 K -0.802 2.118 -0.244 -0.698 -1.953 0.831 0.337 -1.318 -0.219 -2.099 -2.216 4.428 -1.2 -2.782 -1.663 -0.857 -1.058 -2.525 -1.765 -1.975
34 N -1.636 -0.391 5.591 1.305 -1.822 -0.503 -0.701 -0.13 0.992 -2.688 -3.128 -0.272 -2.137 -2.35 -2.564 -0.094 -0.427 -2.942 -2.045 -2.536
35 I -1.353 -3.077 -3.239 -3.157 -0.126 -3.185 -3.663 -3.455 -2.687 4.457 1.701 -2.655 1.295 0.242 -3.481 -3.052 -1.051 -2.161 -1.261 2.884
36 E -0.895 -0.098 -0.314 1.542 -2.387 1.37 4.437 -1.926 0.417 -2.74 -2.679 0.701 -1.729 -2.584 -1.857 -0.767 -1.277 -2.363 -1.884 -2.11
37 L -1.517 -2.162 -3.338 -3.596 -0.126 -2.616 -3.282 -3.359 -2.29 2.029 3.998 -2.454 2.156 0.857 -3.58 -3.134 -1.557 -1.626 -1.032 1.13
38 I -1.353 -3.077 -3.239 -3.157 -0.126 -3.185 -3.663 -3.455 -2.687 4.457 1.701 -2.655 1.295 0.242 -3.481 -3.052 -1.051 -2.161 -1.261 2.884
39 I -1.353 -3.077 -3.239 -3.157 -0.126 -3.185 -3.663 -3.455 -2.687 4.457 1.701 -2.655 1.295 0.242 -3.481 -3.052 -1.051 -2.161 -1.261 2.884
40 I -1.353 -3.077 -3.239 -3.157 -0.126 -3.185 -3.663 -3.455 -2.687 4.457 1.701 -2.655 1.295 0.242 -3.481 -3.052 -1.051 -2.161 -1.261 2.884
41 D -1.753 -1.564 1.223 5.797 -2.348 -0.848 1.074 -1.1 -0.512 -2.701 -3.467 -0.805 -2.674 -2.896 -2.265 -0.928 -1.389 -3.507 -3.019 -2.84
42 D -1.753 -1.564 1.223 5.797 -2.348 -0.848 1.074 -1.1 -0.512 -2.701 -3.467 -0.805 -2.674 -2.896 -2.265 -0.928 -1.389 -3.507 -3.019 -2.84
43 G 0.114 -2.334 -0.416 -1.299 -1.296 -2.171 -2.598 5.786 -1.452 -3.191 -3.437 -1.627 -2.643 -2.654 -2.755 -0.978 -1.895 -2.416 -3.124 -2.84
44 S 1.092 -0.717 0.521 -0.225 0.096 -0.546 -0.531 -0.082 -0.436 -1.887 -2.304 -0.261 -1.163 -1.919 -1.451 3.177 1.035 -2.525 -1.732 -1.268
45 E -0.895 -0.098 -0.314 1.542 -2.387 1.37 4.437 -1.926 0.417 -2.74 -2.679 0.701 -1.729 -2.584 -1.857 -0.767 -1.277 -2.363 -1.884 -2.11
46 V -0.21 -2.462 -2.905 -3.14 0.364 -2.563 -2.87 -2.931 -2.891 3.054 0.969 -2.364 0.856 -0.374 -3.147 -2.26 -0.427 -2.363 -1.261 4.06
47 N -1.636 -0.391 5.591 1.305 -1.822 -0.503 -0.701 -0.13 0.992 -2.688 -3.128 -0.272 -2.137 -2.35 -2.564 -0.094 -0.427 -2.942 -2.045 -2.536
48 L -1.517 -2.162 -3.338 -3.596 -0.126 -2.616 -3.282 -3.359 -2.29 2.029 3.998 -2.454 2.156 0.857 -3.58 -3.134 -1.557 -1.626 -1.032 1.13
49 E -0.895 -0.098 -0.314 1.542 -2.387 1.37 4.437 -1.926 0.417 -2.74 -2.679 0.701 -1.729 -2.584 -1.857 -0.767 -1.277 -2.363 -1.884 -2.11
50 D -1.753 -1.564 1.223 5.797 -2.348 -0.848 1.074 -1.1 -0.512 -2.701 -3.467 -0.805 -2.674 -2.896 -2.265 -0.928 -1.389 -3.507 -3.019 -2.84
51 T -0.088 -1.069 -0.115 -0.99 0.146 -1.079 -1.354 -1.305 -1.389 -0.2 -1.033 -0.767 -0.508 -1.556 -1.663 0.729 4.172 -2.161 -1.682 0.253
52 T -0.088 -1.069 -0.115 -0.99 0.146 -1.079 -1.354 -1.305 -1.389 -0.2 -1.033 -0.767 -0.508 -1.556 -1.663 0.729 4.172 -2.161 -1.682 0.253
53 I -1.353 -3.077 -3.239 -3.157 -0.126 -3.185 -3.663 -3.455 -2.687 4.457 1.701 -2.655 1.295 0.242 -3.481 -3.052 -1.051 -2.161 -1.261 2.884
54 A 3.859 -1.46 -1.638 -1.663 0.704 -1.296 -1.274 0.398 -1.187 -0.806 -1.297 -0.825 -0.85 -1.824 -1.451 0.479 -0.398 -2.416 -1.732 0.163
55 F -2.31 -2.872 -2.836 -3.29 -1.35 -3.84 -3.458 -2.851 -0.804 0.301 0.589 -3.28 0.225 6.477 -4.424 -3.007 -2.347 0.876 2.955 -0.483
56 S 1.092 -0.717 0.521 -0.225 0.096 -0.546 -0.531 -0.082 -0.436 -1.887 -2.304 -0.261 -1.163 -1.919 -1.451 3.177 1.035 -2.525 -1.732 -1.268
57 E -0.895 -0.098 -0.314 1.542 -2.387 1.37 4.437 -1.926 0.417 -2.74 -2.679 0.701 -1.729 -2.584 -1.857 -0.767 -1.277 -2.363 -1.884 -2.11
58 K -0.802 2.118 -0.244 -0.698 -1.953 0.831 0.337 -1.318 -0.219 -2.099 -2.216 4.428 -1.2 -2.782 -1.663 -0.857 -1.058 -2.525 -1.765 -1.975
59 F -2.31 -2.872 -2.836 -3.29 -1.35 -3.84 -3.458 -2.851 -0.804 0.301 0.589 -3.28 0.225 6.477 -4.424 -3.007 -2.347 0.876 2.955 -0.483
60 N -1.636 -0.391 5.591 1.305 -1.822 -0.503 -0.701 -0.13 0.992 -2.688 -3.128 -0.272 -2.137 -2.35 -2.564 -0.094 -0.427 -2.942 -2.045 -2.536
61 E -0.895 -0.098 -0.314 1.542 -2.387 1.37 4.437 -1.926 0.417 -2.74 -2.679 0.701 -1.729 -2.584 -1.857 -0.767 -1.277 -2.363 -1.884 -2.11
62 R -1.51 5.465 -0.438 -1.54 -2.235 0.542 -0.537 -2.104 0.122 -2.588 -2.004 2.043 -1.2 -2.448 -2.68 -1.382 -1.43 -2.21 -1.748 -2.138
63 E -0.895 -0.098 -0.314 1.542 -2.387 1.37 4.437 -1.926 0.417 -2.74 -2.679 0.701 -1.729 -2.584 -1.857 -0.767 -1.277 -2.363 -1.884 -2.11
64 W -2.626 -2.359 -3.142 -3.596 -2.31 -2.8 -2.945 -2.342 -1.11 -1.83 -1.626 -2.767 -1.256 1.152 -5.384 -3.331 -2.671 10.586 2.193 -2.204
65 R -1.51 5.465 -0.438 -1.54 -2.235 0.542 -0.537 -2.104 0.122 -2.588 -2.004 2.043 -1.2 -2.448 -2.68 -1.382 -1.43 -2.21 -1.748 -2.138
66 L -1.517 -2.162 -3.338 -3.596 -0.126 -2.616 -3.282 -3.359 -2.29 2.029 3.998 -2.454 2.156 0.857 -3.58 -3.134 -1.557 -1.626 -1.032 1.13
67 V -0.21 -2.462 -2.905 -3.14 0.364 -2.563 -2.87 -2.931 -2.891 3.054 0.969 -2.364 0.856 -0.374 -3.147 -2.26 -0.427 -2.363 -1.261 4.06
68 F -2.31 -2.872 -2.836 -3.29 -1.35 -3.84 -3.458 -2.851 -0.804 0.301 0.589 -3.28 0.225 6.477 -4.424 -3.007 -2.347 0.876 2.955 -0.483
69 L -1.517 -2.162 -3.338 -3.596 -0.126 -2.616 -3.282 -3.359 -2.29 2.029 3.998 -2.454 2.156 0.857 -3.58 -3.134 -1.557 -1.626 -1.032 1.13
70 R -1.51 5.465 -0.438 -1.54 -2.235 0.542 -0.537 -2.104 0.122 -2.588 -2.004 2.043 -1.2 -2.448 -2.68 -1.382 -1.43 -2.21 -1.748 -2.138
71 N -1.636 -0.391 5.591 1.305 -1.822 -0.503 -0.701 -0.13 0.992 -2.688 -3.128 -0.272 -2.137 -2.35 -2.564 -0.094 -0.427 -2.942 -2.045 -2.536
72 E -0.895 -0.098 -0.314 1.542 -2.387 1.37 4.437 -1.926 0.417 -2.74 -2.679 0.701 -1.729 -2.584 -1.857 -0.767 -1.277 -2.363 -1.884 -2.11
73 I -1.353 -3.077 -3.239 -3.157 -0.126 -3.185 -3.663 -3.455 -2.687 4.457 1.701 -2.655 1.295 0.242 -3.481 -3.052 -1.051 -2.161 -1.261 2.884
74 N -1.636 -0.391 5.591 1.305 -1.822 -0.503 -0.701 -0.13 0.992 -2.688 -3.128 -0.272 -2.137 -2.35 -2.564 -0.094 -0.427 -2.942 -2.045 -2.536
75 E -0.895 -0.098 -0.314 1.542 -2.387 1.37 4.437 -1.926 0.417 -2.74 -2.679 0.701 -1.729 -2.584 -1.857 -0.767 -1.277 -2.363 -1.884 -2.11
76 G 0.114 -2.334 -0.416 -1.299 -1.296 -2.171 -2.598 5.786 -1.452 -3.191 -3.437 -1.627 -2.643 -2.654 -2.755 -0.978 -1.895 -2.416 -3.124 -2.84
77 R -1.51 5.465 -0.438 -1.54 -2.235 0.542 -0.537 -2.104 0.122 -2.588 -2.004 2.043 -1.2 -2.448 -2.68 -1.382 -1.43 -2.21 -1.748 -2.138
78 A 3.859 -1.46 -1.638 -1.663 0.704 -1.296 -1.274 0.398 -1.187 -0.806 -1.297 -0.825 -0.85 -1.824 -1.451 0.479 -0.398 -2.416 -1.732 0.163
79 F -2.31 -2.872 -2.836 -3.29 -1.35 -3.84 -3.458 -2.851 -0.804 0.301 0.589 -3.28 0.225 6.477 -4.424 -3.007 -2.347 0.876 2.955 -0.483
80 S 1.092 -0.717 0.521 -0.225 0.096 -0.546 -0.531 -0.082 -0.436 -1.887 -2.304 -0.261 -1.163 -1.919 -1.451 3.177 1.035 -2.525 -1.732 -1.268
81 R -1.51 5.465 -0.438 -1.54 -2.235 0.542 -0.537 -2.104 0.122 -2.588 -2.004 2.043 -1.2 -2.448 -2.68 -1.382 -1.43 -2.21 -1.748 -2.138
82 N -1.636 -0.391 5.591 1.305 -1.822 -0.503 -0.701 -0.13 0.992 -2.688 -3.128 -0.272 -2.137 -2.35 -2.564 -0.094 -0.427 -2.942 -2.045 -2.536
83 R -1.51 5.465 -0.438 -1.54 -2.235 0.542 -0.537 -2.104 0.122 -2.588 -2.004 2.043 -1.2 -2.448 -2.68 -1.382 -1.43 -2.21 -1.748 -2.138
84 A 3.859 -1.46 -1.638 -1.663 0.704 -1.296 -1.274 0.398 -1.187 -0.806 -1.297 -0.825 -0.85 -1.824 -1.451 0.479 -0.398 -2.416 -1.732 0.163
85 A 3.859 -1.46 -1.638 -1.663 0.704 -1.296 -1.274 0.398 -1.187 -0.806 -1.297 -0.825 -0.85 -1.824 -1.451 0.479 -0.398 -2.416 -1.732 0.163
86 K -0.802 2.118 -0.244 -0.698 -1.953 0.831 0.337 -1.318 -0.219 -2.099 -2.216 4.428 -1.2 -2.782 -1.663 -0.857 -1.058 -2.525 -1.765 -1.975
87 S 1.092 -0.717 0.521 -0.225 0.096 -0.546 -0.531 -0.082 -0.436 -1.887 -2.304 -0.261 -1.163 -1.919 -1.451 3.177 1.035 -2.525 -1.732 -1.268
88 A 3.859 -1.46 -1.638 -1.663 0.704 -1.296 -1.274 0.398 -1.187 -0.806 -1.297 -0.825 -0.85 -1.824 -1.451 0.479 -0.398 -2.416 -1.732 0.163
89 S 1.092 -0.717 0.521 -0.225 0.096 -0.546 -0.531 -0.082 -0.436 -1.887 -2.304 -0.261 -1.163 -1.919 -1.451 3.177 1.035 -2.525 -1.732 -1.268
90 N -1.636 -0.391 5.591 1.305 -1.822 -0.503 -0.701 -0.13 0.992 -2.688 -3.128 -0.272 -2.137 -2.35 -2.564 -0.094 -0.427 -2.942 -2.045 -2.536
91 E -0.895 -0.098 -0.314 1.542 -2.387 1.37 4.437 -1.926 0.417 -2.74 -2.679 0.701 -1.729 -2.584 -1.857 -0.767 -1.277 -2.363 -1.884 -2.11
92 W -2.626 -2.359 -3.142 -3.596 -2.31 -2.8 -2.945 -2.342 -1.11 -1.83 -1.626 -2.767 -1.256 1.152 -5.384 -3.331 -2.671 10.586 2.193 -2.204
93 L -1.517 -2.162 -3.338 -3.596 -0.126 -2.616 -3.282 -3.359 -2.29 2.029 3.998 -2.454 2.156 0.857 -3.58 -3.134 -1.557 -1.626 -1.032 1.13
94 F -2.31 -2.872 -2.836 -3.29 -1.35 -3.84 -3.458 -2.851 -0.804 0.301 0.589 -3.28 0.225 6.477 -4.424 -3.007 -2.347 0.876 2.955 -0.483
95 F -2.31 -2.872 -2.836 -3.29 -1.35 -3.84 -3.458 -2.851 -0.804 0.301 0.589 -3.28 0.225 6.477 -4.424 -3.007 -2.347 0.876 2.955 -0.483
96 V -0.21 -2.462 -2.905 -3.14 0.364 -2.563 -2.87 -2.931 -2.891 3.054 0.969 -2.364 0.856 -0.374 -3.147 -2.26 -0.427 -2.363 -1.261 4.06
97 D -1.753 -1.564 1.223 5.797 -2.348 -0.848 1.074 -1.1 -0.512 -2.701 -3.467 -0.805 -2.674 -2.896 -2.265 -0.928 -1.389 -3.507 -3.019 -2.84
98 I -1.353 -3.077 -3.239 -3.157 -0.126 -3.185 -3.663 -3.455 -2.687 4.457 1.701 -2.655 1.295 0.242 -3.481 -3.052 -1.051 -2.161 -1.261 2.884
99 D -1.753 -1.564 1.223 5.797 -2.348 -0.848 1.074 -1.1 -0.512 -2.701 -3.467 -0.805 -2.674 -2.896 -2.265 -0.928 -1.389 -3.507 -3.019 -2.84
100 N -1.636 -0.391 5.591 1.305 -1.822 -0.503 -0.701 -0.13 0.992 -2.688 -3.128 -0.272 -2.137 -2.35 -2.564 -0.094 -0.427 -2.942 -2.045 -2.536
101 L -1.517 -2.162 -3.338 -3.596 -0.126 -2.616 -3.282 -3.359 -2.29 2.029 3.998 -2.454 2.156 0.857 -3.58 -3.134 -1.557 -1.626 -1.032 1.13
102 L -1.517 -2.162 -3.338 -3.596 -0.126 -2.616 -3.282 -3.359 -2.29 2.029 3.998 -2.454 2.156 0.857 -3.58 -3.134 -1.557 -1.626 -1.032 1.13
103 Q -0.859 1.031 -0.069 -0.333 -1.887 4.795 1.416 -1.455 0.793 -2.216 -1.967 1.246 -0.379 -2.935 -2.127 -0.731 -0.951 -2.161 -1.261 -1.763
104 Q -0.859 1.031 -0.069 -0.333 -1.887 4.795 1.416 -1.455 0.793 -2.216 -1.967 1.246 -0.379 -2.935 -2.127 -0.731 -0.951 -2.161 -1.261 -1.763
105 G 0.114 -2.334 -0.416 -1.299 -1.296 -2.171 -2.598 5.786 -1.452 -3.191 -3.437 -1.627 -2.643 -2.654 -2.755 -0.978 -1.895 -2.416 -3.124 -2.84
106 C -0.423 -3.314 -2.94 -3.394 9.654 -3.434 -3.9 -2.139 -2.926 -0.708 -1.037 -3.089 -1.054 -2.003 -3.182 -1.646 -1.293 -3.211 -2.772 -0.385
107 L -1.517 -2.162 -3.338 -3.596 -0.126 -2.616 -3.282 -3.359 -2.29 2.029 3.998 -2.454 2.156 0.857 -3.58 -3.134 -1.557 -1.626 -1.032 1.13
108 D -1.753 -1.564 1.223 5.797 -2.348 -0.848 1.074 -1.1 -0.512 -2.701 -3.467 -0.805 -2.674 -2.896 -2.265 -0.928 -1.389 -3.507 -3.019 -2.84
109 S 1.092 -0.717 0.521 -0.225 0.096 -0.546 -0.531 -0.082 -0.436 -1.887 -2.304 -0.261 -1.163 -1.919 -1.451 3.177 1.035 -2.525 -1.732 -1.268
110 L -1.517 -2.162 -3.338 -3.596 -0.126 -2.616 -3.282 -3.359 -2.29 2.029 3.998 -2.454 2.156 0.857 -3.58 -3.134 -1.557 -1.626 -1.032 1.13
111 H -1.683 -0.334 0.483 -0.937 -2.31 -0.141 -0.477 -1.673 7.954 -2.638 -2.571 -0.742 -1.237 -0.829 -2.725 -1.555 -2.203 -1.43 1.691 -3.012
112 S 1.092 -0.717 0.521 -0.225 0.096 -0.546 -0.531 -0.082 -0.436 -1.887 -2.304 -0.261 -1.163 -1.919 -1.451 3.177 1.035 -2.525 -1.732 -1.268
113 L -1.056 -1.359 -2.336 -2.79 -0.144 -1.027 -2.329 -2.559 -0.944 1.627 2.159 -1.428 5.486 0.492 -3.218 -1.992 -1.022 -1.282 -0.808 1.014
114 I -1.353 -3.077 -3.239 -3.157 -0.126 -3.185 -3.663 -3.455 -2.687 4.457 1.701 -2.655 1.295 0.242 -3.481 -3.052 -1.051 -2.161 -1.261 2.884
115 L -1.517 -2.162 -3.338 -3.596 -0.126 -2.616 -3.282 -3.359 -2.29 2.029 3.998 -2.454 2.156 0.857 -3.58 -3.134 -1.557 -1.626 -1.032 1.13
116 S 1.092 -0.717 0.521 -0.225 0.096 -0.546 -0.531 -0.082 -0.436 -1.887 -2.304 -0.261 -1.163 -1.919 -1.451 3.177 1.035 -2.525 -1.732 -1.268
117 C -0.423 -3.314 -2.94 -3.394 9.654 -3.434 -3.9 -2.139 -2.926 -0.708 -1.037 -3.089 -1.054 -2.003 -3.182 -1.646 -1.293 -3.211 -2.772 -0.385
118 E -0.895 -0.098 -0.314 1.542 -2.387 1.37 4.437 -1.926 0.417 -2.74 -2.679 0.701 -1.729 -2.584 -1.857 -0.767 -1.277 -2.363 -1.884 -2.11
119 K -0.802 2.118 -0.244 -0.698 -1.953 0.831 0.337 -1.318 -0.219 -2.099 -2.216 4.428 -1.2 -2.782 -1.663 -0.857 -1.058 -2.525 -1.765 -1.975
120 P -0.812 -1.989 -1.91 -1.54 -1.433 -1.909 -1.598 -1.828 -1.583 -2.293 -2.726 -1.04 -2.379 -3.311 6.638 -1.428 -1.324 -4.525 -2.611 -2.138
121 F -2.31 -2.872 -2.836 -3.29 -1.35 -3.84 -3.458 -2.851 -0.804 0.301 0.589 -3.28 0.225 6.477 -4.424 -3.007 -2.347 0.876 2.955 -0.483
122 V -0.21 -2.462 -2.905 -3.14 0.364 -2.563 -2.87 -2.931 -2.891 3.054 0.969 -2.364 0.856 -0.374 -3.147 -2.26 -0.427 -2.363 -1.261 4.06
123 A 3.859 -1.46 -1.638 -1.663 0.704 -1.296 -1.274 0.398 -1.187 -0.806 -1.297 -0.825 -0.85 -1.824 -1.451 0.479 -0.398 -2.416 -1.732 0.163
124 R -1.51 5.465 -0.438 -1.54 -2.235 0.542 -0.537 -2.104 0.122 -2.588 -2.004 2.043 -1.2 -2.448 -2.68 -1.382 -1.43 -2.21 -1.748 -2.138
125 A 3.859 -1.46 -1.638 -1.663 0.704 -1.296 -1.274 0.398 -1.187 -0.806 -1.297 -0.825 -0.85 -1.824 -1.451 0.479 -0.398 -2.416 -1.732 0.163
126 N -1.636 -0.391 5.591 1.305 -1.822 -0.503 -0.701 -0.13 0.992 -2.688 -3.128 -0.272 -2.137 -2.35 -2.564 -0.094 -0.427 -2.942 -2.045 -2.536
127 V -0.21 -2.462 -2.905 -3.14 0.364 -2.563 -2.87 -2.931 -2.891 3.054 0.969 -2.364 0.856 -0.374 -3.147 -2.26 -0.427 -2.363 -1.261 4.06
128 R -1.51 5.465 -0.438 -1.54 -2.235 0.542 -0.537 -2.104 0.122 -2.588 -2.004 2.043 -1.2 -2.448 -2.68 -1.382 -1.43 -2.21 -1.748 -2.138
129 C -0.423 -3.314 -2.94 -3.394 9.654 -3.434 -3.9 -2.139 -2.926 -0.708 -1.037 -3.089 -1.054 -2.003 -3.182 -1.646 -1.293 -3.211 -2.772 -0.385
130 R -1.51 5.465 -0.438 -1.54 -2.235 0.542 -0.537 -2.104 0.122 -2.588 -2.004 2.043 -1.2 -2.448 -2.68 -1.382 -1.43 -2.21 -1.748 -2.138
131 Q -0.859 1.031 -0.069 -0.333 -1.887 4.795 1.416 -1.455 0.793 -2.216 -1.967 1.246 -0.379 -2.935 -2.127 -0.731 -0.951 -2.161 -1.261 -1.763
132 D -1.753 -1.564 1.223 5.797 -2.348 -0.848 1.074 -1.1 -0.512 -2.701 -3.467 -0.805 -2.674 -2.896 -2.265 -0.928 -1.389 -3.507 -3.019 -2.84
133 L -1.517 -2.162 -3.338 -3.596 -0.126 -2.616 -3.282 -3.359 -2.29 2.029 3.998 -2.454 2.156 0.857 -3.58 -3.134 -1.557 -1.626 -1.032 1.13
134 T -0.088 -1.069 -0.115 -0.99 0.146 -1.079 -1.354 -1.305 -1.389 -0.2 -1.033 -0.767 -0.508 -1.556 -1.663 0.729 4.172 -2.161 -1.682 0.253
135 R -1.51 5.465 -0.438 -1.54 -2.235 0.542 -0.537 -2.104 0.122 -2.588 -2.004 2.043 -1.2 -2.448 -2.68 -1.382 -1.43 -2.21 -1.748 -2.138
136 D -1.753 -1.564 1.223 5.797 -2.348 -0.848 1.074 -1.1 -0.512 -2.701 -3.467 -0.805 -2.674 -2.896 -2.265 -0.928 -1.389 -3.507 -3.019 -2.84
137 S 1.092 -0.717 0.521 -0.225 0.096 -0.546 -0.531 -0.082 -0.436 -1.887 -2.304 -0.261 -1.163 -1.919 -1.451 3.177 1.035 -2.525 -1.732 -1.268
138 N -1.636 -0.391 5.591 1.305 -1.822 -0.503 -0.701 -0.13 0.992 -2.688 -3.128 -0.272 -2.137 -2.35 -2.564 -0.094 -0.427 -2.942 -2.045 -2.536
139 Y -1.788 -1.753 -2.102 -2.998 -1.728 -1.76 -2.339 -2.908 2.129 -0.78 -0.886 -1.849 -0.658 3.372 -3.309 -2.413 -2.065 2.333 6.603 -0.955
140 L -1.517 -2.162 -3.338 -3.596 -0.126 -2.616 -3.282 -3.359 -2.29 2.029 3.998 -2.454 2.156 0.857 -3.58 -3.134 -1.557 -1.626 -1.032 1.13
141 H -1.683 -0.334 0.483 -0.937 -2.31 -0.141 -0.477 -1.673 7.954 -2.638 -2.571 -0.742 -1.237 -0.829 -2.725 -1.555 -2.203 -1.43 1.691 -3.012
142 Y -1.788 -1.753 -2.102 -2.998 -1.728 -1.76 -2.339 -2.908 2.129 -0.78 -0.886 -1.849 -0.658 3.372 -3.309 -2.413 -2.065 2.333 6.603 -0.955
143 F -2.31 -2.872 -2.836 -3.29 -1.35 -3.84 -3.458 -2.851 -0.804 0.301 0.589 -3.28 0.225 6.477 -4.424 -3.007 -2.347 0.876 2.955 -0.483
144 D -1.753 -1.564 1.223 5.797 -2.348 -0.848 1.074 -1.1 -0.512 -2.701 -3.467 -0.805 -2.674 -2.896 -2.265 -0.928 -1.389 -3.507 -3.019 -2.84
145 S 1.092 -0.717 0.521 -0.225 0.096 -0.546 -0.531 -0.082 -0.436 -1.887 -2.304 -0.261 -1.163 -1.919 -1.451 3.177 1.035 -2.525 -1.732 -1.268
146 R -1.51 5.465 -0.438 -1.54 -2.235 0.542 -0.537 -2.104 0.122 -2.588 -2.004 2.043 -1.2 -2.448 -2.68 -1.382 -1.43 -2.21 -1.748 -2.138
147 Y -1.788 -1.753 -2.102 -2.998 -1.728 -1.76 -2.339 -2.908 2.129 -0.78 -0.886 -1.849 -0.658 3.372 -3.309 -2.413 -2.065 2.333 6.603 -0.955
148 L -1.517 -2.162 -3.338 -3.596 -0.126 -2.616 -3.282 -3.359 -2.29 2.029 3.998 -2.454 2.156 0.857 -3.58 -3.134 -1.557 -1.626 -1.032 1.13
149 G 0.114 -2.334 -0.416 -1.299 -1.296 -2.171 -2.598 5.786 -1.452 -3.191 -3.437 -1.627 -2.643 -2.654 -2.755 -0.978 -1.895 -2.416 -3.124 -2.84
150 N -1.636 -0.391 5.591 1.305 -1.822 -0.503 -0.701 -0.13 0.992 -2.688 -3.128 -0.272 -2.137 -2.35 -2.564 -0.094 -0.427 -2.942 -2.045 -2.536
151 R -1.51 5.465 -0.438 -1.54 -2.235 0.542 -0.537 -2.104 0.122 -2.588 -2.004 2.043 -1.2 -2.448 -2.68 -1.382 -1.43 -2.21 -1.748 -2.138
152 Y -1.788 -1.753 -2.102 -2.998 -1.728 -1.76 -2.339 -2.908 2.129 -0.78 -0.886 -1.849 -0.658 3.372 -3.309 -2.413 -2.065 2.333 6.603 -0.955
153 K -0.802 2.118 -0.244 -0.698 -1.953 0.831 0.337 -1.318 -0.219 -2.099 -2.216 4.428 -1.2 -2.782 -1.663 -0.857 -1.058 -2.525 -1.765 -1.975
154 G 0.114 -2.334 -0.416 -1.299 -1.296 -2.171 -2.598 5.786 -1.452 -3.191 -3.437 -1.627 -2.643 -2.654 -2.755 -0.978 -1.895 -2.416 -3.124 -2.84
155 T -0.088 -1.069 -0.115 -0.99 0.146 -1.079 -1.354 -1.305 -1.389 -0.2 -1.033 -0.767 -0.508 -1.556 -1.663 0.729 4.172 -2.161 -1.682 0.253
156 V -0.21 -2.462 -2.905 -3.14 0.364 -2.563 -2.87 -2.931 -2.891 3.054 0.969 -2.364 0.856 -0.374 -3.147 -2.26 -0.427 -2.363 -1.261 4.06
157 K -0.802 2.118 -0.244 -0.698 -1.953 0.831 0.337 -1.318 -0.219 -2.099 -2.216 4.428 -1.2 -2.782 -1.663 -0.857 -1.058 -2.525 -1.765 -1.975
158 I -1.353 -3.077 -3.239 -3.157 -0.126 -3.185 -3.663 -3.455 -2.687 4.457 1.701 -2.655 1.295 0.242 -3.481 -3.052 -1.051 -2.161 -1.261 2.884
159 E -0.895 -0.098 -0.314 1.542 -2.387 1.37 4.437 -1.926 0.417 -2.74 -2.679 0.701 -1.729 -2.584 -1.857 -0.767 -1.277 -2.363 -1.884 -2.11
160 Y -1.788 -1.753 -2.102 -2.998 -1.728 -1.76 -2.339 -2.908 2.129 -0.78 -0.886 -1.849 -0.658 3.372 -3.309 -2.413 -2.065 2.333 6.603 -0.955
161 R -1.51 5.465 -0.438 -1.54 -2.235 0.542 -0.537 -2.104 0.122 -2.588 -2.004 2.043 -1.2 -2.448 -2.68 -1.382 -1.43 -2.21 -1.748 -2.138
162 Y -1.788 -1.753 -2.102 -2.998 -1.728 -1.76 -2.339 -2.908 2.129 -0.78 -0.886 -1.849 -0.658 3.372 -3.309 -2.413 -2.065 2.333 6.603 -0.955
163 F -2.31 -2.872 -2.836 -3.29 -1.35 -3.84 -3.458 -2.851 -0.804 0.301 0.589 -3.28 0.225 6.477 -4.424 -3.007 -2.347 0.876 2.955 -0.483
164 A 3.859 -1.46 -1.638 -1.663 0.704 -1.296 -1.274 0.398 -1.187 -0.806 -1.297 -0.825 -0.85 -1.824 -1.451 0.479 -0.398 -2.416 -1.732 0.163
165 S 1.092 -0.717 0.521 -0.225 0.096 -0.546 -0.531 -0.082 -0.436 -1.887 -2.304 -0.261 -1.163 -1.919 -1.451 3.177 1.035 -2.525 -1.732 -1.268
166 D -1.753 -1.564 1.223 5.797 -2.348 -0.848 1.074 -1.1 -0.512 -2.701 -3.467 -0.805 -2.674 -2.896 -2.265 -0.928 -1.389 -3.507 -3.019 -2.84
167 A 3.859 -1.46 -1.638 -1.663 0.704 -1.296 -1.274 0.398 -1.187 -0.806 -1.297 -0.825 -0.85 -1.824 -1.451 0.479 -0.398 -2.416 -1.732 0.163
168 F -2.31 -2.872 -2.836 -3.29 -1.35 -3.84 -3.458 -2.851 -0.804 0.301 0.589 -3.28 0.225 6.477 -4.424 -3.007 -2.347 0.876 2.955 -0.483
169 L -1.517 -2.162 -3.338 -3.596 -0.126 -2.616 -3.282 -3.359 -2.29 2.029 3.998 -2.454 2.156 0.857 -3.58 -3.134 -1.557 -1.626 -1.032 1.13
170 I -1.353 -3.077 -3.239 -3.157 -0.126 -3.185 -3.663 -3.455 -2.687 4.457 1.701 -2.655 1.295 0.242 -3.481 -3.052 -1.051 -2.161 -1.261 2.884
171 S 1.092 -0.717 0.521 -0.225 0.096 -0.546 -0.531 -0.082 -0.436 -1.887 -2.304 -0.261 -1.163 -1.919 -1.451 3.177 1.035 -2.525 -1.732 -1.268
172 K -0.802 2.118 -0.244 -0.698 -1.953 0.831 0.337 -1.318 -0.219 -2.099 -2.216 4.428 -1.2 -2.782 -1.663 -0.857 -1.058 -2.525 -1.765 -1.975
173 S 1.092 -0.717 0.521 -0.225 0.096 -0.546 -0.531 -0.082 -0.436 -1.887 -2.304 -0.261 -1.163 -1.919 -1.451 3.177 1.035 -2.525 -1.732 -1.268
174 E -0.895 -0.098 -0.314 1.542 -2.387 1.37 4.437 -1.926 0.417 -2.74 -2.679 0.701 -1.729 -2.584 -1.857 -0.767 -1.277 -2.363 -1.884 -2.11
175 F -2.31 -2.872 -2.836 -3.29 -1.35 -3.84 -3.458 -2.851 -0.804 0.301 0.589 -3.28 0.225 6.477 -4.424 -3.007 -2.347 0.876 2.955 -0.483
176 E -0.895 -0.098 -0.314 1.542 -2.387 1.37 4.437 -1.926 0.417 -2.74 -2.679 0.701 -1.729 -2.584 -1.857 -0.767 -1.277 -2.363 -1.884 -2.11
177 A 3.859 -1.46 -1.638 -1.663 0.704 -1.296 -1.274 0.398 -1.187 -0.806 -1.297 -0.825 -0.85 -1.824 -1.451 0.479 -0.398 -2.416 -1.732 0.163
178 Q -0.859 1.031 -0.069 -0.333 -1.887 4.795 1.416 -1.455 0.793 -2.216 -1.967 1.246 -0.379 -2.935 -2.127 -0.731 -0.951 -2.161 -1.261 -1.763
179 K -0.802 2.118 -0.244 -0.698 -1.953 0.831 0.337 -1.318 -0.219 -2.099 -2.216 4.428 -1.2 -2.782 -1.663 -0.857 -1.058 -2.525 -1.765 -1.975
180 G 0.114 -2.334 -0.416 -1.299 -1.296 -2.171 -2.598 5.786 -1.452 -3.191 -3.437 -1.627 -2.643 -2.654 -2.755 -0.978 -1.895 -2.416 -3.124 -2.84
181 F -2.31 -2.872 -2.836 -3.29 -1.35 -3.84 -3.458 -2.851 -0.804 0.301 0.589 -3.28 0.225 6.477 -4.424 -3.007 -2.347 0.876 2.955 -0.483
182 D -1.753 -1.564 1.223 5.797 -2.348 -0.848 1.074 -1.1 -0.512 -2.701 -3.467 -0.805 -2.674 -2.896 -2.265 -0.928 -1.389 -3.507 -3.019 -2.84
183 E -0.895 -0.098 -0.314 1.542 -2.387 1.37 4.437 -1.926 0.417 -2.74 -2.679 0.701 -1.729 -2.584 -1.857 -0.767 -1.277 -2.363 -1.884 -2.11
184 S 1.092 -0.717 0.521 -0.225 0.096 -0.546 -0.531 -0.082 -0.436 -1.887 -2.304 -0.261 -1.163 -1.919 -1.451 3.177 1.035 -2.525 -1.732 -1.268
185 F -2.31 -2.872 -2.836 -3.29 -1.35 -3.84 -3.458 -2.851 -0.804 0.301 0.589 -3.28 0.225 6.477 -4.424 -3.007 -2.347 0.876 2.955 -0.483
186 R -1.51 5.465 -0.438 -1.54 -2.235 0.542 -0.537 -2.104 0.122 -2.588 -2.004 2.043 -1.2 -2.448 -2.68 -1.382 -1.43 -2.21 -1.748 -2.138
187 H -1.683 -0.334 0.483 -0.937 -2.31 -0.141 -0.477 -1.673 7.954 -2.638 -2.571 -0.742 -1.237 -0.829 -2.725 -1.555 -2.203 -1.43 1.691 -3.012
188 Y -1.788 -1.753 -2.102 -2.998 -1.728 -1.76 -2.339 -2.908 2.129 -0.78 -0.886 -1.849 -0.658 3.372 -3.309 -2.413 -2.065 2.333 6.603 -0.955
189 G 0.114 -2.334 -0.416 -1.299 -1.296 -2.171 -2.598 5.786 -1.452 -3.191 -3.437 -1.627 -2.643 -2.654 -2.755 -0.978 -1.895 -2.416 -3.124 -2.84
190 C -0.423 -3.314 -2.94 -3.394 9.654 -3.434 -3.9 -2.139 -2.926 -0.708 -1.037 -3.089 -1.054 -2.003 -3.182 -1.646 -1.293 -3.211 -2.772 -0.385
191 E -0.895 -0.098 -0.314 1.542 -2.387 1.37 4.437 -1.926 0.417 -2.74 -2.679 0.701 -1.729 -2.584 -1.857 -0.767 -1.277 -2.363 -1.884 -2.11
192 D -1.753 -1.564 1.223 5.797 -2.348 -0.848 1.074 -1.1 -0.512 -2.701 -3.467 -0.805 -2.674 -2.896 -2.265 -0.928 -1.389 -3.507 -3.019 -2.84
193 E -0.895 -0.098 -0.314 1.542 -2.387 1.37 4.437 -1.926 0.417 -2.74 -2.679 0.701 -1.729 -2.584 -1.857 -0.767 -1.277 -2.363 -1.884 -2.11
194 E -0.895 -0.098 -0.314 1.542 -2.387 1.37 4.437 -1.926 0.417 -2.74 -2.679 0.701 -1.729 -2.584 -1.857 -0.767 -1.277 -2.363 -1.884 -2.11
195 F -2.31 -2.872 -2.836 -3.29 -1.35 -3.84 -3.458 -2.851 -0.804 0.301 0.589 -3.28 0.225 6.477 -4.424 -3.007 -2.347 0.876 2.955 -0.483
196 G 0.114 -2.334 -0.416 -1.299 -1.296 -2.171 -2.598 5.786 -1.452 -3.191 -3.437 -1.627 -2.643 -2.654 -2.755 -0.978 -1.895 -2.416 -3.124 -2.84
197 A 3.859 -1.46 -1.638 -1.663 0.704 -1.296 -1.274 0.398 -1.187 -0.806 -1.297 -0.825 -0.85 -1.824 -1.451 0.479 -0.398 -2.416 -1.732 0.163
198 R -1.51 5.465 -0.438 -1.54 -2.235 0.542 -0.537 -2.104 0.122 -2.588 -2.004 2.043 -1.2 -2.448 -2.68 -1.382 -1.43 -2.21 -1.748 -2.138
199 L -1.517 -2.162 -3.338 -3.596 -0.126 -2.616 -3.282 -3.359 -2.29 2.029 3.998 -2.454 2.156 0.857 -3.58 -3.134 -1.557 -1.626 -1.032 1.13
200 R -1.51 5.465 -0.438 -1.54 -2.235 0.542 -0.537 -2.104 0.122 -2.588 -2.004 2.043 -1.2 -2.448 -2.68 -1.382 -1.43 -2.21 -1.748 -2.138
201 L -1.517 -2.162 -3.338 -3.596 -0.126 -2.616 -3.282 -3.359 -2.29 2.029 3.998 -2.454 2.156 0.857 -3.58 -3.134 -1.557 -1.626 -1.032 1.13
202 S 1.092 -0.717 0.521 -0.225 0.096 -0.546 -0.531 -0.082 -0.436 -1.887 -2.304 -0.261 -1.163 -1.919 -1.451 3.177 1.035 -2.525 -1.732 -1.268
203 S 1.092 -0.717 0.521 -0.225 0.096 -0.546 -0.531 -0.082 -0.436 -1.887 -2.304 -0.261 -1.163 -1.919 -1.451 3.177 1.035 -2.525 -1.732 -1.268
204 V -0.21 -2.462 -2.905 -3.14 0.364 -2.563 -2.87 -2.931 -2.891 3.054 0.969 -2.364 0.856 -0.374 -3.147 -2.26 -0.427 -2.363 -1.261 4.06
205 P -0.812 -1.989 -1.91 -1.54 -1.433 -1.909 -1.598 -1.828 -1.583 -2.293 -2.726 -1.04 -2.379 -3.311 6.638 -1.428 -1.324 -4.525 -2.611 -2.138
206 F -2.31 -2.872 -2.836 -3.29 -1.35 -3.84 -3.458 -2.851 -0.804 0.301 0.589 -3.28 0.225 6.477 -4.424 -3.007 -2.347 0.876 2.955 -0.483
207 F -2.31 -2.872 -2.836 -3.29 -1.35 -3.84 -3.458 -2.851 -0.804 0.301 0.589 -3.28 0.225 6.477 -4.424 -3.007 -2.347 0.876 2.955 -0.483
208 F -2.31 -2.872 -2.836 -3.29 -1.35 -3.84 -3.458 -2.851 -0.804 0.301 0.589 -3.28 0.225 6.477 -4.424 -3.007 -2.347 0.876 2.955 -0.483
209 C -0.423 -3.314 -2.94 -3.394 9.654 -3.434 -3.9 -2.139 -2.926 -0.708 -1.037 -3.089 -1.054 -2.003 -3.182 -1.646 -1.293 -3.211 -2.772 -0.385
210 S 1.092 -0.717 0.521 -0.225 0.096 -0.546 -0.531 -0.082 -0.436 -1.887 -2.304 -0.261 -1.163 -1.919 -1.451 3.177 1.035 -2.525 -1.732 -1.268
211 D -1.753 -1.564 1.223 5.797 -2.348 -0.848 1.074 -1.1 -0.512 -2.701 -3.467 -0.805 -2.674 -2.896 -2.265 -0.928 -1.389 -3.507 -3.019 -2.84
212 A 3.859 -1.46 -1.638 -1.663 0.704 -1.296 -1.274 0.398 -1.187 -0.806 -1.297 -0.825 -0.85 -1.824 -1.451 0.479 -0.398 -2.416 -1.732 0.163
213 L -1.517 -2.162 -3.338 -3.596 -0.126 -2.616 -3.282 -3.359 -2.29 2.029 3.998 -2.454 2.156 0.857 -3.58 -3.134 -1.557 -1.626 -1.032 1.13
214 L -1.517 -2.162 -3.338 -3.596 -0.126 -2.616 -3.282 -3.359 -2.29 2.029 3.998 -2.454 2.156 0.857 -3.58 -3.134 -1.557 -1.626 -1.032 1.13
215 Y -1.788 -1.753 -2.102 -2.998 -1.728 -1.76 -2.339 -2.908 2.129 -0.78 -0.886 -1.849 -0.658 3.372 -3.309 -2.413 -2.065 2.333 6.603 -0.955
216 D -1.753 -1.564 1.223 5.797 -2.348 -0.848 1.074 -1.1 -0.512 -2.701 -3.467 -0.805 -2.674 -2.896 -2.265 -0.928 -1.389 -3.507 -3.019 -2.84
217 N -1.636 -0.391 5.591 1.305 -1.822 -0.503 -0.701 -0.13 0.992 -2.688 -3.128 -0.272 -2.137 -2.35 -2.564 -0.094 -0.427 -2.942 -2.045 -2.536
218 D -1.753 -1.564 1.223 5.797 -2.348 -0.848 1.074 -1.1 -0.512 -2.701 -3.467 -0.805 -2.674 -2.896 -2.265 -0.928 -1.389 -3.507 -3.019 -2.84
219 T -0.088 -1.069 -0.115 -0.99 0.146 -1.079 -1.354 -1.305 -1.389 -0.2 -1.033 -0.767 -0.508 -1.556 -1.663 0.729 4.172 -2.161 -1.682 0.253
220 P -0.812 -1.989 -1.91 -1.54 -1.433 -1.909 -1.598 -1.828 -1.583 -2.293 -2.726 -1.04 -2.379 -3.311 6.638 -1.428 -1.324 -4.525 -2.611 -2.138
221 T -0.088 -1.069 -0.115 -0.99 0.146 -1.079 -1.354 -1.305 -1.389 -0.2 -1.033 -0.767 -0.508 -1.556 -1.663 0.729 4.172 -2.161 -1.682 0.253
222 L -1.517 -2.162 -3.338 -3.596 -0.126 -2.616 -3.282 -3.359 -2.29 2.029 3.998 -2.454 2.156 0.857 -3.58 -3.134 -1.557 -1.626 -1.032 1.13
223 D -1.753 -1.564 1.223 5.797 -2.348 -0.848 1.074 -1.1 -0.512 -2.701 -3.467 -0.805 -2.674 -2.896 -2.265 -0.928 -1.389 -3.507 -3.019 -2.84
224 R -1.51 5.465 -0.438 -1.54 -2.235 0.542 -0.537 -2.104 0.122 -2.588 -2.004 2.043 -1.2 -2.448 -2.68 -1.382 -1.43 -2.21 -1.748 -2.138
225 A 3.859 -1.46 -1.638 -1.663 0.704 -1.296 -1.274 0.398 -1.187 -0.806 -1.297 -0.825 -0.85 -1.824 -1.451 0.479 -0.398 -2.416 -1.732 0.163
226 C -0.423 -3.314 -2.94 -3.394 9.654 -3.434 -3.9 -2.139 -2.926 -0.708 -1.037 -3.089 -1.054 -2.003 -3.182 -1.646 -1.293 -3.211 -2.772 -0.385
227 E -0.895 -0.098 -0.314 1.542 -2.387 1.37 4.437 -1.926 0.417 -2.74 -2.679 0.701 -1.729 -2.584 -1.857 -0.767 -1.277 -2.363 -1.884 -2.11
228 R -1.51 5.465 -0.438 -1.54 -2.235 0.542 -0.537 -2.104 0.122 -2.588 -2.004 2.043 -1.2 -2.448 -2.68 -1.382 -1.43 -2.21 -1.748 -2.138
229 L -1.056 -1.359 -2.336 -2.79 -0.144 -1.027 -2.329 -2.559 -0.944 1.627 2.159 -1.428 5.486 0.492 -3.218 -1.992 -1.022 -1.282 -0.808 1.014
230 I -1.353 -3.077 -3.239 -3.157 -0.126 -3.185 -3.663 -3.455 -2.687 4.457 1.701 -2.655 1.295 0.242 -3.481 -3.052 -1.051 -2.161 -1.261 2.884
231 P -0.812 -1.989 -1.91 -1.54 -1.433 -1.909 -1.598 -1.828 -1.583 -2.293 -2.726 -1.04 -2.379 -3.311 6.638 -1.428 -1.324 -4.525 -2.611 -2.138
232 Y -1.788 -1.753 -2.102 -2.998 -1.728 -1.76 -2.339 -2.908 2.129 -0.78 -0.886 -1.849 -0.658 3.372 -3.309 -2.413 -2.065 2.333 6.603 -0.955
233 A 3.859 -1.46 -1.638 -1.663 0.704 -1.296 -1.274 0.398 -1.187 -0.806 -1.297 -0.825 -0.85 -1.824 -1.451 0.479 -0.398 -2.416 -1.732 0.163
234 R -1.51 5.465 -0.438 -1.54 -2.235 0.542 -0.537 -2.104 0.122 -2.588 -2.004 2.043 -1.2 -2.448 -2.68 -1.382 -1.43 -2.21 -1.748 -2.138
235 Y -1.788 -1.753 -2.102 -2.998 -1.728 -1.76 -2.339 -2.908 2.129 -0.78 -0.886 -1.849 -0.658 3.372 -3.309 -2.413 -2.065 2.333 6.603 -0.955
236 S 1.092 -0.717 0.521 -0.225 0.096 -0.546 -0.531 -0.082 -0.436 -1.887 -2.304 -0.261 -1.163 -1.919 -1.451 3.177 1.035 -2.525 -1.732 -1.268
237 V -0.21 -2.462 -2.905 -3.14 0.364 -2.563 -2.87 -2.931 -2.891 3.054 0.969 -2.364 0.856 -0.374 -3.147 -2.26 -0.427 -2.363 -1.261 4.06
238 P -0.812 -1.989 -1.91 -1.54 -1.433 -1.909 -1.598 -1.828 -1.583 -2.293 -2.726 -1.04 -2.379 -3.311 6.638 -1.428 -1.324 -4.525 -2.611 -2.138
239 L -1.517 -2.162 -3.338 -3.596 -0.126 -2.616 -3.282 -3.359 -2.29 2.029 3.998 -2.454 2.156 0.857 -3.58 -3.134 -1.557 -1.626 -1.032 1.13
240 L -1.517 -2.162 -3.338 -3.596 -0.126 -2.616 -3.282 -3.359 -2.29 2.029 3.998 -2.454 2.156 0.857 -3.58 -3.134 -1.557 -1.626 -1.032 1.13
241 V -0.21 -2.462 -2.905 -3.14 0.364 -2.563 -2.87 -2.931 -2.891 3.054 0.969 -2.364 0.856 -0.374 -3.147 -2.26 -0.427 -2.363 -1.261 4.06
242 K -0.802 2.118 -0.244 -0.698 -1.953 0.831 0.337 -1.318 -0.219 -2.099 -2.216 4.428 -1.2 -2.782 -1.663 -0.857 -1.058 -2.525 -1.765 -1.975
243 K -0.802 2.118 -0.244 -0.698 -1.953 0.831 0.337 -1.318 -0.219 -2.099 -2.216 4.428 -1.2 -2.782 -1.663 -0.857 -1.058 -2.525 -1.765 -1.975
244 H -1.683 -0.334 0.483 -0.937 -2.31 -0.141 -0.477 -1.673 7.954 -2.638 -2.571 -0.742 -1.237 -0.829 -2.725 -1.555 -2.203 -1.43 1.691 -3.012
245 P -0.812 -1.989 -1.91 -1.54 -1.433 -1.909 -1.598 -1.828 -1.583 -2.293 -2.726 -1.04 -2.379 -3.311 6.638 -1.428 -1.324 -4.525 -2.611 -2.138
246 E -0.895 -0.098 -0.314 1.542 -2.387 1.37 4.437 -1.926 0.417 -2.74 -2.679 0.701 -1.729 -2.584 -1.857 -0.767 -1.277 -2.363 -1.884 -2.11
247 I -1.353 -3.077 -3.239 -3.157 -0.126 -3.185 -3.663 -3.455 -2.687 4.457 1.701 -2.655 1.295 0.242 -3.481 -3.052 -1.051 -2.161 -1.261 2.884
248 V -0.21 -2.462 -2.905 -3.14 0.364 -2.563 -2.87 -2.931 -2.891 3.054 0.969 -2.364 0.856 -0.374 -3.147 -2.26 -0.427 -2.363 -1.261 4.06
249 D -1.753 -1.564 1.223 5.797 -2.348 -0.848 1.074 -1.1 -0.512 -2.701 -3.467 -0.805 -2.674 -2.896 -2.265 -0.928 -1.389 -3.507 -3.019 -2.84
250 K -0.802 2.118 -0.244 -0.698 -1.953 0.831 0.337 -1.318 -0.219 -2.099 -2.216 4.428 -1.2 -2.782 -1.663 -0.857 -1.058 -2.525 -1.765 -1.975
251 L -1.517 -2.162 -3.338 -3.596 -0.126 -2.616 -3.282 -3.359 -2.29 2.029 3.998 -2.454 2.156 0.857 -3.58 -3.134 -1.557 -1.626 -1.032 1.13
252 L -1.517 -2.162 -3.338 -3.596 -0.126 -2.616 -3.282 -3.359 -2.29 2.029 3.998 -2.454 2.156 0.857 -3.58 -3.134 -1.557 -1.626 -1.032 1.13
253 F -2.31 -2.872 -2.836 -3.29 -1.35 -3.84 -3.458 -2.851 -0.804 0.301 0.589 -3.28 0.225 6.477 -4.424 -3.007 -2.347 0.876 2.955 -0.483
254 P -0.812 -1.989 -1.91 -1.54 -1.433 -1.909 -1.598 -1.828 -1.583 -2.293 -2.726 -1.04 -2.379 -3.311 6.638 -1.428 -1.324 -4.525 -2.611 -2.138
255 Q -0.859 1.031 -0.069 -0.333 -1.887 4.795 1.416 -1.455 0.793 -2.216 -1.967 1.246 -0.379 -2.935 -2.127 -0.731 -0.951 -2.161 -1.261 -1.763
256 A 3.859 -1.46 -1.638 -1.663 0.704 -1.296 -1.274 0.398 -1.187 -0.806 -1.297 -0.825 -0.85 -1.824 -1.451 0.479 -0.398 -2.416 -1.732 0.163
257 E -0.895 -0.098 -0.314 1.542 -2.387 1.37 4.437 -1.926 0.417 -2.74 -2.679 0.701 -1.729 -2.584 -1.857 -0.767 -1.277 -2.363 -1.884 -2.11
258 R -1.51 5.465 -0.438 -1.54 -2.235 0.542 -0.537 -2.104 0.122 -2.588 -2.004 2.043 -1.2 -2.448 -2.68 -1.382 -1.43 -2.21 -1.748 -2.138
259 K -0.802 2.118 -0.244 -0.698 -1.953 0.831 0.337 -1.318 -0.219 -2.099 -2.216 4.428 -1.2 -2.782 -1.663 -0.857 -1.058 -2.525 -1.765 -1.975
260 G 0.114 -2.334 -0.416 -1.299 -1.296 -2.171 -2.598 5.786 -1.452 -3.191 -3.437 -1.627 -2.643 -2.654 -2.755 -0.978 -1.895 -2.416 -3.124 -2.84
261 S 1.092 -0.717 0.521 -0.225 0.096 -0.546 -0.531 -0.082 -0.436 -1.887 -2.304 -0.261 -1.163 -1.919 -1.451 3.177 1.035 -2.525 -1.732 -1.268
262 L -1.056 -1.359 -2.336 -2.79 -0.144 -1.027 -2.329 -2.559 -0.944 1.627 2.159 -1.428 5.486 0.492 -3.218 -1.992 -1.022 -1.282 -0.808 1.014
263 K -0.802 2.118 -0.244 -0.698 -1.953 0.831 0.337 -1.318 -0.219 -2.099 -2.216 4.428 -1.2 -2.782 -1.663 -0.857 -1.058 -2.525 -1.765 -1.975
264 S 1.092 -0.717 0.521 -0.225 0.096 -0.546 -0.531 -0.082 -0.436 -1.887 -2.304 -0.261 -1.163 -1.919 -1.451 3.177 1.035 -2.525 -1.732 -1.268
265 T -0.088 -1.069 -0.115 -0.99 0.146 -1.079 -1.354 -1.305 -1.389 -0.2 -1.033 -0.767 -0.508 -1.556 -1.663 0.729 4.172 -2.161 -1.682 0.253
266 V -0.21 -2.462 -2.905 -3.14 0.364 -2.563 -2.87 -2.931 -2.891 3.054 0.969 -2.364 0.856 -0.374 -3.147 -2.26 -0.427 -2.363 -1.261 4.06
267 L -1.517 -2.162 -3.338 -3.596 -0.126 -2.616 -3.282 -3.359 -2.29 2.029 3.998 -2.454 2.156 0.857 -3.58 -3.134 -1.557 -1.626 -1.032 1.13
268 R -1.51 5.465 -0.438 -1.54 -2.235 0.542 -0.537 -2.104 0.122 -2.588 -2.004 2.043 -1.2 -2.448 -2.68 -1.382 -1.43 -2.21 -1.748 -2.138
269 V -0.21 -2.462 -2.905 -3.14 0.364 -2.563 -2.87 -2.931 -2.891 3.054 0.969 -2.364 0.856 -0.374 -3.147 -2.26 -0.427 -2.363 -1.261 4.06
270 A 3.859 -1.46 -1.638 -1.663 0.704 -1.296 -1.274 0.398 -1.187 -0.806 -1.297 -0.825 -0.85 -1.824 -1.451 0.479 -0.398 -2.416 -1.732 0.163
271 L -1.517 -2.162 -3.338 -3.596 -0.126 -2.616 -3.282 -3.359 -2.29 2.029 3.998 -2.454 2.156 0.857 -3.58 -3.134 -1.557 -1.626 -1.032 1.13
272 S 1.092 -0.717 0.521 -0.225 0.096 -0.546 -0.531 -0.082 -0.436 -1.887 -2.304 -0.261 -1.163 -1.919 -1.451 3.177 1.035 -2.525 -1.732 -1.268
273 C -0.423 -3.314 -2.94 -3.394 9.654 -3.434 -3.9 -2.139 -2.926 -0.708 -1.037 -3.089 -1.054 -2.003 -3.182 -1.646 -1.293 -3.211 -2.772 -0.385
274 A 3.859 -1.46 -1.638 -1.663 0.704 -1.296 -1.274 0.398 -1.187 -0.806 -1.297 -0.825 -0.85 -1.824 -1.451 0.479 -0.398 -2.416 -1.732 0.163
275 N -1.636 -0.391 5.591 1.305 -1.822 -0.503 -0.701 -0.13 0.992 -2.688 -3.128 -0.272 -2.137 -2.35 -2.564 -0.094 -0.427 -2.942 -2.045 -2.536
276 S 1.092 -0.717 0.521 -0.225 0.096 -0.546 -0.531 -0.082 -0.436 -1.887 -2.304 -0.261 -1.163 -1.919 -1.451 3.177 1.035 -2.525 -1.732 -1.268
277 I -1.353 -3.077 -3.239 -3.157 -0.126 -3.185 -3.663 -3.455 -2.687 4.457 1.701 -2.655 1.295 0.242 -3.481 -3.052 -1.051 -2.161 -1.261 2.884
278 K -0.802 2.118 -0.244 -0.698 -1.953 0.831 0.337 -1.318 -0.219 -2.099 -2.216 4.428 -1.2 -2.782 -1.663 -0.857 -1.058 -2.525 -1.765 -1.975
279 L -1.517 -2.162 -3.338 -3.596 -0.126 -2.616 -3.282 -3.359 -2.29 2.029 3.998 -2.454 2.156 0.857 -3.58 -3.134 -1.557 -1.626 -1.032 1.13
280 N -1.636 -0.391 5.591 1.305 -1.822 -0.503 -0.701 -0.13 0.992 -2.688 -3.128 -0.272 -2.137 -2.35 -2.564 -0.094 -0.427 -2.942 -2.045 -2.536
281 K -0.802 2.118 -0.244 -0.698 -1.953 0.831 0.337 -1.318 -0.219 -2.099 -2.216 4.428 -1.2 -2.782 -1.663 -0.857 -1.058 -2.525 -1.765 -1.975
282 F -2.31 -2.872 -2.836 -3.29 -1.35 -3.84 -3.458 -2.851 -0.804 0.301 0.589 -3.28 0.225 6.477 -4.424 -3.007 -2.347 0.876 2.955 -0.483
283 V -0.21 -2.462 -2.905 -3.14 0.364 -2.563 -2.87 -2.931 -2.891 3.054 0.969 -2.364 0.856 -0.374 -3.147 -2.26 -0.427 -2.363 -1.261 4.06
284 R -1.51 5.465 -0.438 -1.54 -2.235 0.542 -0.537 -2.104 0.122 -2.588 -2.004 2.043 -1.2 -2.448 -2.68 -1.382 -1.43 -2.21 -1.748 -2.138
285 V -0.21 -2.462 -2.905 -3.14 0.364 -2.563 -2.87 -2.931 -2.891 3.054 0.969 -2.364 0.856 -0.374 -3.147 -2.26 -0.427 -2.363 -1.261 4.06
286 V -0.21 -2.462 -2.905 -3.14 0.364 -2.563 -2.87 -2.931 -2.891 3.054 0.969 -2.364 0.856 -0.374 -3.147 -2.26 -0.427 -2.363 -1.261 4.06
287 L -1.517 -2.162 -3.338 -3.596 -0.126 -2.616 -3.282 -3.359 -2.29 2.029 3.998 -2.454 2.156 0.857 -3.58 -3.134 -1.557 -1.626 -1.032 1.13
288 N -1.636 -0.391 5.591 1.305 -1.822 -0.503 -0.701 -0.13 0.992 -2.688 -3.128 -0.272 -2.137 -2.35 -2.564 -0.094 -0.427 -2.942 -2.045 -2.536
289 K -0.802 2.118 -0.244 -0.698 -1.953 0.831 0.337 -1.318 -0.219 -2.099 -2.216 4.428 -1.2 -2.782 -1.663 -0.857 -1.058 -2.525 -1.765 -1.975
290 L -1.517 -2.162 -3.338 -3.596 -0.126 -2.616 -3.282 -3.359 -2.29 2.029 3.998 -2.454 2.156 0.857 -3.58 -3.134 -1.557 -1.626 -1.032 1.13
291 D -1.753 -1.564 1.223 5.797 -2.348 -0.848 1.074 -1.1 -0.512 -2.701 -3.467 -0.805 -2.674 -2.896 -2.265 -0.928 -1.389 -3.507 -3.019 -2.84
292 N -1.636 -0.391 5.591 1.305 -1.822 -0.503 -0.701 -0.13 0.992 -2.688 -3.128 -0.272 -2.137 -2.35 -2.564 -0.094 -0.427 -2.942 -2.045 -2.536
293 R -1.51 5.465 -0.438 -1.54 -2.235 0.542 -0.537 -2.104 0.122 -2.588 -2.004 2.043 -1.2 -2.448 -2.68 -1.382 -1.43 -2.21 -1.748 -2.138
294 N -1.636 -0.391 5.591 1.305 -1.822 -0.503 -0.701 -0.13 0.992 -2.688 -3.128 -0.272 -2.137 -2.35 -2.564 -0.094 -0.427 -2.942 -2.045 -2.536
295 K -0.802 2.118 -0.244 -0.698 -1.953 0.831 0.337 -1.318 -0.219 -2.099 -2.216 4.428 -1.2 -2.782 -1.663 -0.857 -1.058 -2.525 -1.765 -1.975
296 F -2.31 -2.872 -2.836 -3.29 -1.35 -3.84 -3.458 -2.851 -0.804 0.301 0.589 -3.28 0.225 6.477 -4.424 -3.007 -2.347 0.876 2.955 -0.483
297 K -0.802 2.118 -0.244 -0.698 -1.953 0.831 0.337 -1.318 -0.219 -2.099 -2.216 4.428 -1.2 -2.782 -1.663 -0.857 -1.058 -2.525 -1.765 -1.975
298 I -1.353 -3.077 -3.239 -3.157 -0.126 -3.185 -3.663 -3.455 -2.687 4.457 1.701 -2.655 1.295 0.242 -3.481 -3.052 -1.051 -2.161 -1.261 2.884
299 R -1.51 5.465 -0.438 -1.54 -2.235 0.542 -0.537 -2.104 0.122 -2.588 -2.004 2.043 -1.2 -2.448 -2.68 -1.382 -1.43 -2.21 -1.748 -2.138
300 A 3.859 -1.46 -1.638 -1.663 0.704 -1.296 -1.274 0.398 -1.187 -0.806 -1.297 -0.825 -0.85 -1.824 -1.451 0.479 -0.398 -2.416 -1.732 0.163
301 I -1.353 -3.077 -3.239 -3.157 -0.126 -3.185 -3.663 -3.455 -2.687 4.457 1.701 -2.655 1.295 0.242 -3.481 -3.052 -1.051 -2.161 -1.261 2.884
302 F -2.31 -2.872 -2.836 -3.29 -1.35 -3.84 -3.458 -2.851 -0.804 0.301 0.589 -3.28 0.225 6.477 -4.424 -3.007 -2.347 0.876 2.955 -0.483
303 Y -1.788 -1.753 -2.102 -2.998 -1.728 -1.76 -2.339 -2.908 2.129 -0.78 -0.886 -1.849 -0.658 3.372 -3.309 -2.413 -2.065 2.333 6.603 -0.955
304 K -0.802 2.118 -0.244 -0.698 -1.953 0.831 0.337 -1.318 -0.219 -2.099 -2.216 4.428 -1.2 -2.782 -1.663 -0.857 -1.058 -2.525 -1.765 -1.975
305 L -1.517 -2.162 -3.338 -3.596 -0.126 -2.616 -3.282 -3.359 -2.29 2.029 3.998 -2.454 2.156 0.857 -3.58 -3.134 -1.557 -1.626 -1.032 1.13
306 V -0.21 -2.462 -2.905 -3.14 0.364 -2.563 -2.87 -2.931 -2.891 3.054 0.969 -2.364 0.856 -0.374 -3.147 -2.26 -0.427 -2.363 -1.261 4.06
307 L -1.517 -2.162 -3.338 -3.596 -0.126 -2.616 -3.282 -3.359 -2.29 2.029 3.998 -2.454 2.156 0.857 -3.58 -3.134 -1.557 -1.626 -1.032 1.13
308 A 3.859 -1.46 -1.638 -1.663 0.704 -1.296 -1.274 0.398 -1.187 -0.806 -1.297 -0.825 -0.85 -1.824 -1.451 0.479 -0.398 -2.416 -1.732 0.163
309 L -1.056 -1.359 -2.336 -2.79 -0.144 -1.027 -2.329 -2.559 -0.944 1.627 2.159 -1.428 5.486 0.492 -3.218 -1.992 -1.022 -1.282 -0.808 1.014
310 Y -1.788 -1.753 -2.102 -2.998 -1.728 -1.76 -2.339 -2.908 2.129 -0.78 -0.886 -1.849 -0.658 3.372 -3.309 -2.413 -2.065 2.333 6.603 -0.955
311 Y -1.788 -1.753 -2.102 -2.998 -1.728 -1.76 -2.339 -2.908 2.129 -0.78 -0.886 -1.849 -0.658 3.372 -3.309 -2.413 -2.065 2.333 6.603 -0.955
312 I -1.353 -3.077 -3.239 -3.157 -0.126 -3.185 -3.663 -3.455 -2.687 4.457 1.701 -2.655 1.295 0.242 -3.481 -3.052 -1.051 -2.161 -1.261 2.884
313 E -0.895 -0.098 -0.314 1.542 -2.387 1.37 4.437 -1.926 0.417 -2.74 -2.679 0.701 -1.729 -2.584 -1.857 -0.767 -1.277 -2.363 -1.884 -2.11
314 G 0.114 -2.334 -0.416 -1.299 -1.296 -2.171 -2.598 5.786 -1.452 -3.191 -3.437 -1.627 -2.643 -2.654 -2.755 -0.978 -1.895 -2.416 -3.124 -2.84
315 Y -1.788 -1.753 -2.102 -2.998 -1.728 -1.76 -2.339 -2.908 2.129 -0.78 -0.886 -1.849 -0.658 3.372 -3.309 -2.413 -2.065 2.333 6.603 -0.955
316 S 1.092 -0.717 0.521 -0.225 0.096 -0.546 -0.531 -0.082 -0.436 -1.887 -2.304 -0.261 -1.163 -1.919 -1.451 3.177 1.035 -2.525 -1.732 -1.268
317 K -0.802 2.118 -0.244 -0.698 -1.953 0.831 0.337 -1.318 -0.219 -2.099 -2.216 4.428 -1.2 -2.782 -1.663 -0.857 -1.058 -2.525 -1.765 -1.975
318 G 0.114 -2.334 -0.416 -1.299 -1.296 -2.171 -2.598 5.786 -1.452 -3.191 -3.437 -1.627 -2.643 -2.654 -2.755 -0.978 -1.895 -2.416 -3.124 -2.84
319 K -0.802 2.118 -0.244 -0.698 -1.953 0.831 0.337 -1.318 -0.219 -2.099 -2.216 4.428 -1.2 -2.782 -1.663 -0.857 -1.058 -2.525 -1.765 -1.975
320 E -0.895 -0.098 -0.314 1.542 -2.387 1.37 4.437 -1.926 0.417 -2.74 -2.679 0.701 -1.729 -2.584 -1.857 -0.767 -1.277 -2.363 -1.884 -2.11
321 L -1.08 -1.383 -2.36 -2.814 -0.168 -1.051 -2.353 -2.583 -0.968 1.603 2.135 -1.452 5.611 0.468 -3.242 -2.016 -1.046 -1.306 -0.832 0.99
322 A 3.018 -1.212 1.551 -0.835 0.289 -1.136 -1.207 0.063 -0.741 -0.951 -1.507 -0.739 -0.988 -1.882 -1.67 0.411 1.06 -2.476 -1.797 -0.152
323 N -1.66 -0.415 5.643 1.281 -1.846 -0.527 -0.725 -0.155 0.968 -2.712 -3.152 -0.296 -2.161 -2.374 -2.588 -0.118 -0.451 -2.966 -2.069 -2.56
324 I -1.377 -3.101 -3.263 -3.181 -0.15 -3.209 -3.687 -3.479 -2.711 4.521 1.677 -2.679 1.271 0.218 -3.505 -3.076 -1.075 -2.185 -1.285 2.86
325 Y -1.765 -1.842 -2.298 -3.114 -1.415 -1.91 -2.501 -3.002 1.701 -0.104 0.72 -1.966 0.02 3.054 -3.377 -2.546 -1.998 1.925 6.168 -0.51
326 F -2.334 -2.896 -2.86 -3.314 -1.374 -3.864 -3.482 -2.875 -0.828 0.277 0.565 -3.304 0.201 6.515 -4.448 -3.031 -2.371 0.852 2.931 -0.507
327 L -1.541 -2.186 -3.362 -3.62 -0.15 -2.64 -3.306 -3.383 -2.314 2.005 4.037 -2.478 2.132 0.833 -3.604 -3.158 -1.581 -1.65 -1.056 1.106
328 F -2.334 -2.896 -2.86 -3.314 -1.374 -3.864 -3.482 -2.875 -0.828 0.277 0.565 -3.304 0.201 6.515 -4.448 -3.031 -2.371 0.852 2.931 -0.507
329 G 0.09 -2.358 -0.44 -1.323 -1.32 -2.195 -2.622 5.809 -1.476 -3.215 -3.461 -1.651 -2.667 -2.678 -2.779 -1.002 -1.919 -2.44 -3.148 -2.864
330 T -0.112 -1.093 -0.139 -1.014 0.122 -1.103 -1.378 -1.329 -1.413 -0.224 -1.057 -0.791 -0.532 -1.58 -1.687 0.705 4.245 -2.185 -1.706 0.229
331 L -1.541 -2.186 -3.362 -3.62 -0.15 -2.64 -3.306 -3.383 -2.314 2.005 4.037 -2.478 2.132 0.833 -3.604 -3.158 -1.581 -1.65 -1.056 1.106
332 F -2.334 -2.896 -2.86 -3.314 -1.374 -3.864 -3.482 -2.875 -0.828 0.277 0.565 -3.304 0.201 6.515 -4.448 -3.031 -2.371 0.852 2.931 -0.507
333 I -1.377 -3.101 -3.263 -3.181 -0.15 -3.209 -3.687 -3.479 -2.711 4.521 1.677 -2.679 1.271 0.218 -3.505 -3.076 -1.075 -2.185 -1.285 2.86
334 F -2.334 -2.896 -2.86 -3.314 -1.374 -3.864 -3.482 -2.875 -0.828 0.277 0.565 -3.304 0.201 6.515 -4.448 -3.031 -2.371 0.852 2.931 -0.507
335 S 1.068 -0.741 0.497 -0.249 0.072 -0.57 -0.555 -0.106 -0.46 -1.911 -2.328 -0.285 -1.187 -1.943 -1.475 3.262 1.011 -2.549 -1.756 -1.292
336 P -0.836 -2.014 -1.934 -1.564 -1.457 -1.933 -1.622 -1.852 -1.608 -2.318 -2.75 -1.064 -2.403 -3.336 6.663 -1.452 -1.348 -4.549 -2.636 -2.162
337 V -0.671 -2.647 -2.97 -3.192 0.034 -2.866 -3.106 -3.022 -2.415 3.059 1.024 -2.571 0.816 2.47 -3.405 -2.518 -0.798 -1.505 -0.017 3.509
338 F -2.334 -2.896 -2.86 -3.314 -1.374 -3.864 -3.482 -2.875 -0.828 0.277 0.565 -3.304 0.201 6.515 -4.448 -3.031 -2.371 0.852 2.931 -0.507
339 F -2.334 -2.896 -2.86 -3.314 -1.374 -3.864 -3.482 -2.875 -0.828 0.277 0.565 -3.304 0.201 6.515 -4.448 -3.031 -2.371 0.852 2.931 -0.507
340 I -1.377 -3.101 -3.263 -3.181 -0.15 -3.209 -3.687 -3.479 -2.711 4.521 1.677 -2.679 1.271 0.218 -3.505 -3.076 -1.075 -2.185 -1.285 2.86
341 I -1.377 -3.101 -3.263 -3.181 -0.15 -3.209 -3.687 -3.479 -2.711 4.521 1.677 -2.679 1.271 0.218 -3.505 -3.076 -1.075 -2.185 -1.285 2.86
342 Q -0.883 1.007 -0.093 -0.357 -1.911 4.883 1.392 -1.479 0.769 -2.24 -1.991 1.222 -0.403 -2.959 -2.151 -0.755 -0.975 -2.185 -1.285 -1.787
343 F -2.334 -2.896 -2.86 -3.314 -1.374 -3.864 -3.482 -2.875 -0.828 0.277 0.565 -3.304 0.201 6.515 -4.448 -3.031 -2.371 0.852 2.931 -0.507
344 C -0.348 -2.647 -2.009 -2.575 8.551 -2.78 -2.96 -1.793 -1.96 -0.692 -0.874 -2.431 -0.838 2.013 -2.988 -0.153 -0.899 -1.942 -0.63 -0.556
345 V 0.9 -2.381 -2.724 -2.862 0.325 -2.42 -2.664 -2.124 -2.521 3.0 0.82 -2.109 0.693 -0.475 -2.857 -1.701 -0.541 -2.361 -1.358 3.538
346 F -2.334 -2.896 -2.86 -3.314 -1.374 -3.864 -3.482 -2.875 -0.828 0.277 0.565 -3.304 0.201 6.515 -4.448 -3.031 -2.371 0.852 2.931 -0.507
347 F -2.186 -2.765 -2.938 -3.363 -1.131 -3.621 -3.452 -2.953 -1.028 0.646 1.512 -3.149 0.627 6.068 -4.289 -3.051 -2.223 0.559 2.546 -0.168
348 L -1.541 -2.186 -3.362 -3.62 -0.15 -2.64 -3.306 -3.383 -2.314 2.005 4.037 -2.478 2.132 0.833 -3.604 -3.158 -1.581 -1.65 -1.056 1.106
349 V -0.395 -2.58 -2.982 -3.167 0.264 -2.682 -3.012 -3.036 -2.88 3.338 1.081 -2.435 0.91 -0.286 -3.224 -2.402 -0.546 -2.352 -1.285 3.949
350 F -2.334 -2.896 -2.86 -3.314 -1.374 -3.864 -3.482 -2.875 -0.828 0.277 0.565 -3.304 0.201 6.515 -4.448 -3.031 -2.371 0.852 2.931 -0.507
351 I -1.377 -3.101 -3.263 -3.181 -0.15 -3.209 -3.687 -3.479 -2.711 4.521 1.677 -2.679 1.271 0.218 -3.505 -3.076 -1.075 -2.185 -1.285 2.86
352 Q -0.973 0.903 -0.471 -0.768 -1.542 3.933 0.799 -1.696 0.271 -0.946 0.239 1.82 0.107 -1.862 -2.259 -1.063 -1.086 -2.144 -1.323 -1.084
353 G -0.371 1.291 1.841 -0.723 -1.542 -1.244 -1.802 4.774 -0.625 -3.019 -3.118 -0.428 -2.289 -2.591 -2.734 -0.895 -1.542 -2.485 -2.677 -2.684
354 K -0.826 2.094 -0.268 -0.722 -1.977 0.807 0.313 -1.342 -0.243 -2.123 -2.24 4.49 -1.224 -2.806 -1.687 -0.881 -1.082 -2.549 -1.789 -1.999
355 C -0.447 -3.339 -2.965 -3.419 9.68 -3.458 -3.925 -2.163 -2.95 -0.732 -1.061 -3.113 -1.079 -2.027 -3.207 -1.67 -1.317 -3.235 -2.796 -0.409
356 K -0.95 1.8 1.908 -0.276 -1.955 0.623 0.164 -1.107 -0.002 -2.213 -2.373 4.072 -1.36 -2.729 -1.819 -0.739 -0.967 -2.615 -1.834 -2.085
357 V -0.567 -2.677 -3.036 -3.17 0.186 -2.78 -3.135 -3.119 -2.845 3.617 1.21 -2.482 0.986 -0.178 -3.278 -2.525 -0.644 -2.318 -1.285 3.762
358 S 0.826 -0.918 0.209 -0.43 -0.133 -0.757 -0.708 -0.333 -0.622 -1.975 -2.395 -0.401 -1.357 -2.133 2.245 2.847 0.729 -2.8 -1.885 -1.42
359 S 0.747 -0.89 0.195 -0.562 -0.162 -0.74 -0.788 -0.423 0.158 -1.695 -2.038 -0.496 -1.096 -0.127 -1.713 2.815 0.676 -0.966 2.177 -1.238
360 Q -0.959 0.617 -0.433 -0.674 -1.533 4.391 0.964 -1.73 0.411 0.482 -0.964 0.841 -0.048 -2.126 -2.337 -1.033 -0.991 -2.185 -1.285 -0.311
361 G 0.09 -2.358 -0.44 -1.323 -1.32 -2.195 -2.622 5.809 -1.476 -3.215 -3.461 -1.651 -2.667 -2.678 -2.779 -1.002 -1.919 -2.44 -3.148 -2.864
362 L -1.541 -2.186 -3.362 -3.62 -0.15 -2.64 -3.306 -3.383 -2.314 2.005 4.037 -2.478 2.132 0.833 -3.604 -3.158 -1.581 -1.65 -1.056 1.106
363 I -1.124 -2.654 -2.45 -2.687 -0.103 -2.734 -3.15 -2.99 -2.45 4.104 1.366 -2.266 1.039 -0.014 -3.111 -2.002 0.757 -2.185 -1.351 2.557
364 F -2.334 -2.896 -2.86 -3.314 -1.374 -3.864 -3.482 -2.875 -0.828 0.277 0.565 -3.304 0.201 6.515 -4.448 -3.031 -2.371 0.852 2.931 -0.507
365 I -1.124 -2.654 -2.45 -2.687 -0.103 -2.734 -3.15 -2.99 -2.45 4.104 1.366 -2.266 1.039 -0.014 -3.111 -2.002 0.757 -2.185 -1.351 2.557
366 L -1.659 -2.293 -3.272 -3.567 -0.321 -2.811 -3.334 -3.291 -2.007 1.78 3.68 -2.6 1.888 2.872 -3.729 -3.137 -1.698 -1.053 0.108 0.892
367 V -0.234 -2.486 -2.929 -3.164 0.34 -2.587 -2.894 -2.955 -2.915 3.03 0.945 -2.388 0.832 -0.398 -3.171 -2.284 -0.451 -2.387 -1.285 4.125
368 S 1.068 -0.741 0.497 -0.249 0.072 -0.57 -0.555 -0.106 -0.46 -1.911 -2.328 -0.285 -1.187 -1.943 -1.475 3.262 1.011 -2.549 -1.756 -1.292
369 F -2.045 -2.64 -3.018 -3.413 -0.906 -3.396 -3.422 -3.034 -1.244 0.974 2.224 -3.002 0.997 5.539 -4.139 -3.073 -2.083 0.232 2.102 0.136
370 T -0.476 -1.62 -0.857 -1.573 0.034 -1.65 -1.963 -1.884 -1.784 2.293 0.163 -1.294 0.201 -0.849 -2.176 -0.1 3.295 -2.185 -1.559 1.392
371 S 1.068 -0.741 0.497 -0.249 0.072 -0.57 -0.555 -0.106 -0.46 -1.911 -2.328 -0.285 -1.187 -1.943 -1.475 3.262 1.011 -2.549 -1.756 -1.292
372 L -1.541 -2.186 -3.362 -3.62 -0.15 -2.64 -3.306 -3.383 -2.314 2.005 4.037 -2.478 2.132 0.833 -3.604 -3.158 -1.581 -1.65 -1.056 1.106
373 I -1.516 -3.066 -3.192 -3.203 -0.321 -3.309 -3.652 -3.369 -2.299 4.124 1.519 -2.774 1.118 2.635 -3.642 -3.069 -1.254 -1.404 -0.017 2.508
374 F -2.334 -2.896 -2.86 -3.314 -1.374 -3.864 -3.482 -2.875 -0.828 0.277 0.565 -3.304 0.201 6.515 -4.448 -3.031 -2.371 0.852 2.931 -0.507
375 H -1.707 -0.358 0.459 -0.961 -2.334 -0.165 -0.501 -1.697 7.998 -2.662 -2.595 -0.766 -1.261 -0.853 -2.749 -1.579 -2.227 -1.454 1.667 -3.036
376 V -0.395 -2.58 -2.982 -3.167 0.264 -2.682 -3.012 -3.036 -2.88 3.338 1.081 -2.435 0.91 -0.286 -3.224 -2.402 -0.546 -2.352 -1.285 3.949
377 F -2.334 -2.896 -2.86 -3.314 -1.374 -3.864 -3.482 -2.875 -0.828 0.277 0.565 -3.304 0.201 6.515 -4.448 -3.031 -2.371 0.852 2.931 -0.507
378 F -2.31 -2.872 -2.836 -3.29 -1.35 -3.84 -3.458 -2.851 -0.804 0.301 0.589 -3.28 0.225 6.477 -4.424 -3.007 -2.347 0.876 2.955 -0.483
379 F -2.334 -2.896 -2.86 -3.314 -1.374 -3.864 -3.482 -2.875 -0.828 0.277 0.565 -3.304 0.201 6.515 -4.448 -3.031 -2.371 0.852 2.931 -0.507
380 G 0.09 -2.358 -0.44 -1.323 -1.32 -2.195 -2.622 5.809 -1.476 -3.215 -3.461 -1.651 -2.667 -2.678 -2.779 -1.002 -1.919 -2.44 -3.148 -2.864
381 V 1.005 -2.293 -2.676 -2.86 0.399 -2.334 -2.559 -2.064 -2.552 2.651 0.671 -2.068 0.609 -0.595 -2.81 -1.608 -0.446 -2.396 -1.358 3.74
382 V -0.234 -2.486 -2.929 -3.164 0.34 -2.587 -2.894 -2.955 -2.915 3.03 0.945 -2.388 0.832 -0.398 -3.171 -2.284 -0.451 -2.387 -1.285 4.125
383 D -1.757 -1.356 2.575 5.424 -2.278 -0.811 0.82 -0.938 -0.224 -2.723 -3.432 -0.733 -2.601 -2.821 -2.337 -0.795 -1.229 -3.429 -2.856 -2.811
384 K -0.826 2.094 -0.268 -0.722 -1.977 0.807 0.313 -1.342 -0.243 -2.123 -2.24 4.49 -1.224 -2.806 -1.687 -0.881 -1.082 -2.549 -1.789 -1.999
385 I -1.377 -3.101 -3.263 -3.181 -0.15 -3.209 -3.687 -3.479 -2.711 4.521 1.677 -2.679 1.271 0.218 -3.505 -3.076 -1.075 -2.185 -1.285 2.86
386 F -2.186 -2.765 -2.938 -3.363 -1.131 -3.621 -3.452 -2.953 -1.028 0.646 1.512 -3.149 0.627 6.068 -4.289 -3.051 -2.223 0.559 2.546 -0.168
387 I -1.403 -2.927 -3.279 -3.249 -0.15 -3.106 -3.62 -3.463 -2.641 4.227 2.229 -2.644 1.434 0.33 -3.521 -3.09 -1.153 -2.088 -1.246 2.632
388 F -2.334 -2.896 -2.86 -3.314 -1.374 -3.864 -3.482 -2.875 -0.828 0.277 0.565 -3.304 0.201 6.515 -4.448 -3.031 -2.371 0.852 2.931 -0.507
389 T -0.112 -1.093 -0.139 -1.014 0.122 -1.103 -1.378 -1.329 -1.413 -0.224 -1.057 -0.791 -0.532 -1.58 -1.687 0.705 4.245 -2.185 -1.706 0.229
390 L -0.886 -2.01 -2.243 -2.656 -0.112 -2.249 -2.673 -2.524 -1.964 2.301 3.24 -2.004 1.64 0.414 -3.108 -0.656 -0.881 -1.868 -1.2 1.234
391 V -0.234 -2.486 -2.929 -3.164 0.34 -2.587 -2.894 -2.955 -2.915 3.03 0.945 -2.388 0.832 -0.398 -3.171 -2.284 -0.451 -2.387 -1.285 4.125
392 C -0.447 -3.339 -2.965 -3.419 9.68 -3.458 -3.925 -2.163 -2.95 -0.732 -1.061 -3.113 -1.079 -2.027 -3.207 -1.67 -1.317 -3.235 -2.796 -0.409
393 C -0.133 -2.71 -2.022 -2.588 9.174 -2.731 -3.018 -1.702 -2.357 -0.898 -1.238 -2.407 -1.096 -2.013 -2.836 -0.048 -0.774 -3.109 -2.595 -0.539
394 F -2.334 -2.896 -2.86 -3.314 -1.374 -3.864 -3.482 -2.875 -0.828 0.277 0.565 -3.304 0.201 6.515 -4.448 -3.031 -2.371 0.852 2.931 -0.507
395 Y -1.893 -1.936 -2.236 -3.069 -1.685 -2.042 -2.522 -2.922 1.78 -0.593 -0.606 -2.068 -0.515 4.177 -3.492 -2.528 -2.134 2.111 6.283 -0.895
396 A 3.599 -1.346 -1.171 -1.392 0.587 -1.181 -1.16 0.299 -1.072 -0.985 -1.467 -0.747 -0.923 -1.864 -1.475 1.154 -0.128 -2.458 -1.756 -0.056
397 L -1.541 -2.186 -3.362 -3.62 -0.15 -2.64 -3.306 -3.383 -2.314 2.005 4.037 -2.478 2.132 0.833 -3.604 -3.158 -1.581 -1.65 -1.056 1.106
398 T -0.112 -1.093 -0.139 -1.014 0.122 -1.103 -1.378 -1.329 -1.413 -0.224 -1.057 -0.791 -0.532 -1.58 -1.687 0.705 4.245 -2.185 -1.706 0.229
399 V -0.234 -2.486 -2.929 -3.164 0.34 -2.587 -2.894 -2.955 -2.915 3.03 0.945 -2.388 0.832 -0.398 -3.171 -2.284 -0.451 -2.387 -1.285 4.125
400 P -0.836 -2.014 -1.934 -1.564 -1.457 -1.933 -1.622 -1.852 -1.608 -2.318 -2.75 -1.064 -2.403 -3.336 6.663 -1.452 -1.348 -4.549 -2.636 -2.162
401 S 1.782 -0.852 0.232 -0.444 0.183 -0.682 -0.666 -0.02 -0.572 -1.701 -2.134 -0.372 -1.132 -1.927 -1.475 2.946 0.816 -2.531 -1.756 -0.999
402 I -1.377 -3.101 -3.263 -3.181 -0.15 -3.209 -3.687 -3.479 -2.711 4.521 1.677 -2.679 1.271 0.218 -3.505 -3.076 -1.075 -2.185 -1.285 2.86
403 Y -1.812 -1.777 -2.126 -3.022 -1.752 -1.784 -2.363 -2.932 2.105 -0.804 -0.91 -1.873 -0.682 3.348 -3.333 -2.437 -2.089 2.309 6.655 -0.979
404 S 0.401 -0.807 2.305 2.181 -0.487 -0.611 -0.242 -0.261 -0.179 -2.156 -2.622 -0.371 -1.542 -2.156 -1.761 2.459 0.505 -2.76 -1.987 -1.692
405 Y -1.812 -1.777 -2.126 -3.022 -1.752 -1.784 -2.363 -2.932 2.105 -0.804 -0.91 -1.873 -0.682 3.348 -3.333 -2.437 -2.089 2.309 6.655 -0.979
406 C -0.3 -2.445 -1.907 -2.536 8.549 -2.451 -2.776 -1.8 -0.918 -0.91 -1.21 -2.211 -1.026 -0.157 -2.854 -0.113 -0.87 -1.211 2.024 -0.631
407 V 1.868 -2.112 -2.442 -2.584 0.458 -2.1 -2.259 -1.385 -2.229 2.215 0.368 -1.779 0.367 -0.806 -2.489 -1.061 -0.442 -2.405 -1.433 3.296
408 K -0.826 2.094 -0.268 -0.722 -1.977 0.807 0.313 -1.342 -0.243 -2.123 -2.24 4.49 -1.224 -2.806 -1.687 -0.881 -1.082 -2.549 -1.789 -1.999
409 R -1.534 5.51 -0.462 -1.564 -2.259 0.518 -0.561 -2.128 0.098 -2.612 -2.028 2.018 -1.224 -2.472 -2.704 -1.406 -1.454 -2.234 -1.772 -2.162
410 I -1.377 -3.101 -3.263 -3.181 -0.15 -3.209 -3.687 -3.479 -2.711 4.521 1.677 -2.679 1.271 0.218 -3.505 -3.076 -1.075 -2.185 -1.285 2.86
411 K -0.826 2.094 -0.268 -0.722 -1.977 0.807 0.313 -1.342 -0.243 -2.123 -2.24 4.49 -1.224 -2.806 -1.687 -0.881 -1.082 -2.549 -1.789 -1.999
412 S 0.758 -0.684 2.233 0.07 -0.171 -0.563 -0.583 -0.114 -0.167 -2.03 -2.45 -0.287 -1.328 -2.011 -1.633 2.91 0.813 -2.615 -1.805 -1.469
413 C -0.892 -2.942 -2.79 -3.331 8.539 -3.159 -3.528 -2.39 -0.986 -0.548 -0.696 -2.894 -0.758 2.592 -3.402 -1.979 -1.589 -0.6 2.509 -0.514
414 D -1.757 -1.356 2.575 5.424 -2.278 -0.811 0.82 -0.938 -0.224 -2.723 -3.432 -0.733 -2.601 -2.821 -2.337 -0.795 -1.229 -3.429 -2.856 -2.811
415 W -2.65 -2.383 -3.166 -3.62 -2.334 -2.824 -2.969 -2.366 -1.134 -1.854 -1.65 -2.791 -1.28 1.128 -5.408 -3.355 -2.695 10.61 2.169 -2.228
416 L -1.409 -0.889 -2.56 -2.889 -0.385 -1.703 -2.299 -2.926 -1.848 1.614 3.576 0.386 1.781 0.466 -3.183 -2.632 -1.491 -1.782 -1.166 0.77
417 K -0.95 1.8 1.908 -0.276 -1.955 0.623 0.164 -1.107 -0.002 -2.213 -2.373 4.072 -1.36 -2.729 -1.819 -0.739 -0.967 -2.615 -1.834 -2.085
418 V -0.234 -2.486 -2.929 -3.164 0.34 -2.587 -2.894 -2.955 -2.915 3.03 0.945 -2.388 0.832 -0.398 -3.171 -2.284 -0.451 -2.387 -1.285 4.125
419 I -1.377 -3.101 -3.263 -3.181 -0.15 -3.209 -3.687 -3.479 -2.711 4.521 1.677 -2.679 1.271 0.218 -3.505 -3.076 -1.075 -2.185 -1.285 2.86
420 D -1.777 -1.588 1.199 5.833 -2.372 -0.872 1.05 -1.124 -0.536 -2.725 -3.491 -0.829 -2.698 -2.92 -2.289 -0.952 -1.413 -3.531 -3.043 -2.864
421 F -2.334 -2.896 -2.86 -3.314 -1.374 -3.864 -3.482 -2.875 -0.828 0.277 0.565 -3.304 0.201 6.515 -4.448 -3.031 -2.371 0.852 2.931 -0.507
422 C -0.447 -3.339 -2.965 -3.419 9.68 -3.458 -3.925 -2.163 -2.95 -0.732 -1.061 -3.113 -1.079 -2.027 -3.207 -1.67 -1.317 -3.235 -2.796 -0.409
423 I -1.377 -3.101 -3.263 -3.181 -0.15 -3.209 -3.687 -3.479 -2.711 4.521 1.677 -2.679 1.271 0.218 -3.505 -3.076 -1.075 -2.185 -1.285 2.86
424 K -0.826 2.094 -0.268 -0.722 -1.977 0.807 0.313 -1.342 -0.243 -2.123 -2.24 4.49 -1.224 -2.806 -1.687 -0.881 -1.082 -2.549 -1.789 -1.999
425 F -2.334 -2.896 -2.86 -3.314 -1.374 -3.864 -3.482 -2.875 -0.828 0.277 0.565 -3.304 0.201 6.515 -4.448 -3.031 -2.371 0.852 2.931 -0.507
426 H -1.707 -0.358 0.459 -0.961 -2.334 -0.165 -0.501 -1.697 7.998 -2.662 -2.595 -0.766 -1.261 -0.853 -2.749 -1.579 -2.227 -1.454 1.667 -3.036
427 I -1.377 -3.101 -3.263 -3.181 -0.15 -3.209 -3.687 -3.479 -2.711 4.521 1.677 -2.679 1.271 0.218 -3.505 -3.076 -1.075 -2.185 -1.285 2.86
428 F -1.979 -2.963 -2.988 -3.269 -0.906 -3.629 -3.549 -3.062 -1.33 2.442 0.985 -3.08 0.604 5.503 -4.098 -3.046 -1.871 0.146 2.078 1.087
429 T -0.112 -1.093 -0.139 -1.014 0.122 -1.103 -1.378 -1.329 -1.413 -0.224 -1.057 -0.791 -0.532 -1.58 -1.687 0.705 4.245 -2.185 -1.706 0.229
430 F -2.334 -2.896 -2.86 -3.314 -1.374 -3.864 -3.482 -2.875 -0.828 0.277 0.565 -3.304 0.201 6.515 -4.448 -3.031 -2.371 0.852 2.931 -0.507
431 L -1.541 -2.186 -3.362 -3.62 -0.15 -2.64 -3.306 -3.383 -2.314 2.005 4.037 -2.478 2.132 0.833 -3.604 -3.158 -1.581 -1.65 -1.056 1.106
432 L -1.277 -2.234 -3.286 -3.539 -0.063 -2.631 -3.233 -3.307 -2.405 2.203 3.702 -2.463 1.952 0.661 -3.528 -2.993 -1.359 -1.761 -1.093 1.88
433 Q -0.883 1.007 -0.093 -0.357 -1.911 4.883 1.392 -1.479 0.769 -2.24 -1.991 1.222 -0.403 -2.959 -2.151 -0.755 -0.975 -2.185 -1.285 -1.787
434 Y -1.812 -1.777 -2.126 -3.022 -1.752 -1.784 -2.363 -2.932 2.105 -0.804 -0.91 -1.873 -0.682 3.348 -3.333 -2.437 -2.089 2.309 6.655 -0.979
435 L -1.659 -2.293 -3.272 -3.567 -0.321 -2.811 -3.334 -3.291 -2.007 1.78 3.68 -2.6 1.888 2.872 -3.729 -3.137 -1.698 -1.053 0.108 0.892
436 A 3.531 -1.415 -1.346 -1.564 0.594 -1.283 -1.311 0.151 -1.244 -0.72 -1.276 -0.839 -0.814 -1.802 -1.51 0.498 1.063 -2.396 -1.747 0.154
437 F -2.334 -2.896 -2.86 -3.314 -1.374 -3.864 -3.482 -2.875 -0.828 0.277 0.565 -3.304 0.201 6.515 -4.448 -3.031 -2.371 0.852 2.931 -0.507
438 K -0.95 1.8 1.908 -0.276 -1.955 0.623 0.164 -1.107 -0.002 -2.213 -2.373 4.072 -1.36 -2.729 -1.819 -0.739 -0.967 -2.615 -1.834 -2.085
439 I -1.325 -2.734 -3.091 -3.116 -0.153 -2.718 -3.417 -3.309 -2.337 4.198 1.758 -2.435 2.597 0.261 -3.459 -2.87 -1.07 -2.018 -1.204 2.621
440 I -1.516 -3.066 -3.192 -3.203 -0.321 -3.309 -3.652 -3.369 -2.299 4.124 1.519 -2.774 1.118 2.635 -3.642 -3.069 -1.254 -1.404 -0.017 2.508
441 N -1.515 -0.124 5.195 1.065 -1.857 1.355 -0.246 -0.337 0.936 -2.628 -2.923 0.019 -1.783 -2.464 -2.51 -0.215 -0.532 -2.82 -1.922 -2.416
442 V -0.414 -2.434 -2.997 -3.236 0.264 -2.596 -2.958 -3.022 -2.806 2.882 1.746 -2.403 1.093 -0.153 -3.239 -2.413 -0.611 -2.251 -1.246 3.795
443 D -1.777 -1.588 1.199 5.833 -2.372 -0.872 1.05 -1.124 -0.536 -2.725 -3.491 -0.829 -2.698 -2.92 -2.289 -0.952 -1.413 -3.531 -3.043 -2.864
444 I -1.377 -3.101 -3.263 -3.181 -0.15 -3.209 -3.687 -3.479 -2.711 4.521 1.677 -2.679 1.271 0.218 -3.505 -3.076 -1.075 -2.185 -1.285 2.86
445 D -1.777 -1.588 1.199 5.833 -2.372 -0.872 1.05 -1.124 -0.536 -2.725 -3.491 -0.829 -2.698 -2.92 -2.289 -0.952 -1.413 -3.531 -3.043 -2.864
446 Y -1.812 -1.777 -2.126 -3.022 -1.752 -1.784 -2.363 -2.932 2.105 -0.804 -0.91 -1.873 -0.682 3.348 -3.333 -2.437 -2.089 2.309 6.655 -0.979
447 G 0.09 -2.358 -0.44 -1.323 -1.32 -2.195 -2.622 5.809 -1.476 -3.215 -3.461 -1.651 -2.667 -2.678 -2.779 -1.002 -1.919 -2.44 -3.148 -2.864
448 K -0.826 2.094 -0.268 -0.722 -1.977 0.807 0.313 -1.342 -0.243 -2.123 -2.24 4.49 -1.224 -2.806 -1.687 -0.881 -1.082 -2.549 -1.789 -1.999
449 F -2.186 -2.765 -2.938 -3.363 -1.131 -3.621 -3.452 -2.953 -1.028 0.646 1.512 -3.149 0.627 6.068 -4.289 -3.051 -2.223 0.559 2.546 -0.168
450 L -1.541 -2.186 -3.362 -3.62 -0.15 -2.64 -3.306 -3.383 -2.314 2.005 4.037 -2.478 2.132 0.833 -3.604 -3.158 -1.581 -1.65 -1.056 1.106
451 L -1.541 -2.186 -3.362 -3.62 -0.15 -2.64 -3.306 -3.383 -2.314 2.005 4.037 -2.478 2.132 0.833 -3.604 -3.158 -1.581 -1.65 -1.056 1.106
452 G 0.09 -2.358 -0.44 -1.323 -1.32 -2.195 -2.622 5.809 -1.476 -3.215 -3.461 -1.651 -2.667 -2.678 -2.779 -1.002 -1.919 -2.44 -3.148 -2.864
453 P -0.836 -2.014 -1.934 -1.564 -1.457 -1.933 -1.622 -1.852 -1.608 -2.318 -2.75 -1.064 -2.403 -3.336 6.663 -1.452 -1.348 -4.549 -2.636 -2.162
454 P -0.836 -2.014 -1.934 -1.564 -1.457 -1.933 -1.622 -1.852 -1.608 -2.318 -2.75 -1.064 -2.403 -3.336 6.663 -1.452 -1.348 -4.549 -2.636 -2.162
455 H -1.707 -0.358 0.459 -0.961 -2.334 -0.165 -0.501 -1.697 7.998 -2.662 -2.595 -0.766 -1.261 -0.853 -2.749 -1.579 -2.227 -1.454 1.667 -3.036
456 R -1.534 5.51 -0.462 -1.564 -2.259 0.518 -0.561 -2.128 0.098 -2.612 -2.028 2.018 -1.224 -2.472 -2.704 -1.406 -1.454 -2.234 -1.772 -2.162
457 S 1.068 -0.741 0.497 -0.249 0.072 -0.57 -0.555 -0.106 -0.46 -1.911 -2.328 -0.285 -1.187 -1.943 -1.475 3.262 1.011 -2.549 -1.756 -1.292
458 S 1.068 -0.741 0.497 -0.249 0.072 -0.57 -0.555 -0.106 -0.46 -1.911 -2.328 -0.285 -1.187 -1.943 -1.475 3.262 1.011 -2.549 -1.756 -1.292
459 Y -1.812 -1.777 -2.126 -3.022 -1.752 -1.784 -2.363 -2.932 2.105 -0.804 -0.91 -1.873 -0.682 3.348 -3.333 -2.437 -2.089 2.309 6.655 -0.979
460 D -1.757 -1.356 2.575 5.424 -2.278 -0.811 0.82 -0.938 -0.224 -2.723 -3.432 -0.733 -2.601 -2.821 -2.337 -0.795 -1.229 -3.429 -2.856 -2.811
461 G 0.09 -2.358 -0.44 -1.323 -1.32 -2.195 -2.622 5.809 -1.476 -3.215 -3.461 -1.651 -2.667 -2.678 -2.779 -1.002 -1.919 -2.44 -3.148 -2.864
462 F -2.334 -2.896 -2.86 -3.314 -1.374 -3.864 -3.482 -2.875 -0.828 0.277 0.565 -3.304 0.201 6.515 -4.448 -3.031 -2.371 0.852 2.931 -0.507
463 D -1.777 -1.588 1.199 5.833 -2.372 -0.872 1.05 -1.124 -0.536 -2.725 -3.491 -0.829 -2.698 -2.92 -2.289 -0.952 -1.413 -3.531 -3.043 -2.864
464 Y -1.812 -1.777 -2.126 -3.022 -1.752 -1.784 -2.363 -2.932 2.105 -0.804 -0.91 -1.873 -0.682 3.348 -3.333 -2.437 -2.089 2.309 6.655 -0.979
465 R -1.534 5.51 -0.462 -1.564 -2.259 0.518 -0.561 -2.128 0.098 -2.612 -2.028 2.018 -1.224 -2.472 -2.704 -1.406 -1.454 -2.234 -1.772 -2.162
466 A 3.918 -1.484 -1.662 -1.687 0.68 -1.32 -1.298 0.374 -1.211 -0.83 -1.321 -0.849 -0.874 -1.848 -1.475 0.455 -0.422 -2.44 -1.756 0.139
467 T -0.112 -1.093 -0.139 -1.014 0.122 -1.103 -1.378 -1.329 -1.413 -0.224 -1.057 -0.791 -0.532 -1.58 -1.687 0.705 4.245 -2.185 -1.706 0.229
468 G 0.09 -2.358 -0.44 -1.323 -1.32 -2.195 -2.622 5.809 -1.476 -3.215 -3.461 -1.651 -2.667 -2.678 -2.779 -1.002 -1.919 -2.44 -3.148 -2.864
469 V -0.234 -2.486 -2.929 -3.164 0.34 -2.587 -2.894 -2.955 -2.915 3.03 0.945 -2.388 0.832 -0.398 -3.171 -2.284 -0.451 -2.387 -1.285 4.125
470 F -2.334 -2.896 -2.86 -3.314 -1.374 -3.864 -3.482 -2.875 -0.828 0.277 0.565 -3.304 0.201 6.515 -4.448 -3.031 -2.371 0.852 2.931 -0.507
471 A 3.918 -1.484 -1.662 -1.687 0.68 -1.32 -1.298 0.374 -1.211 -0.83 -1.321 -0.849 -0.874 -1.848 -1.475 0.455 -0.422 -2.44 -1.756 0.139
472 E -0.919 -0.122 -0.338 1.518 -2.411 1.346 4.494 -1.95 0.392 -2.764 -2.703 0.677 -1.754 -2.608 -1.882 -0.791 -1.301 -2.387 -1.908 -2.134
473 P -0.836 -2.014 -1.934 -1.564 -1.457 -1.933 -1.622 -1.852 -1.608 -2.318 -2.75 -1.064 -2.403 -3.336 6.663 -1.452 -1.348 -4.549 -2.636 -2.162
474 S 1.068 -0.741 0.497 -0.249 0.072 -0.57 -0.555 -0.106 -0.46 -1.911 -2.328 -0.285 -1.187 -1.943 -1.475 3.262 1.011 -2.549 -1.756 -1.292
475 I -1.377 -3.101 -3.263 -3.181 -0.15 -3.209 -3.687 -3.479 -2.711 4.521 1.677 -2.679 1.271 0.218 -3.505 -3.076 -1.075 -2.185 -1.285 2.86
476 F -2.334 -2.896 -2.86 -3.314 -1.374 -3.864 -3.482 -2.875 -0.828 0.277 0.565 -3.304 0.201 6.515 -4.448 -3.031 -2.371 0.852 2.931 -0.507
477 S 1.068 -0.741 0.497 -0.249 0.072 -0.57 -0.555 -0.106 -0.46 -1.911 -2.328 -0.285 -1.187 -1.943 -1.475 3.262 1.011 -2.549 -1.756 -1.292
478 I -1.377 -3.101 -3.263 -3.181 -0.15 -3.209 -3.687 -3.479 -2.711 4.521 1.677 -2.679 1.271 0.218 -3.505 -3.076 -1.075 -2.185 -1.285 2.86
479 H -1.707 -0.358 0.459 -0.961 -2.334 -0.165 -0.501 -1.697 7.998 -2.662 -2.595 -0.766 -1.261 -0.853 -2.749 -1.579 -2.227 -1.454 1.667 -3.036
480 L -1.08 -1.383 -2.36 -2.814 -0.168 -1.051 -2.353 -2.583 -0.968 1.603 2.135 -1.452 5.611 0.468 -3.242 -2.016 -1.046 -1.306 -0.832 0.99
481 V -0.587 -2.526 -3.051 -3.238 0.186 -2.691 -3.079 -3.105 -2.772 3.206 1.85 -2.45 1.165 -0.05 -3.293 -2.536 -0.712 -2.217 -1.246 3.597
482 T -0.112 -1.093 -0.139 -1.014 0.122 -1.103 -1.378 -1.329 -1.413 -0.224 -1.057 -0.791 -0.532 -1.58 -1.687 0.705 4.245 -2.185 -1.706 0.229
483 L -1.541 -2.186 -3.362 -3.62 -0.15 -2.64 -3.306 -3.383 -2.314 2.005 4.037 -2.478 2.132 0.833 -3.604 -3.158 -1.581 -1.65 -1.056 1.106
484 L -1.541 -2.186 -3.362 -3.62 -0.15 -2.64 -3.306 -3.383 -2.314 2.005 4.037 -2.478 2.132 0.833 -3.604 -3.158 -1.581 -1.65 -1.056 1.106
485 V -0.234 -2.486 -2.929 -3.164 0.34 -2.587 -2.894 -2.955 -2.915 3.03 0.945 -2.388 0.832 -0.398 -3.171 -2.284 -0.451 -2.387 -1.285 4.125
486 L -1.08 -1.383 -2.36 -2.814 -0.168 -1.051 -2.353 -2.583 -0.968 1.603 2.135 -1.452 5.611 0.468 -3.242 -2.016 -1.046 -1.306 -0.832 0.99
487 R -1.534 5.51 -0.462 -1.564 -2.259 0.518 -0.561 -2.128 0.098 -2.612 -2.028 2.018 -1.224 -2.472 -2.704 -1.406 -1.454 -2.234 -1.772 -2.162
488 Y -1.812 -1.777 -2.126 -3.022 -1.752 -1.784 -2.363 -2.932 2.105 -0.804 -0.91 -1.873 -0.682 3.348 -3.333 -2.437 -2.089 2.309 6.655 -0.979
489 I -1.377 -3.101 -3.263 -3.181 -0.15 -3.209 -3.687 -3.479 -2.711 4.521 1.677 -2.679 1.271 0.218 -3.505 -3.076 -1.075 -2.185 -1.285 2.86
490 V -0.567 -2.677 -3.036 -3.17 0.186 -2.78 -3.135 -3.119 -2.845 3.617 1.21 -2.482 0.986 -0.178 -3.278 -2.525 -0.644 -2.318 -1.285 3.762
491 A 3.531 -1.415 -1.346 -1.564 0.594 -1.283 -1.311 0.151 -1.244 -0.72 -1.276 -0.839 -0.814 -1.802 -1.51 0.498 1.063 -2.396 -1.747 0.154
492 N -1.66 -0.415 5.643 1.281 -1.846 -0.527 -0.725 -0.155 0.968 -2.712 -3.152 -0.296 -2.161 -2.374 -2.588 -0.118 -0.451 -2.966 -2.069 -2.56
493 N -1.66 -0.415 5.643 1.281 -1.846 -0.527 -0.725 -0.155 0.968 -2.712 -3.152 -0.296 -2.161 -2.374 -2.588 -0.118 -0.451 -2.966 -2.069 -2.56
494 N -1.66 -0.415 5.643 1.281 -1.846 -0.527 -0.725 -0.155 0.968 -2.712 -3.152 -0.296 -2.161 -2.374 -2.588 -0.118 -0.451 -2.966 -2.069 -2.56
495 S 1.068 -0.741 0.497 -0.249 0.072 -0.57 -0.555 -0.106 -0.46 -1.911 -2.328 -0.285 -1.187 -1.943 -1.475 3.262 1.011 -2.549 -1.756 -1.292
496 L -1.541 -2.186 -3.362 -3.62 -0.15 -2.64 -3.306 -3.383 -2.314 2.005 4.037 -2.478 2.132 0.833 -3.604 -3.158 -1.581 -1.65 -1.056 1.106
497 L -1.541 -2.186 -3.362 -3.62 -0.15 -2.64 -3.306 -3.383 -2.314 2.005 4.037 -2.478 2.132 0.833 -3.604 -3.158 -1.581 -1.65 -1.056 1.106
498 S 0.865 -1.042 0.14 -0.588 4.985 -0.891 -0.907 -0.362 -0.752 -1.678 -2.075 -0.602 -1.168 -1.957 -1.701 2.839 0.732 -2.653 -1.905 -1.125
499 Y -1.812 -1.777 -2.126 -3.022 -1.752 -1.784 -2.363 -2.932 2.105 -0.804 -0.91 -1.873 -0.682 3.348 -3.333 -2.437 -2.089 2.309 6.655 -0.979
500 I -1.377 -3.101 -3.263 -3.181 -0.15 -3.209 -3.687 -3.479 -2.711 4.521 1.677 -2.679 1.271 0.218 -3.505 -3.076 -1.075 -2.185 -1.285 2.86
501 A 3.918 -1.484 -1.662 -1.687 0.68 -1.32 -1.298 0.374 -1.211 -0.83 -1.321 -0.849 -0.874 -1.848 -1.475 0.455 -0.422 -2.44 -1.756 0.139
502 L -1.541 -2.186 -3.362 -3.62 -0.15 -2.64 -3.306 -3.383 -2.314 2.005 4.037 -2.478 2.132 0.833 -3.604 -3.158 -1.581 -1.65 -1.056 1.106
503 L -1.128 -1.607 -2.492 -2.872 -0.165 -1.316 -2.537 -2.714 -1.195 2.341 2.064 -1.624 5.21 0.428 -3.284 -2.168 -1.051 -1.435 -0.903 1.398
504 C -0.447 -3.339 -2.965 -3.419 9.68 -3.458 -3.925 -2.163 -2.95 -0.732 -1.061 -3.113 -1.079 -2.027 -3.207 -1.67 -1.317 -3.235 -2.796 -0.409
505 L -1.08 -1.383 -2.36 -2.814 -0.168 -1.051 -2.353 -2.583 -0.968 1.603 2.135 -1.452 5.611 0.468 -3.242 -2.016 -1.046 -1.306 -0.832 0.99
506 V -0.234 -2.486 -2.929 -3.164 0.34 -2.587 -2.894 -2.955 -2.915 3.03 0.945 -2.388 0.832 -0.398 -3.171 -2.284 -0.451 -2.387 -1.285 4.125
507 L -1.541 -2.186 -3.362 -3.62 -0.15 -2.64 -3.306 -3.383 -2.314 2.005 4.037 -2.478 2.132 0.833 -3.604 -3.158 -1.581 -1.65 -1.056 1.106
508 S 1.068 -0.741 0.497 -0.249 0.072 -0.57 -0.555 -0.106 -0.46 -1.911 -2.328 -0.285 -1.187 -1.943 -1.475 3.262 1.011 -2.549 -1.756 -1.292
509 G 0.09 -2.358 -0.44 -1.323 -1.32 -2.195 -2.622 5.809 -1.476 -3.215 -3.461 -1.651 -2.667 -2.678 -2.779 -1.002 -1.919 -2.44 -3.148 -2.864
510 S 1.068 -0.741 0.497 -0.249 0.072 -0.57 -0.555 -0.106 -0.46 -1.911 -2.328 -0.285 -1.187 -1.943 -1.475 3.262 1.011 -2.549 -1.756 -1.292
511 T -0.112 -1.093 -0.139 -1.014 0.122 -1.103 -1.378 -1.329 -1.413 -0.224 -1.057 -0.791 -0.532 -1.58 -1.687 0.705 4.245 -2.185 -1.706 0.229
512 F -2.334 -2.896 -2.86 -3.314 -1.374 -3.864 -3.482 -2.875 -0.828 0.277 0.565 -3.304 0.201 6.515 -4.448 -3.031 -2.371 0.852 2.931 -0.507
513 S 1.068 -0.741 0.497 -0.249 0.072 -0.57 -0.555 -0.106 -0.46 -1.911 -2.328 -0.285 -1.187 -1.943 -1.475 3.262 1.011 -2.549 -1.756 -1.292
514 V -0.234 -2.486 -2.929 -3.164 0.34 -2.587 -2.894 -2.955 -2.915 3.03 0.945 -2.388 0.832 -0.398 -3.171 -2.284 -0.451 -2.387 -1.285 4.125
515 I -1.377 -3.101 -3.263 -3.181 -0.15 -3.209 -3.687 -3.479 -2.711 4.521 1.677 -2.679 1.271 0.218 -3.505 -3.076 -1.075 -2.185 -1.285 2.86
516 C -0.447 -3.339 -2.965 -3.419 9.68 -3.458 -3.925 -2.163 -2.95 -0.732 -1.061 -3.113 -1.079 -2.027 -3.207 -1.67 -1.317 -3.235 -2.796 -0.409
517 V -0.234 -2.486 -2.929 -3.164 0.34 -2.587 -2.894 -2.955 -2.915 3.03 0.945 -2.388 0.832 -0.398 -3.171 -2.284 -0.451 -2.387 -1.285 4.125
518 L -1.128 -1.607 -2.492 -2.872 -0.165 -1.316 -2.537 -2.714 -1.195 2.341 2.064 -1.624 5.21 0.428 -3.284 -2.168 -1.051 -1.435 -0.903 1.398
519 L -1.541 -2.186 -3.362 -3.62 -0.15 -2.64 -3.306 -3.383 -2.314 2.005 4.037 -2.478 2.132 0.833 -3.604 -3.158 -1.581 -1.65 -1.056 1.106
520 F -2.334 -2.896 -2.86 -3.314 -1.374 -3.864 -3.482 -2.875 -0.828 0.277 0.565 -3.304 0.201 6.515 -4.448 -3.031 -2.371 0.852 2.931 -0.507
521 F -2.334 -2.896 -2.86 -3.314 -1.374 -3.864 -3.482 -2.875 -0.828 0.277 0.565 -3.304 0.201 6.515 -4.448 -3.031 -2.371 0.852 2.931 -0.507
522 I -1.403 -2.927 -3.279 -3.249 -0.15 -3.106 -3.62 -3.463 -2.641 4.227 2.229 -2.644 1.434 0.33 -3.521 -3.09 -1.153 -2.088 -1.246 2.632
523 L -1.541 -2.186 -3.362 -3.62 -0.15 -2.64 -3.306 -3.383 -2.314 2.005 4.037 -2.478 2.132 0.833 -3.604 -3.158 -1.581 -1.65 -1.056 1.106
524 T -0.112 -1.093 -0.139 -1.014 0.122 -1.103 -1.378 -1.329 -1.413 -0.224 -1.057 -0.791 -0.532 -1.58 -1.687 0.705 4.245 -2.185 -1.706 0.229
525 C -0.648 -3.103 -2.941 -3.357 8.553 -3.354 -3.652 -2.393 -2.465 0.47 -0.319 -3.009 -0.436 2.098 -3.374 -1.957 -1.296 -1.92 -0.573 1.0
526 R -1.534 5.51 -0.462 -1.564 -2.259 0.518 -0.561 -2.128 0.098 -2.612 -2.028 2.018 -1.224 -2.472 -2.704 -1.406 -1.454 -2.234 -1.772 -2.162
527 L -1.541 -2.186 -3.362 -3.62 -0.15 -2.64 -3.306 -3.383 -2.314 2.005 4.037 -2.478 2.132 0.833 -3.604 -3.158 -1.581 -1.65 -1.056 1.106
528 T -0.112 -1.093 -0.139 -1.014 0.122 -1.103 -1.378 -1.329 -1.413 -0.224 -1.057 -0.791 -0.532 -1.58 -1.687 0.705 4.245 -2.185 -1.706 0.229
529 L -1.541 -2.186 -3.362 -3.62 -0.15 -2.64 -3.306 -3.383 -2.314 2.005 4.037 -2.478 2.132 0.833 -3.604 -3.158 -1.581 -1.65 -1.056 1.106
530 K -0.826 2.094 -0.268 -0.722 -1.977 0.807 0.313 -1.342 -0.243 -2.123 -2.24 4.49 -1.224 -2.806 -1.687 -0.881 -1.082 -2.549 -1.789 -1.999
531 W -2.65 -2.383 -3.166 -3.62 -2.334 -2.824 -2.969 -2.366 -1.134 -1.854 -1.65 -2.791 -1.28 1.128 -5.408 -3.355 -2.695 10.61 2.169 -2.228
532 I -1.152 -2.989 -3.204 -3.178 -0.063 -3.096 -3.538 -3.385 -2.744 4.32 1.567 -2.628 1.202 0.124 -3.446 -2.928 -0.961 -2.217 -1.285 3.113
533 A 3.531 -1.415 -1.346 -1.564 0.594 -1.283 -1.311 0.151 -1.244 -0.72 -1.276 -0.839 -0.814 -1.802 -1.51 0.498 1.063 -2.396 -1.747 0.154
534 T -0.112 -1.093 -0.139 -1.014 0.122 -1.103 -1.378 -1.329 -1.413 -0.224 -1.057 -0.791 -0.532 -1.58 -1.687 0.705 4.245 -2.185 -1.706 0.229
535 G 0.09 -2.358 -0.44 -1.323 -1.32 -2.195 -2.622 5.809 -1.476 -3.215 -3.461 -1.651 -2.667 -2.678 -2.779 -1.002 -1.919 -2.44 -3.148 -2.864
536 L -1.659 -2.293 -3.272 -3.567 -0.321 -2.811 -3.334 -3.291 -2.007 1.78 3.68 -2.6 1.888 2.872 -3.729 -3.137 -1.698 -1.053 0.108 0.892
537 I -1.377 -3.101 -3.263 -3.181 -0.15 -3.209 -3.687 -3.479 -2.711 4.521 1.677 -2.679 1.271 0.218 -3.505 -3.076 -1.075 -2.185 -1.285 2.86
538 S 1.068 -0.741 0.497 -0.249 0.072 -0.57 -0.555 -0.106 -0.46 -1.911 -2.328 -0.285 -1.187 -1.943 -1.475 3.262 1.011 -2.549 -1.756 -1.292
539 L -1.541 -2.186 -3.362 -3.62 -0.15 -2.64 -3.306 -3.383 -2.314 2.005 4.037 -2.478 2.132 0.833 -3.604 -3.158 -1.581 -1.65 -1.056 1.106
540 V -0.567 -2.677 -3.036 -3.17 0.186 -2.78 -3.135 -3.119 -2.845 3.617 1.21 -2.482 0.986 -0.178 -3.278 -2.525 -0.644 -2.318 -1.285 3.762
541 L -1.541 -2.186 -3.362 -3.62 -0.15 -2.64 -3.306 -3.383 -2.314 2.005 4.037 -2.478 2.132 0.833 -3.604 -3.158 -1.581 -1.65 -1.056 1.106
542 V -0.395 -2.58 -2.982 -3.167 0.264 -2.682 -3.012 -3.036 -2.88 3.338 1.081 -2.435 0.91 -0.286 -3.224 -2.402 -0.546 -2.352 -1.285 3.949
543 S 1.068 -0.741 0.497 -0.249 0.072 -0.57 -0.555 -0.106 -0.46 -1.911 -2.328 -0.285 -1.187 -1.943 -1.475 3.262 1.011 -2.549 -1.756 -1.292
544 P -0.836 -2.014 -1.934 -1.564 -1.457 -1.933 -1.622 -1.852 -1.608 -2.318 -2.75 -1.064 -2.403 -3.336 6.663 -1.452 -1.348 -4.549 -2.636 -2.162
545 I -1.152 -2.989 -3.204 -3.178 -0.063 -3.096 -3.538 -3.385 -2.744 4.32 1.567 -2.628 1.202 0.124 -3.446 -2.928 -0.961 -2.217 -1.285 3.113
546 I -1.377 -3.101 -3.263 -3.181 -0.15 -3.209 -3.687 -3.479 -2.711 4.521 1.677 -2.679 1.271 0.218 -3.505 -3.076 -1.075 -2.185 -1.285 2.86
547 Y -1.812 -1.777 -2.126 -3.022 -1.752 -1.784 -2.363 -2.932 2.105 -0.804 -0.91 -1.873 -0.682 3.348 -3.333 -2.437 -2.089 2.309 6.655 -0.979
548 Q -0.883 1.007 -0.093 -0.357 -1.911 4.883 1.392 -1.479 0.769 -2.24 -1.991 1.222 -0.403 -2.959 -2.151 -0.755 -0.975 -2.185 -1.285 -1.787
549 N -1.66 -0.415 5.643 1.281 -1.846 -0.527 -0.725 -0.155 0.968 -2.712 -3.152 -0.296 -2.161 -2.374 -2.588 -0.118 -0.451 -2.966 -2.069 -2.56
550 I -1.377 -3.101 -3.263 -3.181 -0.15 -3.209 -3.687 -3.479 -2.711 4.521 1.677 -2.679 1.271 0.218 -3.505 -3.076 -1.075 -2.185 -1.285 2.86
551 L -1.08 -1.383 -2.36 -2.814 -0.168 -1.051 -2.353 -2.583 -0.968 1.603 2.135 -1.452 5.611 0.468 -3.242 -2.016 -1.046 -1.306 -0.832 0.99
552 W -2.65 -2.383 -3.166 -3.62 -2.334 -2.824 -2.969 -2.366 -1.134 -1.854 -1.65 -2.791 -1.28 1.128 -5.408 -3.355 -2.695 10.61 2.169 -2.228
553 R -1.534 5.51 -0.462 -1.564 -2.259 0.518 -0.561 -2.128 0.098 -2.612 -2.028 2.018 -1.224 -2.472 -2.704 -1.406 -1.454 -2.234 -1.772 -2.162
554 L -1.08 -1.383 -2.36 -2.814 -0.168 -1.051 -2.353 -2.583 -0.968 1.603 2.135 -1.452 5.611 0.468 -3.242 -2.016 -1.046 -1.306 -0.832 0.99
555 S 0.902 -0.797 0.4 -0.363 0.081 -0.652 -0.677 -0.277 -0.599 -1.552 -2.074 -0.363 -1.067 -1.88 -1.51 2.965 1.865 -2.485 -1.747 -0.976
556 Y -1.812 -1.777 -2.126 -3.022 -1.752 -1.784 -2.363 -2.932 2.105 -0.804 -0.91 -1.873 -0.682 3.348 -3.333 -2.437 -2.089 2.309 6.655 -0.979
557 I -1.377 -3.101 -3.263 -3.181 -0.15 -3.209 -3.687 -3.479 -2.711 4.521 1.677 -2.679 1.271 0.218 -3.505 -3.076 -1.075 -2.185 -1.285 2.86
558 S 1.068 -0.741 0.497 -0.249 0.072 -0.57 -0.555 -0.106 -0.46 -1.911 -2.328 -0.285 -1.187 -1.943 -1.475 3.262 1.011 -2.549 -1.756 -1.292
559 S 1.068 -0.741 0.497 -0.249 0.072 -0.57 -0.555 -0.106 -0.46 -1.911 -2.328 -0.285 -1.187 -1.943 -1.475 3.262 1.011 -2.549 -1.756 -1.292
560 G 0.09 -2.358 -0.44 -1.323 -1.32 -2.195 -2.622 5.809 -1.476 -3.215 -3.461 -1.651 -2.667 -2.678 -2.779 -1.002 -1.919 -2.44 -3.148 -2.864
561 S 0.758 -0.684 2.233 0.07 -0.171 -0.563 -0.583 -0.114 -0.167 -2.03 -2.45 -0.287 -1.328 -2.011 -1.633 2.91 0.813 -2.615 -1.805 -1.469
562 D -1.777 -1.588 1.199 5.833 -2.372 -0.872 1.05 -1.124 -0.536 -2.725 -3.491 -0.829 -2.698 -2.92 -2.289 -0.952 -1.413 -3.531 -3.043 -2.864
563 G 0.09 -2.358 -0.44 -1.323 -1.32 -2.195 -2.622 5.809 -1.476 -3.215 -3.461 -1.651 -2.667 -2.678 -2.779 -1.002 -1.919 -2.44 -3.148 -2.864
564 S 1.068 -0.741 0.497 -0.249 0.072 -0.57 -0.555 -0.106 -0.46 -1.911 -2.328 -0.285 -1.187 -1.943 -1.475 3.262 1.011 -2.549 -1.756 -1.292
565 T -0.112 -1.093 -0.139 -1.014 0.122 -1.103 -1.378 -1.329 -1.413 -0.224 -1.057 -0.791 -0.532 -1.58 -1.687 0.705 4.245 -2.185 -1.706 0.229
566 S 1.068 -0.741 0.497 -0.249 0.072 -0.57 -0.555 -0.106 -0.46 -1.911 -2.328 -0.285 -1.187 -1.943 -1.475 3.262 1.011 -2.549 -1.756 -1.292
567 Y -1.812 -1.777 -2.126 -3.022 -1.752 -1.784 -2.363 -2.932 2.105 -0.804 -0.91 -1.873 -0.682 3.348 -3.333 -2.437 -2.089 2.309 6.655 -0.979
568 K -0.826 2.094 -0.268 -0.722 -1.977 0.807 0.313 -1.342 -0.243 -2.123 -2.24 4.49 -1.224 -2.806 -1.687 -0.881 -1.082 -2.549 -1.789 -1.999
569 L -1.541 -2.186 -3.362 -3.62 -0.15 -2.64 -3.306 -3.383 -2.314 2.005 4.037 -2.478 2.132 0.833 -3.604 -3.158 -1.581 -1.65 -1.056 1.106
570 E -0.919 -0.122 -0.338 1.518 -2.411 1.346 4.494 -1.95 0.392 -2.764 -2.703 0.677 -1.754 -2.608 -1.882 -0.791 -1.301 -2.387 -1.908 -2.134
571 L -1.541 -2.186 -3.362 -3.62 -0.15 -2.64 -3.306 -3.383 -2.314 2.005 4.037 -2.478 2.132 0.833 -3.604 -3.158 -1.581 -1.65 -1.056 1.106
572 L -1.152 -1.502 -2.505 -2.934 -0.165 -1.262 -2.492 -2.702 -1.153 1.674 2.552 -1.6 5.253 0.532 -3.299 -2.178 -1.128 -1.361 -0.868 1.009
573 K -0.826 2.094 -0.268 -0.722 -1.977 0.807 0.313 -1.342 -0.243 -2.123 -2.24 4.49 -1.224 -2.806 -1.687 -0.881 -1.082 -2.549 -1.789 -1.999
574 S 0.902 -0.797 0.4 -0.363 0.081 -0.652 -0.677 -0.277 -0.599 -1.552 -2.074 -0.363 -1.067 -1.88 -1.51 2.965 1.865 -2.485 -1.747 -0.976
575 F -2.186 -2.765 -2.938 -3.363 -1.131 -3.621 -3.452 -2.953 -1.028 0.646 1.512 -3.149 0.627 6.068 -4.289 -3.051 -2.223 0.559 2.546 -0.168
576 F -2.334 -2.896 -2.86 -3.314 -1.374 -3.864 -3.482 -2.875 -0.828 0.277 0.565 -3.304 0.201 6.515 -4.448 -3.031 -2.371 0.852 2.931 -0.507
577 D -1.777 -1.588 1.199 5.833 -2.372 -0.872 1.05 -1.124 -0.536 -2.725 -3.491 -0.829 -2.698 -2.92 -2.289 -0.952 -1.413 -3.531 -3.043 -2.864
578 S 1.068 -0.741 0.497 -0.249 0.072 -0.57 -0.555 -0.106 -0.46 -1.911 -2.328 -0.285 -1.187 -1.943 -1.475 3.262 1.011 -2.549 -1.756 -1.292
579 P -0.836 -2.014 -1.934 -1.564 -1.457 -1.933 -1.622 -1.852 -1.608 -2.318 -2.75 -1.064 -2.403 -3.336 6.663 -1.452 -1.348 -4.549 -2.636 -2.162
580 L -1.513 -2.32 -3.346 -3.542 -0.15 -2.728 -3.366 -3.398 -2.376 2.607 3.755 -2.51 2.006 0.739 -3.588 -3.145 -1.49 -1.733 -1.093 1.483
581 V -0.234 -2.486 -2.929 -3.164 0.34 -2.587 -2.894 -2.955 -2.915 3.03 0.945 -2.388 0.832 -0.398 -3.171 -2.284 -0.451 -2.387 -1.285 4.125
582 F -2.334 -2.896 -2.86 -3.314 -1.374 -3.864 -3.482 -2.875 -0.828 0.277 0.565 -3.304 0.201 6.515 -4.448 -3.031 -2.371 0.852 2.931 -0.507
583 N -1.66 -0.415 5.643 1.281 -1.846 -0.527 -0.725 -0.155 0.968 -2.712 -3.152 -0.296 -2.161 -2.374 -2.588 -0.118 -0.451 -2.966 -2.069 -2.56
584 I -1.516 -3.066 -3.192 -3.203 -0.321 -3.309 -3.652 -3.369 -2.299 4.124 1.519 -2.774 1.118 2.635 -3.642 -3.069 -1.254 -1.404 -0.017 2.508
585 G 0.09 -2.358 -0.44 -1.323 -1.32 -2.195 -2.622 5.809 -1.476 -3.215 -3.461 -1.651 -2.667 -2.678 -2.779 -1.002 -1.919 -2.44 -3.148 -2.864
586 H -1.707 -0.358 0.459 -0.961 -2.334 -0.165 -0.501 -1.697 7.998 -2.662 -2.595 -0.766 -1.261 -0.853 -2.749 -1.579 -2.227 -1.454 1.667 -3.036
587 G 0.09 -2.358 -0.44 -1.323 -1.32 -2.195 -2.622 5.809 -1.476 -3.215 -3.461 -1.651 -2.667 -2.678 -2.779 -1.002 -1.919 -2.44 -3.148 -2.864
588 L -1.08 -1.383 -2.36 -2.814 -0.168 -1.051 -2.353 -2.583 -0.968 1.603 2.135 -1.452 5.611 0.468 -3.242 -2.016 -1.046 -1.306 -0.832 0.99
589 V -0.234 -2.486 -2.929 -3.164 0.34 -2.587 -2.894 -2.955 -2.915 3.03 0.945 -2.388 0.832 -0.398 -3.171 -2.284 -0.451 -2.387 -1.285 4.125
590 G 0.09 -2.358 -0.44 -1.323 -1.32 -2.195 -2.622 5.809 -1.476 -3.215 -3.461 -1.651 -2.667 -2.678 -2.779 -1.002 -1.919 -2.44 -3.148 -2.864
591 Y -1.812 -1.777 -2.126 -3.022 -1.752 -1.784 -2.363 -2.932 2.105 -0.804 -0.91 -1.873 -0.682 3.348 -3.333 -2.437 -2.089 2.309 6.655 -0.979
592 Y -1.812 -1.777 -2.126 -3.022 -1.752 -1.784 -2.363 -2.932 2.105 -0.804 -0.91 -1.873 -0.682 3.348 -3.333 -2.437 -2.089 2.309 6.655 -0.979
593 D -1.615 -1.286 0.993 5.433 -2.379 -0.363 1.986 -1.246 -0.359 -2.732 -3.344 -0.517 -2.517 -2.865 -2.217 -0.925 -1.394 -3.306 -2.82 -2.729
594 N -1.66 -0.415 5.643 1.281 -1.846 -0.527 -0.725 -0.155 0.968 -2.712 -3.152 -0.296 -2.161 -2.374 -2.588 -0.118 -0.451 -2.966 -2.069 -2.56
595 A 3.918 -1.484 -1.662 -1.687 0.68 -1.32 -1.298 0.374 -1.211 -0.83 -1.321 -0.849 -0.874 -1.848 -1.475 0.455 -0.422 -2.44 -1.756 0.139
596 P -0.836 -2.014 -1.934 -1.564 -1.457 -1.933 -1.622 -1.852 -1.608 -2.318 -2.75 -1.064 -2.403 -3.336 6.663 -1.452 -1.348 -4.549 -2.636 -2.162
597 D -1.737 -1.142 3.502 4.946 -2.186 -0.752 0.57 -0.763 0.057 -2.721 -3.374 -0.64 -2.508 -2.726 -2.385 -0.646 -1.055 -3.33 -2.681 -2.759
598 Y -1.812 -1.777 -2.126 -3.022 -1.752 -1.784 -2.363 -2.932 2.105 -0.804 -0.91 -1.873 -0.682 3.348 -3.333 -2.437 -2.089 2.309 6.655 -0.979
599 F -2.334 -2.896 -2.86 -3.314 -1.374 -3.864 -3.482 -2.875 -0.828 0.277 0.565 -3.304 0.201 6.515 -4.448 -3.031 -2.371 0.852 2.931 -0.507
600 Q -0.883 1.007 -0.093 -0.357 -1.911 4.883 1.392 -1.479 0.769 -2.24 -1.991 1.222 -0.403 -2.959 -2.151 -0.755 -0.975 -2.185 -1.285 -1.787
601 S 1.068 -0.741 0.497 -0.249 0.072 -0.57 -0.555 -0.106 -0.46 -1.911 -2.328 -0.285 -1.187 -1.943 -1.475 3.262 1.011 -2.549 -1.756 -1.292
602 L -1.541 -2.186 -3.362 -3.62 -0.15 -2.64 -3.306 -3.383 -2.314 2.005 4.037 -2.478 2.132 0.833 -3.604 -3.158 -1.581 -1.65 -1.056 1.106
603 F -2.334 -2.896 -2.86 -3.314 -1.374 -3.864 -3.482 -2.875 -0.828 0.277 0.565 -3.304 0.201 6.515 -4.448 -3.031 -2.371 0.852 2.931 -0.507
604 D -1.777 -1.588 1.199 5.833 -2.372 -0.872 1.05 -1.124 -0.536 -2.725 -3.491 -0.829 -2.698 -2.92 -2.289 -0.952 -1.413 -3.531 -3.043 -2.864
605 L -1.08 -1.383 -2.36 -2.814 -0.168 -1.051 -2.353 -2.583 -0.968 1.603 2.135 -1.452 5.611 0.468 -3.242 -2.016 -1.046 -1.306 -0.832 0.99
606 T -0.112 -1.093 -0.139 -1.014 0.122 -1.103 -1.378 -1.329 -1.413 -0.224 -1.057 -0.791 -0.532 -1.58 -1.687 0.705 4.245 -2.185 -1.706 0.229
607 L -1.541 -2.186 -3.362 -3.62 -0.15 -2.64 -3.306 -3.383 -2.314 2.005 4.037 -2.478 2.132 0.833 -3.604 -3.158 -1.581 -1.65 -1.056 1.106
608 F -2.334 -2.896 -2.86 -3.314 -1.374 -3.864 -3.482 -2.875 -0.828 0.277 0.565 -3.304 0.201 6.515 -4.448 -3.031 -2.371 0.852 2.931 -0.507
609 G 0.09 -2.358 -0.44 -1.323 -1.32 -2.195 -2.622 5.809 -1.476 -3.215 -3.461 -1.651 -2.667 -2.678 -2.779 -1.002 -1.919 -2.44 -3.148 -2.864
610 S 1.068 -0.741 0.497 -0.249 0.072 -0.57 -0.555 -0.106 -0.46 -1.911 -2.328 -0.285 -1.187 -1.943 -1.475 3.262 1.011 -2.549 -1.756 -1.292
611 N -1.66 -0.415 5.643 1.281 -1.846 -0.527 -0.725 -0.155 0.968 -2.712 -3.152 -0.296 -2.161 -2.374 -2.588 -0.118 -0.451 -2.966 -2.069 -2.56
612 F -2.186 -2.765 -2.938 -3.363 -1.131 -3.621 -3.452 -2.953 -1.028 0.646 1.512 -3.149 0.627 6.068 -4.289 -3.051 -2.223 0.559 2.546 -0.168
613 I -1.403 -2.927 -3.279 -3.249 -0.15 -3.106 -3.62 -3.463 -2.641 4.227 2.229 -2.644 1.434 0.33 -3.521 -3.09 -1.153 -2.088 -1.246 2.632
614 V -0.234 -2.486 -2.929 -3.164 0.34 -2.587 -2.894 -2.955 -2.915 3.03 0.945 -2.388 0.832 -0.398 -3.171 -2.284 -0.451 -2.387 -1.285 4.125
615 F -2.334 -2.896 -2.86 -3.314 -1.374 -3.864 -3.482 -2.875 -0.828 0.277 0.565 -3.304 0.201 6.515 -4.448 -3.031 -2.371 0.852 2.931 -0.507
616 G 0.09 -2.358 -0.44 -1.323 -1.32 -2.195 -2.622 5.809 -1.476 -3.215 -3.461 -1.651 -2.667 -2.678 -2.779 -1.002 -1.919 -2.44 -3.148 -2.864
617 F -2.334 -2.896 -2.86 -3.314 -1.374 -3.864 -3.482 -2.875 -0.828 0.277 0.565 -3.304 0.201 6.515 -4.448 -3.031 -2.371 0.852 2.931 -0.507
618 W -2.65 -2.383 -3.166 -3.62 -2.334 -2.824 -2.969 -2.366 -1.134 -1.854 -1.65 -2.791 -1.28 1.128 -5.408 -3.355 -2.695 10.61 2.169 -2.228
619 L -1.541 -2.186 -3.362 -3.62 -0.15 -2.64 -3.306 -3.383 -2.314 2.005 4.037 -2.478 2.132 0.833 -3.604 -3.158 -1.581 -1.65 -1.056 1.106
620 G 0.09 -2.358 -0.44 -1.323 -1.32 -2.195 -2.622 5.809 -1.476 -3.215 -3.461 -1.651 -2.667 -2.678 -2.779 -1.002 -1.919 -2.44 -3.148 -2.864
621 S 0.926 -0.955 0.36 -0.402 -0.118 -0.785 -0.812 2.073 -0.606 -2.092 -2.489 -0.472 -1.386 -2.053 -1.656 2.865 0.687 -2.531 -1.946 -1.502
622 I -1.544 -2.894 -3.208 -3.272 -0.321 -3.202 -3.585 -3.353 -2.238 3.784 2.099 -2.738 1.289 2.684 -3.659 -3.082 -1.338 -1.33 0.008 2.25
623 L -1.541 -2.186 -3.362 -3.62 -0.15 -2.64 -3.306 -3.383 -2.314 2.005 4.037 -2.478 2.132 0.833 -3.604 -3.158 -1.581 -1.65 -1.056 1.106
624 S 1.068 -0.741 0.497 -0.249 0.072 -0.57 -0.555 -0.106 -0.46 -1.911 -2.328 -0.285 -1.187 -1.943 -1.475 3.262 1.011 -2.549 -1.756 -1.292
625 V -0.567 -2.677 -3.036 -3.17 0.186 -2.78 -3.135 -3.119 -2.845 3.617 1.21 -2.482 0.986 -0.178 -3.278 -2.525 -0.644 -2.318 -1.285 3.762
626 S 1.068 -0.741 0.497 -0.249 0.072 -0.57 -0.555 -0.106 -0.46 -1.911 -2.328 -0.285 -1.187 -1.943 -1.475 3.262 1.011 -2.549 -1.756 -1.292
627 W -2.65 -2.383 -3.166 -3.62 -2.334 -2.824 -2.969 -2.366 -1.134 -1.854 -1.65 -2.791 -1.28 1.128 -5.408 -3.355 -2.695 10.61 2.169 -2.228
628 L -1.541 -2.186 -3.362 -3.62 -0.15 -2.64 -3.306 -3.383 -2.314 2.005 4.037 -2.478 2.132 0.833 -3.604 -3.158 -1.581 -1.65 -1.056 1.106
629 V -0.587 -2.526 -3.051 -3.238 0.186 -2.691 -3.079 -3.105 -2.772 3.206 1.85 -2.45 1.165 -0.05 -3.293 -2.536 -0.712 -2.217 -1.246 3.597
630 L -1.513 -2.32 -3.346 -3.542 -0.15 -2.728 -3.366 -3.398 -2.376 2.607 3.755 -2.51 2.006 0.739 -3.588 -3.145 -1.49 -1.733 -1.093 1.483
631 F -2.334 -2.896 -2.86 -3.314 -1.374 -3.864 -3.482 -2.875 -0.828 0.277 0.565 -3.304 0.201 6.515 -4.448 -3.031 -2.371 0.852 2.931 -0.507
632 L -1.659 -2.293 -3.272 -3.567 -0.321 -2.811 -3.334 -3.291 -2.007 1.78 3.68 -2.6 1.888 2.872 -3.729 -3.137 -1.698 -1.053 0.108 0.892
633 K -0.411 1.776 -0.126 -0.638 -1.518 0.618 0.185 -1.096 -0.278 -2.087 -2.255 4.072 -1.218 -2.643 -1.651 0.353 -0.61 -2.549 -1.783 -1.868
634 Y -1.812 -1.777 -2.126 -3.022 -1.752 -1.784 -2.363 -2.932 2.105 -0.804 -0.91 -1.873 -0.682 3.348 -3.333 -2.437 -2.089 2.309 6.655 -0.979
635 S 0.714 -1.006 0.146 -0.582 -0.124 -0.917 -0.879 -0.419 -0.518 -1.412 -1.599 -0.615 -0.904 2.027 -1.802 2.801 0.658 -1.63 -0.26 -1.146
636 R -1.534 5.51 -0.462 -1.564 -2.259 0.518 -0.561 -2.128 0.098 -2.612 -2.028 2.018 -1.224 -2.472 -2.704 -1.406 -1.454 -2.234 -1.772 -2.162
637 F -2.334 -2.896 -2.86 -3.314 -1.374 -3.864 -3.482 -2.875 -0.828 0.277 0.565 -3.304 0.201 6.515 -4.448 -3.031 -2.371 0.852 2.931 -0.507
638 S 1.068 -0.741 0.497 -0.249 0.072 -0.57 -0.555 -0.106 -0.46 -1.911 -2.328 -0.285 -1.187 -1.943 -1.475 3.262 1.011 -2.549 -1.756 -1.292
639 L -1.659 -2.293 -3.272 -3.567 -0.321 -2.811 -3.334 -3.291 -2.007 1.78 3.68 -2.6 1.888 2.872 -3.729 -3.137 -1.698 -1.053 0.108 0.892
640 R -1.534 5.51 -0.462 -1.564 -2.259 0.518 -0.561 -2.128 0.098 -2.612 -2.028 2.018 -1.224 -2.472 -2.704 -1.406 -1.454 -2.234 -1.772 -2.162
641 L -1.541 -2.186 -3.362 -3.62 -0.15 -2.64 -3.306 -3.383 -2.314 2.005 4.037 -2.478 2.132 0.833 -3.604 -3.158 -1.581 -1.65 -1.056 1.106
642 L -0.921 -1.54 -2.447 -2.869 -0.077 -1.257 -2.436 -2.642 -1.214 1.895 1.968 -1.589 5.193 0.34 -3.23 -2.059 -0.938 -1.46 -0.903 1.807
643 L -1.541 -2.186 -3.362 -3.62 -0.15 -2.64 -3.306 -3.383 -2.314 2.005 4.037 -2.478 2.132 0.833 -3.604 -3.158 -1.581 -1.65 -1.056 1.106
644 L -1.541 -2.186 -3.362 -3.62 -0.15 -2.64 -3.306 -3.383 -2.314 2.005 4.037 -2.478 2.132 0.833 -3.604 -3.158 -1.581 -1.65 -1.056 1.106
645 C -0.447 -3.339 -2.965 -3.419 9.68 -3.458 -3.925 -2.163 -2.95 -0.732 -1.061 -3.113 -1.079 -2.027 -3.207 -1.67 -1.317 -3.235 -2.796 -0.409
646 L -1.541 -2.186 -3.362 -3.62 -0.15 -2.64 -3.306 -3.383 -2.314 2.005 4.037 -2.478 2.132 0.833 -3.604 -3.158 -1.581 -1.65 -1.056 1.106
647 L -1.541 -2.186 -3.362 -3.62 -0.15 -2.64 -3.306 -3.383 -2.314 2.005 4.037 -2.478 2.132 0.833 -3.604 -3.158 -1.581 -1.65 -1.056 1.106
648 P -0.836 -2.014 -1.934 -1.564 -1.457 -1.933 -1.622 -1.852 -1.608 -2.318 -2.75 -1.064 -2.403 -3.336 6.663 -1.452 -1.348 -4.549 -2.636 -2.162
649 C -0.447 -3.339 -2.965 -3.419 9.68 -3.458 -3.925 -2.163 -2.95 -0.732 -1.061 -3.113 -1.079 -2.027 -3.207 -1.67 -1.317 -3.235 -2.796 -0.409
650 L -1.541 -2.186 -3.362 -3.62 -0.15 -2.64 -3.306 -3.383 -2.314 2.005 4.037 -2.478 2.132 0.833 -3.604 -3.158 -1.581 -1.65 -1.056 1.106
651 K -0.826 2.094 -0.268 -0.722 -1.977 0.807 0.313 -1.342 -0.243 -2.123 -2.24 4.49 -1.224 -2.806 -1.687 -0.881 -1.082 -2.549 -1.789 -1.999
652 L -1.541 -2.186 -3.362 -3.62 -0.15 -2.64 -3.306 -3.383 -2.314 2.005 4.037 -2.478 2.132 0.833 -3.604 -3.158 -1.581 -1.65 -1.056 1.106
653 T -0.112 -1.093 -0.139 -1.014 0.122 -1.103 -1.378 -1.329 -1.413 -0.224 -1.057 -0.791 -0.532 -1.58 -1.687 0.705 4.245 -2.185 -1.706 0.229
654 F -2.334 -2.896 -2.86 -3.314 -1.374 -3.864 -3.482 -2.875 -0.828 0.277 0.565 -3.304 0.201 6.515 -4.448 -3.031 -2.371 0.852 2.931 -0.507
655 L -1.541 -2.186 -3.362 -3.62 -0.15 -2.64 -3.306 -3.383 -2.314 2.005 4.037 -2.478 2.132 0.833 -3.604 -3.158 -1.581 -1.65 -1.056 1.106
656 F -2.334 -2.896 -2.86 -3.314 -1.374 -3.864 -3.482 -2.875 -0.828 0.277 0.565 -3.304 0.201 6.515 -4.448 -3.031 -2.371 0.852 2.931 -0.507
657 P -0.836 -2.014 -1.934 -1.564 -1.457 -1.933 -1.622 -1.852 -1.608 -2.318 -2.75 -1.064 -2.403 -3.336 6.663 -1.452 -1.348 -4.549 -2.636 -2.162
658 L -1.128 -1.607 -2.492 -2.872 -0.165 -1.316 -2.537 -2.714 -1.195 2.341 2.064 -1.624 5.21 0.428 -3.284 -2.168 -1.051 -1.435 -0.903 1.398
659 F -2.334 -2.896 -2.86 -3.314 -1.374 -3.864 -3.482 -2.875 -0.828 0.277 0.565 -3.304 0.201 6.515 -4.448 -3.031 -2.371 0.852 2.931 -0.507
660 W -2.65 -2.383 -3.166 -3.62 -2.334 -2.824 -2.969 -2.366 -1.134 -1.854 -1.65 -2.791 -1.28 1.128 -5.408 -3.355 -2.695 10.61 2.169 -2.228
661 L -1.541 -2.186 -3.362 -3.62 -0.15 -2.64 -3.306 -3.383 -2.314 2.005 4.037 -2.478 2.132 0.833 -3.604 -3.158 -1.581 -1.65 -1.056 1.106
662 Y -1.812 -1.777 -2.126 -3.022 -1.752 -1.784 -2.363 -2.932 2.105 -0.804 -0.91 -1.873 -0.682 3.348 -3.333 -2.437 -2.089 2.309 6.655 -0.979
663 L -1.513 -2.32 -3.346 -3.542 -0.15 -2.728 -3.366 -3.398 -2.376 2.607 3.755 -2.51 2.006 0.739 -3.588 -3.145 -1.49 -1.733 -1.093 1.483
664 V 1.018 -2.027 -2.034 -2.417 0.365 -2.052 -2.277 -1.809 -2.276 2.254 0.393 -1.766 0.406 -0.773 -2.538 -0.988 1.052 -2.361 -1.426 3.301
665 F -2.334 -2.896 -2.86 -3.314 -1.374 -3.864 -3.482 -2.875 -0.828 0.277 0.565 -3.304 0.201 6.515 -4.448 -3.031 -2.371 0.852 2.931 -0.507
666 L -1.541 -2.186 -3.362 -3.62 -0.15 -2.64 -3.306 -3.383 -2.314 2.005 4.037 -2.478 2.132 0.833 -3.604 -3.158 -1.581 -1.65 -1.056 1.106
667 A 3.526 -1.628 -1.838 -1.887 0.626 -1.496 -1.51 0.024 -1.434 0.278 -0.798 -1.055 -0.51 -1.55 -1.697 0.144 -0.427 -2.431 -1.672 1.302
668 G 0.09 -2.358 -0.44 -1.323 -1.32 -2.195 -2.622 5.809 -1.476 -3.215 -3.461 -1.651 -2.667 -2.678 -2.779 -1.002 -1.919 -2.44 -3.148 -2.864
669 Y -1.812 -1.777 -2.126 -3.022 -1.752 -1.784 -2.363 -2.932 2.105 -0.804 -0.91 -1.873 -0.682 3.348 -3.333 -2.437 -2.089 2.309 6.655 -0.979
670 A 3.478 -1.59 -1.884 -1.932 0.557 -1.502 -1.55 0.001 -1.368 -0.121 0.532 -1.064 -0.104 -1.192 -1.738 0.089 -0.586 -2.293 -1.627 0.324
671 G -0.056 -1.843 -0.423 -0.612 -1.476 -1.22 0.345 5.322 -1.068 -3.135 -3.32 -1.109 -2.493 -2.666 -2.609 -0.966 -1.807 -2.431 -2.901 -2.729
672 I -0.798 -2.549 -2.197 -2.438 -0.112 -2.567 -2.871 -2.571 -2.192 4.056 1.291 -2.116 0.981 -0.047 -3.051 -0.632 -0.605 -2.242 -1.358 2.468
673 K -0.826 2.094 -0.268 -0.722 -1.977 0.807 0.313 -1.342 -0.243 -2.123 -2.24 4.49 -1.224 -2.806 -1.687 -0.881 -1.082 -2.549 -1.789 -1.999
674 N -1.66 -0.415 5.643 1.281 -1.846 -0.527 -0.725 -0.155 0.968 -2.712 -3.152 -0.296 -2.161 -2.374 -2.588 -0.118 -0.451 -2.966 -2.069 -2.56
675 E -0.919 -0.122 -0.338 1.518 -2.411 1.346 4.494 -1.95 0.392 -2.764 -2.703 0.677 -1.754 -2.608 -1.882 -0.791 -1.301 -2.387 -1.908 -2.134
676 K -0.826 2.094 -0.268 -0.722 -1.977 0.807 0.313 -1.342 -0.243 -2.123 -2.24 4.49 -1.224 -2.806 -1.687 -0.881 -1.082 -2.549 -1.789 -1.999
677 Y -1.812 -1.777 -2.126 -3.022 -1.752 -1.784 -2.363 -2.932 2.105 -0.804 -0.91 -1.873 -0.682 3.348 -3.333 -2.437 -2.089 2.309 6.655 -0.979
678 T -0.227 -0.619 -0.131 -0.894 -0.133 1.119 -0.691 -1.353 -0.915 -0.477 -1.193 -0.342 -0.51 -1.769 -1.759 0.507 3.812 -2.185 -1.632 -0.023
679 T -0.22 -0.256 -0.16 -0.964 -0.138 -0.684 -1.018 -1.331 -1.182 -0.466 -1.223 1.019 -0.636 -1.752 -1.687 0.494 3.808 -2.242 -1.72 -0.042
680 R -1.534 5.51 -0.462 -1.564 -2.259 0.518 -0.561 -2.128 0.098 -2.612 -2.028 2.018 -1.224 -2.472 -2.704 -1.406 -1.454 -2.234 -1.772 -2.162
681 Y -1.795 -1.487 -1.501 -2.56 -1.841 -1.443 -1.957 -2.686 4.27 -1.041 -1.131 -1.656 -0.771 2.954 -3.227 -2.275 -2.112 1.935 6.229 -1.236
682 S 1.068 -0.741 0.497 -0.249 0.072 -0.57 -0.555 -0.106 -0.46 -1.911 -2.328 -0.285 -1.187 -1.943 -1.475 3.262 1.011 -2.549 -1.756 -1.292
683 K -0.694 1.753 -0.246 -0.769 -1.504 0.564 0.092 -1.34 -0.408 -1.707 -2.006 4.055 -1.096 -2.562 -1.687 -0.549 0.754 -2.485 -1.775 -1.487
684 I -1.377 -3.101 -3.263 -3.181 -0.15 -3.209 -3.687 -3.479 -2.711 4.521 1.677 -2.679 1.271 0.218 -3.505 -3.076 -1.075 -2.185 -1.285 2.86
685 Q -0.859 1.031 -0.069 -0.333 -1.887 4.795 1.416 -1.455 0.793 -2.216 -1.967 1.246 -0.379 -2.935 -2.127 -0.731 -0.951 -2.161 -1.261 -1.763
686 K -0.802 2.118 -0.244 -0.698 -1.953 0.831 0.337 -1.318 -0.219 -2.099 -2.216 4.428 -1.2 -2.782 -1.663 -0.857 -1.058 -2.525 -1.765 -1.975
687 F -2.31 -2.872 -2.836 -3.29 -1.35 -3.84 -3.458 -2.851 -0.804 0.301 0.589 -3.28 0.225 6.477 -4.424 -3.007 -2.347 0.876 2.955 -0.483
688 N -1.636 -0.391 5.591 1.305 -1.822 -0.503 -0.701 -0.13 0.992 -2.688 -3.128 -0.272 -2.137 -2.35 -2.564 -0.094 -0.427 -2.942 -2.045 -2.536
689 R -1.51 5.465 -0.438 -1.54 -2.235 0.542 -0.537 -2.104 0.122 -2.588 -2.004 2.043 -1.2 -2.448 -2.68 -1.382 -1.43 -2.21 -1.748 -2.138