#Seq2Logo.py -f /work3/idamei/wzy_ssn/run/1e-50/run/150/MSAs/0004_114.afa -o /work3/idamei/wzy_ssn/run/1e-50/run/150/logos/0004_114.logo
Last position-specific scoring matrix computed, values are in halfbits
A R N D C Q E G H I L K M F P S T W Y V
0 L -1.08 -1.383 -2.36 -2.814 -0.168 -1.051 -2.353 -2.583 -0.968 1.603 2.135 -1.452 5.611 0.468 -3.242 -2.016 -1.046 -1.306 -0.832 0.99
1 T 0.538 -0.911 0.197 -0.606 0.097 -0.824 -0.937 -0.653 -0.897 -0.946 -1.623 -0.527 -0.841 -1.756 -1.579 2.258 3.059 -2.361 -1.731 -0.432
2 N -1.66 -0.415 5.643 1.281 -1.846 -0.527 -0.725 -0.155 0.968 -2.712 -3.152 -0.296 -2.161 -2.374 -2.588 -0.118 -0.451 -2.966 -2.069 -2.56
3 Q -0.883 1.007 -0.093 -0.357 -1.911 4.883 1.392 -1.479 0.769 -2.24 -1.991 1.222 -0.403 -2.959 -2.151 -0.755 -0.975 -2.185 -1.285 -1.787
4 D -1.462 -1.012 0.772 4.969 -2.385 0.069 2.691 -1.374 -0.192 -2.738 -3.204 -0.236 -2.347 -2.812 -2.147 -0.897 -1.375 -3.097 -2.613 -2.6
5 Y -1.812 -1.777 -2.126 -3.022 -1.752 -1.784 -2.363 -2.932 2.105 -0.804 -0.91 -1.873 -0.682 3.348 -3.333 -2.437 -2.089 2.309 6.655 -0.979
6 A 3.241 -1.214 -0.751 -1.124 0.491 -1.048 -1.029 0.222 -0.938 -1.148 -1.62 -0.648 -0.974 -1.88 -1.475 1.717 0.138 -2.476 -1.756 -0.264
7 I -1.126 -0.633 -1.322 -0.858 -0.953 2.328 1.113 -2.407 -0.567 2.771 0.344 -0.249 0.422 -0.923 -2.692 -1.696 -1.077 -2.217 -1.38 1.368
8 H -1.713 -1.03 -0.652 -1.871 -1.66 -0.954 -1.378 -2.304 6.262 -0.699 0.332 -1.341 -0.194 1.459 -3.065 -2.069 -2.064 0.373 4.244 -1.214
9 L -1.541 -2.186 -3.362 -3.62 -0.15 -2.64 -3.306 -3.383 -2.314 2.005 4.037 -2.478 2.132 0.833 -3.604 -3.158 -1.581 -1.65 -1.056 1.106
10 L -1.91 -2.52 -3.1 -3.463 -0.698 -3.188 -3.393 -3.117 -1.476 1.268 2.795 -2.862 1.326 4.892 -3.996 -3.094 -1.949 -0.136 1.577 0.411
11 F -2.062 -2.283 -2.47 -3.164 -1.557 -2.64 -2.869 -2.903 0.996 -0.213 -0.079 -2.501 -0.207 5.346 -3.837 -2.719 -2.227 1.671 5.356 -0.734
12 P -0.836 -2.014 -1.934 -1.564 -1.457 -1.933 -1.622 -1.852 -1.608 -2.318 -2.75 -1.064 -2.403 -3.336 6.663 -1.452 -1.348 -4.549 -2.636 -2.162
13 N -1.66 -0.415 5.643 1.281 -1.846 -0.527 -0.725 -0.155 0.968 -2.712 -3.152 -0.296 -2.161 -2.374 -2.588 -0.118 -0.451 -2.966 -2.069 -2.56
14 I -1.377 -3.101 -3.263 -3.181 -0.15 -3.209 -3.687 -3.479 -2.711 4.521 1.677 -2.679 1.271 0.218 -3.505 -3.076 -1.075 -2.185 -1.285 2.86
15 F -1.202 -2.188 -2.073 -2.597 -0.652 -2.634 -2.694 -2.314 -1.169 0.766 2.047 -2.296 0.854 4.818 -3.45 -0.634 -1.246 -0.213 1.535 0.043
16 L -0.718 -1.696 -1.314 -1.987 -0.011 -1.835 -2.224 -2.187 -1.881 1.896 1.993 -1.536 0.914 -0.26 -2.478 -0.618 2.626 -1.995 -1.404 1.13
17 F -2.24 -2.677 -2.724 -3.263 -1.434 -3.396 -3.263 -2.884 -0.085 0.122 0.366 -3.011 0.072 6.175 -4.23 -2.923 -2.322 1.152 3.981 -0.581
18 F -2.334 -2.896 -2.86 -3.314 -1.374 -3.864 -3.482 -2.875 -0.828 0.277 0.565 -3.304 0.201 6.515 -4.448 -3.031 -2.371 0.852 2.931 -0.507
19 I -1.008 -2.24 -1.773 -2.282 -0.222 -2.398 -2.673 -2.492 -1.861 3.06 0.818 -1.977 0.604 2.435 -2.87 -1.216 1.805 -1.404 -0.103 1.772
20 I -1.377 -3.101 -3.263 -3.181 -0.15 -3.209 -3.687 -3.479 -2.711 4.521 1.677 -2.679 1.271 0.218 -3.505 -3.076 -1.075 -2.185 -1.285 2.86
21 F -2.334 -2.896 -2.86 -3.314 -1.374 -3.864 -3.482 -2.875 -0.828 0.277 0.565 -3.304 0.201 6.515 -4.448 -3.031 -2.371 0.852 2.931 -0.507
22 L -1.202 -2.663 -3.237 -3.317 -0.063 -2.901 -3.412 -3.353 -2.604 3.647 2.616 -2.561 1.526 0.351 -3.479 -2.954 -1.114 -2.026 -1.207 2.681
23 F -1.878 -2.67 -3.085 -3.389 -0.698 -3.294 -3.455 -3.132 -1.523 2.024 2.349 -2.899 1.157 4.869 -3.976 -3.08 -1.846 -0.185 1.563 0.882
24 L -0.792 -2.473 -3.122 -3.311 0.105 -2.7 -3.148 -3.176 -2.668 3.067 2.456 -2.465 1.399 0.168 -3.364 -2.676 -0.888 -2.088 -1.207 3.195
25 F -1.824 -2.506 -2.19 -2.781 -1.065 -3.181 -3.007 -2.552 -0.918 0.199 0.35 -2.703 0.091 6.023 -3.765 -1.975 0.254 0.52 2.518 -0.371
26 L 0.369 -2.057 -3.0 -3.194 0.006 -2.374 -2.859 -2.318 -2.098 1.687 3.6 -2.134 1.803 0.526 -3.122 -2.154 -1.352 -1.768 -1.162 0.965
27 F -1.921 -2.965 -2.877 -3.331 4.807 -3.792 -3.551 -2.743 -1.09 0.131 0.35 -3.272 0.024 6.018 -4.2 -2.755 -2.166 0.462 2.483 -0.491
28 F -2.24 -2.677 -2.724 -3.263 -1.434 -3.396 -3.263 -2.884 -0.085 0.122 0.366 -3.011 0.072 6.175 -4.23 -2.923 -2.322 1.152 3.981 -0.581
29 Y -1.615 -2.228 -2.652 -3.167 -0.841 -2.331 -2.898 -3.178 0.625 2.415 1.421 -2.218 0.67 2.245 -3.434 -2.751 -1.63 0.894 4.838 1.168
30 A 3.483 -1.698 -1.874 -1.888 0.557 -1.561 -1.583 -0.004 -1.413 1.019 -0.554 -1.084 -0.387 -1.384 -1.729 0.094 -0.521 -2.396 -1.672 0.809
31 W -2.041 -2.124 -2.389 -2.989 -1.752 -2.456 -2.635 -2.165 -1.179 -1.51 -1.543 -2.346 -1.141 0.82 -4.359 -2.158 0.149 10.091 1.79 -1.645
32 F -2.334 -2.896 -2.86 -3.314 -1.374 -3.864 -3.482 -2.875 -0.828 0.277 0.565 -3.304 0.201 6.515 -4.448 -3.031 -2.371 0.852 2.931 -0.507
33 H -1.233 1.121 0.119 -0.839 -2.15 0.362 -0.065 -1.514 6.159 -2.38 -2.412 2.923 -1.242 -1.667 -2.169 -1.209 -1.598 -1.95 0.428 -2.471
34 N -1.213 1.104 3.993 0.45 -1.911 0.216 -0.16 -0.688 0.426 -2.403 -2.66 2.993 -1.655 -2.582 -2.102 -0.474 -0.749 -2.75 -1.925 -2.266
35 N -1.66 -0.415 5.643 1.281 -1.846 -0.527 -0.725 -0.155 0.968 -2.712 -3.152 -0.296 -2.161 -2.374 -2.588 -0.118 -0.451 -2.966 -2.069 -2.56
36 L -1.43 -2.763 -3.296 -3.32 -0.15 -3.007 -3.554 -3.446 -2.572 3.899 2.693 -2.61 1.588 0.438 -3.538 -3.103 -1.234 -1.995 -1.207 2.385
37 Y -1.812 -1.777 -2.126 -3.022 -1.752 -1.784 -2.363 -2.932 2.105 -0.804 -0.91 -1.873 -0.682 3.348 -3.333 -2.437 -2.089 2.309 6.655 -0.979
38 S 1.068 -0.741 0.497 -0.249 0.072 -0.57 -0.555 -0.106 -0.46 -1.911 -2.328 -0.285 -1.187 -1.943 -1.475 3.262 1.011 -2.549 -1.756 -1.292
39 W -2.042 -2.283 -3.263 -3.62 -1.04 -2.731 -3.132 -2.83 -1.664 0.678 2.414 -2.63 0.904 0.984 -4.368 -3.255 -2.084 8.651 0.986 -0.104
40 L -1.91 -2.52 -3.1 -3.463 -0.698 -3.188 -3.393 -3.117 -1.476 1.268 2.795 -2.862 1.326 4.892 -3.996 -3.094 -1.949 -0.136 1.577 0.411
41 D -1.777 -1.588 1.199 5.833 -2.372 -0.872 1.05 -1.124 -0.536 -2.725 -3.491 -0.829 -2.698 -2.92 -2.289 -0.952 -1.413 -3.531 -3.043 -2.864
42 P -0.836 -2.014 -1.934 -1.564 -1.457 -1.933 -1.622 -1.852 -1.608 -2.318 -2.75 -1.064 -2.403 -3.336 6.663 -1.452 -1.348 -4.549 -2.636 -2.162
43 F -2.045 -2.64 -3.018 -3.413 -0.906 -3.396 -3.422 -3.034 -1.244 0.974 2.224 -3.002 0.997 5.539 -4.139 -3.073 -2.083 0.232 2.102 0.136
44 L -1.541 -2.186 -3.362 -3.62 -0.15 -2.64 -3.306 -3.383 -2.314 2.005 4.037 -2.478 2.132 0.833 -3.604 -3.158 -1.581 -1.65 -1.056 1.106
45 L -1.541 -2.186 -3.362 -3.62 -0.15 -2.64 -3.306 -3.383 -2.314 2.005 4.037 -2.478 2.132 0.833 -3.604 -3.158 -1.581 -1.65 -1.056 1.106
46 A 3.541 -1.612 -1.419 -1.623 0.429 -1.449 -1.481 2.271 -1.254 -1.114 -1.585 -0.968 -1.105 -1.971 -1.656 0.257 -0.624 -2.44 -1.946 -0.191
47 I -1.377 -3.101 -3.263 -3.181 -0.15 -3.209 -3.687 -3.479 -2.711 4.521 1.677 -2.679 1.271 0.218 -3.505 -3.076 -1.075 -2.185 -1.285 2.86
48 L -1.458 -2.607 -3.312 -3.392 -0.15 -2.911 -3.49 -3.43 -2.505 3.529 3.092 -2.577 1.734 0.542 -3.554 -3.117 -1.317 -1.905 -1.168 2.114
49 F -2.334 -2.896 -2.86 -3.314 -1.374 -3.864 -3.482 -2.875 -0.828 0.277 0.565 -3.304 0.201 6.515 -4.448 -3.031 -2.371 0.852 2.931 -0.507
50 S 1.068 -0.741 0.497 -0.249 0.072 -0.57 -0.555 -0.106 -0.46 -1.911 -2.328 -0.285 -1.187 -1.943 -1.475 3.262 1.011 -2.549 -1.756 -1.292
51 A 2.831 -1.089 -0.385 -0.879 0.392 -0.921 -0.903 0.144 -0.811 -1.32 -1.781 -0.553 -1.026 -1.895 -1.475 2.187 0.383 -2.494 -1.756 -0.489
52 A 3.918 -1.484 -1.662 -1.687 0.68 -1.32 -1.298 0.374 -1.211 -0.83 -1.321 -0.849 -0.874 -1.848 -1.475 0.455 -0.422 -2.44 -1.756 0.139
53 G 0.09 -2.358 -0.44 -1.323 -1.32 -2.195 -2.622 5.809 -1.476 -3.215 -3.461 -1.651 -2.667 -2.678 -2.779 -1.002 -1.919 -2.44 -3.148 -2.864
54 L -1.036 -2.283 -3.211 -3.46 0.023 -2.623 -3.162 -3.233 -2.5 2.388 3.324 -2.448 1.76 0.478 -3.453 -2.837 -1.153 -1.876 -1.13 2.49
55 S 0.902 -0.797 0.4 -0.363 0.081 -0.652 -0.677 -0.277 -0.599 -1.552 -2.074 -0.363 -1.067 -1.88 -1.51 2.965 1.865 -2.485 -1.747 -0.976
56 T -0.112 -1.093 -0.139 -1.014 0.122 -1.103 -1.378 -1.329 -1.413 -0.224 -1.057 -0.791 -0.532 -1.58 -1.687 0.705 4.245 -2.185 -1.706 0.229
57 V -0.234 -2.486 -2.929 -3.164 0.34 -2.587 -2.894 -2.955 -2.915 3.03 0.945 -2.388 0.832 -0.398 -3.171 -2.284 -0.451 -2.387 -1.285 4.125
58 I -1.516 -3.066 -3.192 -3.203 -0.321 -3.309 -3.652 -3.369 -2.299 4.124 1.519 -2.774 1.118 2.635 -3.642 -3.069 -1.254 -1.404 -0.017 2.508
59 F -2.334 -2.896 -2.86 -3.314 -1.374 -3.864 -3.482 -2.875 -0.828 0.277 0.565 -3.304 0.201 6.515 -4.448 -3.031 -2.371 0.852 2.931 -0.507
60 L -1.541 -2.186 -3.362 -3.62 -0.15 -2.64 -3.306 -3.383 -2.314 2.005 4.037 -2.478 2.132 0.833 -3.604 -3.158 -1.581 -1.65 -1.056 1.106
61 Y -1.812 -1.777 -2.126 -3.022 -1.752 -1.784 -2.363 -2.932 2.105 -0.804 -0.91 -1.873 -0.682 3.348 -3.333 -2.437 -2.089 2.309 6.655 -0.979
62 V 0.028 -2.112 -2.0 -2.427 0.297 -2.138 -2.348 -2.241 -2.333 2.606 0.599 -1.914 0.579 -0.605 -2.81 -0.324 -0.15 -2.414 -1.358 3.686
63 L -1.14 -0.874 -1.369 0.012 -1.069 0.131 2.705 -2.464 -0.498 0.404 1.846 -0.388 2.189 -0.491 -2.571 -1.599 -1.346 -1.927 -1.407 -0.11
64 G 0.09 -2.358 -0.44 -1.323 -1.32 -2.195 -2.622 5.809 -1.476 -3.215 -3.461 -1.651 -2.667 -2.678 -2.779 -1.002 -1.919 -2.44 -3.148 -2.864
65 E -0.913 0.1 -0.296 1.279 -2.321 2.319 4.158 -1.866 0.459 -2.67 -2.571 0.775 -1.48 -2.663 -1.925 -0.785 -1.244 -2.352 -1.794 -2.073
66 I -1.377 -3.101 -3.263 -3.181 -0.15 -3.209 -3.687 -3.479 -2.711 4.521 1.677 -2.679 1.271 0.218 -3.505 -3.076 -1.075 -2.185 -1.285 2.86
67 K -0.95 1.8 1.908 -0.276 -1.955 0.623 0.164 -1.107 -0.002 -2.213 -2.373 4.072 -1.36 -2.729 -1.819 -0.739 -0.967 -2.615 -1.834 -2.085
68 D -1.166 -1.858 0.355 4.726 -1.164 -1.339 0.226 -1.615 -1.134 0.554 -1.193 -1.262 -1.003 -1.817 -2.554 -1.332 -1.055 -3.097 -2.331 1.426
69 N -1.66 -0.415 5.643 1.281 -1.846 -0.527 -0.725 -0.155 0.968 -2.712 -3.152 -0.296 -2.161 -2.374 -2.588 -0.118 -0.451 -2.966 -2.069 -2.56
70 Y -1.812 -1.777 -2.126 -3.022 -1.752 -1.784 -2.363 -2.932 2.105 -0.804 -0.91 -1.873 -0.682 3.348 -3.333 -2.437 -2.089 2.309 6.655 -0.979
71 L -1.572 -2.731 -3.224 -3.343 -0.321 -3.099 -3.52 -3.338 -2.179 3.398 2.583 -2.703 1.451 2.732 -3.676 -3.096 -1.424 -1.258 0.034 1.965
72 L -1.458 -2.607 -3.312 -3.392 -0.15 -2.911 -3.49 -3.43 -2.505 3.529 3.092 -2.577 1.734 0.542 -3.554 -3.117 -1.317 -1.905 -1.168 2.114
73 Q -0.883 1.007 -0.093 -0.357 -1.911 4.883 1.392 -1.479 0.769 -2.24 -1.991 1.222 -0.403 -2.959 -2.151 -0.755 -0.975 -2.185 -1.285 -1.787
74 T -0.112 -1.093 -0.139 -1.014 0.122 -1.103 -1.378 -1.329 -1.413 -0.224 -1.057 -0.791 -0.532 -1.58 -1.687 0.705 4.245 -2.185 -1.706 0.229
75 L -1.202 -2.081 -3.097 -3.392 -0.065 -2.299 -3.055 -3.161 -2.125 2.144 3.429 -2.266 2.954 0.599 -3.466 -2.78 -1.27 -1.698 -1.054 1.866
76 L -1.541 -2.186 -3.362 -3.62 -0.15 -2.64 -3.306 -3.383 -2.314 2.005 4.037 -2.478 2.132 0.833 -3.604 -3.158 -1.581 -1.65 -1.056 1.106
77 S 1.068 -0.741 0.497 -0.249 0.072 -0.57 -0.555 -0.106 -0.46 -1.911 -2.328 -0.285 -1.187 -1.943 -1.475 3.262 1.011 -2.549 -1.756 -1.292
78 Q -0.883 1.007 -0.093 -0.357 -1.911 4.883 1.392 -1.479 0.769 -2.24 -1.991 1.222 -0.403 -2.959 -2.151 -0.755 -0.975 -2.185 -1.285 -1.787
79 L -1.541 -2.186 -3.362 -3.62 -0.15 -2.64 -3.306 -3.383 -2.314 2.005 4.037 -2.478 2.132 0.833 -3.604 -3.158 -1.581 -1.65 -1.056 1.106
80 L -1.08 -1.383 -2.36 -2.814 -0.168 -1.051 -2.353 -2.583 -0.968 1.603 2.135 -1.452 5.611 0.468 -3.242 -2.016 -1.046 -1.306 -0.832 0.99
81 L -1.541 -2.186 -3.362 -3.62 -0.15 -2.64 -3.306 -3.383 -2.314 2.005 4.037 -2.478 2.132 0.833 -3.604 -3.158 -1.581 -1.65 -1.056 1.106
82 L -1.08 -1.383 -2.36 -2.814 -0.168 -1.051 -2.353 -2.583 -0.968 1.603 2.135 -1.452 5.611 0.468 -3.242 -2.016 -1.046 -1.306 -0.832 0.99
83 L -1.513 -2.32 -3.346 -3.542 -0.15 -2.728 -3.366 -3.398 -2.376 2.607 3.755 -2.51 2.006 0.739 -3.588 -3.145 -1.49 -1.733 -1.093 1.483
84 G 0.09 -2.358 -0.44 -1.323 -1.32 -2.195 -2.622 5.809 -1.476 -3.215 -3.461 -1.651 -2.667 -2.678 -2.779 -1.002 -1.919 -2.44 -3.148 -2.864
85 Y -1.812 -1.777 -2.126 -3.022 -1.752 -1.784 -2.363 -2.932 2.105 -0.804 -0.91 -1.873 -0.682 3.348 -3.333 -2.437 -2.089 2.309 6.655 -0.979
86 K -0.826 2.094 -0.268 -0.722 -1.977 0.807 0.313 -1.342 -0.243 -2.123 -2.24 4.49 -1.224 -2.806 -1.687 -0.881 -1.082 -2.549 -1.789 -1.999
87 L -1.198 -2.226 -2.487 -2.865 -0.103 -2.479 -2.986 -2.949 -2.262 2.922 2.906 -2.177 1.537 0.335 -3.154 -2.03 0.631 -1.905 -1.232 1.715
88 L -1.541 -2.186 -3.362 -3.62 -0.15 -2.64 -3.306 -3.383 -2.314 2.005 4.037 -2.478 2.132 0.833 -3.604 -3.158 -1.581 -1.65 -1.056 1.106
89 S 1.068 -0.741 0.497 -0.249 0.072 -0.57 -0.555 -0.106 -0.46 -1.911 -2.328 -0.285 -1.187 -1.943 -1.475 3.262 1.011 -2.549 -1.756 -1.292
90 R -1.534 5.51 -0.462 -1.564 -2.259 0.518 -0.561 -2.128 0.098 -2.612 -2.028 2.018 -1.224 -2.472 -2.704 -1.406 -1.454 -2.234 -1.772 -2.162
91 N -1.617 2.999 4.642 0.605 -1.977 -0.135 -0.669 -0.675 0.707 -2.678 -2.726 0.696 -1.814 -2.406 -2.626 -0.487 -0.748 -2.701 -1.966 -2.421
92 E -0.919 -0.122 -0.338 1.518 -2.411 1.346 4.494 -1.95 0.392 -2.764 -2.703 0.677 -1.754 -2.608 -1.882 -0.791 -1.301 -2.387 -1.908 -2.134
93 R -0.871 3.962 -0.318 -1.22 -1.198 0.13 -0.629 -1.703 -0.386 -1.52 -1.697 2.071 -0.974 -2.191 -2.151 -0.45 1.803 -2.267 -1.753 -1.11
94 Y -0.273 -1.279 -0.665 -1.481 -0.687 -1.213 -1.48 -1.438 1.018 -1.01 -1.338 -1.071 -0.814 1.794 -2.302 1.092 1.055 0.82 4.808 -0.832
95 C -1.014 -2.535 -2.713 -3.311 7.747 -2.664 -3.214 -2.583 -0.161 -0.075 0.677 -2.539 -0.129 1.234 -3.312 -2.122 -1.598 -0.003 3.737 -0.254
96 Y -1.535 -0.752 -2.028 -2.642 -1.143 -1.363 -1.93 -2.725 0.844 0.343 1.683 0.508 0.53 2.146 -3.063 -2.309 -1.727 0.908 4.834 -0.214
97 D -1.57 -0.596 3.423 4.302 -2.109 1.269 0.641 -0.813 0.273 -2.634 -3.075 -0.208 -2.007 -2.732 -2.361 -0.616 -0.987 -3.075 -2.345 -2.557
98 A 2.569 0.318 -0.706 -1.066 -0.083 -0.323 -0.545 -0.181 -0.728 -1.376 -1.757 2.146 -1.037 -2.151 -1.544 0.86 -0.312 -2.494 -1.767 -0.652
99 G -0.199 -0.765 -0.319 -0.964 -1.504 2.171 -0.613 4.753 -0.521 -2.853 -2.883 -0.352 -1.702 -2.769 -2.554 -0.917 -1.569 -2.352 -2.386 -2.459
100 S 0.534 -1.468 -0.442 -1.132 -0.02 -1.36 -1.465 1.775 -1.254 0.678 -0.885 -1.059 -0.495 -1.421 -2.151 1.724 0.224 -2.476 -1.769 1.653
101 N -1.015 0.515 3.986 0.389 -1.793 -0.193 -0.546 1.899 0.29 -2.575 -2.859 2.176 -1.883 -2.562 -2.283 -0.492 -0.859 -2.73 -2.121 -2.406
102 P -0.952 -1.21 -0.624 -1.256 -1.361 -1.094 -1.162 -1.707 5.031 -1.939 -2.343 -0.915 -1.615 -1.99 4.787 -0.997 0.509 -2.77 -0.347 -1.814
103 N -0.459 -0.714 4.007 0.388 -1.044 -0.717 -0.879 -0.45 0.821 -2.039 -2.382 -0.502 -1.528 -0.236 -2.264 1.327 -0.054 -1.081 2.139 -1.791
104 I -0.395 -1.843 -1.125 -1.707 -0.02 -1.839 -2.096 -1.883 -1.768 2.961 0.525 -1.464 0.439 -0.583 -2.408 0.311 2.046 -2.242 -1.496 1.72
105 I -0.91 -2.12 -1.893 -2.396 -0.547 -2.113 -2.477 -2.428 0.082 2.902 0.554 -1.872 0.404 1.511 -3.002 -0.532 -0.858 0.128 3.819 1.516
106 R -1.195 3.835 -0.616 -0.142 -2.156 0.562 2.126 -2.02 -0.015 -2.61 -2.353 1.252 -1.566 -2.646 2.067 -1.193 -1.384 -2.568 -1.946 -2.152
107 K -0.845 1.775 -0.208 -0.595 -1.955 2.858 0.719 -1.387 0.135 -2.161 -2.155 3.751 -0.923 -2.856 -1.833 -0.838 -1.046 -2.422 -1.611 -1.926
108 L -1.137 0.635 -1.41 -1.779 -0.922 -0.47 -0.989 -2.196 -1.137 1.541 1.82 2.732 0.721 -0.595 -2.478 -1.792 -1.238 -2.16 -1.441 0.498
109 T -0.682 -0.677 3.152 0.412 -0.756 -0.354 0.888 -0.963 -0.107 -1.213 -1.866 -0.331 -1.181 -1.983 -1.992 0.236 2.722 -2.458 -1.856 -0.799
110 T -0.078 -1.269 -0.187 -1.064 -0.074 -1.259 -1.551 1.654 -1.423 -0.552 -1.342 -0.918 -0.795 -1.737 -1.843 0.482 3.786 -2.226 -1.902 -0.106
111 G 3.108 -1.747 -1.195 -1.561 0.154 -1.583 -1.676 3.405 -1.297 -1.429 -1.875 -1.092 -1.357 -2.099 -1.848 0.046 -0.84 -2.44 -2.149 -0.562
112 L -1.544 -1.9 -2.724 -3.266 -0.596 -2.025 -2.794 -3.083 0.098 1.254 2.778 -2.078 2.615 1.893 -3.45 -2.692 -1.639 0.353 3.865 0.54
113 P -0.452 -1.516 -0.899 -1.276 -0.561 -1.488 -1.497 -1.579 -1.509 -1.085 -1.781 -0.924 -1.318 -2.327 4.818 -0.176 2.633 -3.131 -2.134 -0.725
114 T 0.811 2.858 -0.455 -1.294 -0.353 -0.484 -1.067 -1.179 -0.789 -0.938 -1.393 0.466 -0.803 -1.895 -1.947 0.108 2.67 -2.242 -1.736 -0.389
115 C 1.818 -2.456 -2.457 -2.685 7.8 -2.437 -2.629 -1.132 -2.243 0.312 -0.687 -2.051 -0.599 -1.63 -2.503 -0.845 -0.84 -2.8 -2.131 1.131
116 F -2.334 -2.896 -2.86 -3.314 -1.374 -3.864 -3.482 -2.875 -0.828 0.277 0.565 -3.304 0.201 6.515 -4.448 -3.031 -2.371 0.852 2.931 -0.507
117 F -1.613 -2.573 -3.03 -3.386 -0.592 -3.177 -3.317 -3.048 -1.545 1.522 2.262 -2.844 1.085 4.85 -3.908 -2.932 -1.698 -0.201 1.563 1.364
118 V 1.791 -2.194 -2.487 -2.586 0.385 -2.18 -2.353 -1.431 -2.201 2.618 0.533 -1.817 0.458 -0.677 -2.531 -1.138 -0.536 -2.37 -1.433 3.059
119 T 0.337 -0.971 0.089 -0.736 0.105 -0.914 -1.077 -0.861 -1.059 -0.685 -1.422 -0.612 -0.734 -1.696 -1.615 1.827 3.511 -2.301 -1.723 -0.194
120 S 1.068 -0.741 0.497 -0.249 0.072 -0.57 -0.555 -0.106 -0.46 -1.911 -2.328 -0.285 -1.187 -1.943 -1.475 3.262 1.011 -2.549 -1.756 -1.292
121 L -1.691 -2.861 -3.138 -3.294 -0.504 -3.301 -3.551 -3.248 -1.885 3.261 1.963 -2.836 1.137 3.963 -3.804 -3.074 -1.535 -0.73 0.88 1.808
122 L -1.541 -2.186 -3.362 -3.62 -0.15 -2.64 -3.306 -3.383 -2.314 2.005 4.037 -2.478 2.132 0.833 -3.604 -3.158 -1.581 -1.65 -1.056 1.106
123 F -2.334 -2.896 -2.86 -3.314 -1.374 -3.864 -3.482 -2.875 -0.828 0.277 0.565 -3.304 0.201 6.515 -4.448 -3.031 -2.371 0.852 2.931 -0.507
124 L -1.458 -2.607 -3.312 -3.392 -0.15 -2.911 -3.49 -3.43 -2.505 3.529 3.092 -2.577 1.734 0.542 -3.554 -3.117 -1.317 -1.905 -1.168 2.114
125 L -1.036 -2.283 -3.211 -3.46 0.023 -2.623 -3.162 -3.233 -2.5 2.388 3.324 -2.448 1.76 0.478 -3.453 -2.837 -1.153 -1.876 -1.13 2.49
126 A 2.831 -1.089 -0.385 -0.879 0.392 -0.921 -0.903 0.144 -0.811 -1.32 -1.781 -0.553 -1.026 -1.895 -1.475 2.187 0.383 -2.494 -1.756 -0.489
127 Q -0.883 1.007 -0.093 -0.357 -1.911 4.883 1.392 -1.479 0.769 -2.24 -1.991 1.222 -0.403 -2.959 -2.151 -0.755 -0.975 -2.185 -1.285 -1.787
128 S 2.354 -0.968 -0.06 -0.653 0.289 -0.799 -0.782 0.063 -0.689 -1.504 -1.952 -0.461 -1.079 -1.911 -1.475 2.592 0.608 -2.512 -1.756 -0.733
129 L 0.049 -1.374 -0.83 -1.468 -0.037 -1.423 -1.614 -1.302 -1.24 0.666 2.339 -1.178 0.926 -0.233 -2.348 1.558 -0.003 -2.065 -1.385 0.149
130 T -0.112 -1.093 -0.139 -1.014 0.122 -1.103 -1.378 -1.329 -1.413 -0.224 -1.057 -0.791 -0.532 -1.58 -1.687 0.705 4.245 -2.185 -1.706 0.229
131 Y -1.812 -1.777 -2.126 -3.022 -1.752 -1.784 -2.363 -2.932 2.105 -0.804 -0.91 -1.873 -0.682 3.348 -3.333 -2.437 -2.089 2.309 6.655 -0.979
132 I -1.662 -3.031 -3.122 -3.225 -0.504 -3.412 -3.617 -3.263 -1.939 3.665 1.352 -2.873 0.957 3.932 -3.786 -3.061 -1.446 -0.79 0.861 2.108
133 L -1.277 -2.234 -3.286 -3.539 -0.063 -2.631 -3.233 -3.307 -2.405 2.203 3.702 -2.463 1.952 0.661 -3.528 -2.993 -1.359 -1.761 -1.093 1.88
134 L -1.541 -2.186 -3.362 -3.62 -0.15 -2.64 -3.306 -3.383 -2.314 2.005 4.037 -2.478 2.132 0.833 -3.604 -3.158 -1.581 -1.65 -1.056 1.106
135 G 0.09 -2.358 -0.44 -1.323 -1.32 -2.195 -2.622 5.809 -1.476 -3.215 -3.461 -1.651 -2.667 -2.678 -2.779 -1.002 -1.919 -2.44 -3.148 -2.864
136 I -1.377 -3.101 -3.263 -3.181 -0.15 -3.209 -3.687 -3.479 -2.711 4.521 1.677 -2.679 1.271 0.218 -3.505 -3.076 -1.075 -2.185 -1.285 2.86
137 P -0.836 -2.014 -1.934 -1.564 -1.457 -1.933 -1.622 -1.852 -1.608 -2.318 -2.75 -1.064 -2.403 -3.336 6.663 -1.452 -1.348 -4.549 -2.636 -2.162
138 L -1.541 -2.186 -3.362 -3.62 -0.15 -2.64 -3.306 -3.383 -2.314 2.005 4.037 -2.478 2.132 0.833 -3.604 -3.158 -1.581 -1.65 -1.056 1.106
139 L -1.91 -2.52 -3.1 -3.463 -0.698 -3.188 -3.393 -3.117 -1.476 1.268 2.795 -2.862 1.326 4.892 -3.996 -3.094 -1.949 -0.136 1.577 0.411
140 L -1.301 -1.757 -2.818 -3.189 -0.159 -1.738 -2.79 -2.955 -1.563 1.811 3.24 -1.92 4.367 0.656 -3.418 -2.531 -1.301 -1.473 -0.942 1.048
141 D 1.456 -1.553 0.52 4.768 -0.968 -1.014 0.458 -0.534 -0.744 -1.947 -2.575 -0.836 -1.954 -2.517 -1.992 -0.403 -1.043 -3.12 -2.547 -1.489
142 N 0.015 -0.573 4.091 0.617 -0.73 -0.548 -0.639 -0.13 0.342 -2.284 -2.711 -0.29 -1.633 -2.151 -1.978 2.041 0.372 -2.75 -1.908 -1.857
143 R -1.534 5.51 -0.462 -1.564 -2.259 0.518 -0.561 -2.128 0.098 -2.612 -2.028 2.018 -1.224 -2.472 -2.704 -1.406 -1.454 -2.234 -1.772 -2.162
144 L -1.541 -2.186 -3.362 -3.62 -0.15 -2.64 -3.306 -3.383 -2.314 2.005 4.037 -2.478 2.132 0.833 -3.604 -3.158 -1.581 -1.65 -1.056 1.106
145 L -1.08 -1.383 -2.36 -2.814 -0.168 -1.051 -2.353 -2.583 -0.968 1.603 2.135 -1.452 5.611 0.468 -3.242 -2.016 -1.046 -1.306 -0.832 0.99
146 I -1.377 -3.101 -3.263 -3.181 -0.15 -3.209 -3.687 -3.479 -2.711 4.521 1.677 -2.679 1.271 0.218 -3.505 -3.076 -1.075 -2.185 -1.285 2.86
147 Y -1.812 -1.777 -2.126 -3.022 -1.752 -1.784 -2.363 -2.932 2.105 -0.804 -0.91 -1.873 -0.682 3.348 -3.333 -2.437 -2.089 2.309 6.655 -0.979
148 Q -0.883 1.007 -0.093 -0.357 -1.911 4.883 1.392 -1.479 0.769 -2.24 -1.991 1.222 -0.403 -2.959 -2.151 -0.755 -0.975 -2.185 -1.285 -1.787
149 S 0.545 -0.52 0.244 0.467 -0.544 0.219 2.185 -0.6 -0.147 -2.169 -2.448 0.072 -1.364 -2.148 -1.604 2.426 0.425 -2.494 -1.805 -1.547
150 G 0.09 -2.358 -0.44 -1.323 -1.32 -2.195 -2.622 5.809 -1.476 -3.215 -3.461 -1.651 -2.667 -2.678 -2.779 -1.002 -1.919 -2.44 -3.148 -2.864
151 G 0.09 -2.358 -0.44 -1.323 -1.32 -2.195 -2.622 5.809 -1.476 -3.215 -3.461 -1.651 -2.667 -2.678 -2.779 -1.002 -1.919 -2.44 -3.148 -2.864
152 F -2.334 -2.896 -2.86 -3.314 -1.374 -3.864 -3.482 -2.875 -0.828 0.277 0.565 -3.304 0.201 6.515 -4.448 -3.031 -2.371 0.852 2.931 -0.507
153 G 0.09 -2.358 -0.44 -1.323 -1.32 -2.195 -2.622 5.809 -1.476 -3.215 -3.461 -1.651 -2.667 -2.678 -2.779 -1.002 -1.919 -2.44 -3.148 -2.864
154 I -0.943 -2.881 -3.147 -3.175 0.023 -2.987 -3.397 -3.294 -2.777 4.104 1.453 -2.579 1.132 0.027 -3.389 -2.787 -0.852 -2.251 -1.285 3.346
155 L -1.659 -2.293 -3.272 -3.567 -0.321 -2.811 -3.334 -3.291 -2.007 1.78 3.68 -2.6 1.888 2.872 -3.729 -3.137 -1.698 -1.053 0.108 0.892
156 G 0.09 -2.358 -0.44 -1.323 -1.32 -2.195 -2.622 5.809 -1.476 -3.215 -3.461 -1.651 -2.667 -2.678 -2.779 -1.002 -1.919 -2.44 -3.148 -2.864
157 R -1.534 5.51 -0.462 -1.564 -2.259 0.518 -0.561 -2.128 0.098 -2.612 -2.028 2.018 -1.224 -2.472 -2.704 -1.406 -1.454 -2.234 -1.772 -2.162
158 I -1.377 -3.101 -3.263 -3.181 -0.15 -3.209 -3.687 -3.479 -2.711 4.521 1.677 -2.679 1.271 0.218 -3.505 -3.076 -1.075 -2.185 -1.285 2.86
159 V -0.567 -2.677 -3.036 -3.17 0.186 -2.78 -3.135 -3.119 -2.845 3.617 1.21 -2.482 0.986 -0.178 -3.278 -2.525 -0.644 -2.318 -1.285 3.762
160 D -1.777 -1.588 1.199 5.833 -2.372 -0.872 1.05 -1.124 -0.536 -2.725 -3.491 -0.829 -2.698 -2.92 -2.289 -0.952 -1.413 -3.531 -3.043 -2.864
161 V 1.868 -2.112 -2.442 -2.584 0.458 -2.1 -2.259 -1.385 -2.229 2.215 0.368 -1.779 0.367 -0.806 -2.489 -1.061 -0.442 -2.405 -1.433 3.296
162 T -0.112 -1.093 -0.139 -1.014 0.122 -1.103 -1.378 -1.329 -1.413 -0.224 -1.057 -0.791 -0.532 -1.58 -1.687 0.705 4.245 -2.185 -1.706 0.229
163 F -2.334 -2.896 -2.86 -3.314 -1.374 -3.864 -3.482 -2.875 -0.828 0.277 0.565 -3.304 0.201 6.515 -4.448 -3.031 -2.371 0.852 2.931 -0.507
164 V -0.234 -2.486 -2.929 -3.164 0.34 -2.587 -2.894 -2.955 -2.915 3.03 0.945 -2.388 0.832 -0.398 -3.171 -2.284 -0.451 -2.387 -1.285 4.125
165 I -1.377 -3.101 -3.263 -3.181 -0.15 -3.209 -3.687 -3.479 -2.711 4.521 1.677 -2.679 1.271 0.218 -3.505 -3.076 -1.075 -2.185 -1.285 2.86
166 S 1.068 -0.741 0.497 -0.249 0.072 -0.57 -0.555 -0.106 -0.46 -1.911 -2.328 -0.285 -1.187 -1.943 -1.475 3.262 1.011 -2.549 -1.756 -1.292
167 F -2.334 -2.896 -2.86 -3.314 -1.374 -3.864 -3.482 -2.875 -0.828 0.277 0.565 -3.304 0.201 6.515 -4.448 -3.031 -2.371 0.852 2.931 -0.507
168 Y -1.812 -1.777 -2.126 -3.022 -1.752 -1.784 -2.363 -2.932 2.105 -0.804 -0.91 -1.873 -0.682 3.348 -3.333 -2.437 -2.089 2.309 6.655 -0.979
169 T -0.112 -1.093 -0.139 -1.014 0.122 -1.103 -1.378 -1.329 -1.413 -0.224 -1.057 -0.791 -0.532 -1.58 -1.687 0.705 4.245 -2.185 -1.706 0.229
170 F -2.334 -2.896 -2.86 -3.314 -1.374 -3.864 -3.482 -2.875 -0.828 0.277 0.565 -3.304 0.201 6.515 -4.448 -3.031 -2.371 0.852 2.931 -0.507
171 L -1.458 -2.607 -3.312 -3.392 -0.15 -2.911 -3.49 -3.43 -2.505 3.529 3.092 -2.577 1.734 0.542 -3.554 -3.117 -1.317 -1.905 -1.168 2.114
172 D -1.777 -1.588 1.199 5.833 -2.372 -0.872 1.05 -1.124 -0.536 -2.725 -3.491 -0.829 -2.698 -2.92 -2.289 -0.952 -1.413 -3.531 -3.043 -2.864
173 L -1.08 -1.383 -2.36 -2.814 -0.168 -1.051 -2.353 -2.583 -0.968 1.603 2.135 -1.452 5.611 0.468 -3.242 -2.016 -1.046 -1.306 -0.832 0.99
174 K -0.826 2.094 -0.268 -0.722 -1.977 0.807 0.313 -1.342 -0.243 -2.123 -2.24 4.49 -1.224 -2.806 -1.687 -0.881 -1.082 -2.549 -1.789 -1.999
175 L -1.036 -2.283 -3.211 -3.46 0.023 -2.623 -3.162 -3.233 -2.5 2.388 3.324 -2.448 1.76 0.478 -3.453 -2.837 -1.153 -1.876 -1.13 2.49
176 R -1.534 5.51 -0.462 -1.564 -2.259 0.518 -0.561 -2.128 0.098 -2.612 -2.028 2.018 -1.224 -2.472 -2.704 -1.406 -1.454 -2.234 -1.772 -2.162
177 F -2.062 -2.283 -2.47 -3.164 -1.557 -2.64 -2.869 -2.903 0.996 -0.213 -0.079 -2.501 -0.207 5.346 -3.837 -2.719 -2.227 1.671 5.356 -0.734
178 E -0.872 1.193 -0.303 0.61 -2.186 1.089 3.103 -1.63 0.092 -2.426 -2.462 3.172 -1.476 -2.705 -1.783 -0.836 -1.189 -2.467 -1.848 -2.066
179 N -1.062 -1.33 3.782 -0.159 -0.655 -1.439 -1.685 -1.272 -0.349 1.922 -0.215 -1.186 -0.178 -1.072 -2.912 -1.077 -0.546 -2.624 -1.65 2.067
180 R -1.178 3.076 -1.214 -1.93 -0.996 -0.098 -1.107 -2.189 -0.45 0.239 0.734 1.637 3.869 -0.671 -2.747 -1.591 -1.182 -1.775 -1.266 -0.162
181 G -0.125 1.157 -0.444 -1.362 -1.457 -1.528 -2.16 5.32 -1.147 -3.106 -3.167 -0.623 -2.37 -2.643 -2.767 -1.066 -1.836 -2.405 -2.868 -2.735
182 F -1.202 -2.188 -2.073 -2.597 -0.652 -2.634 -2.694 -2.314 -1.169 0.766 2.047 -2.296 0.854 4.818 -3.45 -0.634 -1.246 -0.213 1.535 0.043
183 F -0.087 1.417 -0.436 -1.193 -0.659 -1.041 -1.245 -1.093 -0.473 -1.062 -0.984 -0.322 -0.651 3.625 -2.392 1.644 -0.127 -0.903 0.719 -1.122
184 K -0.842 1.824 -0.28 -0.207 -2.045 0.904 1.565 -1.435 -0.127 -2.22 -2.312 4.114 -1.306 -2.772 -1.718 -0.866 -1.117 -2.521 -1.808 -2.021
185 F 1.385 -2.236 -2.47 -2.704 -0.334 -2.581 -2.537 -1.4 -1.16 0.363 1.159 -2.129 0.356 4.745 -2.991 -1.375 -1.454 -0.276 1.493 0.039
186 Y -1.812 -1.777 -2.126 -3.022 -1.752 -1.784 -2.363 -2.932 2.105 -0.804 -0.91 -1.873 -0.682 3.348 -3.333 -2.437 -2.089 2.309 6.655 -0.979
187 G 0.278 -2.017 -0.261 -1.114 -1.036 -1.853 -2.158 5.357 -1.28 -2.953 -3.238 -1.373 -2.361 -2.542 -2.517 0.288 -1.177 -2.458 -2.864 -2.535
188 Y -0.916 -2.11 -2.5 -3.092 -0.52 -2.158 -2.616 -2.944 0.571 1.708 0.164 -2.119 0.173 2.045 -3.251 -2.36 -1.156 0.826 4.833 2.579
189 V -0.77 -2.621 -3.107 -3.241 0.105 -2.79 -3.205 -3.19 -2.739 3.497 1.949 -2.497 1.234 0.05 -3.349 -2.665 -0.816 -2.185 -1.246 3.384
190 Y -1.812 -1.777 -2.126 -3.022 -1.752 -1.784 -2.363 -2.932 2.105 -0.804 -0.91 -1.873 -0.682 3.348 -3.333 -2.437 -2.089 2.309 6.655 -0.979
191 F -1.878 -2.67 -3.085 -3.389 -0.698 -3.294 -3.455 -3.132 -1.523 2.024 2.349 -2.899 1.157 4.869 -3.976 -3.08 -1.846 -0.185 1.563 0.882
192 L -1.541 -2.186 -3.362 -3.62 -0.15 -2.64 -3.306 -3.383 -2.314 2.005 4.037 -2.478 2.132 0.833 -3.604 -3.158 -1.581 -1.65 -1.056 1.106
193 F -2.334 -2.896 -2.86 -3.314 -1.374 -3.864 -3.482 -2.875 -0.828 0.277 0.565 -3.304 0.201 6.515 -4.448 -3.031 -2.371 0.852 2.931 -0.507
194 L -1.541 -2.186 -3.362 -3.62 -0.15 -2.64 -3.306 -3.383 -2.314 2.005 4.037 -2.478 2.132 0.833 -3.604 -3.158 -1.581 -1.65 -1.056 1.106
195 I -1.377 -3.101 -3.263 -3.181 -0.15 -3.209 -3.687 -3.479 -2.711 4.521 1.677 -2.679 1.271 0.218 -3.505 -3.076 -1.075 -2.185 -1.285 2.86
196 V 0.792 -2.471 -2.773 -2.865 0.248 -2.51 -2.772 -2.184 -2.49 3.312 0.961 -2.151 0.775 -0.36 -2.904 -1.797 -0.639 -2.327 -1.358 3.321
197 S 1.068 -0.741 0.497 -0.249 0.072 -0.57 -0.555 -0.106 -0.46 -1.911 -2.328 -0.285 -1.187 -1.943 -1.475 3.262 1.011 -2.549 -1.756 -1.292
198 L -1.541 -2.186 -3.362 -3.62 -0.15 -2.64 -3.306 -3.383 -2.314 2.005 4.037 -2.478 2.132 0.833 -3.604 -3.158 -1.581 -1.65 -1.056 1.106
199 F -1.097 -2.684 -2.895 -3.238 -0.392 -3.156 -3.173 -2.915 -1.687 1.97 0.761 -2.81 0.534 4.766 -3.74 -2.633 -1.254 -0.335 1.533 2.653
200 L -1.541 -2.186 -3.362 -3.62 -0.15 -2.64 -3.306 -3.383 -2.314 2.005 4.037 -2.478 2.132 0.833 -3.604 -3.158 -1.581 -1.65 -1.056 1.106
201 N -1.66 -0.415 5.643 1.281 -1.846 -0.527 -0.725 -0.155 0.968 -2.712 -3.152 -0.296 -2.161 -2.374 -2.588 -0.118 -0.451 -2.966 -2.069 -2.56
202 G 0.09 -2.358 -0.44 -1.323 -1.32 -2.195 -2.622 5.809 -1.476 -3.215 -3.461 -1.651 -2.667 -2.678 -2.779 -1.002 -1.919 -2.44 -3.148 -2.864
203 S 1.068 -0.741 0.497 -0.249 0.072 -0.57 -0.555 -0.106 -0.46 -1.911 -2.328 -0.285 -1.187 -1.943 -1.475 3.262 1.011 -2.549 -1.756 -1.292
204 K -0.826 2.094 -0.268 -0.722 -1.977 0.807 0.313 -1.342 -0.243 -2.123 -2.24 4.49 -1.224 -2.806 -1.687 -0.881 -1.082 -2.549 -1.789 -1.999
205 S 2.354 -0.968 -0.06 -0.653 0.289 -0.799 -0.782 0.063 -0.689 -1.504 -1.952 -0.461 -1.079 -1.911 -1.475 2.592 0.608 -2.512 -1.756 -0.733
206 G 0.09 -2.358 -0.44 -1.323 -1.32 -2.195 -2.622 5.809 -1.476 -3.215 -3.461 -1.651 -2.667 -2.678 -2.779 -1.002 -1.919 -2.44 -3.148 -2.864
207 V -0.749 -2.777 -3.091 -3.173 0.105 -2.882 -3.263 -3.205 -2.811 3.871 1.334 -2.53 1.06 -0.074 -3.333 -2.653 -0.746 -2.284 -1.285 3.561
208 L -1.541 -2.186 -3.362 -3.62 -0.15 -2.64 -3.306 -3.383 -2.314 2.005 4.037 -2.478 2.132 0.833 -3.604 -3.158 -1.581 -1.65 -1.056 1.106
209 N -1.66 -0.415 5.643 1.281 -1.846 -0.527 -0.725 -0.155 0.968 -2.712 -3.152 -0.296 -2.161 -2.374 -2.588 -0.118 -0.451 -2.966 -2.069 -2.56
210 L -1.541 -2.186 -3.362 -3.62 -0.15 -2.64 -3.306 -3.383 -2.314 2.005 4.037 -2.478 2.132 0.833 -3.604 -3.158 -1.581 -1.65 -1.056 1.106
211 V -0.234 -2.486 -2.929 -3.164 0.34 -2.587 -2.894 -2.955 -2.915 3.03 0.945 -2.388 0.832 -0.398 -3.171 -2.284 -0.451 -2.387 -1.285 4.125
212 F -2.334 -2.896 -2.86 -3.314 -1.374 -3.864 -3.482 -2.875 -0.828 0.277 0.565 -3.304 0.201 6.515 -4.448 -3.031 -2.371 0.852 2.931 -0.507
213 I -1.377 -3.101 -3.263 -3.181 -0.15 -3.209 -3.687 -3.479 -2.711 4.521 1.677 -2.679 1.271 0.218 -3.505 -3.076 -1.075 -2.185 -1.285 2.86
214 I -1.152 -2.989 -3.204 -3.178 -0.063 -3.096 -3.538 -3.385 -2.744 4.32 1.567 -2.628 1.202 0.124 -3.446 -2.928 -0.961 -2.217 -1.285 3.113
215 G 0.09 -2.358 -0.44 -1.323 -1.32 -2.195 -2.622 5.809 -1.476 -3.215 -3.461 -1.651 -2.667 -2.678 -2.779 -1.002 -1.919 -2.44 -3.148 -2.864
216 I -1.152 -2.989 -3.204 -3.178 -0.063 -3.096 -3.538 -3.385 -2.744 4.32 1.567 -2.628 1.202 0.124 -3.446 -2.928 -0.961 -2.217 -1.285 3.113
217 F -2.334 -2.896 -2.86 -3.314 -1.374 -3.864 -3.482 -2.875 -0.828 0.277 0.565 -3.304 0.201 6.515 -4.448 -3.031 -2.371 0.852 2.931 -0.507
218 C -0.447 -3.339 -2.965 -3.419 9.68 -3.458 -3.925 -2.163 -2.95 -0.732 -1.061 -3.113 -1.079 -2.027 -3.207 -1.67 -1.317 -3.235 -2.796 -0.409
219 H -1.759 -0.981 -0.553 -1.811 -2.028 -0.862 -1.284 -2.249 6.35 -1.586 -1.631 -1.267 -0.957 1.953 -3.026 -1.977 -2.157 1.002 5.126 -1.828
220 L -1.513 -2.32 -3.346 -3.542 -0.15 -2.728 -3.366 -3.398 -2.376 2.607 3.755 -2.51 2.006 0.739 -3.588 -3.145 -1.49 -1.733 -1.093 1.483
221 N -1.66 -0.415 5.643 1.281 -1.846 -0.527 -0.725 -0.155 0.968 -2.712 -3.152 -0.296 -2.161 -2.374 -2.588 -0.118 -0.451 -2.966 -2.069 -2.56
222 R -1.297 4.147 1.864 -0.607 -2.091 0.473 -0.263 -1.443 0.16 -2.455 -2.26 2.905 -1.36 -2.562 -2.306 -0.977 -1.139 -2.449 -1.825 -2.168
223 L -1.541 -2.186 -3.362 -3.62 -0.15 -2.64 -3.306 -3.383 -2.314 2.005 4.037 -2.478 2.132 0.833 -3.604 -3.158 -1.581 -1.65 -1.056 1.106
224 K -0.826 2.094 -0.268 -0.722 -1.977 0.807 0.313 -1.342 -0.243 -2.123 -2.24 4.49 -1.224 -2.806 -1.687 -0.881 -1.082 -2.549 -1.789 -1.999
225 F -2.334 -2.896 -2.86 -3.314 -1.374 -3.864 -3.482 -2.875 -0.828 0.277 0.565 -3.304 0.201 6.515 -4.448 -3.031 -2.371 0.852 2.931 -0.507
226 N -1.284 -0.661 5.186 0.98 -1.752 -0.746 -0.967 2.054 0.68 -2.79 -3.201 -0.482 -2.24 -2.423 -2.619 -0.248 -0.65 -2.872 -2.223 -2.609
227 I -1.403 -2.927 -3.279 -3.249 -0.15 -3.106 -3.62 -3.463 -2.641 4.227 2.229 -2.644 1.434 0.33 -3.521 -3.09 -1.153 -2.088 -1.246 2.632
228 N -0.347 -0.218 4.065 0.604 -1.065 1.348 -0.197 -0.32 0.529 -2.344 -2.643 0.022 -1.463 -2.308 -2.1 1.429 0.056 -2.682 -1.819 -1.951
229 L -1.541 -2.186 -3.362 -3.62 -0.15 -2.64 -3.306 -3.383 -2.314 2.005 4.037 -2.478 2.132 0.833 -3.604 -3.158 -1.581 -1.65 -1.056 1.106
230 Y -1.615 -2.228 -2.652 -3.167 -0.841 -2.331 -2.898 -3.178 0.625 2.415 1.421 -2.218 0.67 2.245 -3.434 -2.751 -1.63 0.894 4.838 1.168
231 D -0.481 -1.068 2.443 4.236 -1.245 -0.709 0.338 -0.58 -0.201 -2.426 -2.998 -0.546 -2.023 -2.469 -2.035 1.268 -0.234 -3.075 -2.389 -2.198
232 K -0.998 1.153 -0.967 -1.334 -1.232 -0.025 -0.517 -1.895 -0.857 1.877 -0.295 3.438 -0.136 -1.419 -2.176 -1.445 -1.08 -2.422 -1.611 0.601
233 Y -1.812 -1.777 -2.126 -3.022 -1.752 -1.784 -2.363 -2.932 2.105 -0.804 -0.91 -1.873 -0.682 3.348 -3.333 -2.437 -2.089 2.309 6.655 -0.979
234 S 1.068 -0.741 0.497 -0.249 0.072 -0.57 -0.555 -0.106 -0.46 -1.911 -2.328 -0.285 -1.187 -1.943 -1.475 3.262 1.011 -2.549 -1.756 -1.292
235 K -0.826 2.094 -0.268 -0.722 -1.977 0.807 0.313 -1.342 -0.243 -2.123 -2.24 4.49 -1.224 -2.806 -1.687 -0.881 -1.082 -2.549 -1.789 -1.999
236 F -1.86 -2.824 -2.872 -3.289 -1.008 -3.608 -3.375 -2.888 -1.087 0.957 0.632 -3.13 0.316 6.041 -4.192 -2.892 -1.949 0.508 2.536 0.961
237 I 1.771 -2.006 -1.742 -1.973 0.188 -1.931 -2.062 -1.071 -1.691 2.9 0.476 -1.488 0.362 -0.644 -2.315 0.218 -0.405 -2.327 -1.511 1.702
238 I -1.327 2.935 -1.487 -2.06 -0.984 -0.703 -1.476 -2.546 -1.056 2.769 0.367 1.46 0.285 -0.854 -2.854 -2.002 -1.197 -2.259 -1.521 1.335
239 R -0.637 3.109 -0.265 -1.132 -0.8 -0.116 -0.753 -1.574 -0.628 -1.124 -1.53 1.761 -0.857 -2.037 -1.988 -0.1 2.636 -2.259 -1.742 -0.708
240 L -1.301 -1.757 -2.818 -3.189 -0.159 -1.738 -2.79 -2.955 -1.563 1.811 3.24 -1.92 4.367 0.656 -3.418 -2.531 -1.301 -1.473 -0.942 1.048
241 L -1.91 -2.52 -3.1 -3.463 -0.698 -3.188 -3.393 -3.117 -1.476 1.268 2.795 -2.862 1.326 4.892 -3.996 -3.094 -1.949 -0.136 1.577 0.411
242 V -0.77 -2.621 -3.107 -3.241 0.105 -2.79 -3.205 -3.19 -2.739 3.497 1.949 -2.497 1.234 0.05 -3.349 -2.665 -0.816 -2.185 -1.246 3.384
243 V -0.976 -2.715 -2.959 -3.216 -0.216 -3.061 -3.203 -3.008 -2.015 2.751 0.965 -2.714 0.72 3.854 -3.598 -2.64 -1.075 -0.851 0.861 2.988
244 A 2.831 -1.089 -0.385 -0.879 0.392 -0.921 -0.903 0.144 -0.811 -1.32 -1.781 -0.553 -1.026 -1.895 -1.475 2.187 0.383 -2.494 -1.756 -0.489
245 V -0.976 -2.715 -2.959 -3.216 -0.216 -3.061 -3.203 -3.008 -2.015 2.751 0.965 -2.714 0.72 3.854 -3.598 -2.64 -1.075 -0.851 0.861 2.988
246 L -1.227 -2.513 -3.253 -3.389 -0.063 -2.808 -3.351 -3.338 -2.536 3.241 3.025 -2.528 1.675 0.458 -3.495 -2.967 -1.193 -1.935 -1.168 2.438
247 A 3.241 -1.214 -0.751 -1.124 0.491 -1.048 -1.029 0.222 -0.938 -1.148 -1.62 -0.648 -0.974 -1.88 -1.475 1.717 0.138 -2.476 -1.756 -0.264
248 L -1.08 -1.383 -2.36 -2.814 -0.168 -1.051 -2.353 -2.583 -0.968 1.603 2.135 -1.452 5.611 0.468 -3.242 -2.016 -1.046 -1.306 -0.832 0.99
249 F -2.334 -2.896 -2.86 -3.314 -1.374 -3.864 -3.482 -2.875 -0.828 0.277 0.565 -3.304 0.201 6.515 -4.448 -3.031 -2.371 0.852 2.931 -0.507
250 L -1.458 -2.607 -3.312 -3.392 -0.15 -2.911 -3.49 -3.43 -2.505 3.529 3.092 -2.577 1.734 0.542 -3.554 -3.117 -1.317 -1.905 -1.168 2.114
251 I -1.377 -3.101 -3.263 -3.181 -0.15 -3.209 -3.687 -3.479 -2.711 4.521 1.677 -2.679 1.271 0.218 -3.505 -3.076 -1.075 -2.185 -1.285 2.86
252 L -1.541 -2.186 -3.362 -3.62 -0.15 -2.64 -3.306 -3.383 -2.314 2.005 4.037 -2.478 2.132 0.833 -3.604 -3.158 -1.581 -1.65 -1.056 1.106
253 L -1.08 -1.383 -2.36 -2.814 -0.168 -1.051 -2.353 -2.583 -0.968 1.603 2.135 -1.452 5.611 0.468 -3.242 -2.016 -1.046 -1.306 -0.832 0.99
254 F 0.473 -2.478 -2.644 -2.926 -0.315 -2.85 -2.806 -2.035 -1.444 1.406 0.468 -2.442 0.285 4.734 -3.306 -1.881 -1.248 -0.34 1.505 1.981
255 N -1.66 -0.415 5.643 1.281 -1.846 -0.527 -0.725 -0.155 0.968 -2.712 -3.152 -0.296 -2.161 -2.374 -2.588 -0.118 -0.451 -2.966 -2.069 -2.56
256 Y -1.812 -1.777 -2.126 -3.022 -1.752 -1.784 -2.363 -2.932 2.105 -0.804 -0.91 -1.873 -0.682 3.348 -3.333 -2.437 -2.089 2.309 6.655 -0.979
257 G 0.09 -2.358 -0.44 -1.323 -1.32 -2.195 -2.622 5.809 -1.476 -3.215 -3.461 -1.651 -2.667 -2.678 -2.779 -1.002 -1.919 -2.44 -3.148 -2.864
258 V -0.567 -2.677 -3.036 -3.17 0.186 -2.78 -3.135 -3.119 -2.845 3.617 1.21 -2.482 0.986 -0.178 -3.278 -2.525 -0.644 -2.318 -1.285 3.762
259 F -2.334 -2.896 -2.86 -3.314 -1.374 -3.864 -3.482 -2.875 -0.828 0.277 0.565 -3.304 0.201 6.515 -4.448 -3.031 -2.371 0.852 2.931 -0.507
260 S 1.068 -0.741 0.497 -0.249 0.072 -0.57 -0.555 -0.106 -0.46 -1.911 -2.328 -0.285 -1.187 -1.943 -1.475 3.262 1.011 -2.549 -1.756 -1.292
261 G -0.695 -1.947 0.494 4.065 -1.799 -1.458 -0.237 4.059 -0.968 -2.96 -3.476 -1.211 -2.682 -2.796 -2.524 -0.977 -1.655 -2.934 -3.095 -2.864
262 G -0.199 -0.765 -0.319 -0.964 -1.504 2.171 -0.613 4.753 -0.521 -2.853 -2.883 -0.352 -1.702 -2.769 -2.554 -0.917 -1.569 -2.352 -2.386 -2.459
263 D -1.718 -0.942 4.203 4.375 -2.097 -0.694 0.297 -0.599 0.313 -2.719 -3.316 -0.55 -2.417 -2.634 -2.435 -0.505 -0.892 -3.235 -2.515 -2.708
264 Y -1.812 -1.777 -2.126 -3.022 -1.752 -1.784 -2.363 -2.932 2.105 -0.804 -0.91 -1.873 -0.682 3.348 -3.333 -2.437 -2.089 2.309 6.655 -0.979
265 N -0.988 -0.467 5.212 1.076 -1.424 -0.534 -0.696 -0.146 0.774 -2.562 -2.997 -0.294 -1.974 -2.298 -2.37 0.793 -0.15 -2.892 -2.014 -2.306
266 R -1.534 5.51 -0.462 -1.564 -2.259 0.518 -0.561 -2.128 0.098 -2.612 -2.028 2.018 -1.224 -2.472 -2.704 -1.406 -1.454 -2.234 -1.772 -2.162
267 I -1.377 -3.101 -3.263 -3.181 -0.15 -3.209 -3.687 -3.479 -2.711 4.521 1.677 -2.679 1.271 0.218 -3.505 -3.076 -1.075 -2.185 -1.285 2.86
268 F -1.979 -2.963 -2.988 -3.269 -0.906 -3.629 -3.549 -3.062 -1.33 2.442 0.985 -3.08 0.604 5.503 -4.098 -3.046 -1.871 0.146 2.078 1.087
269 D -1.777 -1.588 1.199 5.833 -2.372 -0.872 1.05 -1.124 -0.536 -2.725 -3.491 -0.829 -2.698 -2.92 -2.289 -0.952 -1.413 -3.531 -3.043 -2.864
270 L -1.541 -2.186 -3.362 -3.62 -0.15 -2.64 -3.306 -3.383 -2.314 2.005 4.037 -2.478 2.132 0.833 -3.604 -3.158 -1.581 -1.65 -1.056 1.106
271 L -0.905 -2.445 -3.054 -3.334 -0.051 -2.783 -3.119 -3.077 -2.262 2.378 2.336 -2.553 1.253 2.614 -3.495 -2.67 -1.055 -1.33 0.034 2.884
272 G 0.09 -2.358 -0.44 -1.323 -1.32 -2.195 -2.622 5.809 -1.476 -3.215 -3.461 -1.651 -2.667 -2.678 -2.779 -1.002 -1.919 -2.44 -3.148 -2.864
273 V -0.234 -2.486 -2.929 -3.164 0.34 -2.587 -2.894 -2.955 -2.915 3.03 0.945 -2.388 0.832 -0.398 -3.171 -2.284 -0.451 -2.387 -1.285 4.125
274 I -1.377 -3.101 -3.263 -3.181 -0.15 -3.209 -3.687 -3.479 -2.711 4.521 1.677 -2.679 1.271 0.218 -3.505 -3.076 -1.075 -2.185 -1.285 2.86
275 F -2.334 -2.896 -2.86 -3.314 -1.374 -3.864 -3.482 -2.875 -0.828 0.277 0.565 -3.304 0.201 6.515 -4.448 -3.031 -2.371 0.852 2.931 -0.507
276 L -1.541 -2.186 -3.362 -3.62 -0.15 -2.64 -3.306 -3.383 -2.314 2.005 4.037 -2.478 2.132 0.833 -3.604 -3.158 -1.581 -1.65 -1.056 1.106
277 R -1.534 5.51 -0.462 -1.564 -2.259 0.518 -0.561 -2.128 0.098 -2.612 -2.028 2.018 -1.224 -2.472 -2.704 -1.406 -1.454 -2.234 -1.772 -2.162
278 I -1.377 -3.101 -3.263 -3.181 -0.15 -3.209 -3.687 -3.479 -2.711 4.521 1.677 -2.679 1.271 0.218 -3.505 -3.076 -1.075 -2.185 -1.285 2.86
279 F -2.334 -2.896 -2.86 -3.314 -1.374 -3.864 -3.482 -2.875 -0.828 0.277 0.565 -3.304 0.201 6.515 -4.448 -3.031 -2.371 0.852 2.931 -0.507
280 N -1.66 -0.415 5.643 1.281 -1.846 -0.527 -0.725 -0.155 0.968 -2.712 -3.152 -0.296 -2.161 -2.374 -2.588 -0.118 -0.451 -2.966 -2.069 -2.56
281 S 1.068 -0.741 0.497 -0.249 0.072 -0.57 -0.555 -0.106 -0.46 -1.911 -2.328 -0.285 -1.187 -1.943 -1.475 3.262 1.011 -2.549 -1.756 -1.292
282 G 0.09 -2.358 -0.44 -1.323 -1.32 -2.195 -2.622 5.809 -1.476 -3.215 -3.461 -1.651 -2.667 -2.678 -2.779 -1.002 -1.919 -2.44 -3.148 -2.864
283 D -1.777 -1.588 1.199 5.833 -2.372 -0.872 1.05 -1.124 -0.536 -2.725 -3.491 -0.829 -2.698 -2.92 -2.289 -0.952 -1.413 -3.531 -3.043 -2.864
284 I -1.377 -3.101 -3.263 -3.181 -0.15 -3.209 -3.687 -3.479 -2.711 4.521 1.677 -2.679 1.271 0.218 -3.505 -3.076 -1.075 -2.185 -1.285 2.86
285 Y -1.812 -1.777 -2.126 -3.022 -1.752 -1.784 -2.363 -2.932 2.105 -0.804 -0.91 -1.873 -0.682 3.348 -3.333 -2.437 -2.089 2.309 6.655 -0.979
286 V -0.234 -2.486 -2.929 -3.164 0.34 -2.587 -2.894 -2.955 -2.915 3.03 0.945 -2.388 0.832 -0.398 -3.171 -2.284 -0.451 -2.387 -1.285 4.125
287 L -1.541 -2.186 -3.362 -3.62 -0.15 -2.64 -3.306 -3.383 -2.314 2.005 4.037 -2.478 2.132 0.833 -3.604 -3.158 -1.581 -1.65 -1.056 1.106
288 G 0.62 -1.438 0.066 -0.736 -0.541 -1.27 -1.407 4.159 -0.924 -2.49 -2.839 -0.888 -1.833 -2.287 -2.054 1.855 -0.097 -2.494 -2.369 -1.973
289 Y -1.812 -1.777 -2.126 -3.022 -1.752 -1.784 -2.363 -2.932 2.105 -0.804 -0.91 -1.873 -0.682 3.348 -3.333 -2.437 -2.089 2.309 6.655 -0.979
290 P -0.836 -2.014 -1.934 -1.564 -1.457 -1.933 -1.622 -1.852 -1.608 -2.318 -2.75 -1.064 -2.403 -3.336 6.663 -1.452 -1.348 -4.549 -2.636 -2.162
291 N -1.668 -0.405 5.211 1.009 -1.922 -0.463 -0.687 -0.361 3.875 -2.704 -3.051 -0.369 -1.99 -2.058 -2.614 -0.316 -0.681 -2.653 -1.013 -2.634
292 D -1.777 -1.588 1.199 5.833 -2.372 -0.872 1.05 -1.124 -0.536 -2.725 -3.491 -0.829 -2.698 -2.92 -2.289 -0.952 -1.413 -3.531 -3.043 -2.864
293 A 3.918 -1.484 -1.662 -1.687 0.68 -1.32 -1.298 0.374 -1.211 -0.83 -1.321 -0.849 -0.874 -1.848 -1.475 0.455 -0.422 -2.44 -1.756 0.139
294 L -1.301 -1.757 -2.818 -3.189 -0.159 -1.738 -2.79 -2.955 -1.563 1.811 3.24 -1.92 4.367 0.656 -3.418 -2.531 -1.301 -1.473 -0.942 1.048
295 F -2.334 -2.896 -2.86 -3.314 -1.374 -3.864 -3.482 -2.875 -0.828 0.277 0.565 -3.304 0.201 6.515 -4.448 -3.031 -2.371 0.852 2.931 -0.507
296 S 0.19 0.573 2.107 -0.064 -0.759 -0.029 -0.26 -0.471 -0.1 -2.102 -2.419 2.253 -1.341 -2.277 -1.706 1.933 0.226 -2.615 -1.817 -1.7
297 I -1.377 -3.101 -3.263 -3.181 -0.15 -3.209 -3.687 -3.479 -2.711 4.521 1.677 -2.679 1.271 0.218 -3.505 -3.076 -1.075 -2.185 -1.285 2.86
298 P -0.399 -2.051 -1.94 -2.129 -0.186 -2.069 -2.137 -2.24 -2.147 1.585 -0.185 -1.593 -0.146 -1.302 3.708 -1.284 0.892 -2.903 -1.745 2.558
299 N 1.481 -0.729 4.585 0.586 -0.741 -0.768 -0.904 0.033 0.407 -1.941 -2.405 -0.468 -1.665 -2.188 -2.167 0.086 -0.442 -2.78 -1.961 -1.36
300 T -0.588 -0.611 -0.093 0.1 -0.868 0.086 2.047 -1.584 3.491 -1.213 -1.751 -0.211 -1.009 -1.735 -1.906 -0.034 2.605 -2.112 -0.846 -0.797
301 H -1.725 -0.551 0.16 -1.218 -2.228 -0.379 -0.739 -1.87 7.545 -2.257 -2.237 -0.923 -1.156 0.408 -2.839 -1.706 -2.203 -0.387 3.318 -2.575
302 N -1.66 -0.415 5.643 1.281 -1.846 -0.527 -0.725 -0.155 0.968 -2.712 -3.152 -0.296 -2.161 -2.374 -2.588 -0.118 -0.451 -2.966 -2.069 -2.56
303 G 0.09 -2.358 -0.44 -1.323 -1.32 -2.195 -2.622 5.809 -1.476 -3.215 -3.461 -1.651 -2.667 -2.678 -2.779 -1.002 -1.919 -2.44 -3.148 -2.864
304 F -1.979 -2.963 -2.988 -3.269 -0.906 -3.629 -3.549 -3.062 -1.33 2.442 0.985 -3.08 0.604 5.503 -4.098 -3.046 -1.871 0.146 2.078 1.087
305 I -1.152 -2.989 -3.204 -3.178 -0.063 -3.096 -3.538 -3.385 -2.744 4.32 1.567 -2.628 1.202 0.124 -3.446 -2.928 -0.961 -2.217 -1.285 3.113
306 A 3.241 -1.214 -0.751 -1.124 0.491 -1.048 -1.029 0.222 -0.938 -1.148 -1.62 -0.648 -0.974 -1.88 -1.475 1.717 0.138 -2.476 -1.756 -0.264
307 L -1.541 -2.186 -3.362 -3.62 -0.15 -2.64 -3.306 -3.383 -2.314 2.005 4.037 -2.478 2.132 0.833 -3.604 -3.158 -1.581 -1.65 -1.056 1.106
308 F -2.334 -2.896 -2.86 -3.314 -1.374 -3.864 -3.482 -2.875 -0.828 0.277 0.565 -3.304 0.201 6.515 -4.448 -3.031 -2.371 0.852 2.931 -0.507
309 K -0.826 2.094 -0.268 -0.722 -1.977 0.807 0.313 -1.342 -0.243 -2.123 -2.24 4.49 -1.224 -2.806 -1.687 -0.881 -1.082 -2.549 -1.789 -1.999
310 D -1.777 -1.588 1.199 5.833 -2.372 -0.872 1.05 -1.124 -0.536 -2.725 -3.491 -0.829 -2.698 -2.92 -2.289 -0.952 -1.413 -3.531 -3.043 -2.864
311 F -1.878 -2.67 -3.085 -3.389 -0.698 -3.294 -3.455 -3.132 -1.523 2.024 2.349 -2.899 1.157 4.869 -3.976 -3.08 -1.846 -0.185 1.563 0.882
312 L -1.541 -2.186 -3.362 -3.62 -0.15 -2.64 -3.306 -3.383 -2.314 2.005 4.037 -2.478 2.132 0.833 -3.604 -3.158 -1.581 -1.65 -1.056 1.106
313 A 3.918 -1.484 -1.662 -1.687 0.68 -1.32 -1.298 0.374 -1.211 -0.83 -1.321 -0.849 -0.874 -1.848 -1.475 0.455 -0.422 -2.44 -1.756 0.139
314 T -0.112 -1.093 -0.139 -1.014 0.122 -1.103 -1.378 -1.329 -1.413 -0.224 -1.057 -0.791 -0.532 -1.58 -1.687 0.705 4.245 -2.185 -1.706 0.229
315 F -2.334 -2.896 -2.86 -3.314 -1.374 -3.864 -3.482 -2.875 -0.828 0.277 0.565 -3.304 0.201 6.515 -4.448 -3.031 -2.371 0.852 2.931 -0.507
316 R -1.534 5.51 -0.462 -1.564 -2.259 0.518 -0.561 -2.128 0.098 -2.612 -2.028 2.018 -1.224 -2.472 -2.704 -1.406 -1.454 -2.234 -1.772 -2.162
317 I -1.516 -3.066 -3.192 -3.203 -0.321 -3.309 -3.652 -3.369 -2.299 4.124 1.519 -2.774 1.118 2.635 -3.642 -3.069 -1.254 -1.404 -0.017 2.508
318 I -1.377 -3.101 -3.263 -3.181 -0.15 -3.209 -3.687 -3.479 -2.711 4.521 1.677 -2.679 1.271 0.218 -3.505 -3.076 -1.075 -2.185 -1.285 2.86
319 Q 0.032 0.224 0.11 -0.419 -0.741 3.267 0.498 -0.924 0.111 -1.693 -1.914 0.508 -0.664 -2.332 -1.832 1.41 1.275 -2.301 -1.503 -1.188
320 D -0.966 -1.476 0.43 4.076 -1.164 -1.103 0.061 -1.302 -0.968 -1.584 -2.34 -0.854 -1.746 -2.456 2.126 -0.35 1.794 -3.131 -2.465 -1.356
321 E 0.524 -0.409 3.067 1.089 -1.457 0.479 2.907 -0.792 0.4 -2.323 -2.55 0.161 -1.709 -2.39 -2.021 -0.319 -0.839 -2.577 -1.934 -1.721
322 E -0.901 0.498 -0.213 0.73 -2.15 3.625 3.341 -1.705 0.587 -2.49 -2.325 0.962 -1.0 -2.778 -2.013 -0.773 -1.133 -2.284 -1.58 -1.955
323 I -1.325 -2.734 -3.091 -3.116 -0.153 -2.718 -3.417 -3.309 -2.337 4.198 1.758 -2.435 2.597 0.261 -3.459 -2.87 -1.07 -2.018 -1.204 2.621
324 P -0.836 -2.014 -1.934 -1.564 -1.457 -1.933 -1.622 -1.852 -1.608 -2.318 -2.75 -1.064 -2.403 -3.336 6.663 -1.452 -1.348 -4.549 -2.636 -2.162
325 P -0.836 -2.014 -1.934 -1.564 -1.457 -1.933 -1.622 -1.852 -1.608 -2.318 -2.75 -1.064 -2.403 -3.336 6.663 -1.452 -1.348 -4.549 -2.636 -2.162
326 S 0.826 -0.918 0.209 -0.43 -0.133 -0.757 -0.708 -0.333 -0.622 -1.975 -2.395 -0.401 -1.357 -2.133 2.245 2.847 0.729 -2.8 -1.885 -1.42
327 L -1.541 -2.186 -3.362 -3.62 -0.15 -2.64 -3.306 -3.383 -2.314 2.005 4.037 -2.478 2.132 0.833 -3.604 -3.158 -1.581 -1.65 -1.056 1.106
328 G 0.09 -2.358 -0.44 -1.323 -1.32 -2.195 -2.622 5.809 -1.476 -3.215 -3.461 -1.651 -2.667 -2.678 -2.779 -1.002 -1.919 -2.44 -3.148 -2.864
329 N -1.66 -0.415 5.643 1.281 -1.846 -0.527 -0.725 -0.155 0.968 -2.712 -3.152 -0.296 -2.161 -2.374 -2.588 -0.118 -0.451 -2.966 -2.069 -2.56
330 I -1.152 -2.989 -3.204 -3.178 -0.063 -3.096 -3.538 -3.385 -2.744 4.32 1.567 -2.628 1.202 0.124 -3.446 -2.928 -0.961 -2.217 -1.285 3.113
331 A 2.345 -2.18 -2.353 -2.338 0.295 -2.113 -2.252 -0.952 -1.865 2.941 0.551 -1.621 0.394 -0.634 -2.315 -0.801 -0.73 -2.31 -1.511 1.809
332 F -2.334 -2.896 -2.86 -3.314 -1.374 -3.864 -3.482 -2.875 -0.828 0.277 0.565 -3.304 0.201 6.515 -4.448 -3.031 -2.371 0.852 2.931 -0.507
333 N -1.66 -0.415 5.643 1.281 -1.846 -0.527 -0.725 -0.155 0.968 -2.712 -3.152 -0.296 -2.161 -2.374 -2.588 -0.118 -0.451 -2.966 -2.069 -2.56
334 L -1.458 -2.607 -3.312 -3.392 -0.15 -2.911 -3.49 -3.43 -2.505 3.529 3.092 -2.577 1.734 0.542 -3.554 -3.117 -1.317 -1.905 -1.168 2.114
335 Y -1.812 -1.777 -2.126 -3.022 -1.752 -1.784 -2.363 -2.932 2.105 -0.804 -0.91 -1.873 -0.682 3.348 -3.333 -2.437 -2.089 2.309 6.655 -0.979
336 H 0.002 -0.543 0.478 -0.583 -0.887 -0.36 -0.528 -0.793 6.148 -2.262 -2.459 -0.515 -1.224 -1.347 -2.042 1.756 -0.176 -1.95 0.436 -2.034
337 S 0.364 -0.984 0.439 1.929 -0.198 -0.788 -0.438 -0.625 -0.758 -1.328 -1.978 -0.533 -1.138 -1.952 -1.668 2.133 2.357 -2.558 -1.917 -0.86
338 T -0.112 -1.093 -0.139 -1.014 0.122 -1.103 -1.378 -1.329 -1.413 -0.224 -1.057 -0.791 -0.532 -1.58 -1.687 0.705 4.245 -2.185 -1.706 0.229
339 G -0.371 -1.028 -0.389 0.434 -1.814 0.088 2.729 3.999 -0.393 -2.981 -3.057 -0.258 -2.174 -2.643 -2.296 -0.895 -1.594 -2.414 -2.462 -2.476
340 I -1.377 -3.101 -3.263 -3.181 -0.15 -3.209 -3.687 -3.479 -2.711 4.521 1.677 -2.679 1.271 0.218 -3.505 -3.076 -1.075 -2.185 -1.285 2.86
341 G 0.09 -2.358 -0.44 -1.323 -1.32 -2.195 -2.622 5.809 -1.476 -3.215 -3.461 -1.651 -2.667 -2.678 -2.779 -1.002 -1.919 -2.44 -3.148 -2.864
342 G 0.09 -2.358 -0.44 -1.323 -1.32 -2.195 -2.622 5.809 -1.476 -3.215 -3.461 -1.651 -2.667 -2.678 -2.779 -1.002 -1.919 -2.44 -3.148 -2.864
343 A 3.918 -1.484 -1.662 -1.687 0.68 -1.32 -1.298 0.374 -1.211 -0.83 -1.321 -0.849 -0.874 -1.848 -1.475 0.455 -0.422 -2.44 -1.756 0.139
344 N -1.66 -0.415 5.643 1.281 -1.846 -0.527 -0.725 -0.155 0.968 -2.712 -3.152 -0.296 -2.161 -2.374 -2.588 -0.118 -0.451 -2.966 -2.069 -2.56
345 A 3.918 -1.484 -1.662 -1.687 0.68 -1.32 -1.298 0.374 -1.211 -0.83 -1.321 -0.849 -0.874 -1.848 -1.475 0.455 -0.422 -2.44 -1.756 0.139
346 R -1.534 5.51 -0.462 -1.564 -2.259 0.518 -0.561 -2.128 0.098 -2.612 -2.028 2.018 -1.224 -2.472 -2.704 -1.406 -1.454 -2.234 -1.772 -2.162
347 Q -0.883 1.007 -0.093 -0.357 -1.911 4.883 1.392 -1.479 0.769 -2.24 -1.991 1.222 -0.403 -2.959 -2.151 -0.755 -0.975 -2.185 -1.285 -1.787
348 S 1.068 -0.741 0.497 -0.249 0.072 -0.57 -0.555 -0.106 -0.46 -1.911 -2.328 -0.285 -1.187 -1.943 -1.475 3.262 1.011 -2.549 -1.756 -1.292
349 L 2.323 -1.814 -2.389 -2.495 0.295 -1.905 -2.131 -0.932 -1.71 0.922 2.456 -1.55 1.004 -0.207 -2.348 -0.82 -0.944 -2.018 -1.385 0.663
350 F -2.334 -2.896 -2.86 -3.314 -1.374 -3.864 -3.482 -2.875 -0.828 0.277 0.565 -3.304 0.201 6.515 -4.448 -3.031 -2.371 0.852 2.931 -0.507
351 G 0.09 -2.358 -0.44 -1.323 -1.32 -2.195 -2.622 5.809 -1.476 -3.215 -3.461 -1.651 -2.667 -2.678 -2.779 -1.002 -1.919 -2.44 -3.148 -2.864
352 Y -1.812 -1.777 -2.126 -3.022 -1.752 -1.784 -2.363 -2.932 2.105 -0.804 -0.91 -1.873 -0.682 3.348 -3.333 -2.437 -2.089 2.309 6.655 -0.979
353 Y -1.812 -1.777 -2.126 -3.022 -1.752 -1.784 -2.363 -2.932 2.105 -0.804 -0.91 -1.873 -0.682 3.348 -3.333 -2.437 -2.089 2.309 6.655 -0.979
354 Y -1.812 -1.777 -2.126 -3.022 -1.752 -1.784 -2.363 -2.932 2.105 -0.804 -0.91 -1.873 -0.682 3.348 -3.333 -2.437 -2.089 2.309 6.655 -0.979
355 F -2.062 -2.283 -2.47 -3.164 -1.557 -2.64 -2.869 -2.903 0.996 -0.213 -0.079 -2.501 -0.207 5.346 -3.837 -2.719 -2.227 1.671 5.356 -0.734
356 G 0.09 -2.358 -0.44 -1.323 -1.32 -2.195 -2.622 5.809 -1.476 -3.215 -3.461 -1.651 -2.667 -2.678 -2.779 -1.002 -1.919 -2.44 -3.148 -2.864
357 F -2.334 -2.896 -2.86 -3.314 -1.374 -3.864 -3.482 -2.875 -0.828 0.277 0.565 -3.304 0.201 6.515 -4.448 -3.031 -2.371 0.852 2.931 -0.507
358 I -1.409 -2.381 -2.866 -3.074 -0.328 -2.371 -3.141 -3.05 -1.679 3.32 1.689 -2.29 3.433 2.672 -3.547 -2.671 -1.244 -1.154 0.086 1.937
359 G 0.09 -2.358 -0.44 -1.323 -1.32 -2.195 -2.622 5.809 -1.476 -3.215 -3.461 -1.651 -2.667 -2.678 -2.779 -1.002 -1.919 -2.44 -3.148 -2.864
360 S 1.068 -0.741 0.497 -0.249 0.072 -0.57 -0.555 -0.106 -0.46 -1.911 -2.328 -0.285 -1.187 -1.943 -1.475 3.262 1.011 -2.549 -1.756 -1.292
361 L -1.541 -2.186 -3.362 -3.62 -0.15 -2.64 -3.306 -3.383 -2.314 2.005 4.037 -2.478 2.132 0.833 -3.604 -3.158 -1.581 -1.65 -1.056 1.106
362 L -1.513 -2.32 -3.346 -3.542 -0.15 -2.728 -3.366 -3.398 -2.376 2.607 3.755 -2.51 2.006 0.739 -3.588 -3.145 -1.49 -1.733 -1.093 1.483
363 F -2.334 -2.896 -2.86 -3.314 -1.374 -3.864 -3.482 -2.875 -0.828 0.277 0.565 -3.304 0.201 6.515 -4.448 -3.031 -2.371 0.852 2.931 -0.507
364 S 1.068 -0.741 0.497 -0.249 0.072 -0.57 -0.555 -0.106 -0.46 -1.911 -2.328 -0.285 -1.187 -1.943 -1.475 3.262 1.011 -2.549 -1.756 -1.292
365 F -2.334 -2.896 -2.86 -3.314 -1.374 -3.864 -3.482 -2.875 -0.828 0.277 0.565 -3.304 0.201 6.515 -4.448 -3.031 -2.371 0.852 2.931 -0.507
366 F -0.158 -1.622 -0.719 -1.392 -0.561 -1.77 -1.662 -1.17 -0.638 -0.615 -0.533 -1.417 -0.41 4.664 -2.595 1.571 -0.21 -0.374 1.45 -0.873
367 L -1.43 -2.763 -3.296 -3.32 -0.15 -3.007 -3.554 -3.446 -2.572 3.899 2.693 -2.61 1.588 0.438 -3.538 -3.103 -1.234 -1.995 -1.207 2.385
368 G 0.09 -2.358 -0.44 -1.323 -1.32 -2.195 -2.622 5.809 -1.476 -3.215 -3.461 -1.651 -2.667 -2.678 -2.779 -1.002 -1.919 -2.44 -3.148 -2.864
369 L -1.459 -2.036 -3.169 -3.469 -0.153 -2.307 -3.123 -3.233 -2.041 1.942 3.795 -2.28 3.082 0.775 -3.541 -2.934 -1.484 -1.59 -1.018 1.087
370 L -0.959 -1.889 -1.846 -2.419 -0.057 -2.103 -2.557 -2.537 -2.037 2.153 2.707 -1.826 1.326 0.113 -2.802 -1.242 1.783 -1.905 -1.297 1.253
371 L -1.08 -1.383 -2.36 -2.814 -0.168 -1.051 -2.353 -2.583 -0.968 1.603 2.135 -1.452 5.611 0.468 -3.242 -2.016 -1.046 -1.306 -0.832 0.99
372 S 1.068 -0.741 0.497 -0.249 0.072 -0.57 -0.555 -0.106 -0.46 -1.911 -2.328 -0.285 -1.187 -1.943 -1.475 3.262 1.011 -2.549 -1.756 -1.292
373 F -2.334 -2.896 -2.86 -3.314 -1.374 -3.864 -3.482 -2.875 -0.828 0.277 0.565 -3.304 0.201 6.515 -4.448 -3.031 -2.371 0.852 2.931 -0.507
374 V -0.779 -2.617 -2.906 -3.214 -0.127 -2.954 -3.077 -2.928 -2.041 2.368 0.824 -2.662 0.636 3.828 -3.538 -2.512 -0.961 -0.872 0.861 3.231
375 R -1.534 5.51 -0.462 -1.564 -2.259 0.518 -0.561 -2.128 0.098 -2.612 -2.028 2.018 -1.224 -2.472 -2.704 -1.406 -1.454 -2.234 -1.772 -2.162
376 H -1.707 -0.358 0.459 -0.961 -2.334 -0.165 -0.501 -1.697 7.998 -2.662 -2.595 -0.766 -1.261 -0.853 -2.749 -1.579 -2.227 -1.454 1.667 -3.036
377 V -0.172 -1.706 -1.209 -1.894 0.233 -1.751 -2.037 -2.029 -2.067 1.839 0.114 -1.48 0.23 -0.929 -2.335 -0.419 2.762 -2.284 -1.488 2.79
378 L -1.541 -2.186 -3.362 -3.62 -0.15 -2.64 -3.306 -3.383 -2.314 2.005 4.037 -2.478 2.132 0.833 -3.604 -3.158 -1.581 -1.65 -1.056 1.106
379 P -0.836 -2.014 -1.934 -1.564 -1.457 -1.933 -1.622 -1.852 -1.608 -2.318 -2.75 -1.064 -2.403 -3.336 6.663 -1.452 -1.348 -4.549 -2.636 -2.162
380 R -1.534 5.51 -0.462 -1.564 -2.259 0.518 -0.561 -2.128 0.098 -2.612 -2.028 2.018 -1.224 -2.472 -2.704 -1.406 -1.454 -2.234 -1.772 -2.162
381 V -0.505 -2.085 -2.195 -2.626 0.146 -2.069 -2.594 -2.624 -2.188 2.836 1.085 -1.932 2.314 -0.28 -2.923 -1.574 0.938 -2.112 -1.269 3.124
382 K -0.826 2.094 -0.268 -0.722 -1.977 0.807 0.313 -1.342 -0.243 -2.123 -2.24 4.49 -1.224 -2.806 -1.687 -0.881 -1.082 -2.549 -1.789 -1.999
383 K -0.822 2.098 -0.263 -0.717 -1.973 0.812 0.318 -1.337 -0.238 -2.118 -2.235 4.478 -1.219 -2.801 -1.682 -0.876 -1.077 -2.544 -1.784 -1.994
384 A 2.831 -1.089 -0.385 -0.879 0.392 -0.921 -0.903 0.144 -0.811 -1.32 -1.781 -0.553 -1.026 -1.895 -1.475 2.187 0.383 -2.494 -1.756 -0.489
385 T 0.538 -0.911 0.197 -0.606 0.097 -0.824 -0.937 -0.653 -0.897 -0.946 -1.623 -0.527 -0.841 -1.756 -1.579 2.258 3.059 -2.361 -1.731 -0.432
386 P -0.836 -2.014 -1.934 -1.564 -1.457 -1.933 -1.622 -1.852 -1.608 -2.318 -2.75 -1.064 -2.403 -3.336 6.663 -1.452 -1.348 -4.549 -2.636 -2.162
387 L -1.659 -2.293 -3.272 -3.567 -0.321 -2.811 -3.334 -3.291 -2.007 1.78 3.68 -2.6 1.888 2.872 -3.729 -3.137 -1.698 -1.053 0.108 0.892
388 F 1.631 -1.934 -1.617 -2.016 -0.293 -2.125 -2.002 -0.929 -0.883 -0.348 -0.325 -1.681 -0.327 4.668 -2.595 0.226 -0.852 -0.357 1.45 -0.383
389 L -1.301 -1.757 -2.818 -3.189 -0.159 -1.738 -2.79 -2.955 -1.563 1.811 3.24 -1.92 4.367 0.656 -3.418 -2.531 -1.301 -1.473 -0.942 1.048
390 G 2.597 -1.888 -0.987 -1.499 -0.15 -1.725 -1.885 4.218 -1.341 -1.783 -2.197 -1.222 -1.633 -2.233 -2.054 -0.183 -1.075 -2.44 -2.369 -0.989
391 F -1.097 -2.684 -2.895 -3.238 -0.392 -3.156 -3.173 -2.915 -1.687 1.97 0.761 -2.81 0.534 4.766 -3.74 -2.633 -1.254 -0.335 1.533 2.653
392 L -0.718 -1.696 -1.314 -1.987 -0.011 -1.835 -2.224 -2.187 -1.881 1.896 1.993 -1.536 0.914 -0.26 -2.478 -0.618 2.626 -1.995 -1.404 1.13
393 C -0.447 -3.339 -2.965 -3.419 9.68 -3.458 -3.925 -2.163 -2.95 -0.732 -1.061 -3.113 -1.079 -2.027 -3.207 -1.67 -1.317 -3.235 -2.796 -0.409
394 Y -1.812 -1.777 -2.126 -3.022 -1.752 -1.784 -2.363 -2.932 2.105 -0.804 -0.91 -1.873 -0.682 3.348 -3.333 -2.437 -2.089 2.309 6.655 -0.979
395 F -2.334 -2.896 -2.86 -3.314 -1.374 -3.864 -3.482 -2.875 -0.828 0.277 0.565 -3.304 0.201 6.515 -4.448 -3.031 -2.371 0.852 2.931 -0.507
396 I -1.377 -3.101 -3.263 -3.181 -0.15 -3.209 -3.687 -3.479 -2.711 4.521 1.677 -2.679 1.271 0.218 -3.505 -3.076 -1.075 -2.185 -1.285 2.86
397 L -1.541 -2.186 -3.362 -3.62 -0.15 -2.64 -3.306 -3.383 -2.314 2.005 4.037 -2.478 2.132 0.833 -3.604 -3.158 -1.581 -1.65 -1.056 1.106
398 N -1.66 -0.415 5.643 1.281 -1.846 -0.527 -0.725 -0.155 0.968 -2.712 -3.152 -0.296 -2.161 -2.374 -2.588 -0.118 -0.451 -2.966 -2.069 -2.56
399 Y -1.976 -2.104 -2.35 -3.116 -1.62 -2.326 -2.69 -2.913 1.415 -0.397 -0.331 -2.276 -0.357 4.82 -3.659 -2.622 -2.18 1.9 5.857 -0.813
400 S 1.068 -0.741 0.497 -0.249 0.072 -0.57 -0.555 -0.106 -0.46 -1.911 -2.328 -0.285 -1.187 -1.943 -1.475 3.262 1.011 -2.549 -1.756 -1.292
401 F -2.334 -2.896 -2.86 -3.314 -1.374 -3.864 -3.482 -2.875 -0.828 0.277 0.565 -3.304 0.201 6.515 -4.448 -3.031 -2.371 0.852 2.931 -0.507
402 L -1.91 -2.52 -3.1 -3.463 -0.698 -3.188 -3.393 -3.117 -1.476 1.268 2.795 -2.862 1.326 4.892 -3.996 -3.094 -1.949 -0.136 1.577 0.411
403 D -1.777 -1.588 1.199 5.833 -2.372 -0.872 1.05 -1.124 -0.536 -2.725 -3.491 -0.829 -2.698 -2.92 -2.289 -0.952 -1.413 -3.531 -3.043 -2.864
404 V -0.749 -2.777 -3.091 -3.173 0.105 -2.882 -3.263 -3.205 -2.811 3.871 1.334 -2.53 1.06 -0.074 -3.333 -2.653 -0.746 -2.284 -1.285 3.561
405 D -1.777 -1.588 1.199 5.833 -2.372 -0.872 1.05 -1.124 -0.536 -2.725 -3.491 -0.829 -2.698 -2.92 -2.289 -0.952 -1.413 -3.531 -3.043 -2.864
406 P -0.836 -2.014 -1.934 -1.564 -1.457 -1.933 -1.622 -1.852 -1.608 -2.318 -2.75 -1.064 -2.403 -3.336 6.663 -1.452 -1.348 -4.549 -2.636 -2.162
407 S 1.068 -0.741 0.497 -0.249 0.072 -0.57 -0.555 -0.106 -0.46 -1.911 -2.328 -0.285 -1.187 -1.943 -1.475 3.262 1.011 -2.549 -1.756 -1.292
408 Y -1.812 -1.777 -2.126 -3.022 -1.752 -1.784 -2.363 -2.932 2.105 -0.804 -0.91 -1.873 -0.682 3.348 -3.333 -2.437 -2.089 2.309 6.655 -0.979
409 Q -0.883 1.007 -0.093 -0.357 -1.911 4.883 1.392 -1.479 0.769 -2.24 -1.991 1.222 -0.403 -2.959 -2.151 -0.755 -0.975 -2.185 -1.285 -1.787
410 L -1.91 -2.52 -3.1 -3.463 -0.698 -3.188 -3.393 -3.117 -1.476 1.268 2.795 -2.862 1.326 4.892 -3.996 -3.094 -1.949 -0.136 1.577 0.411
411 S 1.068 -0.741 0.497 -0.249 0.072 -0.57 -0.555 -0.106 -0.46 -1.911 -2.328 -0.285 -1.187 -1.943 -1.475 3.262 1.011 -2.549 -1.756 -1.292
412 K -0.826 2.094 -0.268 -0.722 -1.977 0.807 0.313 -1.342 -0.243 -2.123 -2.24 4.49 -1.224 -2.806 -1.687 -0.881 -1.082 -2.549 -1.789 -1.999
413 L -1.43 -2.763 -3.296 -3.32 -0.15 -3.007 -3.554 -3.446 -2.572 3.899 2.693 -2.61 1.588 0.438 -3.538 -3.103 -1.234 -1.995 -1.207 2.385
414 T -0.112 -1.093 -0.139 -1.014 0.122 -1.103 -1.378 -1.329 -1.413 -0.224 -1.057 -0.791 -0.532 -1.58 -1.687 0.705 4.245 -2.185 -1.706 0.229
415 N -1.66 -0.415 5.643 1.281 -1.846 -0.527 -0.725 -0.155 0.968 -2.712 -3.152 -0.296 -2.161 -2.374 -2.588 -0.118 -0.451 -2.966 -2.069 -2.56
416 F -2.334 -2.896 -2.86 -3.314 -1.374 -3.864 -3.482 -2.875 -0.828 0.277 0.565 -3.304 0.201 6.515 -4.448 -3.031 -2.371 0.852 2.931 -0.507
417 L -0.828 -1.674 -1.277 -2.002 -0.174 -1.896 -2.203 -2.116 -1.567 0.788 1.852 -1.6 0.74 2.438 -2.573 -0.614 2.577 -1.258 -0.093 0.453
418 I -1.377 -3.101 -3.263 -3.181 -0.15 -3.209 -3.687 -3.479 -2.711 4.521 1.677 -2.679 1.271 0.218 -3.505 -3.076 -1.075 -2.185 -1.285 2.86
419 V -0.234 -2.486 -2.929 -3.164 0.34 -2.587 -2.894 -2.955 -2.915 3.03 0.945 -2.388 0.832 -0.398 -3.171 -2.284 -0.451 -2.387 -1.285 4.125
420 F -1.042 -2.106 -1.654 -2.312 -0.483 -2.459 -2.52 -2.273 -1.287 0.834 0.196 -2.086 0.101 4.712 -3.043 -1.13 1.718 -0.301 1.483 1.124
421 P -1.489 -2.421 -2.36 -2.308 -1.415 -2.74 -2.405 -2.318 -1.192 -0.738 -0.641 -1.972 -0.816 4.608 4.724 -2.135 -1.814 -0.735 1.322 -1.218
422 L -1.173 -2.362 -2.475 -2.804 -0.103 -2.561 -3.04 -2.963 -2.323 3.372 2.478 -2.206 1.38 0.223 -3.139 -2.02 0.674 -1.995 -1.271 2.024
423 V -0.749 -2.777 -3.091 -3.173 0.105 -2.882 -3.263 -3.205 -2.811 3.871 1.334 -2.53 1.06 -0.074 -3.333 -2.653 -0.746 -2.284 -1.285 3.561
424 I -1.377 -3.101 -3.263 -3.181 -0.15 -3.209 -3.687 -3.479 -2.711 4.521 1.677 -2.679 1.271 0.218 -3.505 -3.076 -1.075 -2.185 -1.285 2.86
425 L -0.905 -2.445 -3.054 -3.334 -0.051 -2.783 -3.119 -3.077 -2.262 2.378 2.336 -2.553 1.253 2.614 -3.495 -2.67 -1.055 -1.33 0.034 2.884
426 L -1.513 -2.32 -3.346 -3.542 -0.15 -2.728 -3.366 -3.398 -2.376 2.607 3.755 -2.51 2.006 0.739 -3.588 -3.145 -1.49 -1.733 -1.093 1.483
427 Y -1.423 -1.574 -2.24 -2.916 -0.853 -1.394 -2.358 -2.752 0.959 0.644 0.997 -1.655 3.92 2.254 -3.287 -2.219 -1.521 1.034 4.863 0.17
428 F -1.284 -2.705 -1.812 -2.488 -1.356 -3.195 -3.166 2.911 -1.028 -0.492 -0.268 -2.642 -0.479 5.404 -3.779 -2.186 -2.212 0.11 1.931 -1.101
429 L -1.135 -2.393 -3.125 -3.41 -0.138 -2.793 -3.189 -3.146 -2.174 2.192 2.857 -2.569 1.48 2.702 -3.571 -2.817 -1.254 -1.235 0.059 2.36
430 L -1.128 -1.607 -2.492 -2.872 -0.165 -1.316 -2.537 -2.714 -1.195 2.341 2.064 -1.624 5.21 0.428 -3.284 -2.168 -1.051 -1.435 -0.903 1.398
431 P -0.702 -1.838 -1.546 -1.465 -1.126 -1.777 -1.58 -1.758 -1.574 -1.846 -2.39 -1.017 -1.994 -2.959 6.169 -0.961 0.639 -3.995 -2.458 -1.6
432 R -1.443 4.006 3.106 -0.178 -2.068 0.266 -0.446 -1.2 0.37 -2.556 -2.395 2.137 -1.504 -2.491 -2.471 -0.83 -1.022 -2.512 -1.87 -2.26
433 R -1.481 4.412 -1.132 -2.009 -1.374 -0.281 -1.279 -2.512 -0.572 1.801 -0.221 1.119 -0.136 -1.276 -2.947 -1.863 -1.322 -2.217 -1.6 0.558
434 E -1.229 3.046 1.862 0.757 -2.259 0.834 2.948 -1.613 0.406 -2.704 -2.524 1.079 -1.626 -2.522 -2.247 -0.85 -1.188 -2.422 -1.888 -2.21
435 G 0.077 1.262 -0.265 -1.15 -1.16 -1.253 -1.76 4.775 -0.971 -2.853 -2.965 -0.426 -2.093 -2.508 -2.505 0.248 -1.112 -2.422 -2.61 -2.42
436 R -1.3 4.628 -0.334 -1.103 -2.138 2.766 0.246 -1.895 0.34 -2.482 -2.015 1.777 -0.923 -2.625 -2.508 -1.172 -1.285 -2.217 -1.6 -2.031
437 S 0.563 0.536 0.264 -0.398 -0.464 -0.035 -0.236 -0.462 -0.386 -1.98 -2.299 2.254 -1.199 -2.203 -1.544 2.417 0.467 -2.549 -1.767 -1.509
438 N -1.66 -0.415 5.643 1.281 -1.846 -0.527 -0.725 -0.155 0.968 -2.712 -3.152 -0.296 -2.161 -2.374 -2.588 -0.118 -0.451 -2.966 -2.069 -2.56
439 V -0.234 -2.486 -2.929 -3.164 0.34 -2.587 -2.894 -2.955 -2.915 3.03 0.945 -2.388 0.832 -0.398 -3.171 -2.284 -0.451 -2.387 -1.285 4.125