#Seq2Logo.py -f /work3/idamei/wzy_ssn/run/1e-50/run/150/MSAs/0004_121.afa -o /work3/idamei/wzy_ssn/run/1e-50/run/150/logos/0004_121.logo
Last position-specific scoring matrix computed, values are in halfbits
A R N D C Q E G H I L K M F P S T W Y V
0 L -1.075 -1.378 -2.355 -2.809 -0.163 -1.046 -2.348 -2.578 -0.963 1.608 2.14 -1.447 5.587 0.473 -3.237 -2.011 -1.041 -1.301 -0.827 0.994
1 N -1.604 3.368 4.383 0.453 -2.0 -0.058 -0.653 -0.787 0.656 -2.667 -2.644 0.864 -1.744 -2.408 -2.629 -0.562 -0.807 -2.646 -1.942 -2.389
2 K -1.029 0.926 -1.125 -1.469 -1.099 -0.22 -0.711 -2.015 -0.992 2.27 -0.021 3.161 0.045 -1.202 -2.279 -1.568 -1.074 -2.393 -1.572 0.93
3 L -1.229 0.3 -1.712 -2.098 -0.745 -0.752 -1.298 -2.384 -1.297 0.963 2.767 2.199 1.209 -0.137 -2.676 -2.021 -1.366 -1.972 -1.322 0.228
4 F -2.109 -2.391 -2.539 -3.189 -1.514 -2.842 -2.977 -2.893 0.717 -0.104 0.066 -2.64 -0.116 5.615 -3.945 -2.774 -2.25 1.53 5.002 -0.682
5 N -1.292 0.862 4.398 0.642 -1.893 0.087 -0.259 -0.568 0.548 -2.457 -2.747 2.563 -1.744 -2.534 -2.188 -0.395 -0.682 -2.787 -1.949 -2.318
6 D 0.24 -1.046 0.803 3.667 -0.672 -0.682 0.202 -0.467 -0.485 -2.205 -2.734 -0.486 -1.696 -2.29 -1.769 2.19 0.272 -2.898 -2.199 -1.818
7 N -1.655 -0.41 5.633 1.286 -1.841 -0.522 -0.72 -0.15 0.973 -2.708 -3.147 -0.291 -2.156 -2.369 -2.583 -0.113 -0.446 -2.961 -2.064 -2.556
8 G -0.892 -1.991 -1.325 -2.214 -1.566 -1.937 -2.459 3.364 1.144 -1.54 -1.677 -1.777 -1.317 2.108 -3.094 -1.771 -2.015 1.188 5.235 -1.589
9 S 0.233 -1.107 -0.286 -1.062 -0.522 -0.991 -1.145 -0.931 0.852 -1.411 -1.671 -0.815 -0.969 1.329 -2.078 2.029 0.134 0.379 4.228 -1.158
10 I -1.372 -3.096 -3.258 -3.176 -0.145 -3.205 -3.682 -3.474 -2.706 4.508 1.682 -2.674 1.276 0.223 -3.5 -3.072 -1.07 -2.18 -1.28 2.865
11 L -1.436 -2.695 -3.297 -3.344 -0.145 -2.963 -3.523 -3.435 -2.541 3.748 2.856 -2.592 1.652 0.485 -3.539 -3.104 -1.262 -1.954 -1.186 2.285
12 C -0.443 -3.334 -2.96 -3.414 9.674 -3.454 -3.92 -2.159 -2.945 -0.727 -1.057 -3.109 -1.074 -2.023 -3.202 -1.665 -1.312 -3.23 -2.792 -0.405
13 L -1.828 -2.445 -3.146 -3.489 -0.575 -3.065 -3.37 -3.164 -1.621 1.436 3.084 -2.776 1.511 4.414 -3.908 -3.102 -1.866 -0.377 1.214 0.568
14 L -1.536 -2.182 -3.358 -3.615 -0.145 -2.635 -3.301 -3.378 -2.309 2.01 4.03 -2.473 2.137 0.838 -3.6 -3.154 -1.576 -1.646 -1.051 1.111
15 L -0.683 -2.358 -3.09 -3.333 0.159 -2.604 -3.047 -3.114 -2.654 2.667 2.586 -2.419 1.429 0.163 -3.332 -2.598 -0.847 -2.065 -1.186 3.249
16 C -0.443 -3.334 -2.96 -3.414 9.674 -3.454 -3.92 -2.159 -2.945 -0.727 -1.057 -3.109 -1.074 -2.023 -3.202 -1.665 -1.312 -3.23 -2.792 -0.405
17 F -2.329 -2.891 -2.855 -3.309 -1.369 -3.859 -3.477 -2.87 -0.823 0.282 0.57 -3.299 0.206 6.507 -4.443 -3.026 -2.366 0.857 2.936 -0.503
18 S 0.324 -1.466 -0.492 -1.094 -0.01 -1.356 -1.438 -1.032 -1.16 2.299 -0.045 -1.018 0.059 -0.874 -2.122 1.979 0.351 -2.393 -1.553 1.099
19 L -1.536 -2.182 -3.358 -3.615 -0.145 -2.635 -3.301 -3.378 -2.309 2.01 4.03 -2.473 2.137 0.838 -3.6 -3.154 -1.576 -1.646 -1.051 1.111
20 S 1.073 -0.736 0.502 -0.244 0.077 -0.565 -0.55 -0.101 -0.455 -1.907 -2.324 -0.28 -1.182 -1.938 -1.471 3.246 1.016 -2.544 -1.751 -1.288
21 F -2.109 -2.391 -2.539 -3.189 -1.514 -2.842 -2.977 -2.893 0.717 -0.104 0.066 -2.64 -0.116 5.615 -3.945 -2.774 -2.25 1.53 5.002 -0.682
22 L -1.536 -2.182 -3.358 -3.615 -0.145 -2.635 -3.301 -3.378 -2.309 2.01 4.03 -2.473 2.137 0.838 -3.6 -3.154 -1.576 -1.646 -1.051 1.111
23 V -0.229 -2.482 -2.925 -3.16 0.345 -2.583 -2.889 -2.95 -2.91 3.034 0.95 -2.383 0.836 -0.394 -3.167 -2.279 -0.446 -2.382 -1.28 4.112
24 F -1.985 -2.586 -3.046 -3.428 -0.816 -3.306 -3.405 -3.062 -1.33 1.1 2.462 -2.94 1.138 5.291 -4.076 -3.076 -2.023 0.095 1.908 0.254
25 F -1.985 -2.586 -3.046 -3.428 -0.816 -3.306 -3.405 -3.062 -1.33 1.1 2.462 -2.94 1.138 5.291 -4.076 -3.076 -2.023 0.095 1.908 0.254
26 K -0.822 2.098 -0.263 -0.717 -1.973 0.812 0.318 -1.337 -0.238 -2.118 -2.235 4.478 -1.219 -2.801 -1.682 -0.876 -1.077 -2.544 -1.784 -1.994
27 A 3.076 -1.159 -0.594 -1.019 0.457 -0.991 -0.973 0.196 -0.882 -1.211 -1.678 -0.605 -0.99 -1.881 -1.471 1.905 0.243 -2.478 -1.751 -0.347
28 D -1.772 -1.583 1.204 5.826 -2.368 -0.867 1.055 -1.119 -0.531 -2.72 -3.487 -0.824 -2.693 -2.915 -2.284 -0.947 -1.408 -3.526 -3.038 -2.86
29 Y -1.808 -1.773 -2.121 -3.017 -1.747 -1.779 -2.359 -2.927 2.109 -0.799 -0.905 -1.868 -0.677 3.353 -3.328 -2.432 -2.085 2.313 6.645 -0.975
30 F -2.329 -2.891 -2.855 -3.309 -1.369 -3.859 -3.477 -2.87 -0.823 0.282 0.57 -3.299 0.206 6.507 -4.443 -3.026 -2.366 0.857 2.936 -0.503
31 G -0.241 -2.21 -0.944 -1.412 -1.369 -2.083 -2.175 4.463 -1.523 -2.817 -3.15 -1.397 -2.554 -2.919 4.174 -1.169 -1.672 -3.106 -2.927 -2.558
32 A 3.906 -1.479 -1.657 -1.683 0.685 -1.315 -1.294 0.379 -1.206 -0.825 -1.317 -0.844 -0.869 -1.843 -1.471 0.459 -0.417 -2.435 -1.751 0.143
33 D -1.772 -1.583 1.204 5.826 -2.368 -0.867 1.055 -1.119 -0.531 -2.72 -3.487 -0.824 -2.693 -2.915 -2.284 -0.947 -1.408 -3.526 -3.038 -2.86
34 F -2.005 -2.17 -2.393 -3.131 -1.59 -2.443 -2.756 -2.904 1.259 -0.317 -0.223 -2.359 -0.291 5.038 -3.724 -2.655 -2.194 1.815 5.659 -0.776
35 L -1.536 -2.182 -3.358 -3.615 -0.145 -2.635 -3.301 -3.378 -2.309 2.01 4.03 -2.473 2.137 0.838 -3.6 -3.154 -1.576 -1.646 -1.051 1.111
36 P -0.832 -2.009 -1.929 -1.559 -1.452 -1.928 -1.617 -1.847 -1.603 -2.313 -2.745 -1.059 -2.398 -3.331 6.658 -1.447 -1.343 -4.544 -2.631 -2.157
37 Y -1.808 -1.773 -2.121 -3.017 -1.747 -1.779 -2.359 -2.927 2.109 -0.799 -0.905 -1.868 -0.677 3.353 -3.328 -2.432 -2.085 2.313 6.645 -0.975
38 T -0.108 -1.088 -0.134 -1.01 0.126 -1.098 -1.373 -1.324 -1.408 -0.219 -1.052 -0.786 -0.527 -1.576 -1.682 0.71 4.23 -2.18 -1.702 0.234
39 E -0.892 0.612 -0.184 0.548 -2.096 3.911 3.037 -1.653 0.629 -2.434 -2.25 1.021 -0.865 -2.808 -2.035 -0.764 -1.096 -2.259 -1.513 -1.916
40 I -1.372 -3.096 -3.258 -3.176 -0.145 -3.205 -3.682 -3.474 -2.706 4.508 1.682 -2.674 1.276 0.223 -3.5 -3.072 -1.07 -2.18 -1.28 2.865
41 Y -1.808 -1.773 -2.121 -3.017 -1.747 -1.779 -2.359 -2.927 2.109 -0.799 -0.905 -1.868 -0.677 3.353 -3.328 -2.432 -2.085 2.313 6.645 -0.975
42 D -1.772 -1.583 1.204 5.826 -2.368 -0.867 1.055 -1.119 -0.531 -2.72 -3.487 -0.824 -2.693 -2.915 -2.284 -0.947 -1.408 -3.526 -3.038 -2.86
43 G 0.095 -2.353 -0.435 -1.318 -1.315 -2.191 -2.617 5.805 -1.472 -3.211 -3.456 -1.646 -2.662 -2.673 -2.775 -0.998 -1.915 -2.435 -3.143 -2.86
44 T -0.108 -1.088 -0.134 -1.01 0.126 -1.098 -1.373 -1.324 -1.408 -0.219 -1.052 -0.786 -0.527 -1.576 -1.682 0.71 4.23 -2.18 -1.702 0.234
45 Y -1.808 -1.773 -2.121 -3.017 -1.747 -1.779 -2.359 -2.927 2.109 -0.799 -0.905 -1.868 -0.677 3.353 -3.328 -2.432 -2.085 2.313 6.645 -0.975
46 D -0.877 -1.867 0.654 4.509 -1.9 -1.326 0.075 3.529 -0.872 -2.907 -3.474 -1.126 -2.68 -2.816 -2.471 -0.967 -1.6 -3.039 -3.08 -2.86
47 E -0.914 -0.117 -0.334 1.523 -2.406 1.351 4.483 -1.945 0.397 -2.759 -2.698 0.681 -1.749 -2.603 -1.877 -0.786 -1.296 -2.382 -1.903 -2.129
48 I -1.372 -3.096 -3.258 -3.176 -0.145 -3.205 -3.682 -3.474 -2.706 4.508 1.682 -2.674 1.276 0.223 -3.5 -3.072 -1.07 -2.18 -1.28 2.865
49 D -1.725 -1.055 3.797 4.725 -2.145 -0.724 0.469 -0.691 0.167 -2.715 -3.346 -0.599 -2.466 -2.684 -2.4 -0.584 -0.984 -3.287 -2.608 -2.734
50 S 0.263 -0.601 3.641 0.468 -0.546 -0.548 -0.617 -0.121 0.203 -2.201 -2.625 -0.284 -1.533 -2.103 -1.866 2.317 0.516 -2.704 -1.872 -1.73
51 I -1.372 -3.096 -3.258 -3.176 -0.145 -3.205 -3.682 -3.474 -2.706 4.508 1.682 -2.674 1.276 0.223 -3.5 -3.072 -1.07 -2.18 -1.28 2.865
52 E -0.914 -0.117 -0.334 1.523 -2.406 1.351 4.483 -1.945 0.397 -2.759 -2.698 0.681 -1.749 -2.603 -1.877 -0.786 -1.296 -2.382 -1.903 -2.129
53 P -0.832 -2.009 -1.929 -1.559 -1.452 -1.928 -1.617 -1.847 -1.603 -2.313 -2.745 -1.059 -2.398 -3.331 6.658 -1.447 -1.343 -4.544 -2.631 -2.157
54 V 2.145 -2.038 -2.349 -2.476 0.486 -2.007 -2.142 -1.147 -2.105 2.026 0.242 -1.667 0.269 -0.89 -2.365 -0.863 -0.435 -2.404 -1.459 3.087
55 F -2.329 -2.891 -2.855 -3.309 -1.369 -3.859 -3.477 -2.87 -0.823 0.282 0.57 -3.299 0.206 6.507 -4.443 -3.026 -2.366 0.857 2.936 -0.503
56 K -1.086 1.031 -1.144 -1.561 -1.099 -0.132 -0.653 -1.991 -0.9 0.25 1.841 3.172 0.603 -0.784 -2.305 -1.587 -1.266 -2.151 -1.468 -0.341
57 Y -1.808 -1.773 -2.121 -3.017 -1.747 -1.779 -2.359 -2.927 2.109 -0.799 -0.905 -1.868 -0.677 3.353 -3.328 -2.432 -2.085 2.313 6.645 -0.975
58 L -1.536 -2.182 -3.358 -3.615 -0.145 -2.635 -3.301 -3.378 -2.309 2.01 4.03 -2.473 2.137 0.838 -3.6 -3.154 -1.576 -1.646 -1.051 1.111
59 T -0.108 -1.088 -0.134 -1.01 0.126 -1.098 -1.373 -1.324 -1.408 -0.219 -1.052 -0.786 -0.527 -1.576 -1.682 0.71 4.23 -2.18 -1.702 0.234
60 A 2.711 3.219 -1.116 -1.632 -0.167 -0.436 -0.976 -0.383 -0.61 -1.413 -1.579 0.654 -1.004 -2.077 -1.901 -0.149 -0.787 -2.351 -1.757 -0.573
61 F -1.985 -2.586 -3.046 -3.428 -0.816 -3.306 -3.405 -3.062 -1.33 1.1 2.462 -2.94 1.138 5.291 -4.076 -3.076 -2.023 0.095 1.908 0.254
62 A 2.646 -1.964 -2.079 -2.228 0.027 -2.086 -1.982 -0.53 -1.047 -0.331 -0.41 -1.595 -0.39 4.093 -2.329 -0.49 -1.048 -0.657 1.039 -0.098
63 H -1.703 -0.353 0.464 -0.956 -2.329 -0.16 -0.496 -1.692 7.989 -2.657 -2.59 -0.761 -1.256 -0.848 -2.744 -1.575 -2.222 -1.449 1.672 -3.031
64 Y -1.808 -1.773 -2.121 -3.017 -1.747 -1.779 -2.359 -2.927 2.109 -0.799 -0.905 -1.868 -0.677 3.353 -3.328 -2.432 -2.085 2.313 6.645 -0.975
65 L -1.536 -2.182 -3.358 -3.615 -0.145 -2.635 -3.301 -3.378 -2.309 2.01 4.03 -2.473 2.137 0.838 -3.6 -3.154 -1.576 -1.646 -1.051 1.111
66 S 0.263 -0.601 3.641 0.468 -0.546 -0.548 -0.617 -0.121 0.203 -2.201 -2.625 -0.284 -1.533 -2.103 -1.866 2.317 0.516 -2.704 -1.872 -1.73
67 I -1.718 -3.012 -3.09 -3.229 -0.575 -3.449 -3.598 -3.217 -1.802 3.448 1.287 -2.908 0.894 4.316 -3.841 -3.053 -1.521 -0.572 1.153 1.935
68 P -0.832 -2.009 -1.929 -1.559 -1.452 -1.928 -1.617 -1.847 -1.603 -2.313 -2.745 -1.059 -2.398 -3.331 6.658 -1.447 -1.343 -4.544 -2.631 -2.157
69 Y -1.808 -1.773 -2.121 -3.017 -1.747 -1.779 -2.359 -2.927 2.109 -0.799 -0.905 -1.868 -0.677 3.353 -3.328 -2.432 -2.085 2.313 6.645 -0.975
70 T -0.549 -1.734 -1.021 -1.694 0.021 -1.768 -2.091 -2.005 -1.86 2.602 0.361 -1.401 0.333 -0.718 -2.279 -0.287 3.048 -2.18 -1.526 1.582
71 I -1.718 -3.012 -3.09 -3.229 -0.575 -3.449 -3.598 -3.217 -1.802 3.448 1.287 -2.908 0.894 4.316 -3.841 -3.053 -1.521 -0.572 1.153 1.935
72 F -2.329 -2.891 -2.855 -3.309 -1.369 -3.859 -3.477 -2.87 -0.823 0.282 0.57 -3.299 0.206 6.507 -4.443 -3.026 -2.366 0.857 2.936 -0.503
73 A 3.906 -1.479 -1.657 -1.683 0.685 -1.315 -1.294 0.379 -1.206 -0.825 -1.317 -0.844 -0.869 -1.843 -1.471 0.459 -0.417 -2.435 -1.751 0.143
74 L -1.075 -1.378 -2.355 -2.809 -0.163 -1.046 -2.348 -2.578 -0.963 1.608 2.14 -1.447 5.587 0.473 -3.237 -2.011 -1.041 -1.301 -0.827 0.994
75 L -1.536 -2.182 -3.358 -3.615 -0.145 -2.635 -3.301 -3.378 -2.309 2.01 4.03 -2.473 2.137 0.838 -3.6 -3.154 -1.576 -1.646 -1.051 1.111
76 V -0.229 -2.482 -2.925 -3.16 0.345 -2.583 -2.889 -2.95 -2.91 3.034 0.95 -2.383 0.836 -0.394 -3.167 -2.279 -0.446 -2.382 -1.28 4.112
77 F -1.423 -3.06 -2.897 -3.351 7.123 -3.69 -3.646 -2.564 -1.497 -0.081 0.024 -3.222 -0.24 5.132 -3.881 -2.403 -1.897 -0.185 1.715 -0.463
78 G 2.234 -1.971 -0.864 -1.458 -0.345 -1.808 -2.013 4.61 -1.362 -2.013 -2.405 -1.298 -1.807 -2.312 -2.181 -0.324 -1.22 -2.435 -2.504 -1.274
79 F -1.985 -2.586 -3.046 -3.428 -0.816 -3.306 -3.405 -3.062 -1.33 1.1 2.462 -2.94 1.138 5.291 -4.076 -3.076 -2.023 0.095 1.908 0.254
80 C -0.443 -3.334 -2.96 -3.414 9.674 -3.454 -3.92 -2.159 -2.945 -0.727 -1.057 -3.109 -1.074 -2.023 -3.202 -1.665 -1.312 -3.23 -2.792 -0.405
81 L -1.536 -2.182 -3.358 -3.615 -0.145 -2.635 -3.301 -3.378 -2.309 2.01 4.03 -2.473 2.137 0.838 -3.6 -3.154 -1.576 -1.646 -1.051 1.111
82 T 0.424 -0.942 0.137 -0.679 0.107 -0.873 -1.015 -0.772 -0.989 -0.782 -1.496 -0.573 -0.771 -1.715 -1.596 1.999 3.327 -2.32 -1.721 -0.282
83 W 2.625 -1.806 -2.169 -2.309 -0.181 -1.827 -1.851 -0.433 -1.175 -1.192 -1.444 -1.473 -1.025 -0.275 -2.49 -0.542 -1.127 8.008 0.47 -0.588
84 K -0.822 2.098 -0.263 -0.717 -1.973 0.812 0.318 -1.337 -0.238 -2.118 -2.235 4.478 -1.219 -2.801 -1.682 -0.876 -1.077 -2.544 -1.784 -1.994
85 V -0.633 -2.712 -3.053 -3.166 0.159 -2.816 -3.18 -3.149 -2.827 3.716 1.265 -2.496 1.02 -0.131 -3.295 -2.571 -0.68 -2.3 -1.28 3.676
86 S 0.456 0.741 0.22 -0.424 -0.579 0.066 -0.171 -0.534 -0.366 -1.989 -2.288 2.565 -1.197 -2.253 -1.553 2.199 0.349 -2.544 -1.764 -1.55
87 F -2.109 -2.391 -2.539 -3.189 -1.514 -2.842 -2.977 -2.893 0.717 -0.104 0.066 -2.64 -0.116 5.615 -3.945 -2.774 -2.25 1.53 5.002 -0.682
88 A 2.264 -1.2 -0.227 -0.831 0.113 -1.032 -1.061 2.154 -0.848 -1.66 -2.093 -0.66 -1.271 -2.02 -1.656 2.081 0.231 -2.494 -1.946 -0.904
89 R -0.904 5.05 -0.278 -1.299 -1.716 0.363 -0.56 -1.677 0.013 -2.482 -2.076 1.741 -1.218 -2.377 -2.459 0.08 -0.868 -2.284 -1.769 -1.997
90 K -0.694 1.753 -0.246 -0.769 -1.504 0.564 0.092 -1.34 -0.408 -1.707 -2.006 4.055 -1.096 -2.562 -1.687 -0.549 0.754 -2.485 -1.775 -1.487
91 V -0.274 -2.279 -2.077 -2.431 0.14 -2.302 -2.546 -2.369 -2.276 3.276 0.896 -1.993 0.747 -0.369 -2.904 -0.443 -0.324 -2.344 -1.358 3.258
92 V -0.669 -1.158 -2.365 -2.591 -0.109 -1.81 -2.228 -2.761 -2.206 3.27 0.901 0.379 0.744 -0.442 -2.961 -2.215 -0.747 -2.344 -1.363 3.237
93 P -0.699 0.145 -0.954 -1.166 -1.272 -0.606 -0.792 -1.584 -1.05 -1.789 -2.23 2.075 -1.601 -2.793 4.818 -0.789 0.685 -3.294 -2.165 -1.554
94 Y -1.614 -1.75 -0.539 2.959 -1.889 -1.468 -0.662 -2.032 0.99 -1.558 -1.841 -1.349 -1.483 1.646 1.98 -1.697 -1.719 0.633 4.758 -1.681
95 S 1.068 -0.741 0.497 -0.249 0.072 -0.57 -0.555 -0.106 -0.46 -1.911 -2.328 -0.285 -1.187 -1.943 -1.475 3.262 1.011 -2.549 -1.756 -1.292
96 Y -1.812 -1.777 -2.126 -3.022 -1.752 -1.784 -2.363 -2.932 2.105 -0.804 -0.91 -1.873 -0.682 3.348 -3.333 -2.437 -2.089 2.309 6.655 -0.979
97 G -0.359 -2.312 -1.047 -1.756 -0.62 -2.26 -2.66 3.963 -1.82 1.875 -0.428 -1.775 -0.452 -1.228 -2.772 -1.109 0.556 -2.31 -2.156 0.676
98 G -0.577 -0.849 -0.866 -1.658 -1.562 -1.316 -1.809 3.978 0.389 -2.022 -2.175 0.636 -1.619 0.811 -2.727 -1.383 -1.814 0.073 3.699 -1.965
99 G -0.14 -1.965 -0.903 -1.652 -0.63 -1.977 -2.336 4.006 -1.516 -0.248 1.312 -1.6 0.02 -0.918 -2.744 -0.055 -1.086 -2.168 -2.06 -0.714
100 F -1.86 -2.824 -2.872 -3.289 -1.008 -3.608 -3.375 -2.888 -1.087 0.957 0.632 -3.13 0.316 6.041 -4.192 -2.892 -1.949 0.508 2.536 0.961
101 L -0.908 -1.889 -2.254 -2.713 -0.112 -2.175 -2.626 -2.512 -1.91 1.624 3.574 -1.977 1.783 0.519 -3.122 -0.661 -0.954 -1.782 -1.162 0.821
102 F -2.197 -2.393 -2.638 -3.261 -1.64 -2.843 -2.979 -2.802 0.475 -0.335 -0.162 -2.669 -0.284 5.213 -4.147 -2.867 -2.324 6.001 4.69 -0.893
103 I -0.989 -2.248 -2.132 -2.667 -0.228 -2.255 -2.631 -2.932 3.152 3.543 1.021 -2.172 0.821 -0.137 -3.254 -2.506 -1.002 -2.112 -0.535 2.969
104 Y -1.795 -1.487 -1.501 -2.56 -1.841 -1.443 -1.957 -2.686 4.27 -1.041 -1.131 -1.656 -0.771 2.954 -3.227 -2.275 -2.112 1.935 6.229 -1.236
105 L -0.868 -1.776 -2.495 -2.961 -0.186 -1.606 -2.524 -2.76 -0.557 1.927 1.413 -1.805 4.051 0.992 -3.233 -2.171 -0.973 -0.521 2.354 2.295
106 C 0.101 -2.012 -1.198 -1.695 7.767 -1.945 -2.01 -1.264 -1.675 -1.313 -1.678 -1.536 -1.299 -2.178 2.06 0.999 -0.322 -3.154 -2.382 -0.925
107 F -2.334 -2.896 -2.86 -3.314 -1.374 -3.864 -3.482 -2.875 -0.828 0.277 0.565 -3.304 0.201 6.515 -4.448 -3.031 -2.371 0.852 2.931 -0.507
108 Y -1.812 -1.777 -2.126 -3.022 -1.752 -1.784 -2.363 -2.932 2.105 -0.804 -0.91 -1.873 -0.682 3.348 -3.333 -2.437 -2.089 2.309 6.655 -0.979
109 G -0.067 -2.421 -1.424 -2.099 -0.372 -2.385 -2.755 3.944 -2.107 1.343 -0.488 -1.996 -0.417 -1.319 -2.969 -1.573 -1.093 -2.414 -2.069 2.37
110 F -2.334 -2.896 -2.86 -3.314 -1.374 -3.864 -3.482 -2.875 -0.828 0.277 0.565 -3.304 0.201 6.515 -4.448 -3.031 -2.371 0.852 2.931 -0.507
111 L -1.541 -2.186 -3.362 -3.62 -0.15 -2.64 -3.306 -3.383 -2.314 2.005 4.037 -2.478 2.132 0.833 -3.604 -3.158 -1.581 -1.65 -1.056 1.106
112 H -1.707 -0.358 0.459 -0.961 -2.334 -0.165 -0.501 -1.697 7.998 -2.662 -2.595 -0.766 -1.261 -0.853 -2.749 -1.579 -2.227 -1.454 1.667 -3.036
113 D -1.316 -0.763 0.531 4.416 -2.392 0.445 3.258 -1.507 -0.035 -2.745 -3.07 0.021 -2.187 -2.76 -2.078 -0.87 -1.356 -2.903 -2.42 -2.476
114 L -1.301 -1.757 -2.818 -3.189 -0.159 -1.738 -2.79 -2.955 -1.563 1.811 3.24 -1.92 4.367 0.656 -3.418 -2.531 -1.301 -1.473 -0.942 1.048
115 T -0.112 -1.093 -0.139 -1.014 0.122 -1.103 -1.378 -1.329 -1.413 -0.224 -1.057 -0.791 -0.532 -1.58 -1.687 0.705 4.245 -2.185 -1.706 0.229
116 Q -0.883 1.007 -0.093 -0.357 -1.911 4.883 1.392 -1.479 0.769 -2.24 -1.991 1.222 -0.403 -2.959 -2.151 -0.755 -0.975 -2.185 -1.285 -1.787
117 L -1.541 -2.186 -3.362 -3.62 -0.15 -2.64 -3.306 -3.383 -2.314 2.005 4.037 -2.478 2.132 0.833 -3.604 -3.158 -1.581 -1.65 -1.056 1.106
118 R -1.534 5.51 -0.462 -1.564 -2.259 0.518 -0.561 -2.128 0.098 -2.612 -2.028 2.018 -1.224 -2.472 -2.704 -1.406 -1.454 -2.234 -1.772 -2.162
119 I -1.377 -3.101 -3.263 -3.181 -0.15 -3.209 -3.687 -3.479 -2.711 4.521 1.677 -2.679 1.271 0.218 -3.505 -3.076 -1.075 -2.185 -1.285 2.86
120 A 3.918 -1.484 -1.662 -1.687 0.68 -1.32 -1.298 0.374 -1.211 -0.83 -1.321 -0.849 -0.874 -1.848 -1.475 0.455 -0.422 -2.44 -1.756 0.139
121 I -1.377 -3.101 -3.263 -3.181 -0.15 -3.209 -3.687 -3.479 -2.711 4.521 1.677 -2.679 1.271 0.218 -3.505 -3.076 -1.075 -2.185 -1.285 2.86
122 A 3.918 -1.484 -1.662 -1.687 0.68 -1.32 -1.298 0.374 -1.211 -0.83 -1.321 -0.849 -0.874 -1.848 -1.475 0.455 -0.422 -2.44 -1.756 0.139
123 V -0.234 -2.486 -2.929 -3.164 0.34 -2.587 -2.894 -2.955 -2.915 3.03 0.945 -2.388 0.832 -0.398 -3.171 -2.284 -0.451 -2.387 -1.285 4.125
124 V -0.172 -1.706 -1.209 -1.894 0.233 -1.751 -2.037 -2.029 -2.067 1.839 0.114 -1.48 0.23 -0.929 -2.335 -0.419 2.762 -2.284 -1.488 2.79
125 L -1.08 -1.383 -2.36 -2.814 -0.168 -1.051 -2.353 -2.583 -0.968 1.603 2.135 -1.452 5.611 0.468 -3.242 -2.016 -1.046 -1.306 -0.832 0.99
126 C -0.447 -3.339 -2.965 -3.419 9.68 -3.458 -3.925 -2.163 -2.95 -0.732 -1.061 -3.113 -1.079 -2.027 -3.207 -1.67 -1.317 -3.235 -2.796 -0.409
127 Y -1.812 -1.777 -2.126 -3.022 -1.752 -1.784 -2.363 -2.932 2.105 -0.804 -0.91 -1.873 -0.682 3.348 -3.333 -2.437 -2.089 2.309 6.655 -0.979
128 G -0.067 -2.421 -1.424 -2.099 -0.372 -2.385 -2.755 3.944 -2.107 1.343 -0.488 -1.996 -0.417 -1.319 -2.969 -1.573 -1.093 -2.414 -2.069 2.37
129 A 2.831 -1.089 -0.385 -0.879 0.392 -0.921 -0.903 0.144 -0.811 -1.32 -1.781 -0.553 -1.026 -1.895 -1.475 2.187 0.383 -2.494 -1.756 -0.489
130 V -0.234 -2.486 -2.929 -3.164 0.34 -2.587 -2.894 -2.955 -2.915 3.03 0.945 -2.388 0.832 -0.398 -3.171 -2.284 -0.451 -2.387 -1.285 4.125
131 Y -1.812 -1.777 -2.126 -3.022 -1.752 -1.784 -2.363 -2.932 2.105 -0.804 -0.91 -1.873 -0.682 3.348 -3.333 -2.437 -2.089 2.309 6.655 -0.979
132 Y -1.31 -0.061 -0.934 -1.392 -1.83 3.156 0.087 -2.115 1.514 -1.433 -1.4 0.071 -0.539 1.656 -2.682 -1.475 -1.479 0.86 4.833 -1.355
133 Y -1.812 -1.777 -2.126 -3.022 -1.752 -1.784 -2.363 -2.932 2.105 -0.804 -0.91 -1.873 -0.682 3.348 -3.333 -2.437 -2.089 2.309 6.655 -0.979
134 F -2.334 -2.896 -2.86 -3.314 -1.374 -3.864 -3.482 -2.875 -0.828 0.277 0.565 -3.304 0.201 6.515 -4.448 -3.031 -2.371 0.852 2.931 -0.507
135 F -2.062 -2.283 -2.47 -3.164 -1.557 -2.64 -2.869 -2.903 0.996 -0.213 -0.079 -2.501 -0.207 5.346 -3.837 -2.719 -2.227 1.671 5.356 -0.734
136 L -1.161 0.684 -1.419 -1.822 -0.922 -0.43 -0.963 -2.186 -1.096 0.624 2.348 2.737 0.917 -0.447 -2.489 -1.801 -1.321 -2.065 -1.399 -0.048
137 N -1.213 1.104 3.993 0.45 -1.911 0.216 -0.16 -0.688 0.426 -2.403 -2.66 2.993 -1.655 -2.582 -2.102 -0.474 -0.749 -2.75 -1.925 -2.266
138 C -0.99 -1.521 3.785 -0.202 7.732 -1.635 -1.902 -0.988 -0.371 -1.555 -1.921 -1.373 -1.569 -2.196 -2.88 -0.791 -0.852 -3.097 -2.41 -1.289
139 K -0.884 0.567 -1.362 -1.695 -0.808 -0.507 -0.983 -2.156 -1.24 2.42 0.161 2.729 0.188 -1.055 -2.414 -1.68 -0.964 -2.396 -1.526 1.766
140 A 2.428 0.827 -0.882 -1.164 -0.353 -0.065 -0.381 -0.358 -0.687 -1.405 -1.744 2.911 -1.043 -2.287 -1.579 -0.137 -0.733 -2.494 -1.772 -0.737
141 W -2.14 -1.196 -0.818 -1.995 -2.334 -1.199 -1.478 -2.012 6.117 -2.229 -2.084 -1.604 -1.271 0.305 -3.783 -2.333 -2.451 8.654 1.929 -2.603
142 A 2.556 -1.282 -0.801 -1.331 0.414 -1.209 -1.338 -0.354 -1.31 -0.511 -1.186 -0.82 -0.698 -1.711 -1.579 0.582 2.767 -2.31 -1.731 0.184
143 L -1.458 -2.607 -3.312 -3.392 -0.15 -2.911 -3.49 -3.43 -2.505 3.529 3.092 -2.577 1.734 0.542 -3.554 -3.117 -1.317 -1.905 -1.168 2.114
144 P -1.167 -2.099 -2.56 -2.412 -0.73 -2.265 -2.343 -2.517 -1.939 0.587 2.3 -1.685 0.677 -0.556 4.744 -2.181 -1.462 -2.75 -1.739 -0.088
145 W -2.65 -2.383 -3.166 -3.62 -2.334 -2.824 -2.969 -2.366 -1.134 -1.854 -1.65 -2.791 -1.28 1.128 -5.408 -3.355 -2.695 10.61 2.169 -2.228
146 L -1.08 -1.383 -2.36 -2.814 -0.168 -1.051 -2.353 -2.583 -0.968 1.603 2.135 -1.452 5.611 0.468 -3.242 -2.016 -1.046 -1.306 -0.832 0.99
147 V -0.626 -1.882 -2.631 -2.984 0.097 -1.718 -2.611 -2.763 -1.78 2.404 1.601 -1.882 4.115 0.067 -3.207 -2.147 -0.733 -1.796 -1.05 2.964
148 L -1.91 -2.52 -3.1 -3.463 -0.698 -3.188 -3.393 -3.117 -1.476 1.268 2.795 -2.862 1.326 4.892 -3.996 -3.094 -1.949 -0.136 1.577 0.411
149 G 2.597 -1.888 -0.987 -1.499 -0.15 -1.725 -1.885 4.218 -1.341 -1.783 -2.197 -1.222 -1.633 -2.233 -2.054 -0.183 -1.075 -2.44 -2.369 -0.989
150 V -0.749 -2.777 -3.091 -3.173 0.105 -2.882 -3.263 -3.205 -2.811 3.871 1.334 -2.53 1.06 -0.074 -3.333 -2.653 -0.746 -2.284 -1.285 3.561
151 L -1.541 -2.186 -3.362 -3.62 -0.15 -2.64 -3.306 -3.383 -2.314 2.005 4.037 -2.478 2.132 0.833 -3.604 -3.158 -1.581 -1.65 -1.056 1.106
152 F -2.334 -2.896 -2.86 -3.314 -1.374 -3.864 -3.482 -2.875 -0.828 0.277 0.565 -3.304 0.201 6.515 -4.448 -3.031 -2.371 0.852 2.931 -0.507
153 H -1.707 -0.358 0.459 -0.961 -2.334 -0.165 -0.501 -1.697 7.998 -2.662 -2.595 -0.766 -1.261 -0.853 -2.749 -1.579 -2.227 -1.454 1.667 -3.036
154 Y -1.812 -1.777 -2.126 -3.022 -1.752 -1.784 -2.363 -2.932 2.105 -0.804 -0.91 -1.873 -0.682 3.348 -3.333 -2.437 -2.089 2.309 6.655 -0.979
155 S 1.068 -0.741 0.497 -0.249 0.072 -0.57 -0.555 -0.106 -0.46 -1.911 -2.328 -0.285 -1.187 -1.943 -1.475 3.262 1.011 -2.549 -1.756 -1.292
156 A 2.345 -2.18 -2.353 -2.338 0.295 -2.113 -2.252 -0.952 -1.865 2.941 0.551 -1.621 0.394 -0.634 -2.315 -0.801 -0.73 -2.31 -1.511 1.809
157 L -1.458 -2.607 -3.312 -3.392 -0.15 -2.911 -3.49 -3.43 -2.505 3.529 3.092 -2.577 1.734 0.542 -3.554 -3.117 -1.317 -1.905 -1.168 2.114
158 L -1.458 -2.607 -3.312 -3.392 -0.15 -2.911 -3.49 -3.43 -2.505 3.529 3.092 -2.577 1.734 0.542 -3.554 -3.117 -1.317 -1.905 -1.168 2.114
159 W -2.042 -2.283 -3.263 -3.62 -1.04 -2.731 -3.132 -2.83 -1.664 0.678 2.414 -2.63 0.904 0.984 -4.368 -3.255 -2.084 8.651 0.986 -0.104
160 C -1.239 -3.109 -2.912 -3.366 7.741 -3.654 -3.695 -2.497 -1.698 -0.184 -0.135 -3.207 -0.368 4.66 -3.761 -2.271 -1.796 -0.521 1.302 -0.458
161 L -1.301 -1.757 -2.818 -3.189 -0.159 -1.738 -2.79 -2.955 -1.563 1.811 3.24 -1.92 4.367 0.656 -3.418 -2.531 -1.301 -1.473 -0.942 1.048
162 S 1.068 -0.741 0.497 -0.249 0.072 -0.57 -0.555 -0.106 -0.46 -1.911 -2.328 -0.285 -1.187 -1.943 -1.475 3.262 1.011 -2.549 -1.756 -1.292
163 L -1.541 -2.186 -3.362 -3.62 -0.15 -2.64 -3.306 -3.383 -2.314 2.005 4.037 -2.478 2.132 0.833 -3.604 -3.158 -1.581 -1.65 -1.056 1.106
164 L -1.91 -2.52 -3.1 -3.463 -0.698 -3.188 -3.393 -3.117 -1.476 1.268 2.795 -2.862 1.326 4.892 -3.996 -3.094 -1.949 -0.136 1.577 0.411
165 I -1.377 -3.101 -3.263 -3.181 -0.15 -3.209 -3.687 -3.479 -2.711 4.521 1.677 -2.679 1.271 0.218 -3.505 -3.076 -1.075 -2.185 -1.285 2.86
166 Y -0.839 -1.415 -0.965 -1.847 -0.666 -1.423 -1.829 -2.02 0.852 -0.499 -0.983 -1.282 -0.606 1.829 -2.394 -0.458 2.549 0.86 4.81 -0.312
167 N 0.015 -0.573 4.091 0.617 -0.73 -0.548 -0.639 -0.13 0.342 -2.284 -2.711 -0.29 -1.633 -2.151 -1.978 2.041 0.372 -2.75 -1.908 -1.857
168 Y -1.812 -1.777 -2.126 -3.022 -1.752 -1.784 -2.363 -2.932 2.105 -0.804 -0.91 -1.873 -0.682 3.348 -3.333 -2.437 -2.089 2.309 6.655 -0.979
169 R -1.534 5.51 -0.462 -1.564 -2.259 0.518 -0.561 -2.128 0.098 -2.612 -2.028 2.018 -1.224 -2.472 -2.704 -1.406 -1.454 -2.234 -1.772 -2.162
170 R -1.192 5.022 -0.458 -1.522 -2.08 0.209 -0.817 1.439 -0.111 -2.704 -2.222 1.65 -1.419 -2.505 -2.717 -1.335 -1.526 -2.267 -1.961 -2.268
171 L -1.541 -2.186 -3.362 -3.62 -0.15 -2.64 -3.306 -3.383 -2.314 2.005 4.037 -2.478 2.132 0.833 -3.604 -3.158 -1.581 -1.65 -1.056 1.106
172 L -1.458 -2.607 -3.312 -3.392 -0.15 -2.911 -3.49 -3.43 -2.505 3.529 3.092 -2.577 1.734 0.542 -3.554 -3.117 -1.317 -1.905 -1.168 2.114
173 I -1.377 -3.101 -3.263 -3.181 -0.15 -3.209 -3.687 -3.479 -2.711 4.521 1.677 -2.679 1.271 0.218 -3.505 -3.076 -1.075 -2.185 -1.285 2.86
174 V -0.234 -2.486 -2.929 -3.164 0.34 -2.587 -2.894 -2.955 -2.915 3.03 0.945 -2.388 0.832 -0.398 -3.171 -2.284 -0.451 -2.387 -1.285 4.125
175 I -1.377 -3.101 -3.263 -3.181 -0.15 -3.209 -3.687 -3.479 -2.711 4.521 1.677 -2.679 1.271 0.218 -3.505 -3.076 -1.075 -2.185 -1.285 2.86
176 I -0.676 -1.925 -1.297 -1.899 -0.011 -1.968 -2.307 -2.208 -1.99 3.03 0.622 -1.583 0.508 -0.543 -2.455 -0.606 2.669 -2.185 -1.488 1.835
177 G 0.09 -2.358 -0.44 -1.323 -1.32 -2.195 -2.622 5.809 -1.476 -3.215 -3.461 -1.651 -2.667 -2.678 -2.779 -1.002 -1.919 -2.44 -3.148 -2.864
178 F -1.64 -2.042 -2.599 -3.053 -0.709 -2.128 -2.863 -2.725 -0.897 1.015 1.455 -2.232 4.023 4.849 -3.783 -2.479 -1.633 -0.03 1.624 0.337
179 F -1.097 -2.684 -2.895 -3.238 -0.392 -3.156 -3.173 -2.915 -1.687 1.97 0.761 -2.81 0.534 4.766 -3.74 -2.633 -1.254 -0.335 1.533 2.653
180 F -1.816 -2.997 -3.054 -3.247 -0.698 -3.518 -3.583 -3.161 -1.619 3.118 1.174 -2.975 0.786 4.823 -3.938 -3.053 -1.651 -0.284 1.533 1.642
181 G -0.166 -2.807 -1.434 -2.184 7.743 -2.758 -3.2 3.986 -2.12 -1.714 -2.018 -2.29 -1.765 -2.334 -2.985 -1.317 -1.602 -2.81 -2.967 -1.383
182 L -1.301 -1.757 -2.818 -3.189 -0.159 -1.738 -2.79 -2.955 -1.563 1.811 3.24 -1.92 4.367 0.656 -3.418 -2.531 -1.301 -1.473 -0.942 1.048
183 A 2.831 -1.089 -0.385 -0.879 0.392 -0.921 -0.903 0.144 -0.811 -1.32 -1.781 -0.553 -1.026 -1.895 -1.475 2.187 0.383 -2.494 -1.756 -0.489
184 F -1.816 -2.997 -3.054 -3.247 -0.698 -3.518 -3.583 -3.161 -1.619 3.118 1.174 -2.975 0.786 4.823 -3.938 -3.053 -1.651 -0.284 1.533 1.642
185 L -1.458 -2.607 -3.312 -3.392 -0.15 -2.911 -3.49 -3.43 -2.505 3.529 3.092 -2.577 1.734 0.542 -3.554 -3.117 -1.317 -1.905 -1.168 2.114
186 F -1.977 -1.397 3.79 -0.184 -1.601 -1.738 -1.786 -1.205 0.208 -0.847 -0.732 -1.424 -0.745 4.644 -3.37 -1.221 -1.254 -0.467 1.401 -1.355
187 N -0.859 -1.269 3.787 -0.159 -0.551 -1.377 -1.61 -1.228 -0.364 1.399 -0.43 -1.156 -0.293 -1.22 -2.865 -1.002 -0.451 -2.662 -1.65 2.396
188 Y -1.812 -1.777 -2.126 -3.022 -1.752 -1.784 -2.363 -2.932 2.105 -0.804 -0.91 -1.873 -0.682 3.348 -3.333 -2.437 -2.089 2.309 6.655 -0.979
189 A 3.918 -1.484 -1.662 -1.687 0.68 -1.32 -1.298 0.374 -1.211 -0.83 -1.321 -0.849 -0.874 -1.848 -1.475 0.455 -0.422 -2.44 -1.756 0.139
190 D -0.017 -1.134 0.869 4.164 -0.898 -0.717 0.358 -0.57 -0.498 -2.29 -2.852 -0.544 -1.844 -2.39 -1.854 1.864 0.046 -2.998 -2.328 -1.973
191 I -0.676 -1.925 -1.297 -1.899 -0.011 -1.968 -2.307 -2.208 -1.99 3.03 0.622 -1.583 0.508 -0.543 -2.455 -0.606 2.669 -2.185 -1.488 1.835
192 I -1.377 -3.101 -3.263 -3.181 -0.15 -3.209 -3.687 -3.479 -2.711 4.521 1.677 -2.679 1.271 0.218 -3.505 -3.076 -1.075 -2.185 -1.285 2.86
193 A 3.918 -1.484 -1.662 -1.687 0.68 -1.32 -1.298 0.374 -1.211 -0.83 -1.321 -0.849 -0.874 -1.848 -1.475 0.455 -0.422 -2.44 -1.756 0.139
194 L -1.541 -2.186 -3.362 -3.62 -0.15 -2.64 -3.306 -3.383 -2.314 2.005 4.037 -2.478 2.132 0.833 -3.604 -3.158 -1.581 -1.65 -1.056 1.106
195 Y -1.812 -1.777 -2.126 -3.022 -1.752 -1.784 -2.363 -2.932 2.105 -0.804 -0.91 -1.873 -0.682 3.348 -3.333 -2.437 -2.089 2.309 6.655 -0.979
196 L -1.541 -2.186 -3.362 -3.62 -0.15 -2.64 -3.306 -3.383 -2.314 2.005 4.037 -2.478 2.132 0.833 -3.604 -3.158 -1.581 -1.65 -1.056 1.106
197 P -0.836 -2.014 -1.934 -1.564 -1.457 -1.933 -1.622 -1.852 -1.608 -2.318 -2.75 -1.064 -2.403 -3.336 6.663 -1.452 -1.348 -4.549 -2.636 -2.162
198 N -1.66 -0.415 5.643 1.281 -1.846 -0.527 -0.725 -0.155 0.968 -2.712 -3.152 -0.296 -2.161 -2.374 -2.588 -0.118 -0.451 -2.966 -2.069 -2.56
199 E -0.919 -0.122 -0.338 1.518 -2.411 1.346 4.494 -1.95 0.392 -2.764 -2.703 0.677 -1.754 -2.608 -1.882 -0.791 -1.301 -2.387 -1.908 -2.134
200 K -0.826 2.094 -0.268 -0.722 -1.977 0.807 0.313 -1.342 -0.243 -2.123 -2.24 4.49 -1.224 -2.806 -1.687 -0.881 -1.082 -2.549 -1.789 -1.999
201 I -1.377 -3.101 -3.263 -3.181 -0.15 -3.209 -3.687 -3.479 -2.711 4.521 1.677 -2.679 1.271 0.218 -3.505 -3.076 -1.075 -2.185 -1.285 2.86
202 V -0.749 -2.777 -3.091 -3.173 0.105 -2.882 -3.263 -3.205 -2.811 3.871 1.334 -2.53 1.06 -0.074 -3.333 -2.653 -0.746 -2.284 -1.285 3.561
203 N 0.015 -0.573 4.091 0.617 -0.73 -0.548 -0.639 -0.13 0.342 -2.284 -2.711 -0.29 -1.633 -2.151 -1.978 2.041 0.372 -2.75 -1.908 -1.857
204 Y -1.812 -1.777 -2.126 -3.022 -1.752 -1.784 -2.363 -2.932 2.105 -0.804 -0.91 -1.873 -0.682 3.348 -3.333 -2.437 -2.089 2.309 6.655 -0.979
205 L -1.541 -2.186 -3.362 -3.62 -0.15 -2.64 -3.306 -3.383 -2.314 2.005 4.037 -2.478 2.132 0.833 -3.604 -3.158 -1.581 -1.65 -1.056 1.106
206 Y -1.812 -1.777 -2.126 -3.022 -1.752 -1.784 -2.363 -2.932 2.105 -0.804 -0.91 -1.873 -0.682 3.348 -3.333 -2.437 -2.089 2.309 6.655 -0.979
207 S 1.068 -0.741 0.497 -0.249 0.072 -0.57 -0.555 -0.106 -0.46 -1.911 -2.328 -0.285 -1.187 -1.943 -1.475 3.262 1.011 -2.549 -1.756 -1.292
208 L -1.458 -2.607 -3.312 -3.392 -0.15 -2.911 -3.49 -3.43 -2.505 3.529 3.092 -2.577 1.734 0.542 -3.554 -3.117 -1.317 -1.905 -1.168 2.114
209 S 1.068 -0.741 0.497 -0.249 0.072 -0.57 -0.555 -0.106 -0.46 -1.911 -2.328 -0.285 -1.187 -1.943 -1.475 3.262 1.011 -2.549 -1.756 -1.292
210 N 0.015 -0.573 4.091 0.617 -0.73 -0.548 -0.639 -0.13 0.342 -2.284 -2.711 -0.29 -1.633 -2.151 -1.978 2.041 0.372 -2.75 -1.908 -1.857
211 S 1.068 -0.741 0.497 -0.249 0.072 -0.57 -0.555 -0.106 -0.46 -1.911 -2.328 -0.285 -1.187 -1.943 -1.475 3.262 1.011 -2.549 -1.756 -1.292
212 L -1.91 -2.52 -3.1 -3.463 -0.698 -3.188 -3.393 -3.117 -1.476 1.268 2.795 -2.862 1.326 4.892 -3.996 -3.094 -1.949 -0.136 1.577 0.411
213 D -0.017 -1.134 0.869 4.164 -0.898 -0.717 0.358 -0.57 -0.498 -2.29 -2.852 -0.544 -1.844 -2.39 -1.854 1.864 0.046 -2.998 -2.328 -1.973
214 N 2.308 -0.9 3.864 0.163 -0.315 -0.896 -0.998 0.122 0.08 -1.62 -2.094 -0.559 -1.446 -2.099 -1.978 0.183 -0.437 -2.691 -1.908 -0.906
215 R -1.159 4.281 -0.363 -1.112 -2.115 0.666 -0.091 -1.708 -0.067 -2.357 -2.132 3.511 -1.224 -2.634 -2.151 -1.132 -1.262 -2.387 -1.78 -2.079
216 N -1.266 -0.265 3.985 1.402 -2.115 0.559 2.932 -0.915 0.695 -2.738 -2.918 0.231 -1.95 -2.489 -2.213 -0.435 -0.845 -2.662 -1.987 -2.339
217 D -0.017 -1.134 0.869 4.164 -0.898 -0.717 0.358 -0.57 -0.498 -2.29 -2.852 -0.544 -1.844 -2.39 -1.854 1.864 0.046 -2.998 -2.328 -1.973
218 L -1.673 -1.975 -2.678 -3.306 -0.841 -2.18 -2.796 -3.148 0.67 0.93 2.515 -2.16 1.056 2.356 -3.466 -2.775 -1.824 0.961 4.848 0.248
219 A 2.556 -1.282 -0.801 -1.331 0.414 -1.209 -1.338 -0.354 -1.31 -0.511 -1.186 -0.82 -0.698 -1.711 -1.579 0.582 2.767 -2.31 -1.731 0.184
220 F -1.816 -2.997 -3.054 -3.247 -0.698 -3.518 -3.583 -3.161 -1.619 3.118 1.174 -2.975 0.786 4.823 -3.938 -3.053 -1.651 -0.284 1.533 1.642
221 F -2.334 -2.896 -2.86 -3.314 -1.374 -3.864 -3.482 -2.875 -0.828 0.277 0.565 -3.304 0.201 6.515 -4.448 -3.031 -2.371 0.852 2.931 -0.507
222 N -1.66 -0.415 5.643 1.281 -1.846 -0.527 -0.725 -0.155 0.968 -2.712 -3.152 -0.296 -2.161 -2.374 -2.588 -0.118 -0.451 -2.966 -2.069 -2.56
223 L -1.541 -2.186 -3.362 -3.62 -0.15 -2.64 -3.306 -3.383 -2.314 2.005 4.037 -2.478 2.132 0.833 -3.604 -3.158 -1.581 -1.65 -1.056 1.106
224 N -1.66 -0.415 5.643 1.281 -1.846 -0.527 -0.725 -0.155 0.968 -2.712 -3.152 -0.296 -2.161 -2.374 -2.588 -0.118 -0.451 -2.966 -2.069 -2.56
225 N -0.784 -0.734 4.008 0.356 -0.698 -0.8 -1.033 -0.682 0.017 -1.208 -1.918 -0.533 -1.233 -1.95 -2.102 0.323 2.762 -2.549 -1.882 -0.841
226 I -1.377 -3.101 -3.263 -3.181 -0.15 -3.209 -3.687 -3.479 -2.711 4.521 1.677 -2.679 1.271 0.218 -3.505 -3.076 -1.075 -2.185 -1.285 2.86
227 V -0.749 -2.777 -3.091 -3.173 0.105 -2.882 -3.263 -3.205 -2.811 3.871 1.334 -2.53 1.06 -0.074 -3.333 -2.653 -0.746 -2.284 -1.285 3.561
228 F -2.334 -2.896 -2.86 -3.314 -1.374 -3.864 -3.482 -2.875 -0.828 0.277 0.565 -3.304 0.201 6.515 -4.448 -3.031 -2.371 0.852 2.931 -0.507
229 L -1.541 -2.186 -3.362 -3.62 -0.15 -2.64 -3.306 -3.383 -2.314 2.005 4.037 -2.478 2.132 0.833 -3.604 -3.158 -1.581 -1.65 -1.056 1.106
230 L 0.049 -1.374 -0.83 -1.468 -0.037 -1.423 -1.614 -1.302 -1.24 0.666 2.339 -1.178 0.926 -0.233 -2.348 1.558 -0.003 -2.065 -1.385 0.149
231 V -0.749 -2.777 -3.091 -3.173 0.105 -2.882 -3.263 -3.205 -2.811 3.871 1.334 -2.53 1.06 -0.074 -3.333 -2.653 -0.746 -2.284 -1.285 3.561
232 F -2.334 -2.896 -2.86 -3.314 -1.374 -3.864 -3.482 -2.875 -0.828 0.277 0.565 -3.304 0.201 6.515 -4.448 -3.031 -2.371 0.852 2.931 -0.507
233 I -1.377 -3.101 -3.263 -3.181 -0.15 -3.209 -3.687 -3.479 -2.711 4.521 1.677 -2.679 1.271 0.218 -3.505 -3.076 -1.075 -2.185 -1.285 2.86
234 L -0.739 -1.588 -1.322 -2.033 -0.011 -1.77 -2.184 -2.177 -1.828 1.101 2.493 -1.513 1.097 -0.129 -2.489 -0.623 2.605 -1.905 -1.363 0.701
235 I -1.152 -2.989 -3.204 -3.178 -0.063 -3.096 -3.538 -3.385 -2.744 4.32 1.567 -2.628 1.202 0.124 -3.446 -2.928 -0.961 -2.217 -1.285 3.113
236 F -1.541 -1.188 -1.332 0.014 -1.846 -0.215 2.67 -2.375 -0.154 -0.86 -0.629 -0.676 -0.614 4.634 -2.888 -1.699 -1.786 -0.335 1.425 -1.208
237 F -2.062 -2.283 -2.47 -3.164 -1.557 -2.64 -2.869 -2.903 0.996 -0.213 -0.079 -2.501 -0.207 5.346 -3.837 -2.719 -2.227 1.671 5.356 -0.734
238 L -1.541 -2.186 -3.362 -3.62 -0.15 -2.64 -3.306 -3.383 -2.314 2.005 4.037 -2.478 2.132 0.833 -3.604 -3.158 -1.581 -1.65 -1.056 1.106
239 S 1.068 -0.741 0.497 -0.249 0.072 -0.57 -0.555 -0.106 -0.46 -1.911 -2.328 -0.285 -1.187 -1.943 -1.475 3.262 1.011 -2.549 -1.756 -1.292
240 R -1.534 5.51 -0.462 -1.564 -2.259 0.518 -0.561 -2.128 0.098 -2.612 -2.028 2.018 -1.224 -2.472 -2.704 -1.406 -1.454 -2.234 -1.772 -2.162
241 Y 2.289 -1.627 -1.884 -2.278 -0.287 -1.542 -1.782 -0.83 0.899 -0.817 -1.108 -1.316 -0.776 1.789 -2.257 -0.643 -1.137 0.817 4.807 -0.367
242 V -0.749 -2.777 -3.091 -3.173 0.105 -2.882 -3.263 -3.205 -2.811 3.871 1.334 -2.53 1.06 -0.074 -3.333 -2.653 -0.746 -2.284 -1.285 3.561
243 K -0.826 2.094 -0.268 -0.722 -1.977 0.807 0.313 -1.342 -0.243 -2.123 -2.24 4.49 -1.224 -2.806 -1.687 -0.881 -1.082 -2.549 -1.789 -1.999
244 L -1.541 -2.186 -3.362 -3.62 -0.15 -2.64 -3.306 -3.383 -2.314 2.005 4.037 -2.478 2.132 0.833 -3.604 -3.158 -1.581 -1.65 -1.056 1.106
245 N 0.015 -0.573 4.091 0.617 -0.73 -0.548 -0.639 -0.13 0.342 -2.284 -2.711 -0.29 -1.633 -2.151 -1.978 2.041 0.372 -2.75 -1.908 -1.857
246 D -1.316 -0.763 0.531 4.416 -2.392 0.445 3.258 -1.507 -0.035 -2.745 -3.07 0.021 -2.187 -2.76 -2.078 -0.87 -1.356 -2.903 -2.42 -2.476
247 N 0.015 -0.573 4.091 0.617 -0.73 -0.548 -0.639 -0.13 0.342 -2.284 -2.711 -0.29 -1.633 -2.151 -1.978 2.041 0.372 -2.75 -1.908 -1.857
248 E -0.919 -0.122 -0.338 1.518 -2.411 1.346 4.494 -1.95 0.392 -2.764 -2.703 0.677 -1.754 -2.608 -1.882 -0.791 -1.301 -2.387 -1.908 -2.134
249 F 2.231 -2.104 -2.199 -2.388 -0.168 -2.32 -2.188 -0.816 -1.013 -0.224 -0.227 -1.823 -0.286 4.669 -2.595 -0.791 -1.235 -0.348 1.45 -0.166
250 R -1.159 4.281 -0.363 -1.112 -2.115 0.666 -0.091 -1.708 -0.067 -2.357 -2.132 3.511 -1.224 -2.634 -2.151 -1.132 -1.262 -2.387 -1.78 -2.079
251 F -2.334 -2.896 -2.86 -3.314 -1.374 -3.864 -3.482 -2.875 -0.828 0.277 0.565 -3.304 0.201 6.515 -4.448 -3.031 -2.371 0.852 2.931 -0.507
252 V -0.749 -2.777 -3.091 -3.173 0.105 -2.882 -3.263 -3.205 -2.811 3.871 1.334 -2.53 1.06 -0.074 -3.333 -2.653 -0.746 -2.284 -1.285 3.561
253 K -0.826 2.094 -0.268 -0.722 -1.977 0.807 0.313 -1.342 -0.243 -2.123 -2.24 4.49 -1.224 -2.806 -1.687 -0.881 -1.082 -2.549 -1.789 -1.999
254 Y -1.812 -1.777 -2.126 -3.022 -1.752 -1.784 -2.363 -2.932 2.105 -0.804 -0.91 -1.873 -0.682 3.348 -3.333 -2.437 -2.089 2.309 6.655 -0.979
255 V -0.234 -2.486 -2.929 -3.164 0.34 -2.587 -2.894 -2.955 -2.915 3.03 0.945 -2.388 0.832 -0.398 -3.171 -2.284 -0.451 -2.387 -1.285 4.125
256 Q -0.883 1.007 -0.093 -0.357 -1.911 4.883 1.392 -1.479 0.769 -2.24 -1.991 1.222 -0.403 -2.959 -2.151 -0.755 -0.975 -2.185 -1.285 -1.787
257 C -0.447 -3.339 -2.965 -3.419 9.68 -3.458 -3.925 -2.163 -2.95 -0.732 -1.061 -3.113 -1.079 -2.027 -3.207 -1.67 -1.317 -3.235 -2.796 -0.409
258 S 1.068 -0.741 0.497 -0.249 0.072 -0.57 -0.555 -0.106 -0.46 -1.911 -2.328 -0.285 -1.187 -1.943 -1.475 3.262 1.011 -2.549 -1.756 -1.292
259 G 0.09 -2.358 -0.44 -1.323 -1.32 -2.195 -2.622 5.809 -1.476 -3.215 -3.461 -1.651 -2.667 -2.678 -2.779 -1.002 -1.919 -2.44 -3.148 -2.864
260 V -0.749 -2.777 -3.091 -3.173 0.105 -2.882 -3.263 -3.205 -2.811 3.871 1.334 -2.53 1.06 -0.074 -3.333 -2.653 -0.746 -2.284 -1.285 3.561
261 L -1.541 -2.186 -3.362 -3.62 -0.15 -2.64 -3.306 -3.383 -2.314 2.005 4.037 -2.478 2.132 0.833 -3.604 -3.158 -1.581 -1.65 -1.056 1.106
262 A 3.918 -1.484 -1.662 -1.687 0.68 -1.32 -1.298 0.374 -1.211 -0.83 -1.321 -0.849 -0.874 -1.848 -1.475 0.455 -0.422 -2.44 -1.756 0.139
263 F -2.334 -2.896 -2.86 -3.314 -1.374 -3.864 -3.482 -2.875 -0.828 0.277 0.565 -3.304 0.201 6.515 -4.448 -3.031 -2.371 0.852 2.931 -0.507
264 C -1.239 -3.109 -2.912 -3.366 7.741 -3.654 -3.695 -2.497 -1.698 -0.184 -0.135 -3.207 -0.368 4.66 -3.761 -2.271 -1.796 -0.521 1.302 -0.458
265 V -0.749 -2.777 -3.091 -3.173 0.105 -2.882 -3.263 -3.205 -2.811 3.871 1.334 -2.53 1.06 -0.074 -3.333 -2.653 -0.746 -2.284 -1.285 3.561
266 F -2.334 -2.896 -2.86 -3.314 -1.374 -3.864 -3.482 -2.875 -0.828 0.277 0.565 -3.304 0.201 6.515 -4.448 -3.031 -2.371 0.852 2.931 -0.507
267 F -2.062 -2.283 -2.47 -3.164 -1.557 -2.64 -2.869 -2.903 0.996 -0.213 -0.079 -2.501 -0.207 5.346 -3.837 -2.719 -2.227 1.671 5.356 -0.734
268 L -0.814 -2.332 -3.138 -3.383 0.105 -2.614 -3.092 -3.161 -2.599 2.562 2.887 -2.433 1.555 0.282 -3.38 -2.688 -0.961 -1.995 -1.168 2.993
269 F 2.231 -2.104 -2.199 -2.388 -0.168 -2.32 -2.188 -0.816 -1.013 -0.224 -0.227 -1.823 -0.286 4.669 -2.595 -0.791 -1.235 -0.348 1.45 -0.166
270 I 0.097 -1.686 -0.809 -1.357 -0.037 -1.598 -1.715 -1.326 -1.371 2.816 0.32 -1.24 0.296 -0.665 -2.315 1.566 0.153 -2.361 -1.511 1.474
271 G -0.01 -1.656 -0.285 -1.164 -0.51 -1.598 -1.933 4.043 -1.444 -1.348 -2.015 -1.189 -1.406 -2.077 -2.182 -0.024 2.567 -2.31 -2.338 -0.921
272 V -0.234 -2.486 -2.929 -3.164 0.34 -2.587 -2.894 -2.955 -2.915 3.03 0.945 -2.388 0.832 -0.398 -3.171 -2.284 -0.451 -2.387 -1.285 4.125
273 P -0.836 -2.014 -1.934 -1.564 -1.457 -1.933 -1.622 -1.852 -1.608 -2.318 -2.75 -1.064 -2.403 -3.336 6.663 -1.452 -1.348 -4.549 -2.636 -2.162
274 V -0.234 -2.486 -2.929 -3.164 0.34 -2.587 -2.894 -2.955 -2.915 3.03 0.945 -2.388 0.832 -0.398 -3.171 -2.284 -0.451 -2.387 -1.285 4.125
275 V -0.749 -2.777 -3.091 -3.173 0.105 -2.882 -3.263 -3.205 -2.811 3.871 1.334 -2.53 1.06 -0.074 -3.333 -2.653 -0.746 -2.284 -1.285 3.561
276 A 3.918 -1.484 -1.662 -1.687 0.68 -1.32 -1.298 0.374 -1.211 -0.83 -1.321 -0.849 -0.874 -1.848 -1.475 0.455 -0.422 -2.44 -1.756 0.139
277 Y -1.812 -1.777 -2.126 -3.022 -1.752 -1.784 -2.363 -2.932 2.105 -0.804 -0.91 -1.873 -0.682 3.348 -3.333 -2.437 -2.089 2.309 6.655 -0.979
278 R -1.534 5.51 -0.462 -1.564 -2.259 0.518 -0.561 -2.128 0.098 -2.612 -2.028 2.018 -1.224 -2.472 -2.704 -1.406 -1.454 -2.234 -1.772 -2.162
279 L -0.739 -1.588 -1.322 -2.033 -0.011 -1.77 -2.184 -2.177 -1.828 1.101 2.493 -1.513 1.097 -0.129 -2.489 -0.623 2.605 -1.905 -1.363 0.701
280 A 3.918 -1.484 -1.662 -1.687 0.68 -1.32 -1.298 0.374 -1.211 -0.83 -1.321 -0.849 -0.874 -1.848 -1.475 0.455 -0.422 -2.44 -1.756 0.139
281 E -0.919 -0.122 -0.338 1.518 -2.411 1.346 4.494 -1.95 0.392 -2.764 -2.703 0.677 -1.754 -2.608 -1.882 -0.791 -1.301 -2.387 -1.908 -2.134
282 L -1.541 -2.186 -3.362 -3.62 -0.15 -2.64 -3.306 -3.383 -2.314 2.005 4.037 -2.478 2.132 0.833 -3.604 -3.158 -1.581 -1.65 -1.056 1.106
283 L -1.541 -2.186 -3.362 -3.62 -0.15 -2.64 -3.306 -3.383 -2.314 2.005 4.037 -2.478 2.132 0.833 -3.604 -3.158 -1.581 -1.65 -1.056 1.106
284 R -1.534 5.51 -0.462 -1.564 -2.259 0.518 -0.561 -2.128 0.098 -2.612 -2.028 2.018 -1.224 -2.472 -2.704 -1.406 -1.454 -2.234 -1.772 -2.162
285 V -0.749 -2.777 -3.091 -3.173 0.105 -2.882 -3.263 -3.205 -2.811 3.871 1.334 -2.53 1.06 -0.074 -3.333 -2.653 -0.746 -2.284 -1.285 3.561
286 C -1.239 -3.109 -2.912 -3.366 7.741 -3.654 -3.695 -2.497 -1.698 -0.184 -0.135 -3.207 -0.368 4.66 -3.761 -2.271 -1.796 -0.521 1.302 -0.458
287 Y -1.812 -1.777 -2.126 -3.022 -1.752 -1.784 -2.363 -2.932 2.105 -0.804 -0.91 -1.873 -0.682 3.348 -3.333 -2.437 -2.089 2.309 6.655 -0.979
288 P -0.836 -2.014 -1.934 -1.564 -1.457 -1.933 -1.622 -1.852 -1.608 -2.318 -2.75 -1.064 -2.403 -3.336 6.663 -1.452 -1.348 -4.549 -2.636 -2.162
289 L -1.301 -1.757 -2.818 -3.189 -0.159 -1.738 -2.79 -2.955 -1.563 1.811 3.24 -1.92 4.367 0.656 -3.418 -2.531 -1.301 -1.473 -0.942 1.048
290 A 3.918 -1.484 -1.662 -1.687 0.68 -1.32 -1.298 0.374 -1.211 -0.83 -1.321 -0.849 -0.874 -1.848 -1.475 0.455 -0.422 -2.44 -1.756 0.139
291 L -1.458 -2.607 -3.312 -3.392 -0.15 -2.911 -3.49 -3.43 -2.505 3.529 3.092 -2.577 1.734 0.542 -3.554 -3.117 -1.317 -1.905 -1.168 2.114
292 V -0.234 -2.486 -2.929 -3.164 0.34 -2.587 -2.894 -2.955 -2.915 3.03 0.945 -2.388 0.832 -0.398 -3.171 -2.284 -0.451 -2.387 -1.285 4.125
293 L -1.541 -2.186 -3.362 -3.62 -0.15 -2.64 -3.306 -3.383 -2.314 2.005 4.037 -2.478 2.132 0.833 -3.604 -3.158 -1.581 -1.65 -1.056 1.106
294 L -1.458 -2.607 -3.312 -3.392 -0.15 -2.911 -3.49 -3.43 -2.505 3.529 3.092 -2.577 1.734 0.542 -3.554 -3.117 -1.317 -1.905 -1.168 2.114
295 L -1.541 -2.186 -3.362 -3.62 -0.15 -2.64 -3.306 -3.383 -2.314 2.005 4.037 -2.478 2.132 0.833 -3.604 -3.158 -1.581 -1.65 -1.056 1.106
296 D -0.017 -1.134 0.869 4.164 -0.898 -0.717 0.358 -0.57 -0.498 -2.29 -2.852 -0.544 -1.844 -2.39 -1.854 1.864 0.046 -2.998 -2.328 -1.973
297 H -1.233 1.121 0.119 -0.839 -2.15 0.362 -0.065 -1.514 6.159 -2.38 -2.412 2.923 -1.242 -1.667 -2.169 -1.209 -1.598 -1.95 0.428 -2.471
298 I -1.377 -3.101 -3.263 -3.181 -0.15 -3.209 -3.687 -3.479 -2.711 4.521 1.677 -2.679 1.271 0.218 -3.505 -3.076 -1.075 -2.185 -1.285 2.86
299 K -0.826 2.094 -0.268 -0.722 -1.977 0.807 0.313 -1.342 -0.243 -2.123 -2.24 4.49 -1.224 -2.806 -1.687 -0.881 -1.082 -2.549 -1.789 -1.999
300 N -1.66 -0.415 5.643 1.281 -1.846 -0.527 -0.725 -0.155 0.968 -2.712 -3.152 -0.296 -2.161 -2.374 -2.588 -0.118 -0.451 -2.966 -2.069 -2.56
301 N -1.515 -1.456 3.772 -0.161 -0.875 -1.567 -1.842 -1.362 -0.321 2.747 0.173 -1.248 0.038 -0.796 -3.01 -1.234 -0.746 -2.549 -1.65 1.271
302 H -1.684 -0.386 4.086 0.373 -2.08 -0.34 -0.611 -0.824 6.24 -2.687 -2.86 -0.521 -1.676 -1.514 -2.667 -0.757 -1.204 -2.112 0.366 -2.788
303 N -1.355 -0.859 3.818 -0.094 -0.887 -0.777 -1.426 -1.12 0.16 0.187 0.563 -0.816 3.8 -0.617 -2.896 -0.914 -0.733 -2.018 -1.385 -0.271
304 R -1.159 4.281 -0.363 -1.112 -2.115 0.666 -0.091 -1.708 -0.067 -2.357 -2.132 3.511 -1.224 -2.634 -2.151 -1.132 -1.262 -2.387 -1.78 -2.079
305 Y -0.916 -2.11 -2.5 -3.092 -0.52 -2.158 -2.616 -2.944 0.571 1.708 0.164 -2.119 0.173 2.045 -3.251 -2.36 -1.156 0.826 4.833 2.579
306 L -1.91 -2.52 -3.1 -3.463 -0.698 -3.188 -3.393 -3.117 -1.476 1.268 2.795 -2.862 1.326 4.892 -3.996 -3.094 -1.949 -0.136 1.577 0.411
307 F -1.816 -2.997 -3.054 -3.247 -0.698 -3.518 -3.583 -3.161 -1.619 3.118 1.174 -2.975 0.786 4.823 -3.938 -3.053 -1.651 -0.284 1.533 1.642
308 A 2.345 -2.18 -2.353 -2.338 0.295 -2.113 -2.252 -0.952 -1.865 2.941 0.551 -1.621 0.394 -0.634 -2.315 -0.801 -0.73 -2.31 -1.511 1.809
309 V -0.749 -2.777 -3.091 -3.173 0.105 -2.882 -3.263 -3.205 -2.811 3.871 1.334 -2.53 1.06 -0.074 -3.333 -2.653 -0.746 -2.284 -1.285 3.561
310 L -1.458 -2.607 -3.312 -3.392 -0.15 -2.911 -3.49 -3.43 -2.505 3.529 3.092 -2.577 1.734 0.542 -3.554 -3.117 -1.317 -1.905 -1.168 2.114
311 F -1.816 -2.997 -3.054 -3.247 -0.698 -3.518 -3.583 -3.161 -1.619 3.118 1.174 -2.975 0.786 4.823 -3.938 -3.053 -1.651 -0.284 1.533 1.642
312 V -0.234 -2.486 -2.929 -3.164 0.34 -2.587 -2.894 -2.955 -2.915 3.03 0.945 -2.388 0.832 -0.398 -3.171 -2.284 -0.451 -2.387 -1.285 4.125
313 I -1.377 -3.101 -3.263 -3.181 -0.15 -3.209 -3.687 -3.479 -2.711 4.521 1.677 -2.679 1.271 0.218 -3.505 -3.076 -1.075 -2.185 -1.285 2.86
314 L -1.673 -1.975 -2.678 -3.306 -0.841 -2.18 -2.796 -3.148 0.67 0.93 2.515 -2.16 1.056 2.356 -3.466 -2.775 -1.824 0.961 4.848 0.248
315 S 1.068 -0.741 0.497 -0.249 0.072 -0.57 -0.555 -0.106 -0.46 -1.911 -2.328 -0.285 -1.187 -1.943 -1.475 3.262 1.011 -2.549 -1.756 -1.292
316 G -0.551 -2.705 -1.519 -2.105 -0.676 -2.658 -3.106 3.922 -2.028 2.712 0.126 -2.119 -0.072 -0.881 -3.119 -1.857 -1.466 -2.31 -2.069 1.232
317 L -1.541 -2.186 -3.362 -3.62 -0.15 -2.64 -3.306 -3.383 -2.314 2.005 4.037 -2.478 2.132 0.833 -3.604 -3.158 -1.581 -1.65 -1.056 1.106
318 L -1.08 -1.383 -2.36 -2.814 -0.168 -1.051 -2.353 -2.583 -0.968 1.603 2.135 -1.452 5.611 0.468 -3.242 -2.016 -1.046 -1.306 -0.832 0.99
319 L -1.541 -2.186 -3.362 -3.62 -0.15 -2.64 -3.306 -3.383 -2.314 2.005 4.037 -2.478 2.132 0.833 -3.604 -3.158 -1.581 -1.65 -1.056 1.106
320 G -0.875 -2.614 -1.403 -2.15 -1.347 -2.911 -3.02 3.948 -1.134 -0.97 -0.796 -2.361 -0.89 4.631 -3.495 -1.842 -2.136 -0.348 1.262 -1.452
321 I -1.377 -3.101 -3.263 -3.181 -0.15 -3.209 -3.687 -3.479 -2.711 4.521 1.677 -2.679 1.271 0.218 -3.505 -3.076 -1.075 -2.185 -1.285 2.86
322 T -0.112 -1.093 -0.139 -1.014 0.122 -1.103 -1.378 -1.329 -1.413 -0.224 -1.057 -0.791 -0.532 -1.58 -1.687 0.705 4.245 -2.185 -1.706 0.229
323 L -1.91 -2.52 -3.1 -3.463 -0.698 -3.188 -3.393 -3.117 -1.476 1.268 2.795 -2.862 1.326 4.892 -3.996 -3.094 -1.949 -0.136 1.577 0.411
324 R -1.534 5.51 -0.462 -1.564 -2.259 0.518 -0.561 -2.128 0.098 -2.612 -2.028 2.018 -1.224 -2.472 -2.704 -1.406 -1.454 -2.234 -1.772 -2.162
325 A 3.918 -1.484 -1.662 -1.687 0.68 -1.32 -1.298 0.374 -1.211 -0.83 -1.321 -0.849 -0.874 -1.848 -1.475 0.455 -0.422 -2.44 -1.756 0.139
326 V -0.234 -2.486 -2.929 -3.164 0.34 -2.587 -2.894 -2.955 -2.915 3.03 0.945 -2.388 0.832 -0.398 -3.171 -2.284 -0.451 -2.387 -1.285 4.125
327 S 1.068 -0.741 0.497 -0.249 0.072 -0.57 -0.555 -0.106 -0.46 -1.911 -2.328 -0.285 -1.187 -1.943 -1.475 3.262 1.011 -2.549 -1.756 -1.292
328 F -1.816 -2.997 -3.054 -3.247 -0.698 -3.518 -3.583 -3.161 -1.619 3.118 1.174 -2.975 0.786 4.823 -3.938 -3.053 -1.651 -0.284 1.533 1.642
329 V -0.229 -2.482 -2.925 -3.16 0.345 -2.583 -2.889 -2.95 -2.91 3.034 0.95 -2.383 0.836 -0.394 -3.167 -2.279 -0.446 -2.382 -1.28 4.112
330 G 0.095 -2.353 -0.435 -1.318 -1.315 -2.191 -2.617 5.805 -1.472 -3.211 -3.456 -1.646 -2.662 -2.673 -2.775 -0.998 -1.915 -2.435 -3.143 -2.86
331 Q -0.878 1.012 -0.088 -0.352 -1.906 4.865 1.397 -1.474 0.774 -2.235 -1.986 1.227 -0.398 -2.954 -2.146 -0.75 -0.97 -2.18 -1.28 -1.782
332 G 0.09 -2.358 -0.44 -1.323 -1.32 -2.195 -2.622 5.809 -1.476 -3.215 -3.461 -1.651 -2.667 -2.678 -2.779 -1.002 -1.919 -2.44 -3.148 -2.864
333 L 0.049 -1.374 -0.83 -1.468 -0.037 -1.423 -1.614 -1.302 -1.24 0.666 2.339 -1.178 0.926 -0.233 -2.348 1.558 -0.003 -2.065 -1.385 0.149