#Seq2Logo.py -f /work3/idamei/wzy_ssn/run/1e-50/run/150/MSAs/0004_162.afa -o /work3/idamei/wzy_ssn/run/1e-50/run/150/logos/0004_162.logo
Last position-specific scoring matrix computed, values are in halfbits
A R N D C Q E G H I L K M F P S T W Y V
0 L -1.087 -1.39 -2.367 -2.821 -0.175 -1.058 -2.36 -2.59 -0.975 1.596 2.128 -1.459 5.647 0.461 -3.249 -2.023 -1.053 -1.313 -0.839 0.982
1 L -0.821 -2.34 -3.145 -3.39 0.098 -2.621 -3.099 -3.168 -2.606 2.555 2.894 -2.44 1.548 0.275 -3.387 -2.695 -0.968 -2.003 -1.175 3.006
2 L -1.917 -2.527 -3.108 -3.47 -0.705 -3.195 -3.4 -3.125 -1.484 1.261 2.802 -2.869 1.318 4.901 -4.003 -3.101 -1.956 -0.143 1.57 0.403
3 V -0.756 -2.784 -3.098 -3.18 0.098 -2.889 -3.27 -3.212 -2.818 3.88 1.327 -2.537 1.053 -0.081 -3.34 -2.66 -0.753 -2.291 -1.292 3.57
4 I -0.683 -1.933 -1.304 -1.906 -0.018 -1.975 -2.314 -2.215 -1.997 3.045 0.615 -1.59 0.501 -0.551 -2.462 -0.613 2.686 -2.192 -1.495 1.828
5 L 0.042 -1.381 -0.838 -1.475 -0.044 -1.43 -1.621 -1.31 -1.248 0.659 2.349 -1.185 0.919 -0.241 -2.355 1.58 -0.01 -2.072 -1.392 0.142
6 L -1.548 -2.194 -3.37 -3.627 -0.157 -2.647 -3.313 -3.39 -2.321 1.998 4.049 -2.485 2.125 0.826 -3.612 -3.166 -1.588 -1.658 -1.063 1.099
7 V 0.483 -1.491 -0.742 -1.36 0.202 -1.413 -1.501 -1.2 -1.441 1.501 -0.257 -1.156 -0.012 -1.076 -2.208 1.677 0.364 -2.474 -1.518 2.551
8 L -1.465 -2.615 -3.319 -3.399 -0.157 -2.918 -3.497 -3.438 -2.513 3.54 3.098 -2.584 1.727 0.535 -3.561 -3.124 -1.324 -1.912 -1.175 2.107
9 S 1.061 -0.748 0.49 -0.256 0.065 -0.577 -0.562 -0.113 -0.467 -1.918 -2.336 -0.292 -1.194 -1.95 -1.482 3.287 1.004 -2.556 -1.763 -1.3
10 F -1.647 -2.049 -2.606 -3.06 -0.716 -2.135 -2.87 -2.732 -0.904 1.008 1.448 -2.239 4.053 4.858 -3.79 -2.486 -1.64 -0.037 1.617 0.33
11 I -1.384 -3.108 -3.27 -3.188 -0.157 -3.217 -3.694 -3.486 -2.718 4.54 1.67 -2.686 1.264 0.211 -3.512 -3.084 -1.082 -2.192 -1.292 2.853
12 L -1.465 -2.615 -3.319 -3.399 -0.157 -2.918 -3.497 -3.438 -2.513 3.54 3.098 -2.584 1.727 0.535 -3.561 -3.124 -1.324 -1.912 -1.175 2.107
13 A 3.935 -1.491 -1.669 -1.694 0.673 -1.327 -1.306 0.367 -1.218 -0.837 -1.328 -0.856 -0.881 -1.855 -1.482 0.448 -0.429 -2.447 -1.763 0.131
14 F 2.246 -2.112 -2.206 -2.395 -0.175 -2.327 -2.196 -0.823 -1.02 -0.231 -0.234 -1.83 -0.293 4.68 -2.602 -0.798 -1.242 -0.355 1.443 -0.174
15 L 0.042 -1.381 -0.838 -1.475 -0.044 -1.43 -1.621 -1.31 -1.248 0.659 2.349 -1.185 0.919 -0.241 -2.355 1.58 -0.01 -2.072 -1.392 0.142
16 L -1.465 -2.615 -3.319 -3.399 -0.157 -2.918 -3.497 -3.438 -2.513 3.54 3.098 -2.584 1.727 0.535 -3.561 -3.124 -1.324 -1.912 -1.175 2.107
17 G 0.613 -1.445 0.059 -0.743 -0.548 -1.277 -1.414 4.164 -0.931 -2.498 -2.846 -0.895 -1.84 -2.295 -2.062 1.874 -0.104 -2.501 -2.376 -1.98
18 R -1.462 3.665 -1.542 -2.268 -1.023 -0.789 -1.727 -2.732 -0.984 2.772 0.375 0.529 0.278 -0.832 -3.084 -2.129 -1.265 -2.216 -1.525 1.319
19 F -1.914 3.675 -1.426 -2.315 -1.79 -0.918 -1.674 -2.484 -0.335 -0.827 -0.457 0.435 -0.431 4.65 -3.453 -2.113 -1.883 -0.304 1.44 -1.225
20 Q -0.89 1.0 -0.1 -0.364 -1.918 4.908 1.385 -1.486 0.762 -2.247 -1.998 1.215 -0.41 -2.966 -2.158 -0.762 -0.982 -2.192 -1.292 -1.794
21 R -1.166 4.289 -0.371 -1.119 -2.122 0.659 -0.098 -1.716 -0.074 -2.364 -2.139 3.522 -1.231 -2.641 -2.158 -1.139 -1.269 -2.394 -1.788 -2.086
22 D -1.725 -0.949 4.214 4.382 -2.104 -0.701 0.29 -0.606 0.306 -2.726 -3.324 -0.557 -2.424 -2.641 -2.442 -0.512 -0.899 -3.242 -2.522 -2.715
23 V 0.483 -1.491 -0.742 -1.36 0.202 -1.413 -1.501 -1.2 -1.441 1.501 -0.257 -1.156 -0.012 -1.076 -2.208 1.677 0.364 -2.474 -1.518 2.551
24 C -0.947 3.654 -1.457 -2.352 7.733 -0.841 -1.785 -2.153 -1.048 -1.528 -1.511 0.462 -1.157 -2.248 -2.952 -1.542 -1.392 -2.698 -2.246 -1.162
25 C -0.346 -2.888 -2.954 -3.296 7.798 -2.997 -3.37 -2.539 -2.94 1.716 0.106 -2.735 0.025 -1.107 -3.196 -1.968 -0.859 -2.787 -1.95 2.684
26 Y -1.82 -1.785 -2.133 -3.029 -1.759 -1.791 -2.371 -2.939 2.097 -0.811 -0.917 -1.88 -0.689 3.341 -3.34 -2.444 -2.097 2.301 6.67 -0.987
27 L -1.548 -2.194 -3.37 -3.627 -0.157 -2.647 -3.313 -3.39 -2.321 1.998 4.049 -2.485 2.125 0.826 -3.612 -3.166 -1.588 -1.658 -1.063 1.099
28 I -0.683 -1.933 -1.304 -1.906 -0.018 -1.975 -2.314 -2.215 -1.997 3.045 0.615 -1.59 0.501 -0.551 -2.462 -0.613 2.686 -2.192 -1.495 1.828
29 V -0.241 -2.494 -2.936 -3.172 0.333 -2.594 -2.901 -2.962 -2.922 3.022 0.938 -2.395 0.824 -0.406 -3.178 -2.291 -0.458 -2.394 -1.292 4.144
30 C -0.346 -2.888 -2.954 -3.296 7.798 -2.997 -3.37 -2.539 -2.94 1.716 0.106 -2.735 0.025 -1.107 -3.196 -1.968 -0.859 -2.787 -1.95 2.684
31 S 0.182 -1.051 -0.599 -1.262 -0.052 -0.808 -1.323 -1.094 -0.71 0.344 0.685 -0.817 3.905 -0.5 -2.233 1.712 0.155 -1.868 -1.264 0.061
32 F -0.165 -1.629 -0.726 -1.399 -0.568 -1.778 -1.67 -1.178 -0.645 -0.622 -0.541 -1.424 -0.417 4.675 -2.602 1.592 -0.218 -0.381 1.443 -0.88
33 S 1.061 -0.748 0.49 -0.256 0.065 -0.577 -0.562 -0.113 -0.467 -1.918 -2.336 -0.292 -1.194 -1.95 -1.482 3.287 1.004 -2.556 -1.763 -1.3
34 F -2.069 -2.29 -2.477 -3.172 -1.564 -2.647 -2.876 -2.91 0.989 -0.22 -0.087 -2.508 -0.214 5.352 -3.844 -2.726 -2.234 1.664 5.366 -0.741
35 L -1.465 -2.615 -3.319 -3.399 -0.157 -2.918 -3.497 -3.438 -2.513 3.54 3.098 -2.584 1.727 0.535 -3.561 -3.124 -1.324 -1.912 -1.175 2.107
36 F -2.069 -2.29 -2.477 -3.172 -1.564 -2.647 -2.876 -2.91 0.989 -0.22 -0.087 -2.508 -0.214 5.352 -3.844 -2.726 -2.234 1.664 5.366 -0.741
37 A 2.842 -1.096 -0.392 -0.886 0.385 -0.928 -0.91 0.137 -0.818 -1.328 -1.788 -0.56 -1.033 -1.902 -1.482 2.203 0.375 -2.501 -1.763 -0.496
38 F -1.823 -3.004 -3.062 -3.254 -0.705 -3.525 -3.59 -3.168 -1.626 3.132 1.167 -2.982 0.778 4.832 -3.945 -3.061 -1.658 -0.291 1.526 1.635
39 F -1.104 -2.691 -2.902 -3.246 -0.399 -3.163 -3.18 -2.922 -1.694 1.963 0.754 -2.817 0.527 4.776 -3.747 -2.64 -1.261 -0.342 1.526 2.668
40 F -1.104 -2.691 -2.902 -3.246 -0.399 -3.163 -3.18 -2.922 -1.694 1.963 0.754 -2.817 0.527 4.776 -3.747 -2.64 -1.261 -0.342 1.526 2.668
41 L -1.094 -1.397 -2.374 -2.828 -0.182 -1.065 -2.367 -2.597 -0.982 1.589 2.121 -1.467 5.683 0.453 -3.256 -2.031 -1.06 -1.32 -0.846 0.975
42 C -0.965 -3.198 -2.944 -3.398 8.555 -3.602 -3.784 -2.396 -2.073 -0.369 -0.427 -3.19 -0.6 3.648 -3.578 -2.071 -1.641 -1.191 0.447 -0.456
43 L -1.25 -2.41 -2.79 -2.661 -0.538 -2.561 -2.74 -2.818 -2.188 2.563 2.117 -1.994 0.875 -0.289 3.668 -2.464 -1.341 -2.563 -1.594 1.241
44 V -0.785 -2.636 -3.121 -3.255 0.091 -2.804 -3.219 -3.205 -2.753 3.507 1.948 -2.511 1.22 0.036 -3.363 -2.679 -0.83 -2.199 -1.26 3.404
45 F -2.349 -2.911 -2.875 -3.329 -1.388 -3.878 -3.497 -2.889 -0.843 0.262 0.55 -3.319 0.187 6.537 -4.462 -3.045 -2.385 0.837 2.917 -0.522
46 L -1.643 -2.058 -2.903 -3.421 -0.606 -2.34 -2.971 -3.239 -0.042 1.32 3.136 -2.276 1.446 1.918 -3.525 -2.912 -1.755 0.308 3.883 0.549
47 L -1.555 -2.201 -3.377 -3.634 -0.165 -2.655 -3.32 -3.397 -2.328 1.991 4.061 -2.492 2.118 0.819 -3.619 -3.173 -1.595 -1.665 -1.07 1.092
48 L -1.297 -0.011 -1.948 -2.321 -0.655 -1.011 -1.568 -2.547 -1.462 1.147 3.048 1.823 1.367 0.031 -2.83 -2.201 -1.419 -1.934 -1.295 0.376
49 K -0.841 2.079 -0.282 -0.736 -1.992 0.793 0.299 -1.357 -0.257 -2.137 -2.255 4.526 -1.238 -2.82 -1.701 -0.895 -1.096 -2.563 -1.803 -2.013
50 F -2.349 -2.911 -2.875 -3.329 -1.388 -3.878 -3.497 -2.889 -0.843 0.262 0.55 -3.319 0.187 6.537 -4.462 -3.045 -2.385 0.837 2.917 -0.522
51 N -1.061 -0.638 4.689 0.684 -1.047 -0.721 -0.941 -0.51 0.356 -1.642 -2.288 -0.466 -1.525 -2.099 -2.269 0.169 2.057 -2.696 -1.957 -1.323
52 G -0.423 -2.092 0.201 3.126 -1.644 -1.698 -0.851 4.779 -1.142 -3.057 -3.485 -1.364 -2.691 -2.771 -2.621 -1.0 -1.755 -2.774 -3.127 -2.879
53 D -1.441 -0.656 3.337 3.707 -2.212 0.142 2.448 -0.997 0.326 -2.748 -3.111 -0.095 -2.193 -2.64 -2.253 -0.612 -1.036 -2.938 -2.312 -2.518
54 N 1.505 -0.743 4.614 0.572 -0.755 -0.782 -0.918 0.018 0.393 -1.955 -2.419 -0.483 -1.68 -2.202 -2.182 0.072 -0.456 -2.794 -1.975 -1.374
55 G -0.546 -0.195 -0.301 0.179 -1.861 2.674 2.367 3.047 0.034 -2.727 -2.67 0.309 -1.471 -2.759 -2.261 -0.862 -1.387 -2.35 -2.028 -2.242
56 L -1.499 -2.474 -3.343 -3.48 -0.165 -2.832 -3.441 -3.429 -2.454 3.119 3.459 -2.558 1.859 0.628 -3.585 -3.145 -1.416 -1.832 -1.145 1.801
57 V -0.581 -2.691 -3.051 -3.184 0.171 -2.794 -3.149 -3.134 -2.86 3.626 1.196 -2.496 0.971 -0.192 -3.293 -2.539 -0.659 -2.332 -1.299 3.787
58 F -2.349 -2.911 -2.875 -3.329 -1.388 -3.878 -3.497 -2.889 -0.843 0.262 0.55 -3.319 0.187 6.537 -4.462 -3.045 -2.385 0.837 2.917 -0.522
59 P -0.851 -2.028 -1.948 -1.578 -1.471 -1.947 -1.637 -1.867 -1.622 -2.332 -2.765 -1.078 -2.417 -3.35 6.677 -1.466 -1.363 -4.563 -2.65 -2.176
60 D -1.791 -1.602 1.185 5.854 -2.387 -0.886 1.036 -1.138 -0.55 -2.74 -3.506 -0.844 -2.712 -2.934 -2.304 -0.966 -1.427 -3.545 -3.058 -2.879
61 E -0.933 -0.136 -0.353 1.504 -2.425 1.332 4.527 -1.964 0.378 -2.778 -2.717 0.662 -1.768 -2.622 -1.896 -0.805 -1.315 -2.402 -1.922 -2.148
62 A 2.028 -1.198 -0.92 -1.406 0.203 -0.978 -1.325 -0.528 -0.877 -0.006 0.149 -0.837 3.026 -0.892 -1.968 1.362 -0.034 -2.056 -1.428 0.078
63 L -1.796 -2.418 -3.199 -3.529 -0.518 -3.008 -3.378 -3.217 -1.744 1.521 3.289 -2.742 1.606 4.069 -3.874 -3.129 -1.835 -0.573 0.921 0.647
64 Y -1.827 -1.792 -2.14 -3.036 -1.766 -1.798 -2.378 -2.946 2.09 -0.818 -0.924 -1.887 -0.696 3.334 -3.347 -2.451 -2.104 2.294 6.685 -0.994
65 V -0.581 -2.691 -3.051 -3.184 0.171 -2.794 -3.149 -3.134 -2.86 3.626 1.196 -2.496 0.971 -0.192 -3.293 -2.539 -0.659 -2.332 -1.299 3.787
66 N -1.724 -0.816 4.598 0.405 -1.829 -0.902 -1.19 -0.835 1.384 -1.942 -2.213 -0.746 -1.594 0.866 -2.83 -0.719 -0.916 -0.071 3.779 -1.947
67 D -1.476 -1.027 0.757 4.987 -2.399 0.055 2.707 -1.388 -0.207 -2.752 -3.218 -0.25 -2.362 -2.826 -2.161 -0.912 -1.389 -3.112 -2.628 -2.614
68 N -0.49 -0.936 3.105 -0.185 -1.047 -0.919 -1.122 -0.814 1.041 -1.716 -1.993 -0.742 -1.294 0.915 -2.378 1.191 -0.255 -0.017 3.793 -1.548
69 T 0.323 -0.985 0.075 -0.75 0.091 -0.928 -1.091 -0.876 -1.073 -0.699 -1.436 -0.627 -0.748 -1.711 -1.629 1.848 3.545 -2.315 -1.737 -0.209
70 S 1.054 -0.755 0.483 -0.263 0.058 -0.584 -0.569 -0.121 -0.474 -1.926 -2.343 -0.299 -1.201 -1.958 -1.49 3.311 0.997 -2.563 -1.77 -1.307
71 K -0.859 1.76 -0.223 -0.609 -1.969 2.887 0.705 -1.401 0.121 -2.176 -2.169 3.78 -0.938 -2.87 -1.848 -0.853 -1.06 -2.437 -1.625 -1.941
72 L -1.555 -2.201 -3.377 -3.634 -0.165 -2.655 -3.32 -3.397 -2.328 1.991 4.061 -2.492 2.118 0.819 -3.619 -3.173 -1.595 -1.665 -1.07 1.092
73 L -1.521 -2.355 -2.671 -2.697 -0.944 -2.721 -2.689 -2.646 -1.534 0.473 1.841 -2.145 0.513 3.821 3.646 -2.451 -1.749 -1.024 0.71 -0.236
74 F -2.349 -2.911 -2.875 -3.329 -1.388 -3.878 -3.497 -2.889 -0.843 0.262 0.55 -3.319 0.187 6.537 -4.462 -3.045 -2.385 0.837 2.917 -0.522
75 S 1.054 -0.755 0.483 -0.263 0.058 -0.584 -0.569 -0.121 -0.474 -1.926 -2.343 -0.299 -1.201 -1.958 -1.49 3.311 0.997 -2.563 -1.77 -1.307
76 R -1.583 2.716 -1.733 -2.507 -1.255 -1.093 -1.933 -2.807 0.43 2.005 -0.002 -0.082 -0.017 1.278 -3.174 -2.238 -1.524 0.132 3.831 0.728
77 Y -1.827 -1.792 -2.14 -3.036 -1.766 -1.798 -2.378 -2.946 2.09 -0.818 -0.924 -1.887 -0.696 3.334 -3.347 -2.451 -2.104 2.294 6.685 -0.994
78 V -0.581 -2.691 -3.051 -3.184 0.171 -2.794 -3.149 -3.134 -2.86 3.626 1.196 -2.496 0.971 -0.192 -3.293 -2.539 -0.659 -2.332 -1.299 3.787
79 R -1.315 4.651 -0.348 -1.117 -2.153 2.797 0.232 -1.909 0.326 -2.497 -2.03 1.762 -0.938 -2.64 -2.522 -1.187 -1.3 -2.232 -1.615 -2.046
80 F -1.796 -1.667 -1.772 -0.748 -1.694 -1.018 1.694 -2.547 -0.376 -0.444 -0.188 -1.331 -0.33 5.427 -3.335 -2.093 -1.983 0.103 2.004 -0.969
81 I -1.676 -3.045 -3.136 -3.239 -0.518 -3.426 -3.631 -3.277 -1.953 3.697 1.337 -2.887 0.942 3.947 -3.8 -3.075 -1.46 -0.804 0.846 2.093
82 D -1.418 0.452 0.511 3.2 -2.237 -0.008 0.342 -1.392 5.149 -2.505 -2.743 2.145 -1.665 -2.042 -2.223 -1.135 -1.549 -2.402 -0.353 -2.61
83 E -0.61 0.598 -0.262 0.149 -1.212 0.511 2.243 -1.54 -0.342 -1.507 -1.929 2.368 -1.14 -2.294 -1.765 -0.241 1.87 -2.384 -1.814 -1.099
84 L -1.029 -1.156 2.971 -0.486 -0.518 -1.308 -1.626 -1.35 -0.587 0.278 1.536 -1.062 0.345 -0.716 -2.536 -0.459 1.924 -2.232 -1.594 -0.052
85 F -2.349 -2.911 -2.875 -3.329 -1.388 -3.878 -3.497 -2.889 -0.843 0.262 0.55 -3.319 0.187 6.537 -4.462 -3.045 -2.385 0.837 2.917 -0.522
86 G 0.005 -1.501 0.481 3.217 -1.047 -1.145 -0.354 3.22 -0.803 -2.581 -3.055 -0.882 -2.108 -2.497 -2.145 1.214 -0.487 -2.814 -2.591 -2.255
87 L -1.555 -2.201 -3.377 -3.634 -0.165 -2.655 -3.32 -3.397 -2.328 1.991 4.061 -2.492 2.118 0.819 -3.619 -3.173 -1.595 -1.665 -1.07 1.092
88 D -1.791 -1.602 1.185 5.854 -2.387 -0.886 1.036 -1.138 -0.55 -2.74 -3.506 -0.844 -2.712 -2.934 -2.304 -0.966 -1.427 -3.545 -3.058 -2.879
89 V -1.201 -2.831 -3.026 -3.233 -0.323 -3.188 -3.349 -3.105 -2.004 3.103 1.085 -2.78 0.787 3.896 -3.673 -2.788 -1.207 -0.845 0.846 2.738
90 V -0.581 -2.691 -3.051 -3.184 0.171 -2.794 -3.149 -3.134 -2.86 3.626 1.196 -2.496 0.971 -0.192 -3.293 -2.539 -0.659 -2.332 -1.299 3.787
91 R -1.548 5.537 -0.476 -1.578 -2.273 0.503 -0.575 -2.142 0.084 -2.626 -2.042 2.004 -1.238 -2.486 -2.718 -1.42 -1.468 -2.248 -1.786 -2.176
92 W 1.614 -2.096 -2.521 -2.716 -0.176 -2.179 -2.293 -1.275 -1.659 0.911 -0.444 -1.897 -0.303 -0.136 -2.945 -1.277 -1.027 7.517 0.266 1.87
93 I -0.958 -2.895 -3.162 -3.19 0.008 -3.001 -3.412 -3.308 -2.792 4.13 1.439 -2.593 1.118 0.012 -3.404 -2.802 -0.866 -2.265 -1.299 3.355
94 N -1.674 -0.429 5.673 1.267 -1.861 -0.541 -0.74 -0.169 0.954 -2.727 -3.166 -0.31 -2.176 -2.389 -2.602 -0.132 -0.466 -2.981 -2.083 -2.575
95 I -1.391 -3.115 -3.277 -3.195 -0.165 -3.224 -3.701 -3.493 -2.725 4.558 1.662 -2.693 1.257 0.204 -3.519 -3.091 -1.089 -2.199 -1.299 2.846
96 F -1.145 -2.228 -1.745 -2.312 -0.412 -2.487 -2.663 -2.428 -1.563 2.391 0.589 -2.065 0.395 3.823 -2.994 -1.227 1.771 -0.804 0.784 1.229
97 L -1.051 -2.297 -3.225 -3.474 0.008 -2.637 -3.176 -3.247 -2.515 2.374 3.341 -2.462 1.746 0.463 -3.467 -2.851 -1.167 -1.89 -1.145 2.507
98 F -2.349 -2.911 -2.875 -3.329 -1.388 -3.878 -3.497 -2.889 -0.843 0.262 0.55 -3.319 0.187 6.537 -4.462 -3.045 -2.385 0.837 2.917 -0.522
99 N -0.041 -0.751 3.256 0.154 -0.432 -0.736 -0.879 -0.492 -0.148 -1.438 -2.063 -0.462 -1.232 -1.962 -1.892 1.683 2.311 -2.563 -1.853 -0.998
100 L -0.951 -2.024 -1.851 -2.381 -0.071 -2.19 -2.618 -2.563 -2.108 2.745 2.255 -1.866 1.142 -0.023 -2.804 -1.249 1.842 -2.01 -1.351 1.597
101 S 2.368 -0.982 -0.074 -0.668 0.275 -0.813 -0.797 0.048 -0.704 -1.519 -1.967 -0.475 -1.093 -1.926 -1.49 2.631 0.593 -2.527 -1.77 -0.747
102 L -1.796 -2.418 -3.199 -3.529 -0.518 -3.008 -3.378 -3.217 -1.744 1.521 3.289 -2.742 1.606 4.069 -3.874 -3.129 -1.835 -0.573 0.921 0.647
103 A 3.267 -1.229 -0.766 -1.139 0.477 -1.062 -1.043 0.208 -0.953 -1.162 -1.634 -0.663 -0.989 -1.894 -1.49 1.739 0.124 -2.49 -1.77 -0.279
104 F 1.639 -2.241 -2.437 -2.638 -0.003 -2.421 -2.419 -1.383 -1.534 1.286 0.205 -2.013 0.122 3.756 -2.789 -1.223 -0.964 -0.896 0.777 2.053
105 L -1.555 -2.201 -3.377 -3.634 -0.165 -2.655 -3.32 -3.397 -2.328 1.991 4.061 -2.492 2.118 0.819 -3.619 -3.173 -1.595 -1.665 -1.07 1.092
106 T 1.926 -1.231 -0.577 -1.236 0.306 -1.188 -1.365 -0.658 -1.358 -0.427 -1.157 -0.824 -0.656 -1.681 -1.629 0.61 3.385 -2.282 -1.737 0.185
107 S 1.054 -0.755 0.483 -0.263 0.058 -0.584 -0.569 -0.121 -0.474 -1.926 -2.343 -0.299 -1.201 -1.958 -1.49 3.311 0.997 -2.563 -1.77 -1.307
108 E -0.933 -0.136 -0.353 1.504 -2.425 1.332 4.527 -1.964 0.378 -2.778 -2.717 0.662 -1.768 -2.622 -1.896 -0.805 -1.315 -2.402 -1.922 -2.148
109 I -1.391 -3.115 -3.277 -3.195 -0.165 -3.224 -3.701 -3.493 -2.725 4.558 1.662 -2.693 1.257 0.204 -3.519 -3.091 -1.089 -2.199 -1.299 2.846
110 C -0.022 -1.641 -1.203 -1.827 6.715 -1.461 -1.968 -1.417 -1.291 0.019 0.203 -1.409 3.009 -0.934 -2.531 0.973 -0.266 -2.265 -1.699 -0.096
111 S 0.416 -1.162 -0.331 -1.016 -0.014 -1.124 -1.231 -0.861 -0.971 0.019 1.458 -0.863 0.363 -0.713 -2.041 2.29 0.362 -2.232 -1.517 -0.271
112 R -1.375 3.298 -0.855 -1.634 -2.003 0.041 -0.684 -2.076 0.836 -1.756 -1.679 2.575 -1.046 0.811 -2.508 -1.519 -1.527 0.08 3.805 -1.679
113 L -0.951 -2.024 -1.851 -2.381 -0.071 -2.19 -2.618 -2.563 -2.108 2.745 2.255 -1.866 1.142 -0.023 -2.804 -1.249 1.842 -2.01 -1.351 1.597
114 Y -1.361 -1.425 -1.669 -0.688 -1.29 -0.584 1.758 -2.731 0.52 1.995 -0.103 -0.933 -0.124 1.266 -2.824 -1.949 -1.471 0.11 3.825 0.731
115 S 1.09 -0.719 0.519 -0.227 0.094 -0.548 -0.534 -0.085 -0.438 -1.89 -2.307 -0.263 -1.165 -1.922 -1.454 3.186 1.033 -2.527 -1.734 -1.271
116 G -0.399 -1.57 3.122 -0.189 -1.499 -1.541 -1.857 4.828 -0.43 -3.052 -3.368 -1.139 -2.503 -2.588 -2.728 -0.691 -1.357 -2.619 -2.756 -2.774
117 R -1.375 3.298 -0.855 -1.634 -2.003 0.041 -0.684 -2.076 0.836 -1.756 -1.679 2.575 -1.046 0.811 -2.508 -1.519 -1.527 0.08 3.805 -1.679
118 A 1.718 -0.954 -0.331 -1.217 -0.261 -0.832 -1.045 -0.75 5.071 -1.081 -1.598 -0.816 -0.888 -1.41 -1.933 0.01 1.871 -2.01 -0.132 -0.562
119 R -1.293 4.772 -0.41 -1.269 -2.176 0.603 -0.253 -1.856 -0.025 -2.454 -2.111 3.107 -1.238 -2.593 -2.338 -1.235 -1.339 -2.35 -1.792 -2.121
120 W -1.592 -0.041 -1.907 -2.321 -1.335 -1.045 -1.504 -2.259 -1.123 -0.006 1.534 1.801 0.338 0.164 -3.191 -2.246 -1.724 7.525 0.306 -0.623
121 L -1.796 -2.418 -3.199 -3.529 -0.518 -3.008 -3.378 -3.217 -1.744 1.521 3.289 -2.742 1.606 4.069 -3.874 -3.129 -1.835 -0.573 0.921 0.647
122 C -0.659 -2.967 -3.063 -3.267 6.724 -3.076 -3.481 -2.829 -2.871 2.995 0.719 -2.726 0.492 -0.605 -3.305 -2.301 -0.938 -2.582 -1.721 2.748
123 I -0.259 -1.596 -1.254 -1.78 -0.094 -1.418 -1.927 -1.701 -1.245 2.486 1.045 -1.324 3.287 -0.25 -2.607 0.821 -0.209 -1.979 -1.281 1.307
124 L -0.575 -1.872 -1.78 -2.377 0.096 -2.032 -2.416 -2.428 -2.161 1.881 2.074 -1.79 0.997 -0.23 -2.714 -1.093 1.924 -2.071 -1.351 2.348
125 F -2.059 -2.654 -3.032 -3.427 -0.92 -3.41 -3.436 -3.048 -1.258 0.96 2.233 -3.016 0.983 5.559 -4.153 -3.087 -2.097 0.218 2.088 0.121
126 A 3.267 -1.229 -0.766 -1.139 0.477 -1.062 -1.043 0.208 -0.953 -1.162 -1.634 -0.663 -0.989 -1.894 -1.49 1.739 0.124 -2.49 -1.77 -0.279
127 I -1.676 -3.045 -3.136 -3.239 -0.518 -3.426 -3.631 -3.277 -1.953 3.697 1.337 -2.887 0.942 3.947 -3.8 -3.075 -1.46 -0.804 0.846 2.093
128 L -0.997 -1.788 -1.871 -2.486 -0.071 -2.047 -2.526 -2.54 -1.995 1.42 3.125 -1.814 1.471 0.214 -2.83 -1.263 1.785 -1.832 -1.271 0.828
129 G 0.075 -2.372 -0.454 -1.337 -1.335 -2.21 -2.636 5.823 -1.491 -3.23 -3.475 -1.665 -2.681 -2.693 -2.794 -1.017 -1.934 -2.454 -3.163 -2.879
130 G -0.097 -1.922 -0.944 -1.705 -0.212 -1.906 -2.234 3.008 -1.871 0.895 -0.68 -1.55 -0.469 -1.418 -2.49 -0.615 1.893 -2.35 -1.957 1.841
131 I -1.391 -3.115 -3.277 -3.195 -0.165 -3.224 -3.701 -3.493 -2.725 4.558 1.662 -2.693 1.257 0.204 -3.519 -3.091 -1.089 -2.199 -1.299 2.846
132 V -0.248 -2.501 -2.944 -3.179 0.326 -2.602 -2.908 -2.97 -2.929 3.015 0.931 -2.402 0.817 -0.413 -3.186 -2.298 -0.466 -2.402 -1.299 4.163
133 G 0.075 -2.372 -0.454 -1.337 -1.335 -2.21 -2.636 5.823 -1.491 -3.23 -3.475 -1.665 -2.681 -2.693 -2.794 -1.017 -1.934 -2.454 -3.163 -2.879
134 G 0.075 -2.372 -0.454 -1.337 -1.335 -2.21 -2.636 5.823 -1.491 -3.23 -3.475 -1.665 -2.681 -2.693 -2.794 -1.017 -1.934 -2.454 -3.163 -2.879
135 Y -1.827 -1.792 -2.14 -3.036 -1.766 -1.798 -2.378 -2.946 2.09 -0.818 -0.924 -1.887 -0.696 3.334 -3.347 -2.451 -2.104 2.294 6.685 -0.994
136 W -2.664 -2.397 -3.18 -3.634 -2.348 -2.838 -2.983 -2.38 -1.148 -1.868 -1.665 -2.805 -1.294 1.114 -5.422 -3.369 -2.709 10.625 2.155 -2.242
137 A 3.267 -1.229 -0.766 -1.139 0.477 -1.062 -1.043 0.208 -0.953 -1.162 -1.634 -0.663 -0.989 -1.894 -1.49 1.739 0.124 -2.49 -1.77 -0.279
138 F -2.164 -2.488 -2.608 -3.228 -1.509 -3.008 -3.074 -2.908 0.491 -0.055 0.137 -2.759 -0.078 5.807 -4.041 -2.833 -2.288 1.409 4.764 -0.671
139 F -2.349 -2.911 -2.875 -3.329 -1.388 -3.878 -3.497 -2.889 -0.843 0.262 0.55 -3.319 0.187 6.537 -4.462 -3.045 -2.385 0.837 2.917 -0.522
140 I -1.391 -3.115 -3.277 -3.195 -0.165 -3.224 -3.701 -3.493 -2.725 4.558 1.662 -2.693 1.257 0.204 -3.519 -3.091 -1.089 -2.199 -1.299 2.846
141 L -1.555 -2.201 -3.377 -3.634 -0.165 -2.655 -3.32 -3.397 -2.328 1.991 4.061 -2.492 2.118 0.819 -3.619 -3.173 -1.595 -1.665 -1.07 1.092
142 K -0.841 2.079 -0.282 -0.736 -1.992 0.793 0.299 -1.357 -0.257 -2.137 -2.255 4.526 -1.238 -2.82 -1.701 -0.895 -1.096 -2.563 -1.803 -2.013
143 E -0.933 -0.136 -0.353 1.504 -2.425 1.332 4.527 -1.964 0.378 -2.778 -2.717 0.662 -1.768 -2.622 -1.896 -0.805 -1.315 -2.402 -1.922 -2.148
144 A 3.952 -1.498 -1.676 -1.702 0.665 -1.334 -1.313 0.359 -1.225 -0.845 -1.336 -0.863 -0.888 -1.863 -1.49 0.44 -0.436 -2.454 -1.77 0.124
145 F -2.349 -2.911 -2.875 -3.329 -1.388 -3.878 -3.497 -2.889 -0.843 0.262 0.55 -3.319 0.187 6.537 -4.462 -3.045 -2.385 0.837 2.917 -0.522
146 S 1.054 -0.755 0.483 -0.263 0.058 -0.584 -0.569 -0.121 -0.474 -1.926 -2.343 -0.299 -1.201 -1.958 -1.49 3.311 0.997 -2.563 -1.77 -1.307
147 V -0.581 -2.691 -3.051 -3.184 0.171 -2.794 -3.149 -3.134 -2.86 3.626 1.196 -2.496 0.971 -0.192 -3.293 -2.539 -0.659 -2.332 -1.299 3.787
148 A 3.952 -1.498 -1.676 -1.702 0.665 -1.334 -1.313 0.359 -1.225 -0.845 -1.336 -0.863 -0.888 -1.863 -1.49 0.44 -0.436 -2.454 -1.77 0.124
149 A 3.952 -1.498 -1.676 -1.702 0.665 -1.334 -1.313 0.359 -1.225 -0.845 -1.336 -0.863 -0.888 -1.863 -1.49 0.44 -0.436 -2.454 -1.77 0.124
150 L -1.499 -2.474 -3.343 -3.48 -0.165 -2.832 -3.441 -3.429 -2.454 3.119 3.459 -2.558 1.859 0.628 -3.585 -3.145 -1.416 -1.832 -1.145 1.801
151 S 1.054 -0.755 0.483 -0.263 0.058 -0.584 -0.569 -0.121 -0.474 -1.926 -2.343 -0.299 -1.201 -1.958 -1.49 3.311 0.997 -2.563 -1.77 -1.307
152 L -1.455 -1.819 -2.532 -2.986 -0.531 -1.737 -2.697 -2.691 -0.935 1.211 1.686 -1.962 4.72 3.994 -3.605 -2.331 -1.438 -0.41 0.998 0.557
153 L -1.555 -2.201 -3.377 -3.634 -0.165 -2.655 -3.32 -3.397 -2.328 1.991 4.061 -2.492 2.118 0.819 -3.619 -3.173 -1.595 -1.665 -1.07 1.092
154 L -1.445 -2.777 -3.31 -3.334 -0.165 -3.021 -3.568 -3.461 -2.587 3.927 2.699 -2.625 1.573 0.423 -3.552 -3.118 -1.248 -2.01 -1.221 2.371
155 V -0.581 -2.691 -3.051 -3.184 0.171 -2.794 -3.149 -3.134 -2.86 3.626 1.196 -2.496 0.971 -0.192 -3.293 -2.539 -0.659 -2.332 -1.299 3.787
156 A 3.267 -1.229 -0.766 -1.139 0.477 -1.062 -1.043 0.208 -0.953 -1.162 -1.634 -0.663 -0.989 -1.894 -1.49 1.739 0.124 -2.49 -1.77 -0.279
157 H -0.5 -0.913 -0.173 -1.206 -1.162 -0.776 -1.034 -1.361 5.332 -1.704 -1.86 -0.915 -1.046 1.12 -2.426 0.939 -0.699 0.211 4.108 -1.653
158 L -1.499 -2.474 -3.343 -3.48 -0.165 -2.832 -3.441 -3.429 -2.454 3.119 3.459 -2.558 1.859 0.628 -3.585 -3.145 -1.416 -1.832 -1.145 1.801
159 R -1.548 5.537 -0.476 -1.578 -2.273 0.503 -0.575 -2.142 0.084 -2.626 -2.042 2.004 -1.238 -2.486 -2.718 -1.42 -1.468 -2.248 -1.786 -2.176
160 K -0.841 2.079 -0.282 -0.736 -1.992 0.793 0.299 -1.357 -0.257 -2.137 -2.255 4.526 -1.238 -2.82 -1.701 -0.895 -1.096 -2.563 -1.803 -2.013
161 S 1.054 -0.755 0.483 -0.263 0.058 -0.584 -0.569 -0.121 -0.474 -1.926 -2.343 -0.299 -1.201 -1.958 -1.49 3.311 0.997 -2.563 -1.77 -1.307
162 L -0.229 0.268 -0.645 -1.211 -0.565 -0.49 -0.835 -1.33 -0.883 -0.016 1.466 2.059 0.356 -0.88 -2.125 0.982 -0.334 -2.232 -1.528 -0.42
163 F -1.106 -2.197 -2.719 -3.104 -0.33 -2.287 -2.887 -2.814 -1.441 1.838 1.281 -2.298 3.344 3.92 -3.578 -2.427 -1.197 -0.638 0.923 2.217
164 Y -1.99 -2.119 -2.365 -3.131 -1.635 -2.34 -2.705 -2.927 1.4 -0.411 -0.345 -2.29 -0.371 4.828 -3.673 -2.636 -2.194 1.885 5.882 -0.828
165 F -2.059 -2.654 -3.032 -3.427 -0.92 -3.41 -3.436 -3.048 -1.258 0.96 2.233 -3.016 0.983 5.559 -4.153 -3.087 -2.097 0.218 2.088 0.121
166 L -0.056 -1.714 -1.39 -1.945 0.08 -1.776 -1.995 -1.77 -1.713 1.669 1.956 -1.542 0.881 -0.302 -2.611 0.782 -0.159 -2.183 -1.365 2.153
167 G -1.047 -2.782 -1.915 -2.469 -0.905 -3.021 -3.24 2.897 -1.585 2.13 0.266 -2.477 0.007 3.776 -3.512 -2.212 -1.752 -0.855 0.62 0.746
168 S 2.368 -0.982 -0.074 -0.668 0.275 -0.813 -0.797 0.048 -0.704 -1.519 -1.967 -0.475 -1.093 -1.926 -1.49 2.631 0.593 -2.527 -1.77 -0.747
169 L -0.056 -1.714 -1.39 -1.945 0.08 -1.776 -1.995 -1.77 -1.713 1.669 1.956 -1.542 0.881 -0.302 -2.611 0.782 -0.159 -2.183 -1.365 2.153
170 C -0.659 -2.967 -3.063 -3.267 6.724 -3.076 -3.481 -2.829 -2.871 2.995 0.719 -2.726 0.492 -0.605 -3.305 -2.301 -0.938 -2.582 -1.721 2.748
171 L -1.796 -2.418 -3.199 -3.529 -0.518 -3.008 -3.378 -3.217 -1.744 1.521 3.289 -2.742 1.606 4.069 -3.874 -3.129 -1.835 -0.573 0.921 0.647
172 L -1.555 -2.201 -3.377 -3.634 -0.165 -2.655 -3.32 -3.397 -2.328 1.991 4.061 -2.492 2.118 0.819 -3.619 -3.173 -1.595 -1.665 -1.07 1.092
173 G -0.956 -2.157 -1.703 -2.369 -0.913 -2.164 -2.795 2.935 -1.092 0.146 0.522 -2.039 3.048 3.801 -3.422 -1.913 -1.74 -0.648 0.703 -0.407
174 F -2.349 -2.911 -2.875 -3.329 -1.388 -3.878 -3.497 -2.889 -0.843 0.262 0.55 -3.319 0.187 6.537 -4.462 -3.045 -2.385 0.837 2.917 -0.522
175 A 3.952 -1.498 -1.676 -1.702 0.665 -1.334 -1.313 0.359 -1.225 -0.845 -1.336 -0.863 -0.888 -1.863 -1.49 0.44 -0.436 -2.454 -1.77 0.124
176 R -1.548 5.537 -0.476 -1.578 -2.273 0.503 -0.575 -2.142 0.084 -2.626 -2.042 2.004 -1.238 -2.486 -2.718 -1.42 -1.468 -2.248 -1.786 -2.176
177 P -0.636 -2.177 -2.243 -2.02 -0.741 -2.149 -2.001 -2.19 -1.995 0.632 -0.964 -1.456 -0.904 -2.013 5.554 -1.718 -1.032 -3.651 -2.126 1.572
178 E -1.192 -0.547 0.255 3.742 -2.412 0.764 3.758 -1.662 0.101 -2.765 -2.957 0.242 -2.05 -2.722 -2.025 -0.858 -1.352 -2.735 -2.253 -2.372
179 L -1.555 -2.201 -3.377 -3.634 -0.165 -2.655 -3.32 -3.397 -2.328 1.991 4.061 -2.492 2.118 0.819 -3.619 -3.173 -1.595 -1.665 -1.07 1.092
180 L -1.796 -2.418 -3.199 -3.529 -0.518 -3.008 -3.378 -3.217 -1.744 1.521 3.289 -2.742 1.606 4.069 -3.874 -3.129 -1.835 -0.573 0.921 0.647
181 L -1.736 -2.715 -3.168 -3.38 -0.518 -3.209 -3.502 -3.247 -1.847 2.809 2.475 -2.814 1.293 4.009 -3.837 -3.102 -1.641 -0.686 0.884 1.46
182 L -1.555 -2.201 -3.377 -3.634 -0.165 -2.655 -3.32 -3.397 -2.328 1.991 4.061 -2.492 2.118 0.819 -3.619 -3.173 -1.595 -1.665 -1.07 1.092
183 Y -1.827 -1.792 -2.14 -3.036 -1.766 -1.798 -2.378 -2.946 2.09 -0.818 -0.924 -1.887 -0.696 3.334 -3.347 -2.451 -2.104 2.294 6.685 -0.994
184 L -1.004 -2.581 -3.193 -3.329 0.008 -2.813 -3.291 -3.277 -2.65 3.383 2.544 -2.527 1.449 0.247 -3.435 -2.826 -1.013 -2.071 -1.221 2.962
185 G 1.772 -1.998 -1.598 -2.063 -0.165 -2.013 -2.3 3.159 -1.644 0.063 1.482 -1.597 0.198 -0.836 -2.499 -0.894 -1.248 -2.167 -1.876 -0.125
186 I -0.958 -2.895 -3.162 -3.19 0.008 -3.001 -3.412 -3.308 -2.792 4.13 1.439 -2.593 1.118 0.012 -3.404 -2.802 -0.866 -2.265 -1.299 3.355
187 N -0.603 -1.223 2.989 -0.431 -0.323 -1.297 -1.545 -1.275 -0.687 0.938 -0.639 -1.044 -0.385 -1.35 -2.431 -0.329 2.057 -2.508 -1.683 1.862
188 I -1.676 -3.045 -3.136 -3.239 -0.518 -3.426 -3.631 -3.277 -1.953 3.697 1.337 -2.887 0.942 3.947 -3.8 -3.075 -1.46 -0.804 0.846 2.093
189 L 1.98 -1.425 -1.096 -1.553 0.208 -1.403 -1.519 -0.644 -1.245 0.233 1.564 -1.078 0.427 -0.693 -2.041 1.264 -0.15 -2.199 -1.517 0.131
190 F -2.349 -2.911 -2.875 -3.329 -1.388 -3.878 -3.497 -2.889 -0.843 0.262 0.55 -3.319 0.187 6.537 -4.462 -3.045 -2.385 0.837 2.917 -0.522
191 Y -1.2 -2.009 -2.384 -3.083 -0.89 -2.042 -2.544 -2.954 1.163 1.072 -0.166 -2.049 -0.099 2.533 -3.293 -2.4 -1.449 1.395 5.604 1.826
192 L -1.796 -2.418 -3.199 -3.529 -0.518 -3.008 -3.378 -3.217 -1.744 1.521 3.289 -2.742 1.606 4.069 -3.874 -3.129 -1.835 -0.573 0.921 0.647
193 K -0.841 2.079 -0.282 -0.736 -1.992 0.793 0.299 -1.357 -0.257 -2.137 -2.255 4.526 -1.238 -2.82 -1.701 -0.895 -1.096 -2.563 -1.803 -2.013
194 R -1.091 3.423 -0.369 0.036 -2.225 0.897 2.331 -1.801 0.08 -2.501 -2.324 2.852 -1.404 -2.64 -2.073 -1.028 -1.289 -2.402 -1.837 -2.112
195 K -0.841 2.079 -0.282 -0.736 -1.992 0.793 0.299 -1.357 -0.257 -2.137 -2.255 4.526 -1.238 -2.82 -1.701 -0.895 -1.096 -2.563 -1.803 -2.013
196 N -0.457 -0.534 4.732 0.841 -1.071 -0.555 -0.682 -0.153 0.552 -2.434 -2.865 -0.306 -1.813 -2.238 -2.182 1.509 0.108 -2.835 -1.975 -2.087
197 K -0.583 1.352 -0.239 -0.831 -1.112 0.285 -0.163 -1.352 -0.597 -1.357 -1.804 3.575 -0.989 -2.351 -1.701 -0.265 1.895 -2.437 -1.775 -1.067
198 P -0.266 -0.969 -0.14 -0.889 -1.079 -0.81 -0.863 -1.119 5.096 -2.295 -2.567 -0.701 -1.58 -1.885 3.774 1.057 -0.531 -2.601 -0.289 -2.09
199 L -1.555 -2.201 -3.377 -3.634 -0.165 -2.655 -3.32 -3.397 -2.328 1.991 4.061 -2.492 2.118 0.819 -3.619 -3.173 -1.595 -1.665 -1.07 1.092
200 Y -1.99 -2.119 -2.365 -3.131 -1.635 -2.34 -2.705 -2.927 1.4 -0.411 -0.345 -2.29 -0.371 4.828 -3.673 -2.636 -2.194 1.885 5.882 -0.828
201 Y -1.827 -1.792 -2.14 -3.036 -1.766 -1.798 -2.378 -2.946 2.09 -0.818 -0.924 -1.887 -0.696 3.334 -3.347 -2.451 -2.104 2.294 6.685 -0.994
202 L -1.796 -2.418 -3.199 -3.529 -0.518 -3.008 -3.378 -3.217 -1.744 1.521 3.289 -2.742 1.606 4.069 -3.874 -3.129 -1.835 -0.573 0.921 0.647
203 L 1.98 -1.425 -1.096 -1.553 0.208 -1.403 -1.519 -0.644 -1.245 0.233 1.564 -1.078 0.427 -0.693 -2.041 1.264 -0.15 -2.199 -1.517 0.131
204 V -1.201 -2.831 -3.026 -3.233 -0.323 -3.188 -3.349 -3.105 -2.004 3.103 1.085 -2.78 0.787 3.896 -3.673 -2.788 -1.207 -0.845 0.846 2.738
205 I -0.958 -2.895 -3.162 -3.19 0.008 -3.001 -3.412 -3.308 -2.792 4.13 1.439 -2.593 1.118 0.012 -3.404 -2.802 -0.866 -2.265 -1.299 3.355
206 A 1.754 -1.785 -1.428 -1.841 0.224 -1.75 -1.945 -1.087 -1.72 2.24 0.093 -1.331 0.103 -0.931 -2.104 -0.222 1.983 -2.282 -1.589 1.358
207 A 1.911 -1.589 -1.014 -1.501 -0.1 -1.627 -1.55 -0.574 -0.831 -0.699 -0.787 -1.229 -0.571 3.66 -2.186 1.273 -0.294 -0.928 0.705 -0.509
208 L -1.341 -2.154 -2.973 -3.201 -0.171 -2.164 -3.074 -3.134 -1.912 3.033 2.812 -2.166 3.695 0.503 -3.461 -2.716 -1.238 -1.706 -1.066 1.772
209 L -1.004 -2.581 -3.193 -3.329 0.008 -2.813 -3.291 -3.277 -2.65 3.383 2.544 -2.527 1.449 0.247 -3.435 -2.826 -1.013 -2.071 -1.221 2.962
210 G -0.57 -2.599 -1.96 -2.603 6.678 -2.733 -3.249 2.937 -2.198 0.087 1.516 -2.366 0.153 -0.876 -3.191 -1.825 -1.609 -2.384 -2.195 -0.313
211 F -2.349 -2.911 -2.875 -3.329 -1.388 -3.878 -3.497 -2.889 -0.843 0.262 0.55 -3.319 0.187 6.537 -4.462 -3.045 -2.385 0.837 2.917 -0.522
212 I -1.529 -2.604 -2.846 -3.141 -0.606 -2.666 -3.19 -3.299 -0.157 3.604 1.028 -2.399 0.74 1.654 -3.461 -2.862 -1.389 0.139 3.857 2.034
213 F -1.892 -2.265 -2.752 -3.323 -1.022 -2.655 -3.022 -3.069 0.237 0.714 2.01 -2.508 0.784 4.473 -3.772 -2.872 -2.009 0.911 4.357 0.003
214 F -2.164 -2.488 -2.608 -3.228 -1.509 -3.008 -3.074 -2.908 0.491 -0.055 0.137 -2.759 -0.078 5.807 -4.041 -2.833 -2.288 1.409 4.764 -0.671
215 L -1.24 -1.641 -2.671 -3.073 -0.176 -1.505 -2.651 -2.84 -1.365 1.729 2.921 -1.77 4.904 0.58 -3.372 -2.363 -1.228 -1.431 -0.919 1.015
216 N -1.674 -0.429 5.673 1.267 -1.861 -0.541 -0.74 -0.169 0.954 -2.727 -3.166 -0.31 -2.176 -2.389 -2.602 -0.132 -0.466 -2.981 -2.083 -2.575
217 S 1.054 -0.755 0.483 -0.263 0.058 -0.584 -0.569 -0.121 -0.474 -1.926 -2.343 -0.299 -1.201 -1.958 -1.49 3.311 0.997 -2.563 -1.77 -1.307
218 E -0.905 -0.64 -0.793 0.791 -2.071 0.592 3.523 -1.931 -0.148 -2.622 -2.733 0.19 -1.968 -2.845 3.789 -1.009 -1.331 -2.959 -2.145 -2.157
219 Y -1.827 -1.792 -2.14 -3.036 -1.766 -1.798 -2.378 -2.946 2.09 -0.818 -0.924 -1.887 -0.696 3.334 -3.347 -2.451 -2.104 2.294 6.685 -0.994
220 S 2.368 -0.982 -0.074 -0.668 0.275 -0.813 -0.797 0.048 -0.704 -1.519 -1.967 -0.475 -1.093 -1.926 -1.49 2.631 0.593 -2.527 -1.77 -0.747
221 Y -1.791 -1.237 -1.003 -2.176 -1.947 -1.152 -1.615 -2.473 5.511 -1.315 -1.385 -1.469 -0.877 2.482 -3.139 -2.136 -2.149 1.492 5.757 -1.531
222 S 0.711 -0.868 0.286 -0.496 0.075 -0.751 -0.818 -0.473 -0.758 -1.248 -1.854 -0.458 -0.966 -1.832 -1.558 2.671 2.544 -2.437 -1.753 -0.706
223 L -1.499 -2.474 -3.343 -3.48 -0.165 -2.832 -3.441 -3.429 -2.454 3.119 3.459 -2.558 1.859 0.628 -3.585 -3.145 -1.416 -1.832 -1.145 1.801
224 K -0.841 2.079 -0.282 -0.736 -1.992 0.793 0.299 -1.357 -0.257 -2.137 -2.255 4.526 -1.238 -2.82 -1.701 -0.895 -1.096 -2.563 -1.803 -2.013
225 L -1.393 -1.907 -3.003 -3.34 -0.171 -2.023 -2.966 -3.105 -1.807 1.863 3.547 -2.108 3.835 0.702 -3.493 -2.74 -1.405 -1.545 -0.994 1.053
226 F -2.349 -2.911 -2.875 -3.329 -1.388 -3.878 -3.497 -2.889 -0.843 0.262 0.55 -3.319 0.187 6.537 -4.462 -3.045 -2.385 0.837 2.917 -0.522
227 T -0.127 -1.107 -0.153 -1.029 0.107 -1.117 -1.392 -1.343 -1.427 -0.238 -1.071 -0.805 -0.546 -1.595 -1.701 0.691 4.287 -2.199 -1.721 0.215
228 L -1.499 -2.474 -3.343 -3.48 -0.165 -2.832 -3.441 -3.429 -2.454 3.119 3.459 -2.558 1.859 0.628 -3.585 -3.145 -1.416 -1.832 -1.145 1.801
229 S 1.054 -0.755 0.483 -0.263 0.058 -0.584 -0.569 -0.121 -0.474 -1.926 -2.343 -0.299 -1.201 -1.958 -1.49 3.311 0.997 -2.563 -1.77 -1.307
230 R -1.293 4.772 -0.41 -1.269 -2.176 0.603 -0.253 -1.856 -0.025 -2.454 -2.111 3.107 -1.238 -2.593 -2.338 -1.235 -1.339 -2.35 -1.792 -2.121
231 R -1.548 5.537 -0.476 -1.578 -2.273 0.503 -0.575 -2.142 0.084 -2.626 -2.042 2.004 -1.238 -2.486 -2.718 -1.42 -1.468 -2.248 -1.786 -2.176
232 F -2.349 -2.911 -2.875 -3.329 -1.388 -3.878 -3.497 -2.889 -0.843 0.262 0.55 -3.319 0.187 6.537 -4.462 -3.045 -2.385 0.837 2.917 -0.522
233 G -0.399 -1.57 3.122 -0.189 -1.499 -1.541 -1.857 4.828 -0.43 -3.052 -3.368 -1.139 -2.503 -2.588 -2.728 -0.691 -1.357 -2.619 -2.756 -2.774
234 E -0.11 -0.328 -0.047 1.026 -1.343 0.823 3.594 -1.211 0.121 -2.465 -2.587 0.376 -1.566 -2.383 -1.754 1.273 -0.325 -2.454 -1.871 -1.84
235 L -0.253 -0.908 -0.671 -0.117 -0.648 -0.197 1.971 -1.517 -0.602 -0.109 1.427 -0.434 0.262 -0.845 -2.198 0.998 -0.389 -2.183 -1.563 -0.446
236 E -1.126 0.736 3.149 0.837 -2.083 0.63 2.312 -1.065 0.4 -2.532 -2.689 2.427 -1.701 -2.605 -2.041 -0.59 -0.936 -2.638 -1.934 -2.236
237 L -1.252 -2.523 -3.057 -3.374 -0.323 -2.988 -3.231 -3.077 -1.895 1.967 2.308 -2.709 1.156 3.959 -3.708 -2.812 -1.373 -0.725 0.884 2.243
238 N -0.278 -0.429 3.236 0.935 -1.204 0.215 2.185 -0.634 0.344 -2.45 -2.722 0.055 -1.687 -2.31 -1.96 1.393 -0.1 -2.638 -1.922 -1.961
239 F -2.164 -2.488 -2.608 -3.228 -1.509 -3.008 -3.074 -2.908 0.491 -0.055 0.137 -2.759 -0.078 5.807 -4.041 -2.833 -2.288 1.409 4.764 -0.671
240 D -1.791 -1.602 1.185 5.854 -2.387 -0.886 1.036 -1.138 -0.55 -2.74 -3.506 -0.844 -2.712 -2.934 -2.304 -0.966 -1.427 -3.545 -3.058 -2.879
241 D 1.958 -1.26 0.23 3.193 -0.286 -0.919 -0.111 -0.234 -0.731 -1.732 -2.261 -0.657 -1.498 -2.212 -1.736 1.492 -0.116 -2.814 -2.139 -1.101
242 V -0.459 -1.483 -1.803 -0.706 -0.336 -0.646 1.766 -2.594 -1.372 2.033 0.142 -0.991 0.183 -0.979 -2.689 -1.711 -0.722 -2.402 -1.492 3.15
243 A 2.155 -1.104 -0.315 -0.938 0.29 -0.994 -1.067 -0.283 -1.012 -0.921 -1.533 -0.645 -0.866 -1.801 -1.558 1.794 2.314 -2.402 -1.753 -0.244
244 L 1.551 -2.197 -2.666 -2.72 0.139 -2.292 -2.577 -1.574 -2.021 2.68 2.228 -1.894 1.082 -0.073 -2.699 -1.41 -1.001 -2.087 -1.365 1.579
245 E 0.115 -0.638 0.015 0.272 -0.538 0.078 2.113 -1.039 -0.415 -1.449 -1.955 -0.082 -1.128 -2.027 -1.691 1.575 2.215 -2.384 -1.803 -0.91
246 T -0.167 -1.501 -0.821 -1.584 0.182 -1.533 -1.815 -1.791 -1.847 1.286 -0.24 -1.246 -0.017 -1.145 -2.117 -0.008 3.383 -2.265 -1.573 2.18
247 S 1.054 -0.755 0.483 -0.263 0.058 -0.584 -0.569 -0.121 -0.474 -1.926 -2.343 -0.299 -1.201 -1.958 -1.49 3.311 0.997 -2.563 -1.77 -1.307
248 N -1.713 -0.77 4.793 3.671 -2.026 -0.652 -0.02 -0.457 0.534 -2.731 -3.275 -0.477 -2.344 -2.559 -2.499 -0.384 -0.752 -3.157 -2.373 -2.672
249 L -1.643 -2.058 -2.903 -3.421 -0.606 -2.34 -2.971 -3.239 -0.042 1.32 3.136 -2.276 1.446 1.918 -3.525 -2.912 -1.755 0.308 3.883 0.549
250 N -0.269 0.04 3.261 0.313 -1.087 2.515 0.192 -0.528 0.477 -2.284 -2.465 0.292 -1.177 -2.41 -2.049 1.399 -0.026 -2.563 -1.699 -1.848
251 L -1.796 -2.418 -3.199 -3.529 -0.518 -3.008 -3.378 -3.217 -1.744 1.521 3.289 -2.742 1.606 4.069 -3.874 -3.129 -1.835 -0.573 0.921 0.647
252 I -1.676 -3.045 -3.136 -3.239 -0.518 -3.426 -3.631 -3.277 -1.953 3.697 1.337 -2.887 0.942 3.947 -3.8 -3.075 -1.46 -0.804 0.846 2.093
253 P -0.851 -2.028 -1.948 -1.578 -1.471 -1.947 -1.637 -1.867 -1.622 -2.332 -2.765 -1.078 -2.417 -3.35 6.677 -1.466 -1.363 -4.563 -2.65 -2.176
254 F -2.349 -2.911 -2.875 -3.329 -1.388 -3.878 -3.497 -2.889 -0.843 0.262 0.55 -3.319 0.187 6.537 -4.462 -3.045 -2.385 0.837 2.917 -0.522
255 I -0.958 -2.895 -3.162 -3.19 0.008 -3.001 -3.412 -3.308 -2.792 4.13 1.439 -2.593 1.118 0.012 -3.404 -2.802 -0.866 -2.265 -1.299 3.355
256 L -1.393 -1.907 -3.003 -3.34 -0.171 -2.023 -2.966 -3.105 -1.807 1.863 3.547 -2.108 3.835 0.702 -3.493 -2.74 -1.405 -1.545 -0.994 1.053
257 S 1.054 -0.755 0.483 -0.263 0.058 -0.584 -0.569 -0.121 -0.474 -1.926 -2.343 -0.299 -1.201 -1.958 -1.49 3.311 0.997 -2.563 -1.77 -1.307
258 E -0.556 -0.708 -0.386 0.828 -2.014 0.557 3.475 3.017 -0.121 -2.921 -2.948 0.074 -2.041 -2.645 -2.165 -0.874 -1.507 -2.419 -2.279 -2.372
259 P 1.709 -1.84 -1.854 -1.619 -0.572 -1.728 -1.525 -0.921 -1.484 -1.747 -2.206 -1.005 -1.813 -2.765 5.591 -0.682 -1.02 -3.678 -2.326 -1.192
260 F -2.349 -2.911 -2.875 -3.329 -1.388 -3.878 -3.497 -2.889 -0.843 0.262 0.55 -3.319 0.187 6.537 -4.462 -3.045 -2.385 0.837 2.917 -0.522
261 R -1.605 4.547 -0.136 -1.363 -2.298 0.293 -0.555 -1.991 5.2 -2.642 -2.219 1.337 -1.25 -1.84 -2.733 -1.477 -1.703 -1.964 -0.148 -2.439
262 Q -0.897 0.993 -0.107 -0.371 -1.925 4.933 1.378 -1.493 0.755 -2.255 -2.005 1.207 -0.417 -2.973 -2.165 -0.769 -0.989 -2.199 -1.299 -1.801
263 A 3.952 -1.498 -1.676 -1.702 0.665 -1.334 -1.313 0.359 -1.225 -0.845 -1.336 -0.863 -0.888 -1.863 -1.49 0.44 -0.436 -2.454 -1.77 0.124
264 L -1.051 -2.297 -3.225 -3.474 0.008 -2.637 -3.176 -3.247 -2.515 2.374 3.341 -2.462 1.746 0.463 -3.467 -2.851 -1.167 -1.89 -1.145 2.507
265 V -0.869 -2.249 -2.841 -3.062 0.003 -2.149 -2.941 -2.997 -2.073 3.305 1.612 -2.139 3.485 0.104 -3.317 -2.439 -0.857 -1.934 -1.14 2.942
266 T 0.323 -0.985 0.075 -0.75 0.091 -0.928 -1.091 -0.876 -1.073 -0.699 -1.436 -0.627 -0.748 -1.711 -1.629 1.848 3.545 -2.315 -1.737 -0.209
267 N -1.674 -0.429 5.673 1.267 -1.861 -0.541 -0.74 -0.169 0.954 -2.727 -3.166 -0.31 -2.176 -2.389 -2.602 -0.132 -0.466 -2.981 -2.083 -2.575
268 L -1.445 -2.777 -3.31 -3.334 -0.165 -3.021 -3.568 -3.461 -2.587 3.927 2.699 -2.625 1.573 0.423 -3.552 -3.118 -1.248 -2.01 -1.221 2.371
269 N -1.117 -0.969 4.575 0.391 -0.936 -1.079 -1.299 -0.838 0.137 0.543 -1.101 -0.854 -0.807 -1.571 -2.784 -0.691 -0.466 -2.774 -1.797 1.504
270 S 1.054 -0.755 0.483 -0.263 0.058 -0.584 -0.569 -0.121 -0.474 -1.926 -2.343 -0.299 -1.201 -1.958 -1.49 3.311 0.997 -2.563 -1.77 -1.307
271 T -0.127 -1.107 -0.153 -1.029 0.107 -1.117 -1.392 -1.343 -1.427 -0.238 -1.071 -0.805 -0.546 -1.595 -1.701 0.691 4.287 -2.199 -1.721 0.215
272 F -2.349 -2.911 -2.875 -3.329 -1.388 -3.878 -3.497 -2.889 -0.843 0.262 0.55 -3.319 0.187 6.537 -4.462 -3.045 -2.385 0.837 2.917 -0.522
273 N -1.724 -0.816 4.598 0.405 -1.829 -0.902 -1.19 -0.835 1.384 -1.942 -2.213 -0.746 -1.594 0.866 -2.83 -0.719 -0.916 -0.071 3.779 -1.947
274 P -0.851 -2.028 -1.948 -1.578 -1.471 -1.947 -1.637 -1.867 -1.622 -2.332 -2.765 -1.078 -2.417 -3.35 6.677 -1.466 -1.363 -4.563 -2.65 -2.176
275 F -2.349 -2.911 -2.875 -3.329 -1.388 -3.878 -3.497 -2.889 -0.843 0.262 0.55 -3.319 0.187 6.537 -4.462 -3.045 -2.385 0.837 2.917 -0.522
276 L -1.499 -2.474 -3.343 -3.48 -0.165 -2.832 -3.441 -3.429 -2.454 3.119 3.459 -2.558 1.859 0.628 -3.585 -3.145 -1.416 -1.832 -1.145 1.801
277 D -1.791 -1.602 1.185 5.854 -2.387 -0.886 1.036 -1.138 -0.55 -2.74 -3.506 -0.844 -2.712 -2.934 -2.304 -0.966 -1.427 -3.545 -3.058 -2.879
278 L -1.393 -1.907 -3.003 -3.34 -0.171 -2.023 -2.966 -3.105 -1.807 1.863 3.547 -2.108 3.835 0.702 -3.493 -2.74 -1.405 -1.545 -0.994 1.053
279 N -1.674 -0.429 5.673 1.267 -1.861 -0.541 -0.74 -0.169 0.954 -2.727 -3.166 -0.31 -2.176 -2.389 -2.602 -0.132 -0.466 -2.981 -2.083 -2.575
280 P -0.851 -2.028 -1.948 -1.578 -1.471 -1.947 -1.637 -1.867 -1.622 -2.332 -2.765 -1.078 -2.417 -3.35 6.677 -1.466 -1.363 -4.563 -2.65 -2.176
281 L -1.796 -2.418 -3.199 -3.529 -0.518 -3.008 -3.378 -3.217 -1.744 1.521 3.289 -2.742 1.606 4.069 -3.874 -3.129 -1.835 -0.573 0.921 0.647
282 V -0.248 -2.501 -2.944 -3.179 0.326 -2.602 -2.908 -2.97 -2.929 3.015 0.931 -2.402 0.817 -0.413 -3.186 -2.298 -0.466 -2.402 -1.299 4.163
283 V -1.201 -2.831 -3.026 -3.233 -0.323 -3.188 -3.349 -3.105 -2.004 3.103 1.085 -2.78 0.787 3.896 -3.673 -2.788 -1.207 -0.845 0.846 2.738
284 L -1.004 -2.581 -3.193 -3.329 0.008 -2.813 -3.291 -3.277 -2.65 3.383 2.544 -2.527 1.449 0.247 -3.435 -2.826 -1.013 -2.071 -1.221 2.962
285 Q -0.897 0.993 -0.107 -0.371 -1.925 4.933 1.378 -1.493 0.755 -2.255 -2.005 1.207 -0.417 -2.973 -2.165 -0.769 -0.989 -2.199 -1.299 -1.801
286 R -1.548 5.537 -0.476 -1.578 -2.273 0.503 -0.575 -2.142 0.084 -2.626 -2.042 2.004 -1.238 -2.486 -2.718 -1.42 -1.468 -2.248 -1.786 -2.176
287 L -1.499 -2.474 -3.343 -3.48 -0.165 -2.832 -3.441 -3.429 -2.454 3.119 3.459 -2.558 1.859 0.628 -3.585 -3.145 -1.416 -1.832 -1.145 1.801
288 Y -1.99 -2.119 -2.365 -3.131 -1.635 -2.34 -2.705 -2.927 1.4 -0.411 -0.345 -2.29 -0.371 4.828 -3.673 -2.636 -2.194 1.885 5.882 -0.828
289 N -1.674 -0.429 5.673 1.267 -1.861 -0.541 -0.74 -0.169 0.954 -2.727 -3.166 -0.31 -2.176 -2.389 -2.602 -0.132 -0.466 -2.981 -2.083 -2.575
290 I -1.391 -3.115 -3.277 -3.195 -0.165 -3.224 -3.701 -3.493 -2.725 4.558 1.662 -2.693 1.257 0.204 -3.519 -3.091 -1.089 -2.199 -1.299 2.846
291 L -1.736 -2.715 -3.168 -3.38 -0.518 -3.209 -3.502 -3.247 -1.847 2.809 2.475 -2.814 1.293 4.009 -3.837 -3.102 -1.641 -0.686 0.884 1.46
292 A 3.136 -1.761 -1.209 -1.575 0.139 -1.598 -1.69 3.412 -1.311 -1.444 -1.889 -1.106 -1.371 -2.114 -1.862 0.031 -0.855 -2.454 -2.164 -0.576
293 F -1.867 -2.314 -2.698 -3.152 -0.928 -2.613 -3.069 -2.788 -0.888 0.775 1.174 -2.562 3.265 5.537 -4.002 -2.666 -1.873 0.281 2.114 0.068
294 V -0.685 -2.245 -2.65 -3.131 -0.219 -2.308 -2.72 -2.962 -0.211 2.204 0.434 -2.22 0.395 1.421 -3.239 -2.349 -0.916 0.08 3.857 3.225
295 L -1.445 -2.777 -3.31 -3.334 -0.165 -3.021 -3.568 -3.461 -2.587 3.927 2.699 -2.625 1.573 0.423 -3.552 -3.118 -1.248 -2.01 -1.221 2.371
296 F -2.059 -2.654 -3.032 -3.427 -0.92 -3.41 -3.436 -3.048 -1.258 0.96 2.233 -3.016 0.983 5.559 -4.153 -3.087 -2.097 0.218 2.088 0.121
297 L -1.393 -1.907 -3.003 -3.34 -0.171 -2.023 -2.966 -3.105 -1.807 1.863 3.547 -2.108 3.835 0.702 -3.493 -2.74 -1.405 -1.545 -0.994 1.053
298 K -0.583 1.352 -0.239 -0.831 -1.112 0.285 -0.163 -1.352 -0.597 -1.357 -1.804 3.575 -0.989 -2.351 -1.701 -0.265 1.895 -2.437 -1.775 -1.067
299 C -0.462 -3.353 -2.979 -3.433 9.695 -3.473 -3.939 -2.178 -2.965 -0.746 -1.076 -3.128 -1.093 -2.042 -3.221 -1.685 -1.331 -3.249 -2.811 -0.424
300 V -1.201 -2.831 -3.026 -3.233 -0.323 -3.188 -3.349 -3.105 -2.004 3.103 1.085 -2.78 0.787 3.896 -3.673 -2.788 -1.207 -0.845 0.846 2.738
301 K -1.058 3.729 -0.346 -0.991 -2.083 0.699 0.036 -1.595 -0.139 -2.291 -2.182 3.903 -1.238 -2.704 -2.002 -1.06 -1.215 -2.454 -1.797 -2.066
302 P -0.508 -2.138 -1.36 -1.495 -1.425 -2.032 -1.933 3.029 -1.577 -2.601 -2.983 -1.261 -2.503 -3.114 5.561 -1.308 -1.541 -3.678 -2.811 -2.392
303 F -1.953 -1.504 -1.152 -2.245 -1.808 -1.577 -1.863 -2.457 5.317 -0.838 -0.716 -1.814 -0.532 4.351 -3.441 -2.301 -2.241 0.938 4.579 -1.332
304 L -1.499 -2.474 -3.343 -3.48 -0.165 -2.832 -3.441 -3.429 -2.454 3.119 3.459 -2.558 1.859 0.628 -3.585 -3.145 -1.416 -1.832 -1.145 1.801
305 L -1.393 -1.907 -3.003 -3.34 -0.171 -2.023 -2.966 -3.105 -1.807 1.863 3.547 -2.108 3.835 0.702 -3.493 -2.74 -1.405 -1.545 -0.994 1.053
306 K -1.058 3.729 -0.346 -0.991 -2.083 0.699 0.036 -1.595 -0.139 -2.291 -2.182 3.903 -1.238 -2.704 -2.002 -1.06 -1.215 -2.454 -1.797 -2.066
307 D -1.791 -1.602 1.185 5.854 -2.387 -0.886 1.036 -1.138 -0.55 -2.74 -3.506 -0.844 -2.712 -2.934 -2.304 -0.966 -1.427 -3.545 -3.058 -2.879
308 K -1.058 3.729 -0.346 -0.991 -2.083 0.699 0.036 -1.595 -0.139 -2.291 -2.182 3.903 -1.238 -2.704 -2.002 -1.06 -1.215 -2.454 -1.797 -2.066
309 L 1.532 -1.947 -2.693 -2.838 0.139 -2.144 -2.486 -1.557 -1.912 1.316 3.105 -1.842 1.417 0.168 -2.723 -1.425 -1.155 -1.905 -1.285 0.804
310 Y -1.99 -2.119 -2.365 -3.131 -1.635 -2.34 -2.705 -2.927 1.4 -0.411 -0.345 -2.29 -0.371 4.828 -3.673 -2.636 -2.194 1.885 5.882 -0.828
311 T 0.323 -0.985 0.075 -0.75 0.091 -0.928 -1.091 -0.876 -1.073 -0.699 -1.436 -0.627 -0.748 -1.711 -1.629 1.848 3.545 -2.315 -1.737 -0.209
312 F -2.349 -2.911 -2.875 -3.329 -1.388 -3.878 -3.497 -2.889 -0.843 0.262 0.55 -3.319 0.187 6.537 -4.462 -3.045 -2.385 0.837 2.917 -0.522
313 A 2.989 -1.714 -2.14 -2.214 0.414 -1.711 -1.84 -0.443 -1.548 0.433 1.666 -1.311 0.489 -0.672 -2.041 -0.344 -0.773 -2.167 -1.517 0.484
314 F -2.349 -2.911 -2.875 -3.329 -1.388 -3.878 -3.497 -2.889 -0.843 0.262 0.55 -3.319 0.187 6.537 -4.462 -3.045 -2.385 0.837 2.917 -0.522
315 I -0.958 -2.895 -3.162 -3.19 0.008 -3.001 -3.412 -3.308 -2.792 4.13 1.439 -2.593 1.118 0.012 -3.404 -2.802 -0.866 -2.265 -1.299 3.355
316 V -0.535 -2.115 -1.76 -2.277 0.096 -2.174 -2.504 -2.451 -2.281 3.045 0.72 -1.842 0.606 -0.509 -2.689 -1.079 1.978 -2.265 -1.433 2.827
317 L -1.499 -2.474 -3.343 -3.48 -0.165 -2.832 -3.441 -3.429 -2.454 3.119 3.459 -2.558 1.859 0.628 -3.585 -3.145 -1.416 -1.832 -1.145 1.801
318 L -1.445 -2.777 -3.31 -3.334 -0.165 -3.021 -3.568 -3.461 -2.587 3.927 2.699 -2.625 1.573 0.423 -3.552 -3.118 -1.248 -2.01 -1.221 2.371
319 G 0.075 -2.372 -0.454 -1.337 -1.335 -2.21 -2.636 5.823 -1.491 -3.23 -3.475 -1.665 -2.681 -2.693 -2.794 -1.017 -1.934 -2.454 -3.163 -2.879
320 L -1.004 -2.581 -3.193 -3.329 0.008 -2.813 -3.291 -3.277 -2.65 3.383 2.544 -2.527 1.449 0.247 -3.435 -2.826 -1.013 -2.071 -1.221 2.962
321 L -1.555 -2.201 -3.377 -3.634 -0.165 -2.655 -3.32 -3.397 -2.328 1.991 4.061 -2.492 2.118 0.819 -3.619 -3.173 -1.595 -1.665 -1.07 1.092
322 C -0.827 -2.285 -1.684 -2.369 6.686 -2.55 -2.716 -2.067 -1.614 -0.211 -0.425 -2.176 -0.436 3.67 -2.908 -0.926 1.742 -0.991 0.586 -0.225
323 T -0.127 -1.107 -0.153 -1.029 0.107 -1.117 -1.392 -1.343 -1.427 -0.238 -1.071 -0.805 -0.546 -1.595 -1.701 0.691 4.287 -2.199 -1.721 0.215
324 H -1.722 -0.372 0.445 -0.975 -2.348 -0.179 -0.515 -1.711 8.023 -2.676 -2.609 -0.78 -1.276 -0.867 -2.763 -1.594 -2.241 -1.468 1.653 -3.05
325 S 1.054 -0.755 0.483 -0.263 0.058 -0.584 -0.569 -0.121 -0.474 -1.926 -2.343 -0.299 -1.201 -1.958 -1.49 3.311 0.997 -2.563 -1.77 -1.307
326 V -0.248 -2.501 -2.944 -3.179 0.326 -2.602 -2.908 -2.97 -2.929 3.015 0.931 -2.402 0.817 -0.413 -3.186 -2.298 -0.466 -2.402 -1.299 4.163
327 Y -1.827 -1.792 -2.14 -3.036 -1.766 -1.798 -2.378 -2.946 2.09 -0.818 -0.924 -1.887 -0.696 3.334 -3.347 -2.451 -2.104 2.294 6.685 -0.994
328 R -1.548 5.537 -0.476 -1.578 -2.273 0.503 -0.575 -2.142 0.084 -2.626 -2.042 2.004 -1.238 -2.486 -2.718 -1.42 -1.468 -2.248 -1.786 -2.176
329 Y -1.827 -1.792 -2.14 -3.036 -1.766 -1.798 -2.378 -2.946 2.09 -0.818 -0.924 -1.887 -0.696 3.334 -3.347 -2.451 -2.104 2.294 6.685 -0.994
330 L -1.736 -2.715 -3.168 -3.38 -0.518 -3.209 -3.502 -3.247 -1.847 2.809 2.475 -2.814 1.293 4.009 -3.837 -3.102 -1.641 -0.686 0.884 1.46
331 N -1.674 -0.429 5.673 1.267 -1.861 -0.541 -0.74 -0.169 0.954 -2.727 -3.166 -0.31 -2.176 -2.389 -2.602 -0.132 -0.466 -2.981 -2.083 -2.575
332 T -0.127 -1.107 -0.153 -1.029 0.107 -1.117 -1.392 -1.343 -1.427 -0.238 -1.071 -0.805 -0.546 -1.595 -1.701 0.691 4.287 -2.199 -1.721 0.215
333 L -1.004 -2.581 -3.193 -3.329 0.008 -2.813 -3.291 -3.277 -2.65 3.383 2.544 -2.527 1.449 0.247 -3.435 -2.826 -1.013 -2.071 -1.221 2.962
334 L -1.555 -2.201 -3.377 -3.634 -0.165 -2.655 -3.32 -3.397 -2.328 1.991 4.061 -2.492 2.118 0.819 -3.619 -3.173 -1.595 -1.665 -1.07 1.092
335 I -1.391 -3.115 -3.277 -3.195 -0.165 -3.224 -3.701 -3.493 -2.725 4.558 1.662 -2.693 1.257 0.204 -3.519 -3.091 -1.089 -2.199 -1.299 2.846
336 P -0.851 -2.028 -1.948 -1.578 -1.471 -1.947 -1.637 -1.867 -1.622 -2.332 -2.765 -1.078 -2.417 -3.35 6.677 -1.466 -1.363 -4.563 -2.65 -2.176
337 F -2.059 -2.654 -3.032 -3.427 -0.92 -3.41 -3.436 -3.048 -1.258 0.96 2.233 -3.016 0.983 5.559 -4.153 -3.087 -2.097 0.218 2.088 0.121
338 S 0.711 -0.868 0.286 -0.496 0.075 -0.751 -0.818 -0.473 -0.758 -1.248 -1.854 -0.458 -0.966 -1.832 -1.558 2.671 2.544 -2.437 -1.753 -0.706
339 L -1.499 -2.474 -3.343 -3.48 -0.165 -2.832 -3.441 -3.429 -2.454 3.119 3.459 -2.558 1.859 0.628 -3.585 -3.145 -1.416 -1.832 -1.145 1.801
340 Y -1.827 -1.792 -2.14 -3.036 -1.766 -1.798 -2.378 -2.946 2.09 -0.818 -0.924 -1.887 -0.696 3.334 -3.347 -2.451 -2.104 2.294 6.685 -0.994
341 F -1.993 -2.977 -3.003 -3.283 -0.92 -3.643 -3.563 -3.077 -1.345 2.463 0.971 -3.095 0.589 5.523 -4.113 -3.06 -1.885 0.132 2.063 1.072
342 L -1.445 -2.777 -3.31 -3.334 -0.165 -3.021 -3.568 -3.461 -2.587 3.927 2.699 -2.625 1.573 0.423 -3.552 -3.118 -1.248 -2.01 -1.221 2.371
343 Y -1.99 -2.119 -2.365 -3.131 -1.635 -2.34 -2.705 -2.927 1.4 -0.411 -0.345 -2.29 -0.371 4.828 -3.673 -2.636 -2.194 1.885 5.882 -0.828
344 L -1.555 -2.201 -3.377 -3.634 -0.165 -2.655 -3.32 -3.397 -2.328 1.991 4.061 -2.492 2.118 0.819 -3.619 -3.173 -1.595 -1.665 -1.07 1.092
345 L -1.332 0.347 2.957 -0.402 -1.212 -0.476 -0.896 -1.354 -0.248 -0.139 1.402 2.057 0.191 -0.973 -2.536 -1.139 -1.015 -2.35 -1.62 -0.684
346 W -1.722 -1.277 -1.65 -0.746 -2.165 -0.53 1.799 -2.402 0.739 -1.71 -1.677 -0.953 -1.219 1.503 -3.215 -2.009 -1.986 7.641 4.179 -1.737
347 L -1.317 3.069 -1.0 -1.569 -1.299 2.492 -0.253 -2.241 -0.225 -0.144 1.518 0.789 0.526 -1.019 -2.774 -1.621 -1.339 -2.025 -1.37 -0.566
348 G -0.725 0.324 3.139 -0.043 -1.715 -0.402 -0.787 3.199 -0.095 -2.663 -2.917 2.123 -1.968 -2.628 -2.325 -0.654 -1.104 -2.657 -2.293 -2.466
349 L -1.246 -0.136 -1.927 -2.222 -0.655 -1.11 -1.634 -2.57 -1.555 2.575 2.151 1.809 1.026 -0.222 -2.804 -2.181 -1.251 -2.119 -1.375 1.258
350 R -1.513 5.469 -0.441 -1.542 -2.238 0.539 -0.539 -2.106 0.12 -2.59 -2.006 2.04 -1.202 -2.45 -2.683 -1.385 -1.432 -2.212 -1.75 -2.14
351 K -0.805 2.115 -0.246 -0.7 -1.956 0.828 0.335 -1.321 -0.221 -2.101 -2.219 4.434 -1.202 -2.784 -1.665 -0.86 -1.06 -2.527 -1.767 -1.977
352 V -0.212 -2.465 -2.908 -3.143 0.362 -2.566 -2.872 -2.934 -2.893 3.051 0.967 -2.367 0.853 -0.377 -3.15 -2.262 -0.43 -2.366 -1.263 4.066
353 G 0.111 -2.336 -0.418 -1.301 -1.299 -2.174 -2.6 5.789 -1.455 -3.194 -3.439 -1.629 -2.645 -2.657 -2.758 -0.981 -1.898 -2.419 -3.127 -2.843
354 N -1.638 -0.393 5.596 1.303 -1.825 -0.505 -0.704 -0.133 0.99 -2.691 -3.13 -0.274 -2.14 -2.353 -2.566 -0.096 -0.43 -2.945 -2.047 -2.539
355 G 0.111 -2.336 -0.418 -1.301 -1.299 -2.174 -2.6 5.789 -1.455 -3.194 -3.439 -1.629 -2.645 -2.657 -2.758 -0.981 -1.898 -2.419 -3.127 -2.843
356 K -0.805 2.115 -0.246 -0.7 -1.956 0.828 0.335 -1.321 -0.221 -2.101 -2.219 4.434 -1.202 -2.784 -1.665 -0.86 -1.06 -2.527 -1.767 -1.977
357 D -1.755 -1.566 1.221 5.8 -2.351 -0.85 1.072 -1.102 -0.515 -2.704 -3.47 -0.808 -2.676 -2.898 -2.268 -0.931 -1.391 -3.509 -3.022 -2.843
358 F -2.313 -2.875 -2.839 -3.293 -1.353 -3.843 -3.461 -2.853 -0.807 0.298 0.586 -3.283 0.223 6.48 -4.427 -3.009 -2.349 0.873 2.952 -0.486
359 N -1.674 -0.429 5.673 1.267 -1.861 -0.541 -0.74 -0.169 0.954 -2.727 -3.166 -0.31 -2.176 -2.389 -2.602 -0.132 -0.466 -2.981 -2.083 -2.575
360 N -1.22 1.097 4.005 0.443 -1.918 0.209 -0.167 -0.695 0.419 -2.41 -2.667 3.007 -1.662 -2.589 -2.109 -0.482 -0.757 -2.757 -1.932 -2.273
361 G -0.662 -1.233 3.986 0.257 -1.578 -1.249 -1.528 4.158 -0.01 -2.96 -3.309 -0.902 -2.41 -2.529 -2.689 -0.534 -1.1 -2.698 -2.565 -2.715
362 T 0.531 -0.919 0.189 -0.613 0.09 -0.831 -0.944 -0.66 -0.904 -0.953 -1.63 -0.534 -0.848 -1.763 -1.586 2.273 3.073 -2.368 -1.738 -0.439
363 C -0.988 -0.092 -1.573 -2.142 6.627 -0.958 -1.469 -2.087 0.306 -1.167 -1.36 1.831 -1.0 0.862 -2.655 -1.608 -1.479 -0.048 3.764 -1.071
364 L 1.623 0.11 -1.512 -1.79 -0.298 -0.712 -1.085 -1.077 -1.148 0.201 1.572 1.982 0.42 -0.858 -2.125 -0.854 -1.003 -2.199 -1.528 0.001