#Seq2Logo.py -f /work3/idamei/wzy_ssn/run/1e-50/run/150/MSAs/0004_185.afa -o /work3/idamei/wzy_ssn/run/1e-50/run/150/logos/0004_185.logo
Last position-specific scoring matrix computed, values are in halfbits
A R N D C Q E G H I L K M F P S T W Y V
0 L -1.066 -1.369 -2.345 -2.799 -0.154 -1.037 -2.339 -2.569 -0.954 1.618 2.149 -1.438 5.537 0.482 -3.228 -2.002 -1.031 -1.292 -0.818 1.004
1 G 0.104 -2.343 -0.426 -1.308 -1.306 -2.181 -2.608 5.796 -1.462 -3.201 -3.446 -1.636 -2.652 -2.664 -2.765 -0.988 -1.905 -2.426 -3.134 -2.85
2 T -0.098 -1.078 -0.124 -1.0 0.136 -1.089 -1.363 -1.314 -1.399 -0.21 -1.043 -0.776 -0.517 -1.566 -1.673 0.719 4.201 -2.17 -1.692 0.244
3 L -1.08 -1.383 -2.36 -2.814 -0.168 -1.051 -2.353 -2.583 -0.968 1.603 2.135 -1.452 5.611 0.468 -3.242 -2.016 -1.046 -1.306 -0.832 0.99
4 L -1.341 -2.154 -2.973 -3.201 -0.171 -2.164 -3.074 -3.134 -1.912 3.033 2.812 -2.166 3.695 0.503 -3.461 -2.716 -1.238 -1.706 -1.066 1.772
5 N -0.457 -0.534 4.732 0.841 -1.071 -0.555 -0.682 -0.153 0.552 -2.434 -2.865 -0.306 -1.813 -2.238 -2.182 1.509 0.108 -2.835 -1.975 -2.087
6 C -0.988 -0.092 -1.573 -2.142 6.627 -0.958 -1.469 -2.087 0.306 -1.167 -1.36 1.831 -1.0 0.862 -2.655 -1.608 -1.479 -0.048 3.764 -1.071
7 L -1.499 -2.474 -3.343 -3.48 -0.165 -2.832 -3.441 -3.429 -2.454 3.119 3.459 -2.558 1.859 0.628 -3.585 -3.145 -1.416 -1.832 -1.145 1.801
8 L -1.341 -2.154 -2.973 -3.201 -0.171 -2.164 -3.074 -3.134 -1.912 3.033 2.812 -2.166 3.695 0.503 -3.461 -2.716 -1.238 -1.706 -1.066 1.772
9 F -2.059 -2.654 -3.032 -3.427 -0.92 -3.41 -3.436 -3.048 -1.258 0.96 2.233 -3.016 0.983 5.559 -4.153 -3.087 -2.097 0.218 2.088 0.121
10 L -1.736 -2.715 -3.168 -3.38 -0.518 -3.209 -3.502 -3.247 -1.847 2.809 2.475 -2.814 1.293 4.009 -3.837 -3.102 -1.641 -0.686 0.884 1.46
11 Y -1.827 -1.792 -2.14 -3.036 -1.766 -1.798 -2.378 -2.946 2.09 -0.818 -0.924 -1.887 -0.696 3.334 -3.347 -2.451 -2.104 2.294 6.685 -0.994
12 G 1.994 -2.05 -0.807 -1.454 -0.504 -1.888 -2.125 4.862 -1.399 -2.201 -2.574 -1.372 -1.953 -2.389 -2.291 -0.445 -1.344 -2.454 -2.62 -1.504
13 F -1.468 -2.767 -2.897 -3.278 -0.698 -3.387 -3.287 -2.916 -1.386 1.493 0.683 -2.98 0.413 5.494 -3.971 -2.774 -1.595 0.103 2.063 1.952
14 F -2.059 -2.654 -3.032 -3.427 -0.92 -3.41 -3.436 -3.048 -1.258 0.96 2.233 -3.016 0.983 5.559 -4.153 -3.087 -2.097 0.218 2.088 0.121
15 F -2.164 -2.488 -2.608 -3.228 -1.509 -3.008 -3.074 -2.908 0.491 -0.055 0.137 -2.759 -0.078 5.807 -4.041 -2.833 -2.288 1.409 4.764 -0.671
16 S 2.368 -0.982 -0.074 -0.668 0.275 -0.813 -0.797 0.048 -0.704 -1.519 -1.967 -0.475 -1.093 -1.926 -1.49 2.631 0.593 -2.527 -1.77 -0.747
17 L -1.555 -2.201 -3.377 -3.634 -0.165 -2.655 -3.32 -3.397 -2.328 1.991 4.061 -2.492 2.118 0.819 -3.619 -3.173 -1.595 -1.665 -1.07 1.092
18 P -0.851 -2.028 -1.948 -1.578 -1.471 -1.947 -1.637 -1.867 -1.622 -2.332 -2.765 -1.078 -2.417 -3.35 6.677 -1.466 -1.363 -4.563 -2.65 -2.176
19 L -1.555 -2.201 -3.377 -3.634 -0.165 -2.655 -3.32 -3.397 -2.328 1.991 4.061 -2.492 2.118 0.819 -3.619 -3.173 -1.595 -1.665 -1.07 1.092
20 V -0.023 -1.943 -1.373 -1.858 0.08 -1.906 -2.072 -1.788 -1.815 2.905 0.529 -1.589 0.472 -0.588 -2.588 0.789 -0.049 -2.384 -1.448 2.663
21 I -0.958 -2.895 -3.162 -3.19 0.008 -3.001 -3.412 -3.308 -2.792 4.13 1.439 -2.593 1.118 0.012 -3.404 -2.802 -0.866 -2.265 -1.299 3.355
22 L -1.499 -2.474 -3.343 -3.48 -0.165 -2.832 -3.441 -3.429 -2.454 3.119 3.459 -2.558 1.859 0.628 -3.585 -3.145 -1.416 -1.832 -1.145 1.801
23 N -1.713 -0.77 4.793 3.671 -2.026 -0.652 -0.02 -0.457 0.534 -2.731 -3.275 -0.477 -2.344 -2.559 -2.499 -0.384 -0.752 -3.157 -2.373 -2.672
24 V -0.794 -2.631 -2.92 -3.228 -0.141 -2.968 -3.091 -2.942 -2.055 2.353 0.81 -2.677 0.622 3.844 -3.552 -2.526 -0.975 -0.886 0.846 3.264
25 L -1.555 -2.201 -3.377 -3.634 -0.165 -2.655 -3.32 -3.397 -2.328 1.991 4.061 -2.492 2.118 0.819 -3.619 -3.173 -1.595 -1.665 -1.07 1.092
26 P -0.851 -2.028 -1.948 -1.578 -1.471 -1.947 -1.637 -1.867 -1.622 -2.332 -2.765 -1.078 -2.417 -3.35 6.677 -1.466 -1.363 -4.563 -2.65 -2.176
27 F 1.421 -2.006 -2.189 -2.598 -0.62 -2.144 -2.26 -1.379 0.415 -0.419 -0.451 -1.854 -0.427 4.305 -2.835 -1.257 -1.507 0.815 4.325 -0.427
28 G 0.075 -2.372 -0.454 -1.337 -1.335 -2.21 -2.636 5.823 -1.491 -3.23 -3.475 -1.665 -2.681 -2.693 -2.794 -1.017 -1.934 -2.454 -3.163 -2.879
29 L -0.914 -1.994 -2.869 -3.195 0.003 -2.008 -2.839 -2.97 -1.962 2.262 2.664 -2.082 3.636 0.331 -3.347 -2.461 -1.003 -1.761 -1.066 2.483
30 K -0.841 2.079 -0.282 -0.736 -1.992 0.793 0.299 -1.357 -0.257 -2.137 -2.255 4.526 -1.238 -2.82 -1.701 -0.895 -1.096 -2.563 -1.803 -2.013
31 L -1.499 -2.474 -3.343 -3.48 -0.165 -2.832 -3.441 -3.429 -2.454 3.119 3.459 -2.558 1.859 0.628 -3.585 -3.145 -1.416 -1.832 -1.145 1.801
32 D -1.791 -1.602 1.185 5.854 -2.387 -0.886 1.036 -1.138 -0.55 -2.74 -3.506 -0.844 -2.712 -2.934 -2.304 -0.966 -1.427 -3.545 -3.058 -2.879
33 D -1.791 -1.602 1.185 5.854 -2.387 -0.886 1.036 -1.138 -0.55 -2.74 -3.506 -0.844 -2.712 -2.934 -2.304 -0.966 -1.427 -3.545 -3.058 -2.879
34 V -0.621 -2.397 -3.081 -3.323 0.171 -2.619 -3.039 -3.105 -2.715 2.712 2.381 -2.432 1.319 0.058 -3.323 -2.561 -0.795 -2.135 -1.221 3.452
35 I -0.958 -2.895 -3.162 -3.19 0.008 -3.001 -3.412 -3.308 -2.792 4.13 1.439 -2.593 1.118 0.012 -3.404 -2.802 -0.866 -2.265 -1.299 3.355
36 L -1.393 -1.907 -3.003 -3.34 -0.171 -2.023 -2.966 -3.105 -1.807 1.863 3.547 -2.108 3.835 0.702 -3.493 -2.74 -1.405 -1.545 -0.994 1.053
37 F -1.564 -2.368 -2.818 -3.109 -0.525 -2.459 -3.127 -2.97 -1.399 2.714 1.517 -2.388 3.41 3.971 -3.701 -2.679 -1.449 -0.601 0.923 1.426
38 V -1.201 -2.831 -3.026 -3.233 -0.323 -3.188 -3.349 -3.105 -2.004 3.103 1.085 -2.78 0.787 3.896 -3.673 -2.788 -1.207 -0.845 0.846 2.738
39 L 1.551 -2.197 -2.666 -2.72 0.139 -2.292 -2.577 -1.574 -2.021 2.68 2.228 -1.894 1.082 -0.073 -2.699 -1.41 -1.001 -2.087 -1.365 1.579
40 L -1.555 -2.201 -3.377 -3.634 -0.165 -2.655 -3.32 -3.397 -2.328 1.991 4.061 -2.492 2.118 0.819 -3.619 -3.173 -1.595 -1.665 -1.07 1.092
41 V -1.201 -2.831 -3.026 -3.233 -0.323 -3.188 -3.349 -3.105 -2.004 3.103 1.085 -2.78 0.787 3.896 -3.673 -2.788 -1.207 -0.845 0.846 2.738
42 V -1.201 -2.831 -3.026 -3.233 -0.323 -3.188 -3.349 -3.105 -2.004 3.103 1.085 -2.78 0.787 3.896 -3.673 -2.788 -1.207 -0.845 0.846 2.738
43 L -1.796 -2.418 -3.199 -3.529 -0.518 -3.008 -3.378 -3.217 -1.744 1.521 3.289 -2.742 1.606 4.069 -3.874 -3.129 -1.835 -0.573 0.921 0.647
44 P -0.792 -2.514 -2.666 -2.546 -0.342 -2.544 -2.621 -2.695 -2.366 2.881 0.481 -1.969 0.28 -0.826 3.681 -2.209 -0.948 -2.876 -1.683 2.599
45 I -0.958 -2.895 -3.162 -3.19 0.008 -3.001 -3.412 -3.308 -2.792 4.13 1.439 -2.593 1.118 0.012 -3.404 -2.802 -0.866 -2.265 -1.299 3.355
46 L -1.794 2.699 -1.948 -2.697 -1.145 -1.395 -2.131 -2.763 -0.865 0.438 1.896 -0.26 0.683 3.849 -3.512 -2.43 -1.788 -0.696 0.813 -0.236
47 N -0.32 -0.833 3.093 -0.159 -0.545 -0.721 -1.12 -0.756 -0.047 -0.373 -0.135 -0.642 2.935 -1.009 -2.356 1.234 -0.043 -2.199 -1.517 -0.587
48 F -2.059 -2.654 -3.032 -3.427 -0.92 -3.41 -3.436 -3.048 -1.258 0.96 2.233 -3.016 0.983 5.559 -4.153 -3.087 -2.097 0.218 2.088 0.121
49 K -1.06 1.219 -0.997 -1.421 -1.247 0.029 -0.486 -1.891 -0.797 -0.051 1.474 3.48 0.349 -1.056 -2.211 -1.475 -1.253 -2.232 -1.538 -0.578
50 S 0.549 0.522 0.25 -0.412 -0.478 -0.049 -0.25 -0.477 -0.4 -1.994 -2.313 2.277 -1.213 -2.217 -1.558 2.459 0.452 -2.563 -1.781 -1.523
51 G -0.199 -0.063 -0.396 -1.123 -1.537 -0.835 -1.301 4.77 -1.019 -2.818 -3.008 1.963 -2.116 -2.734 -2.382 -0.976 -1.627 -2.49 -2.635 -2.56
52 Y -1.277 0.764 -1.05 -1.649 -1.862 -0.207 -0.725 -2.029 1.163 -1.388 -1.499 2.792 -0.94 1.671 -2.394 -1.556 -1.542 0.8 4.806 -1.444
53 H -1.233 1.121 0.119 -0.839 -2.15 0.362 -0.065 -1.514 6.159 -2.38 -2.412 2.923 -1.242 -1.667 -2.169 -1.209 -1.598 -1.95 0.428 -2.471
54 V -0.459 -1.483 -1.803 -0.706 -0.336 -0.646 1.766 -2.594 -1.372 2.033 0.142 -0.991 0.183 -0.979 -2.689 -1.711 -0.722 -2.402 -1.492 3.15
55 R -0.573 2.799 -0.952 -1.794 -0.399 -0.798 -1.471 -2.076 -1.167 0.948 -0.454 0.181 -0.193 -1.372 -2.467 -0.726 1.937 -2.282 -1.594 1.892
56 I -1.391 -3.115 -3.277 -3.195 -0.165 -3.224 -3.701 -3.493 -2.725 4.558 1.662 -2.693 1.257 0.204 -3.519 -3.091 -1.089 -2.199 -1.299 2.846
57 P -0.256 -0.993 3.116 0.041 -0.967 -0.955 -0.945 -0.613 -0.188 -2.31 -2.738 -0.54 -1.882 -2.509 3.78 1.3 -0.111 -3.249 -2.145 -1.97
58 R -1.295 3.276 -1.078 -1.747 -1.317 -0.093 -0.837 -2.181 -0.655 -0.125 1.494 2.536 0.349 -0.993 -2.573 -1.677 -1.379 -2.135 -1.533 -0.61
59 G -0.002 -1.561 -0.511 -1.331 -0.905 -1.445 -1.707 3.119 0.452 -1.827 -2.059 -1.195 -1.411 0.885 -2.435 1.026 -0.636 0.051 3.754 -1.617
60 C -0.659 -2.967 -3.063 -3.267 6.724 -3.076 -3.481 -2.829 -2.871 2.995 0.719 -2.726 0.492 -0.605 -3.305 -2.301 -0.938 -2.582 -1.721 2.748
61 L -1.051 -2.297 -3.225 -3.474 0.008 -2.637 -3.176 -3.247 -2.515 2.374 3.341 -2.462 1.746 0.463 -3.467 -2.851 -1.167 -1.89 -1.145 2.507
62 L -1.555 -2.201 -3.377 -3.634 -0.165 -2.655 -3.32 -3.397 -2.328 1.991 4.061 -2.492 2.118 0.819 -3.619 -3.173 -1.595 -1.665 -1.07 1.092
63 F -2.349 -2.911 -2.875 -3.329 -1.388 -3.878 -3.497 -2.889 -0.843 0.262 0.55 -3.319 0.187 6.537 -4.462 -3.045 -2.385 0.837 2.917 -0.522
64 L -1.445 -2.777 -3.31 -3.334 -0.165 -3.021 -3.568 -3.461 -2.587 3.927 2.699 -2.625 1.573 0.423 -3.552 -3.118 -1.248 -2.01 -1.221 2.371
65 F -0.525 -2.05 -1.36 -1.889 -0.432 -2.19 -2.208 -1.77 -1.193 2.214 0.389 -1.793 0.251 3.805 -2.882 0.713 -0.485 -0.876 0.777 0.938
66 L -1.004 -2.581 -3.193 -3.329 0.008 -2.813 -3.291 -3.277 -2.65 3.383 2.544 -2.527 1.449 0.247 -3.435 -2.826 -1.013 -2.071 -1.221 2.962
67 T 0.323 -0.985 0.075 -0.75 0.091 -0.928 -1.091 -0.876 -1.073 -0.699 -1.436 -0.627 -0.748 -1.711 -1.629 1.848 3.545 -2.315 -1.737 -0.209
68 L 1.715 -2.035 -2.572 -2.716 0.295 -2.129 -2.378 -1.477 -2.073 1.792 2.045 -1.817 0.934 -0.284 -2.611 -1.245 -0.784 -2.15 -1.365 2.334
69 L -1.796 -2.418 -3.199 -3.529 -0.518 -3.008 -3.378 -3.217 -1.744 1.521 3.289 -2.742 1.606 4.069 -3.874 -3.129 -1.835 -0.573 0.921 0.647
70 F -2.349 -2.911 -2.875 -3.329 -1.388 -3.878 -3.497 -2.889 -0.843 0.262 0.55 -3.319 0.187 6.537 -4.462 -3.045 -2.385 0.837 2.917 -0.522
71 S 2.368 -0.982 -0.074 -0.668 0.275 -0.813 -0.797 0.048 -0.704 -1.519 -1.967 -0.475 -1.093 -1.926 -1.49 2.631 0.593 -2.527 -1.77 -0.747
72 T 0.015 -1.489 -0.582 -1.253 0.003 -1.438 -1.613 -1.341 -1.399 2.135 -0.085 -1.097 0.032 -0.953 -2.104 1.334 2.238 -2.315 -1.589 1.101
73 L -1.499 -2.474 -3.343 -3.48 -0.165 -2.832 -3.441 -3.429 -2.454 3.119 3.459 -2.558 1.859 0.628 -3.585 -3.145 -1.416 -1.832 -1.145 1.801
74 S 2.368 -0.982 -0.074 -0.668 0.275 -0.813 -0.797 0.048 -0.704 -1.519 -1.967 -0.475 -1.093 -1.926 -1.49 2.631 0.593 -2.527 -1.77 -0.747
75 F -2.059 -2.654 -3.032 -3.427 -0.92 -3.41 -3.436 -3.048 -1.258 0.96 2.233 -3.016 0.983 5.559 -4.153 -3.087 -2.097 0.218 2.088 0.121
76 L -1.499 -2.474 -3.343 -3.48 -0.165 -2.832 -3.441 -3.429 -2.454 3.119 3.459 -2.558 1.859 0.628 -3.585 -3.145 -1.416 -1.832 -1.145 1.801
77 K -1.093 1.458 3.156 0.095 -1.947 0.413 -0.007 -0.904 0.205 -2.321 -2.528 3.615 -1.518 -2.669 -1.971 -0.618 -0.87 -2.696 -1.893 -2.188
78 G 0.763 -1.201 0.203 -0.579 -0.336 -1.031 -1.109 3.308 -0.775 -2.298 -2.673 -0.687 -1.615 -2.182 -1.862 2.447 0.307 -2.527 -2.164 -1.742
79 I -0.33 -2.1 -1.435 -1.861 -0.088 -2.056 -2.25 -1.896 -1.767 3.537 0.832 -1.659 0.645 -0.354 -2.674 0.709 -0.216 -2.315 -1.448 1.999
80 N -1.577 -1.08 4.567 0.389 -1.179 -1.191 -1.434 -0.916 0.161 1.817 -0.588 -0.909 -0.541 -1.247 -2.876 -0.826 -0.659 -2.696 -1.797 0.445
81 N -0.49 -0.936 3.105 -0.185 -1.047 -0.919 -1.122 -0.814 1.041 -1.716 -1.993 -0.742 -1.294 0.915 -2.378 1.191 -0.255 -0.017 3.793 -1.548
82 F -2.32 -2.882 -2.846 -3.3 -1.36 -3.85 -3.468 -2.86 -0.814 0.291 0.579 -3.29 0.216 6.492 -4.434 -3.016 -2.356 0.866 2.945 -0.493
83 P -0.743 -1.969 -1.508 -1.797 -0.432 -1.971 -2.075 -2.099 -1.871 2.104 -0.145 -1.414 -0.193 -1.226 3.74 -0.876 1.866 -2.794 -1.837 0.991
84 D -1.403 0.438 3.343 3.454 -2.071 -0.117 0.288 -0.84 0.125 -2.521 -2.926 2.207 -1.976 -2.704 -2.178 -0.639 -0.968 -3.002 -2.266 -2.466
85 E -0.675 -0.215 -0.883 -0.102 -1.079 2.652 2.352 -2.079 -0.198 0.592 -0.805 0.198 -0.267 -1.766 -2.364 -1.208 -0.902 -2.332 -1.492 1.611
86 F 1.421 -2.006 -2.189 -2.598 -0.62 -2.144 -2.26 -1.379 0.415 -0.419 -0.451 -1.854 -0.427 4.305 -2.835 -1.257 -1.507 0.815 4.325 -0.427
87 L -1.476 -1.778 -2.582 -3.147 -0.613 -1.767 -2.655 -2.962 0.205 1.158 2.402 -1.918 3.484 1.839 -3.404 -2.514 -1.555 0.369 3.897 0.502
88 G 0.075 -2.372 -0.454 -1.337 -1.335 -2.21 -2.636 5.823 -1.491 -3.23 -3.475 -1.665 -2.681 -2.693 -2.794 -1.017 -1.934 -2.454 -3.163 -2.879
89 D -1.791 -1.602 1.185 5.854 -2.387 -0.886 1.036 -1.138 -0.55 -2.74 -3.506 -0.844 -2.712 -2.934 -2.304 -0.966 -1.427 -3.545 -3.058 -2.879
90 S 0.396 -0.642 3.328 0.342 -0.451 -0.57 -0.625 -0.137 0.084 -2.169 -2.592 -0.303 -1.491 -2.094 -1.815 2.549 0.586 -2.696 -1.871 -1.671
91 G 2.187 -1.467 -0.418 -1.034 -0.088 -1.301 -1.385 3.361 -1.031 -1.84 -2.255 -0.889 -1.491 -2.148 -1.862 1.485 -0.216 -2.49 -2.164 -1.101
92 G -0.555 -2.205 -1.654 -2.39 -0.777 -2.184 -2.633 2.916 0.021 0.774 -0.636 -1.969 -0.517 1.128 -3.099 -1.847 -1.403 0.073 3.779 1.647
93 T -0.127 -1.107 -0.153 -1.029 0.107 -1.117 -1.392 -1.343 -1.427 -0.238 -1.071 -0.805 -0.546 -1.595 -1.701 0.691 4.287 -2.199 -1.721 0.215
94 V -0.248 -2.501 -2.944 -3.179 0.326 -2.602 -2.908 -2.97 -2.929 3.015 0.931 -2.402 0.817 -0.413 -3.186 -2.298 -0.466 -2.402 -1.299 4.163
95 F -1.829 -2.545 -2.725 -3.184 -1.022 -2.832 -3.131 -3.097 0.185 2.319 0.617 -2.573 0.36 4.421 -3.736 -2.847 -1.804 0.843 4.346 0.988
96 G 1.772 -1.998 -1.598 -2.063 -0.165 -2.013 -2.3 3.159 -1.644 0.063 1.482 -1.597 0.198 -0.836 -2.499 -0.894 -1.248 -2.167 -1.876 -0.125
97 R -1.548 5.537 -0.476 -1.578 -2.273 0.503 -0.575 -2.142 0.084 -2.626 -2.042 2.004 -1.238 -2.486 -2.718 -1.42 -1.468 -2.248 -1.786 -2.176
98 I -0.958 -2.895 -3.162 -3.19 0.008 -3.001 -3.412 -3.308 -2.792 4.13 1.439 -2.593 1.118 0.012 -3.404 -2.802 -0.866 -2.265 -1.299 3.355
99 L -1.445 -2.777 -3.31 -3.334 -0.165 -3.021 -3.568 -3.461 -2.587 3.927 2.699 -2.625 1.573 0.423 -3.552 -3.118 -1.248 -2.01 -1.221 2.371
100 Q -0.897 0.993 -0.107 -0.371 -1.925 4.933 1.378 -1.493 0.755 -2.255 -2.005 1.207 -0.417 -2.973 -2.165 -0.769 -0.989 -2.199 -1.299 -1.801
101 S 1.054 -0.755 0.483 -0.263 0.058 -0.584 -0.569 -0.121 -0.474 -1.926 -2.343 -0.299 -1.201 -1.958 -1.49 3.311 0.997 -2.563 -1.77 -1.307
102 L -1.555 -2.201 -3.377 -3.634 -0.165 -2.655 -3.32 -3.397 -2.328 1.991 4.061 -2.492 2.118 0.819 -3.619 -3.173 -1.595 -1.665 -1.07 1.092
103 L -1.555 -2.201 -3.377 -3.634 -0.165 -2.655 -3.32 -3.397 -2.328 1.991 4.061 -2.492 2.118 0.819 -3.619 -3.173 -1.595 -1.665 -1.07 1.092
104 I -1.391 -3.115 -3.277 -3.195 -0.165 -3.224 -3.701 -3.493 -2.725 4.558 1.662 -2.693 1.257 0.204 -3.519 -3.091 -1.089 -2.199 -1.299 2.846
105 L -1.445 -2.777 -3.31 -3.334 -0.165 -3.021 -3.568 -3.461 -2.587 3.927 2.699 -2.625 1.573 0.423 -3.552 -3.118 -1.248 -2.01 -1.221 2.371
106 L -1.499 -2.474 -3.343 -3.48 -0.165 -2.832 -3.441 -3.429 -2.454 3.119 3.459 -2.558 1.859 0.628 -3.585 -3.145 -1.416 -1.832 -1.145 1.801
107 L -1.796 -2.418 -3.199 -3.529 -0.518 -3.008 -3.378 -3.217 -1.744 1.521 3.289 -2.742 1.606 4.069 -3.874 -3.129 -1.835 -0.573 0.921 0.647
108 V -1.201 -2.831 -3.026 -3.233 -0.323 -3.188 -3.349 -3.105 -2.004 3.103 1.085 -2.78 0.787 3.896 -3.673 -2.788 -1.207 -0.845 0.846 2.738
109 C 0.231 -1.532 -0.542 -1.292 6.724 -1.481 -1.65 -1.089 -1.448 -0.887 -1.438 -1.175 -0.932 -1.858 -2.041 1.462 2.214 -2.638 -2.059 -0.439
110 F -1.867 -2.314 -2.698 -3.152 -0.928 -2.613 -3.069 -2.788 -0.888 0.775 1.174 -2.562 3.265 5.537 -4.002 -2.666 -1.873 0.281 2.114 0.068
111 L -1.499 -2.474 -3.343 -3.48 -0.165 -2.832 -3.441 -3.429 -2.454 3.119 3.459 -2.558 1.859 0.628 -3.585 -3.145 -1.416 -1.832 -1.145 1.801
112 A 1.594 0.175 -1.254 -1.676 -0.763 -0.547 -0.918 -1.005 0.552 -1.204 -1.453 2.03 -0.932 0.885 -2.069 -0.735 -1.133 0.051 3.806 -0.83
113 N -0.457 -0.534 4.732 0.841 -1.071 -0.555 -0.682 -0.153 0.552 -2.434 -2.865 -0.306 -1.813 -2.238 -2.182 1.509 0.108 -2.835 -1.975 -2.087
114 R -1.027 2.956 3.15 -0.168 -1.145 -0.306 -0.881 -1.103 0.03 -1.619 -1.969 0.572 -1.244 -2.128 -2.304 -0.161 1.937 -2.454 -1.859 -1.232
115 P -0.068 -1.539 -0.895 -1.07 -0.867 -1.418 -1.235 -1.161 -1.187 -2.19 -2.617 -0.795 -1.953 -2.808 5.591 1.075 -0.347 -3.733 -2.326 -1.856
116 H -0.905 -0.826 -0.629 -0.273 -1.179 -0.066 2.002 -2.166 5.11 0.543 -0.927 -0.577 -0.512 -1.155 -2.564 -1.501 -1.251 -2.056 -0.074 1.505
117 F -1.889 2.726 -1.65 -2.541 -1.787 -1.188 -1.895 -2.635 0.712 -0.829 -0.609 -0.159 -0.522 4.282 -3.422 -2.226 -1.96 0.837 4.325 -1.15
118 L -0.997 -1.788 -1.871 -2.486 -0.071 -2.047 -2.526 -2.54 -1.995 1.42 3.125 -1.814 1.471 0.214 -2.83 -1.263 1.785 -1.832 -1.271 0.828
119 L -0.859 -2.536 -2.027 -2.541 -0.504 -2.666 -3.185 2.877 -2.135 2.516 2.078 -2.248 0.848 -0.205 -3.286 -2.243 -1.518 -2.087 -1.705 1.176
120 S 0.396 -0.642 3.328 0.342 -0.451 -0.57 -0.625 -0.137 0.084 -2.169 -2.592 -0.303 -1.491 -2.094 -1.815 2.549 0.586 -2.696 -1.871 -1.671
121 F -1.993 -2.977 -3.003 -3.283 -0.92 -3.643 -3.563 -3.077 -1.345 2.463 0.971 -3.095 0.589 5.523 -4.113 -3.06 -1.885 0.132 2.063 1.072
122 F -2.164 -2.488 -2.608 -3.228 -1.509 -3.008 -3.074 -2.908 0.491 -0.055 0.137 -2.759 -0.078 5.807 -4.041 -2.833 -2.288 1.409 4.764 -0.671
123 K -0.812 2.108 -0.254 -0.708 -1.963 0.821 0.328 -1.328 -0.229 -2.109 -2.226 4.453 -1.209 -2.791 -1.673 -0.867 -1.068 -2.535 -1.774 -1.984
124 K -0.841 2.079 -0.282 -0.736 -1.992 0.793 0.299 -1.357 -0.257 -2.137 -2.255 4.526 -1.238 -2.82 -1.701 -0.895 -1.096 -2.563 -1.803 -2.013
125 G 0.075 -2.372 -0.454 -1.337 -1.335 -2.21 -2.636 5.823 -1.491 -3.23 -3.475 -1.665 -2.681 -2.693 -2.794 -1.017 -1.934 -2.454 -3.163 -2.879
126 F -2.164 -2.488 -2.608 -3.228 -1.509 -3.008 -3.074 -2.908 0.491 -0.055 0.137 -2.759 -0.078 5.807 -4.041 -2.833 -2.288 1.409 4.764 -0.671
127 L -1.004 -2.581 -3.193 -3.329 0.008 -2.813 -3.291 -3.277 -2.65 3.383 2.544 -2.527 1.449 0.247 -3.435 -2.826 -1.013 -2.071 -1.221 2.962
128 L -1.736 -2.715 -3.168 -3.38 -0.518 -3.209 -3.502 -3.247 -1.847 2.809 2.475 -2.814 1.293 4.009 -3.837 -3.102 -1.641 -0.686 0.884 1.46
129 G 1.994 -2.05 -0.807 -1.454 -0.504 -1.888 -2.125 4.862 -1.399 -2.201 -2.574 -1.372 -1.953 -2.389 -2.291 -0.445 -1.344 -2.454 -2.62 -1.504
130 S 2.368 -0.982 -0.074 -0.668 0.275 -0.813 -0.797 0.048 -0.704 -1.519 -1.967 -0.475 -1.093 -1.926 -1.49 2.631 0.593 -2.527 -1.77 -0.747
131 T 0.323 -0.985 0.075 -0.75 0.091 -0.928 -1.091 -0.876 -1.073 -0.699 -1.436 -0.627 -0.748 -1.711 -1.629 1.848 3.545 -2.315 -1.737 -0.209
132 L -1.445 -2.777 -3.31 -3.334 -0.165 -3.021 -3.568 -3.461 -2.587 3.927 2.699 -2.625 1.573 0.423 -3.552 -3.118 -1.248 -2.01 -1.221 2.371
133 S 1.054 -0.755 0.483 -0.263 0.058 -0.584 -0.569 -0.121 -0.474 -1.926 -2.343 -0.299 -1.201 -1.958 -1.49 3.311 0.997 -2.563 -1.77 -1.307
134 L -1.555 -2.201 -3.377 -3.634 -0.165 -2.655 -3.32 -3.397 -2.328 1.991 4.061 -2.492 2.118 0.819 -3.619 -3.173 -1.595 -1.665 -1.07 1.092
135 I 1.57 -2.47 -2.64 -2.607 0.139 -2.448 -2.67 -1.591 -2.135 3.602 0.963 -1.947 0.702 -0.336 -2.674 -1.395 -0.855 -2.282 -1.448 2.189
136 I -1.391 -3.115 -3.277 -3.195 -0.165 -3.224 -3.701 -3.493 -2.725 4.558 1.662 -2.693 1.257 0.204 -3.519 -3.091 -1.089 -2.199 -1.299 2.846
137 F -2.349 -2.911 -2.875 -3.329 -1.388 -3.878 -3.497 -2.889 -0.843 0.262 0.55 -3.319 0.187 6.537 -4.462 -3.045 -2.385 0.837 2.917 -0.522
138 F -2.059 -2.654 -3.032 -3.427 -0.92 -3.41 -3.436 -3.048 -1.258 0.96 2.233 -3.016 0.983 5.559 -4.153 -3.087 -2.097 0.218 2.088 0.121
139 G -0.002 -1.561 -0.511 -1.331 -0.905 -1.445 -1.707 3.119 0.452 -1.827 -2.059 -1.195 -1.411 0.885 -2.435 1.026 -0.636 0.051 3.754 -1.617
140 Y -1.827 -1.792 -2.14 -3.036 -1.766 -1.798 -2.378 -2.946 2.09 -0.818 -0.924 -1.887 -0.696 3.334 -3.347 -2.451 -2.104 2.294 6.685 -0.994
141 F -1.892 -2.265 -2.752 -3.323 -1.022 -2.655 -3.022 -3.069 0.237 0.714 2.01 -2.508 0.784 4.473 -3.772 -2.872 -2.009 0.911 4.357 0.003
142 F 1.639 -2.241 -2.437 -2.638 -0.003 -2.421 -2.419 -1.383 -1.534 1.286 0.205 -2.013 0.122 3.756 -2.789 -1.223 -0.964 -0.896 0.777 2.053
143 E -0.769 -1.206 -0.955 -0.289 -0.627 -0.421 1.85 -2.134 -0.976 2.074 -0.139 -0.634 -0.083 -1.097 -2.265 -0.681 1.871 -2.265 -1.636 0.994
144 H -1.706 -0.391 3.319 -0.022 -2.176 -0.295 -0.588 -1.101 6.975 -2.693 -2.783 -0.615 -1.545 -1.291 -2.709 -1.02 -1.521 -1.89 0.853 -2.883
145 I -1.676 -3.045 -3.136 -3.239 -0.518 -3.426 -3.631 -3.277 -1.953 3.697 1.337 -2.887 0.942 3.947 -3.8 -3.075 -1.46 -0.804 0.846 2.093
146 N -1.713 -0.77 4.793 3.671 -2.026 -0.652 -0.02 -0.457 0.534 -2.731 -3.275 -0.477 -2.344 -2.559 -2.499 -0.384 -0.752 -3.157 -2.373 -2.672
147 L -1.499 -2.474 -3.343 -3.48 -0.165 -2.832 -3.441 -3.429 -2.454 3.119 3.459 -2.558 1.859 0.628 -3.585 -3.145 -1.416 -1.832 -1.145 1.801
148 S 0.396 -0.642 3.328 0.342 -0.451 -0.57 -0.625 -0.137 0.084 -2.169 -2.592 -0.303 -1.491 -2.094 -1.815 2.549 0.586 -2.696 -1.871 -1.671
149 K 0.136 0.45 0.036 -0.659 -0.458 -0.187 -0.472 -0.879 -0.677 -1.302 -1.829 2.212 -0.977 -2.08 -1.629 1.562 2.238 -2.437 -1.764 -0.881
150 F -2.349 -2.911 -2.875 -3.329 -1.388 -3.878 -3.497 -2.889 -0.843 0.262 0.55 -3.319 0.187 6.537 -4.462 -3.045 -2.385 0.837 2.917 -0.522
151 A 1.754 -1.785 -1.428 -1.841 0.224 -1.75 -1.945 -1.087 -1.72 2.24 0.093 -1.331 0.103 -0.931 -2.104 -0.222 1.983 -2.282 -1.589 1.358
152 D -0.344 -1.229 0.121 3.136 -0.648 -0.838 -0.311 -1.113 -0.661 -0.375 -0.172 -0.831 2.907 -1.114 -2.261 1.079 -0.288 -2.332 -1.753 -0.636
153 R -1.548 5.537 -0.476 -1.578 -2.273 0.503 -0.575 -2.142 0.084 -2.626 -2.042 2.004 -1.238 -2.486 -2.718 -1.42 -1.468 -2.248 -1.786 -2.176
154 G 0.075 -2.372 -0.454 -1.337 -1.335 -2.21 -2.636 5.823 -1.491 -3.23 -3.475 -1.665 -2.681 -2.693 -2.794 -1.017 -1.934 -2.454 -3.163 -2.879
155 V -0.248 -2.501 -2.944 -3.179 0.326 -2.602 -2.908 -2.97 -2.929 3.015 0.931 -2.402 0.817 -0.413 -3.186 -2.298 -0.466 -2.402 -1.299 4.163
156 Y -1.827 -1.792 -2.14 -3.036 -1.766 -1.798 -2.378 -2.946 2.09 -0.818 -0.924 -1.887 -0.696 3.334 -3.347 -2.451 -2.104 2.294 6.685 -0.994
157 F -2.349 -2.911 -2.875 -3.329 -1.388 -3.878 -3.497 -2.889 -0.843 0.262 0.55 -3.319 0.187 6.537 -4.462 -3.045 -2.385 0.837 2.917 -0.522
158 T 1.926 -1.231 -0.577 -1.236 0.306 -1.188 -1.365 -0.658 -1.358 -0.427 -1.157 -0.824 -0.656 -1.681 -1.629 0.61 3.385 -2.282 -1.737 0.185
159 K -0.841 2.079 -0.282 -0.736 -1.992 0.793 0.299 -1.357 -0.257 -2.137 -2.255 4.526 -1.238 -2.82 -1.701 -0.895 -1.096 -2.563 -1.803 -2.013
160 D -1.791 -1.602 1.185 5.854 -2.387 -0.886 1.036 -1.138 -0.55 -2.74 -3.506 -0.844 -2.712 -2.934 -2.304 -0.966 -1.427 -3.545 -3.058 -2.879
161 I -1.391 -3.115 -3.277 -3.195 -0.165 -3.224 -3.701 -3.493 -2.725 4.558 1.662 -2.693 1.257 0.204 -3.519 -3.091 -1.089 -2.199 -1.299 2.846
162 F -2.349 -2.911 -2.875 -3.329 -1.388 -3.878 -3.497 -2.889 -0.843 0.262 0.55 -3.319 0.187 6.537 -4.462 -3.045 -2.385 0.837 2.917 -0.522
163 Q -0.897 0.993 -0.107 -0.371 -1.925 4.933 1.378 -1.493 0.755 -2.255 -2.005 1.207 -0.417 -2.973 -2.165 -0.769 -0.989 -2.199 -1.299 -1.801
164 Y -1.827 -1.792 -2.14 -3.036 -1.766 -1.798 -2.378 -2.946 2.09 -0.818 -0.924 -1.887 -0.696 3.334 -3.347 -2.451 -2.104 2.294 6.685 -0.994
165 N -1.061 -0.638 4.689 0.684 -1.047 -0.721 -0.941 -0.51 0.356 -1.642 -2.288 -0.466 -1.525 -2.099 -2.269 0.169 2.057 -2.696 -1.957 -1.323
166 D -1.443 -1.737 0.465 4.792 -2.048 -1.199 0.387 -1.361 -0.865 -2.597 -3.237 -0.92 -2.61 -3.066 3.753 -1.124 -1.405 -3.846 -2.915 -2.625
167 D -1.791 -1.602 1.185 5.854 -2.387 -0.886 1.036 -1.138 -0.55 -2.74 -3.506 -0.844 -2.712 -2.934 -2.304 -0.966 -1.427 -3.545 -3.058 -2.879
168 L 1.736 -1.567 -1.445 -1.927 0.224 -1.627 -1.872 -1.073 -1.622 0.574 1.698 -1.288 0.563 -0.611 -2.125 -0.232 1.929 -2.087 -1.502 0.511
169 P -0.851 -2.028 -1.948 -1.578 -1.471 -1.947 -1.637 -1.867 -1.622 -2.332 -2.765 -1.078 -2.417 -3.35 6.677 -1.466 -1.363 -4.563 -2.65 -2.176
170 F -2.349 -2.911 -2.875 -3.329 -1.388 -3.878 -3.497 -2.889 -0.843 0.262 0.55 -3.319 0.187 6.537 -4.462 -3.045 -2.385 0.837 2.917 -0.522
171 T -0.696 -1.593 -0.81 -1.612 -0.311 -1.78 -1.939 -1.772 -1.219 -0.062 -0.424 -1.427 -0.281 3.692 -2.364 -0.109 3.257 -0.804 0.719 -0.01
172 V -0.248 -2.501 -2.944 -3.179 0.326 -2.602 -2.908 -2.97 -2.929 3.015 0.931 -2.402 0.817 -0.413 -3.186 -2.298 -0.466 -2.402 -1.299 4.163
173 H -1.722 -0.372 0.445 -0.975 -2.348 -0.179 -0.515 -1.711 8.023 -2.676 -2.609 -0.78 -1.276 -0.867 -2.763 -1.594 -2.241 -1.468 1.653 -3.05
174 V -0.248 -2.501 -2.944 -3.179 0.326 -2.602 -2.908 -2.97 -2.929 3.015 0.931 -2.402 0.817 -0.413 -3.186 -2.298 -0.466 -2.402 -1.299 4.163
175 N -1.674 -0.429 5.673 1.267 -1.861 -0.541 -0.74 -0.169 0.954 -2.727 -3.166 -0.31 -2.176 -2.389 -2.602 -0.132 -0.466 -2.981 -2.083 -2.575
176 T -0.127 -1.107 -0.153 -1.029 0.107 -1.117 -1.392 -1.343 -1.427 -0.238 -1.071 -0.805 -0.546 -1.595 -1.701 0.691 4.287 -2.199 -1.721 0.215
177 L -1.555 -2.201 -3.377 -3.634 -0.165 -2.655 -3.32 -3.397 -2.328 1.991 4.061 -2.492 2.118 0.819 -3.619 -3.173 -1.595 -1.665 -1.07 1.092
178 G 0.075 -2.372 -0.454 -1.337 -1.335 -2.21 -2.636 5.823 -1.491 -3.23 -3.475 -1.665 -2.681 -2.693 -2.794 -1.017 -1.934 -2.454 -3.163 -2.879
179 S 1.054 -0.755 0.483 -0.263 0.058 -0.584 -0.569 -0.121 -0.474 -1.926 -2.343 -0.299 -1.201 -1.958 -1.49 3.311 0.997 -2.563 -1.77 -1.307
180 F -2.349 -2.911 -2.875 -3.329 -1.388 -3.878 -3.497 -2.889 -0.843 0.262 0.55 -3.319 0.187 6.537 -4.462 -3.045 -2.385 0.837 2.917 -0.522
181 F -2.349 -2.911 -2.875 -3.329 -1.388 -3.878 -3.497 -2.889 -0.843 0.262 0.55 -3.319 0.187 6.537 -4.462 -3.045 -2.385 0.837 2.917 -0.522
182 L -1.555 -2.201 -3.377 -3.634 -0.165 -2.655 -3.32 -3.397 -2.328 1.991 4.061 -2.492 2.118 0.819 -3.619 -3.173 -1.595 -1.665 -1.07 1.092
183 I -1.391 -3.115 -3.277 -3.195 -0.165 -3.224 -3.701 -3.493 -2.725 4.558 1.662 -2.693 1.257 0.204 -3.519 -3.091 -1.089 -2.199 -1.299 2.846
184 S 2.368 -0.982 -0.074 -0.668 0.275 -0.813 -0.797 0.048 -0.704 -1.519 -1.967 -0.475 -1.093 -1.926 -1.49 2.631 0.593 -2.527 -1.77 -0.747
185 F -2.349 -2.911 -2.875 -3.329 -1.388 -3.878 -3.497 -2.889 -0.843 0.262 0.55 -3.319 0.187 6.537 -4.462 -3.045 -2.385 0.837 2.917 -0.522
186 F -2.349 -2.911 -2.875 -3.329 -1.388 -3.878 -3.497 -2.889 -0.843 0.262 0.55 -3.319 0.187 6.537 -4.462 -3.045 -2.385 0.837 2.917 -0.522
187 L -1.555 -2.201 -3.377 -3.634 -0.165 -2.655 -3.32 -3.397 -2.328 1.991 4.061 -2.492 2.118 0.819 -3.619 -3.173 -1.595 -1.665 -1.07 1.092
188 L -1.499 -2.474 -3.343 -3.48 -0.165 -2.832 -3.441 -3.429 -2.454 3.119 3.459 -2.558 1.859 0.628 -3.585 -3.145 -1.416 -1.832 -1.145 1.801
189 F -1.603 -0.041 -1.551 -2.119 -1.705 -1.011 -1.402 -2.299 0.625 -0.735 -0.651 1.82 -0.522 4.272 -2.945 -1.983 -1.807 0.803 4.324 -1.111
190 D -2.042 -2.169 -0.169 3.952 -1.83 -1.996 -0.405 -1.868 -0.678 -0.85 -0.803 -1.809 -0.898 4.622 -3.171 -1.808 -1.852 -0.577 1.274 -1.452
191 K -0.854 1.601 -0.179 -0.534 -1.944 3.512 0.903 -1.41 0.307 -2.181 -2.113 3.296 -0.784 -2.881 -1.91 -0.817 -1.028 -2.361 -1.526 -1.891
192 E -0.309 -0.816 -0.476 -0.052 -1.179 -0.059 2.029 -1.433 0.867 -1.729 -1.887 -0.326 -1.189 0.891 -2.141 1.062 -0.493 0.058 3.801 -1.443
193 N -1.369 0.666 4.681 0.74 -1.904 -0.025 -0.35 -0.513 0.604 -2.517 -2.829 2.274 -1.828 -2.525 -2.269 -0.365 -0.661 -2.835 -1.987 -2.375
194 F -1.271 -1.844 -1.484 -2.273 -0.897 -2.047 -2.296 -2.292 0.378 -0.231 -0.384 -1.826 -0.325 4.316 -2.945 -1.104 1.663 0.843 4.327 -0.39
195 P -1.636 -1.486 2.824 -0.627 -1.871 -1.618 -1.645 -1.31 -0.376 -2.287 -2.46 -1.222 -1.921 -0.867 3.662 -1.367 -1.371 7.496 -0.004 -2.326
196 I -1.196 -0.267 -1.907 -2.127 -0.655 -1.213 -1.701 -2.594 -1.652 3.527 0.842 1.794 0.638 -0.5 -2.779 -2.161 -1.091 -2.315 -1.458 1.932
197 Y -1.045 -1.972 -1.463 -2.353 -1.615 -1.929 -2.461 2.917 1.31 -1.422 -1.552 -1.811 -1.219 2.337 -3.151 -1.89 -2.046 1.39 5.562 -1.496
198 K -0.859 1.76 -0.223 -0.609 -1.969 2.887 0.705 -1.401 0.121 -2.176 -2.169 3.78 -0.938 -2.87 -1.848 -0.853 -1.06 -2.437 -1.625 -1.941
199 L -1.051 -2.297 -3.225 -3.474 0.008 -2.637 -3.176 -3.247 -2.515 2.374 3.341 -2.462 1.746 0.463 -3.467 -2.851 -1.167 -1.89 -1.145 2.507
200 L -0.863 -1.532 -1.643 -2.285 -0.077 -1.525 -2.253 -2.32 -1.526 1.264 2.387 -1.507 3.496 0.07 -2.733 -1.032 1.845 -1.706 -1.189 0.786
201 S 1.054 -0.755 0.483 -0.263 0.058 -0.584 -0.569 -0.121 -0.474 -1.926 -2.343 -0.299 -1.201 -1.958 -1.49 3.311 0.997 -2.563 -1.77 -1.307
202 F -2.164 -2.488 -2.608 -3.228 -1.509 -3.008 -3.074 -2.908 0.491 -0.055 0.137 -2.759 -0.078 5.807 -4.041 -2.833 -2.288 1.409 4.764 -0.671
203 L -1.736 -2.715 -3.168 -3.38 -0.518 -3.209 -3.502 -3.247 -1.847 2.809 2.475 -2.814 1.293 4.009 -3.837 -3.102 -1.641 -0.686 0.884 1.46
204 F -2.349 -2.911 -2.875 -3.329 -1.388 -3.878 -3.497 -2.889 -0.843 0.262 0.55 -3.319 0.187 6.537 -4.462 -3.045 -2.385 0.837 2.917 -0.522
205 L -1.555 -2.201 -3.377 -3.634 -0.165 -2.655 -3.32 -3.397 -2.328 1.991 4.061 -2.492 2.118 0.819 -3.619 -3.173 -1.595 -1.665 -1.07 1.092
206 L -1.555 -2.201 -3.377 -3.634 -0.165 -2.655 -3.32 -3.397 -2.328 1.991 4.061 -2.492 2.118 0.819 -3.619 -3.173 -1.595 -1.665 -1.07 1.092
207 P -0.851 -2.028 -1.948 -1.578 -1.471 -1.947 -1.637 -1.867 -1.622 -2.332 -2.765 -1.078 -2.417 -3.35 6.677 -1.466 -1.363 -4.563 -2.65 -2.176
208 S 1.054 -0.755 0.483 -0.263 0.058 -0.584 -0.569 -0.121 -0.474 -1.926 -2.343 -0.299 -1.201 -1.958 -1.49 3.311 0.997 -2.563 -1.77 -1.307
209 L -1.796 -2.418 -3.199 -3.529 -0.518 -3.008 -3.378 -3.217 -1.744 1.521 3.289 -2.742 1.606 4.069 -3.874 -3.129 -1.835 -0.573 0.921 0.647
210 L -1.555 -2.201 -3.377 -3.634 -0.165 -2.655 -3.32 -3.397 -2.328 1.991 4.061 -2.492 2.118 0.819 -3.619 -3.173 -1.595 -1.665 -1.07 1.092
211 L -1.555 -2.201 -3.377 -3.634 -0.165 -2.655 -3.32 -3.397 -2.328 1.991 4.061 -2.492 2.118 0.819 -3.619 -3.173 -1.595 -1.665 -1.07 1.092
212 I -1.391 -3.115 -3.277 -3.195 -0.165 -3.224 -3.701 -3.493 -2.725 4.558 1.662 -2.693 1.257 0.204 -3.519 -3.091 -1.089 -2.199 -1.299 2.846
213 A 3.267 -1.229 -0.766 -1.139 0.477 -1.062 -1.043 0.208 -0.953 -1.162 -1.634 -0.663 -0.989 -1.894 -1.49 1.739 0.124 -2.49 -1.77 -0.279
214 K -0.841 2.079 -0.282 -0.736 -1.992 0.793 0.299 -1.357 -0.257 -2.137 -2.255 4.526 -1.238 -2.82 -1.701 -0.895 -1.096 -2.563 -1.803 -2.013
215 G 0.075 -2.372 -0.454 -1.337 -1.335 -2.21 -2.636 5.823 -1.491 -3.23 -3.475 -1.665 -2.681 -2.693 -2.794 -1.017 -1.934 -2.454 -3.163 -2.879
216 D -1.791 -1.602 1.185 5.854 -2.387 -0.886 1.036 -1.138 -0.55 -2.74 -3.506 -0.844 -2.712 -2.934 -2.304 -0.966 -1.427 -3.545 -3.058 -2.879
217 L -1.341 -2.154 -2.973 -3.201 -0.171 -2.164 -3.074 -3.134 -1.912 3.033 2.812 -2.166 3.695 0.503 -3.461 -2.716 -1.238 -1.706 -1.066 1.772
218 L -1.051 -2.297 -3.225 -3.474 0.008 -2.637 -3.176 -3.247 -2.515 2.374 3.341 -2.462 1.746 0.463 -3.467 -2.851 -1.167 -1.89 -1.145 2.507
219 A 3.952 -1.498 -1.676 -1.702 0.665 -1.334 -1.313 0.359 -1.225 -0.845 -1.336 -0.863 -0.888 -1.863 -1.49 0.44 -0.436 -2.454 -1.77 0.124
220 L -1.445 -2.777 -3.31 -3.334 -0.165 -3.021 -3.568 -3.461 -2.587 3.927 2.699 -2.625 1.573 0.423 -3.552 -3.118 -1.248 -2.01 -1.221 2.371
221 F -2.059 -2.654 -3.032 -3.427 -0.92 -3.41 -3.436 -3.048 -1.258 0.96 2.233 -3.016 0.983 5.559 -4.153 -3.087 -2.097 0.218 2.088 0.121
222 L -0.575 -1.872 -1.78 -2.377 0.096 -2.032 -2.416 -2.428 -2.161 1.881 2.074 -1.79 0.997 -0.23 -2.714 -1.093 1.924 -2.071 -1.351 2.348
223 F -2.164 -2.488 -2.608 -3.228 -1.509 -3.008 -3.074 -2.908 0.491 -0.055 0.137 -2.759 -0.078 5.807 -4.041 -2.833 -2.288 1.409 4.764 -0.671
224 F -2.349 -2.911 -2.875 -3.329 -1.388 -3.878 -3.497 -2.889 -0.843 0.262 0.55 -3.319 0.187 6.537 -4.462 -3.045 -2.385 0.837 2.917 -0.522
225 I 1.607 -1.904 -2.369 -2.503 0.134 -1.728 -2.3 -1.415 -1.548 2.58 1.166 -1.578 3.31 -0.233 -2.607 -1.167 -0.846 -1.949 -1.281 1.547
226 C -0.766 -2.479 -2.661 -3.211 6.687 -2.544 -3.004 -2.674 -0.216 1.084 -0.204 -2.428 -0.201 1.192 -3.25 -2.125 -1.223 -0.025 3.79 1.904
227 L -1.083 -1.558 2.762 -0.938 -0.425 -1.754 -2.087 -1.798 -0.894 1.601 1.902 -1.548 0.743 -0.378 -3.105 -1.573 -0.795 -2.298 -1.453 2.048
228 F -2.164 -2.488 -2.608 -3.228 -1.509 -3.008 -3.074 -2.908 0.491 -0.055 0.137 -2.759 -0.078 5.807 -4.041 -2.833 -2.288 1.409 4.764 -0.671
229 Y -1.733 -1.922 -2.496 -3.222 -1.128 -2.056 -2.659 -3.089 1.217 0.445 1.768 -2.075 0.57 2.712 -3.435 -2.672 -1.924 1.469 5.612 -0.121
230 G -0.518 0.761 -0.278 -0.788 -1.735 2.569 0.115 3.087 -0.188 -2.501 -2.51 2.396 -1.301 -2.826 -2.186 -0.892 -1.31 -2.402 -1.987 -2.195
231 R -1.375 3.298 -0.855 -1.634 -2.003 0.041 -0.684 -2.076 0.836 -1.756 -1.679 2.575 -1.046 0.811 -2.508 -1.519 -1.527 0.08 3.805 -1.679
232 N -0.253 0.595 3.243 0.221 -1.104 -0.037 -0.3 -0.495 0.145 -2.244 -2.559 2.275 -1.504 -2.367 -1.892 1.38 -0.051 -2.696 -1.882 -1.918
233 R -1.33 3.395 3.137 -0.093 -2.037 0.306 -0.301 -1.107 0.306 -2.485 -2.448 2.72 -1.518 -2.559 -2.304 -0.767 -0.98 -2.582 -1.888 -2.245
234 L -1.252 -2.523 -3.057 -3.374 -0.323 -2.988 -3.231 -3.077 -1.895 1.967 2.308 -2.709 1.156 3.959 -3.708 -2.812 -1.373 -0.725 0.884 2.243
235 R -1.59 4.544 3.118 -0.295 -2.129 0.195 -0.629 -1.326 0.404 -2.659 -2.37 1.418 -1.518 -2.453 -2.679 -0.924 -1.094 -2.472 -1.882 -2.303
236 A 1.716 2.768 -1.526 -2.067 -0.165 -0.861 -1.444 -1.22 -1.104 0.824 -0.523 0.167 -0.289 -1.452 -2.373 -0.86 -0.752 -2.367 -1.61 1.875
237 F -2.059 -2.654 -3.032 -3.427 -0.92 -3.41 -3.436 -3.048 -1.258 0.96 2.233 -3.016 0.983 5.559 -4.153 -3.087 -2.097 0.218 2.088 0.121
238 F -1.892 -2.265 -2.752 -3.323 -1.022 -2.655 -3.022 -3.069 0.237 0.714 2.01 -2.508 0.784 4.473 -3.772 -2.872 -2.009 0.911 4.357 0.003
239 L -0.463 -1.517 -1.215 -1.913 -0.518 -1.553 -1.857 -1.765 0.326 0.24 1.617 -1.406 0.468 1.48 -2.655 0.765 -0.561 0.175 3.846 -0.195
240 Y -1.733 -1.922 -2.496 -3.222 -1.128 -2.056 -2.659 -3.089 1.217 0.445 1.768 -2.075 0.57 2.712 -3.435 -2.672 -1.924 1.469 5.612 -0.121
241 I -0.815 -2.846 -2.006 -2.435 -0.504 -2.845 -3.301 2.873 -2.253 3.484 0.726 -2.308 0.434 -0.481 -3.256 -2.223 -1.344 -2.282 -1.797 1.868
242 G -1.094 -2.479 -1.936 -2.576 -0.905 -2.832 -3.127 2.901 -1.491 0.374 1.798 -2.414 0.482 3.841 -3.545 -2.232 -1.953 -0.735 0.661 -0.344
243 L -1.499 -2.474 -3.343 -3.48 -0.165 -2.832 -3.441 -3.429 -2.454 3.119 3.459 -2.558 1.859 0.628 -3.585 -3.145 -1.416 -1.832 -1.145 1.801
244 P -0.231 -1.586 -1.168 -1.514 -0.451 -1.598 -1.631 -1.489 -1.372 -0.046 1.423 -1.154 0.164 -0.963 3.749 0.891 -0.4 -2.696 -1.759 -0.451
245 I -0.33 -2.1 -1.435 -1.861 -0.088 -2.056 -2.25 -1.896 -1.767 3.537 0.832 -1.659 0.645 -0.354 -2.674 0.709 -0.216 -2.315 -1.448 1.999
246 C -0.122 -1.907 -1.397 -1.998 6.715 -1.971 -2.214 -1.576 -1.72 0.256 1.597 -1.705 0.385 -0.731 -2.621 0.86 -0.392 -2.419 -1.797 -0.04
247 L -1.051 -2.297 -3.225 -3.474 0.008 -2.637 -3.176 -3.247 -2.515 2.374 3.341 -2.462 1.746 0.463 -3.467 -2.851 -1.167 -1.89 -1.145 2.507
248 L -1.252 -2.523 -3.057 -3.374 -0.323 -2.988 -3.231 -3.077 -1.895 1.967 2.308 -2.709 1.156 3.959 -3.708 -2.812 -1.373 -0.725 0.884 2.243
249 L -1.796 -2.418 -3.199 -3.529 -0.518 -3.008 -3.378 -3.217 -1.744 1.521 3.289 -2.742 1.606 4.069 -3.874 -3.129 -1.835 -0.573 0.921 0.647
250 F 1.509 -1.858 -2.266 -2.537 -0.182 -1.847 -2.257 -1.308 -1.012 0.507 0.776 -1.708 3.16 3.834 -2.809 -1.159 -1.185 -0.648 0.855 0.258
251 P -0.851 -2.028 -1.948 -1.578 -1.471 -1.947 -1.637 -1.867 -1.622 -2.332 -2.765 -1.078 -2.417 -3.35 6.677 -1.466 -1.363 -4.563 -2.65 -2.176
252 V -0.685 -2.245 -2.65 -3.131 -0.219 -2.308 -2.72 -2.962 -0.211 2.204 0.434 -2.22 0.395 1.421 -3.239 -2.349 -0.916 0.08 3.857 3.225
253 L -1.736 -2.715 -3.168 -3.38 -0.518 -3.209 -3.502 -3.247 -1.847 2.809 2.475 -2.814 1.293 4.009 -3.837 -3.102 -1.641 -0.686 0.884 1.46
254 Y -1.733 -1.922 -2.496 -3.222 -1.128 -2.056 -2.659 -3.089 1.217 0.445 1.768 -2.075 0.57 2.712 -3.435 -2.672 -1.924 1.469 5.612 -0.121
255 S 0.396 -0.642 3.328 0.342 -0.451 -0.57 -0.625 -0.137 0.084 -2.169 -2.592 -0.303 -1.491 -2.094 -1.815 2.549 0.586 -2.696 -1.871 -1.671
256 L -1.252 -2.523 -3.057 -3.374 -0.323 -2.988 -3.231 -3.077 -1.895 1.967 2.308 -2.709 1.156 3.959 -3.708 -2.812 -1.373 -0.725 0.884 2.243
257 Y -1.827 -1.792 -2.14 -3.036 -1.766 -1.798 -2.378 -2.946 2.09 -0.818 -0.924 -1.887 -0.696 3.334 -3.347 -2.451 -2.104 2.294 6.685 -0.994
258 L -0.244 -0.361 -0.577 -1.062 -0.552 2.337 -0.252 -1.374 -0.42 -0.035 1.49 -0.155 0.533 -0.905 -2.295 1.005 -0.306 -2.119 -1.365 -0.378
259 G 0.763 -1.201 0.203 -0.579 -0.336 -1.031 -1.109 3.308 -0.775 -2.298 -2.673 -0.687 -1.615 -2.182 -1.862 2.447 0.307 -2.527 -2.164 -1.742
260 L -1.555 -2.201 -3.377 -3.634 -0.165 -2.655 -3.32 -3.397 -2.328 1.991 4.061 -2.492 2.118 0.819 -3.619 -3.173 -1.595 -1.665 -1.07 1.092
261 S 0.417 2.955 0.197 -0.638 -0.531 -0.174 -0.571 -0.651 -0.276 -2.141 -2.239 0.686 -1.213 -2.123 -1.844 2.409 0.383 -2.454 -1.775 -1.568
262 D -1.179 -0.06 0.324 3.522 -2.237 2.775 2.774 -1.512 0.245 -2.581 -2.678 0.465 -1.477 -2.839 -2.117 -0.846 -1.238 -2.657 -2.004 -2.242
263 Y -1.827 -1.792 -2.14 -3.036 -1.766 -1.798 -2.378 -2.946 2.09 -0.818 -0.924 -1.887 -0.696 3.334 -3.347 -2.451 -2.104 2.294 6.685 -0.994
264 R -1.548 5.537 -0.476 -1.578 -2.273 0.503 -0.575 -2.142 0.084 -2.626 -2.042 2.004 -1.238 -2.486 -2.718 -1.42 -1.468 -2.248 -1.786 -2.176
265 V -0.248 -2.501 -2.944 -3.179 0.326 -2.602 -2.908 -2.97 -2.929 3.015 0.931 -2.402 0.817 -0.413 -3.186 -2.298 -0.466 -2.402 -1.299 4.163
266 Y -1.827 -1.792 -2.14 -3.036 -1.766 -1.798 -2.378 -2.946 2.09 -0.818 -0.924 -1.887 -0.696 3.334 -3.347 -2.451 -2.104 2.294 6.685 -0.994
267 A 2.155 -1.104 -0.315 -0.938 0.29 -0.994 -1.067 -0.283 -1.012 -0.921 -1.533 -0.645 -0.866 -1.801 -1.558 1.794 2.314 -2.402 -1.753 -0.244
268 S 1.054 -0.755 0.483 -0.263 0.058 -0.584 -0.569 -0.121 -0.474 -1.926 -2.343 -0.299 -1.201 -1.958 -1.49 3.311 0.997 -2.563 -1.77 -1.307
269 G -0.223 -1.421 -0.42 -0.056 -1.654 -0.507 1.803 4.748 -0.725 -3.071 -3.2 -0.667 -2.344 -2.669 -2.462 -0.944 -1.712 -2.437 -2.687 -2.614
270 R -1.548 5.537 -0.476 -1.578 -2.273 0.503 -0.575 -2.142 0.084 -2.626 -2.042 2.004 -1.238 -2.486 -2.718 -1.42 -1.468 -2.248 -1.786 -2.176
271 D -1.791 -1.602 1.185 5.854 -2.387 -0.886 1.036 -1.138 -0.55 -2.74 -3.506 -0.844 -2.712 -2.934 -2.304 -0.966 -1.427 -3.545 -3.058 -2.879
272 E -0.556 -0.708 -0.386 0.828 -2.014 0.557 3.475 3.017 -0.121 -2.921 -2.948 0.074 -2.041 -2.645 -2.165 -0.874 -1.507 -2.419 -2.279 -2.372
273 L -1.445 -2.777 -3.31 -3.334 -0.165 -3.021 -3.568 -3.461 -2.587 3.927 2.699 -2.625 1.573 0.423 -3.552 -3.118 -1.248 -2.01 -1.221 2.371
274 Y -1.827 -1.792 -2.14 -3.036 -1.766 -1.798 -2.378 -2.946 2.09 -0.818 -0.924 -1.887 -0.696 3.334 -3.347 -2.451 -2.104 2.294 6.685 -0.994
275 G -0.373 -2.314 -1.143 -1.92 -0.89 -2.351 -2.847 4.711 -1.744 -0.362 1.286 -1.915 -0.124 -1.009 -3.043 -1.573 -1.816 -2.167 -2.286 -0.899
276 A 3.136 -1.761 -1.209 -1.575 0.139 -1.598 -1.69 3.412 -1.311 -1.444 -1.889 -1.106 -1.371 -2.114 -1.862 0.031 -0.855 -2.454 -2.164 -0.576
277 A 3.267 -1.229 -0.766 -1.139 0.477 -1.062 -1.043 0.208 -0.953 -1.162 -1.634 -0.663 -0.989 -1.894 -1.49 1.739 0.124 -2.49 -1.77 -0.279
278 L -1.736 -2.715 -3.168 -3.38 -0.518 -3.209 -3.502 -3.247 -1.847 2.809 2.475 -2.814 1.293 4.009 -3.837 -3.102 -1.641 -0.686 0.884 1.46
279 D -0.515 -1.347 0.155 3.127 -1.17 -1.045 -0.313 -1.179 0.635 -1.719 -2.065 -0.937 -1.417 0.862 -2.282 1.034 -0.521 -0.079 3.757 -1.617
280 S 0.417 2.955 0.197 -0.638 -0.531 -0.174 -0.571 -0.651 -0.276 -2.141 -2.239 0.686 -1.213 -2.123 -1.844 2.409 0.383 -2.454 -1.775 -1.568
281 I -1.391 -3.115 -3.277 -3.195 -0.165 -3.224 -3.701 -3.493 -2.725 4.558 1.662 -2.693 1.257 0.204 -3.519 -3.091 -1.089 -2.199 -1.299 2.846
282 F -1.993 -2.977 -3.003 -3.283 -0.92 -3.643 -3.563 -3.077 -1.345 2.463 0.971 -3.095 0.589 5.523 -4.113 -3.06 -1.885 0.132 2.063 1.072
283 D -1.441 -0.656 3.337 3.707 -2.212 0.142 2.448 -0.997 0.326 -2.748 -3.111 -0.095 -2.193 -2.64 -2.253 -0.612 -1.036 -2.938 -2.312 -2.518
284 N -0.457 -0.534 4.732 0.841 -1.071 -0.555 -0.682 -0.153 0.552 -2.434 -2.865 -0.306 -1.813 -2.238 -2.182 1.509 0.108 -2.835 -1.975 -2.087
285 P -0.851 -2.028 -1.948 -1.578 -1.471 -1.947 -1.637 -1.867 -1.622 -2.332 -2.765 -1.078 -2.417 -3.35 6.677 -1.466 -1.363 -4.563 -2.65 -2.176
286 F -2.349 -2.911 -2.875 -3.329 -1.388 -3.878 -3.497 -2.889 -0.843 0.262 0.55 -3.319 0.187 6.537 -4.462 -3.045 -2.385 0.837 2.917 -0.522
287 G 0.075 -2.372 -0.454 -1.337 -1.335 -2.21 -2.636 5.823 -1.491 -3.23 -3.475 -1.665 -2.681 -2.693 -2.794 -1.017 -1.934 -2.454 -3.163 -2.879
288 Y -1.827 -1.792 -2.14 -3.036 -1.766 -1.798 -2.378 -2.946 2.09 -0.818 -0.924 -1.887 -0.696 3.334 -3.347 -2.451 -2.104 2.294 6.685 -0.994
289 G 0.075 -2.372 -0.454 -1.337 -1.335 -2.21 -2.636 5.823 -1.491 -3.23 -3.475 -1.665 -2.681 -2.693 -2.794 -1.017 -1.934 -2.454 -3.163 -2.879
290 L -1.555 -2.201 -3.377 -3.634 -0.165 -2.655 -3.32 -3.397 -2.328 1.991 4.061 -2.492 2.118 0.819 -3.619 -3.173 -1.595 -1.665 -1.07 1.092
291 G 0.075 -2.372 -0.454 -1.337 -1.335 -2.21 -2.636 5.823 -1.491 -3.23 -3.475 -1.665 -2.681 -2.693 -2.794 -1.017 -1.934 -2.454 -3.163 -2.879
292 V 0.041 -1.464 -1.196 -1.777 0.075 -1.297 -1.767 -1.6 -1.284 1.526 0.765 -1.261 3.219 -0.475 -2.522 0.899 -0.043 -2.04 -1.281 2.127
293 Q -0.897 0.993 -0.107 -0.371 -1.925 4.933 1.378 -1.493 0.755 -2.255 -2.005 1.207 -0.417 -2.973 -2.165 -0.769 -0.989 -2.199 -1.299 -1.801
294 N -1.674 -0.429 5.673 1.267 -1.861 -0.541 -0.74 -0.169 0.954 -2.727 -3.166 -0.31 -2.176 -2.389 -2.602 -0.132 -0.466 -2.981 -2.083 -2.575
295 N -1.405 -0.328 4.676 1.348 -2.037 0.226 2.163 -0.653 0.775 -2.744 -3.008 0.052 -2.033 -2.464 -2.347 -0.34 -0.722 -2.774 -2.028 -2.425
296 I -1.391 -3.115 -3.277 -3.195 -0.165 -3.224 -3.701 -3.493 -2.725 4.558 1.662 -2.693 1.257 0.204 -3.519 -3.091 -1.089 -2.199 -1.299 2.846
297 L -1.445 -2.777 -3.31 -3.334 -0.165 -3.021 -3.568 -3.461 -2.587 3.927 2.699 -2.625 1.573 0.423 -3.552 -3.118 -1.248 -2.01 -1.221 2.371
298 Y -1.99 -2.119 -2.365 -3.131 -1.635 -2.34 -2.705 -2.927 1.4 -0.411 -0.345 -2.29 -0.371 4.828 -3.673 -2.636 -2.194 1.885 5.882 -0.828
299 D -0.292 -0.247 0.569 3.295 -1.212 2.477 0.731 -0.857 -0.025 -2.287 -2.55 0.157 -1.294 -2.582 -1.964 1.253 -0.27 -2.715 -1.951 -1.924
300 A 1.642 -0.009 -1.494 -1.708 -0.298 -0.801 -1.14 -1.091 -1.232 2.037 -0.131 1.969 -0.066 -1.208 -2.104 -0.842 -0.857 -2.402 -1.615 0.987
301 V -0.535 -2.115 -1.76 -2.277 0.096 -2.174 -2.504 -2.451 -2.281 3.045 0.72 -1.842 0.606 -0.509 -2.689 -1.079 1.978 -2.265 -1.433 2.827
302 G 1.994 -2.05 -0.807 -1.454 -0.504 -1.888 -2.125 4.862 -1.399 -2.201 -2.574 -1.372 -1.953 -2.389 -2.291 -0.445 -1.344 -2.454 -2.62 -1.504
303 I -0.958 -2.895 -3.162 -3.19 0.008 -3.001 -3.412 -3.308 -2.792 4.13 1.439 -2.593 1.118 0.012 -3.404 -2.802 -0.866 -2.265 -1.299 3.355
304 N -1.713 -0.77 4.793 3.671 -2.026 -0.652 -0.02 -0.457 0.534 -2.731 -3.275 -0.477 -2.344 -2.559 -2.499 -0.384 -0.752 -3.157 -2.373 -2.672
305 F -2.349 -2.911 -2.875 -3.329 -1.388 -3.878 -3.497 -2.889 -0.843 0.262 0.55 -3.319 0.187 6.537 -4.462 -3.045 -2.385 0.837 2.917 -0.522
306 P -0.851 -2.028 -1.948 -1.578 -1.471 -1.947 -1.637 -1.867 -1.622 -2.332 -2.765 -1.078 -2.417 -3.35 6.677 -1.466 -1.363 -4.563 -2.65 -2.176
307 A 3.952 -1.498 -1.676 -1.702 0.665 -1.334 -1.313 0.359 -1.225 -0.845 -1.336 -0.863 -0.888 -1.863 -1.49 0.44 -0.436 -2.454 -1.77 0.124
308 H -1.722 -0.372 0.445 -0.975 -2.348 -0.179 -0.515 -1.711 8.023 -2.676 -2.609 -0.78 -1.276 -0.867 -2.763 -1.594 -2.241 -1.468 1.653 -3.05
309 N -1.674 -0.429 5.673 1.267 -1.861 -0.541 -0.74 -0.169 0.954 -2.727 -3.166 -0.31 -2.176 -2.389 -2.602 -0.132 -0.466 -2.981 -2.083 -2.575
310 I -1.391 -3.115 -3.277 -3.195 -0.165 -3.224 -3.701 -3.493 -2.725 4.558 1.662 -2.693 1.257 0.204 -3.519 -3.091 -1.089 -2.199 -1.299 2.846
311 L -1.796 -2.418 -3.199 -3.529 -0.518 -3.008 -3.378 -3.217 -1.744 1.521 3.289 -2.742 1.606 4.069 -3.874 -3.129 -1.835 -0.573 0.921 0.647
312 L -1.555 -2.201 -3.377 -3.634 -0.165 -2.655 -3.32 -3.397 -2.328 1.991 4.061 -2.492 2.118 0.819 -3.619 -3.173 -1.595 -1.665 -1.07 1.092
313 S 1.054 -0.755 0.483 -0.263 0.058 -0.584 -0.569 -0.121 -0.474 -1.926 -2.343 -0.299 -1.201 -1.958 -1.49 3.311 0.997 -2.563 -1.77 -1.307
314 I -0.958 -2.895 -3.162 -3.19 0.008 -3.001 -3.412 -3.308 -2.792 4.13 1.439 -2.593 1.118 0.012 -3.404 -2.802 -0.866 -2.265 -1.299 3.355
315 G 0.075 -2.372 -0.454 -1.337 -1.335 -2.21 -2.636 5.823 -1.491 -3.23 -3.475 -1.665 -2.681 -2.693 -2.794 -1.017 -1.934 -2.454 -3.163 -2.879
316 L -1.499 -2.474 -3.343 -3.48 -0.165 -2.832 -3.441 -3.429 -2.454 3.119 3.459 -2.558 1.859 0.628 -3.585 -3.145 -1.416 -1.832 -1.145 1.801
317 E -0.933 -0.136 -0.353 1.504 -2.425 1.332 4.527 -1.964 0.378 -2.778 -2.717 0.662 -1.768 -2.622 -1.896 -0.805 -1.315 -2.402 -1.922 -2.148
318 L -1.796 -2.418 -3.199 -3.529 -0.518 -3.008 -3.378 -3.217 -1.744 1.521 3.289 -2.742 1.606 4.069 -3.874 -3.129 -1.835 -0.573 0.921 0.647
319 G 0.075 -2.372 -0.454 -1.337 -1.335 -2.21 -2.636 5.823 -1.491 -3.23 -3.475 -1.665 -2.681 -2.693 -2.794 -1.017 -1.934 -2.454 -3.163 -2.879
320 L -1.879 -2.265 -3.31 -3.634 -0.726 -2.715 -3.203 -3.017 -1.879 1.177 3.083 -2.593 1.36 0.92 -4.104 -3.237 -1.921 7.535 0.437 0.344
321 L -1.736 -2.715 -3.168 -3.38 -0.518 -3.209 -3.502 -3.247 -1.847 2.809 2.475 -2.814 1.293 4.009 -3.837 -3.102 -1.641 -0.686 0.884 1.46
322 Y -1.827 -1.792 -2.14 -3.036 -1.766 -1.798 -2.378 -2.946 2.09 -0.818 -0.924 -1.887 -0.696 3.334 -3.347 -2.451 -2.104 2.294 6.685 -0.994
323 L -1.555 -2.201 -3.377 -3.634 -0.165 -2.655 -3.32 -3.397 -2.328 1.991 4.061 -2.492 2.118 0.819 -3.619 -3.173 -1.595 -1.665 -1.07 1.092
324 F -2.349 -2.911 -2.875 -3.329 -1.388 -3.878 -3.497 -2.889 -0.843 0.262 0.55 -3.319 0.187 6.537 -4.462 -3.045 -2.385 0.837 2.917 -0.522
325 L -1.736 -2.715 -3.168 -3.38 -0.518 -3.209 -3.502 -3.247 -1.847 2.809 2.475 -2.814 1.293 4.009 -3.837 -3.102 -1.641 -0.686 0.884 1.46
326 V -0.621 -2.397 -3.081 -3.323 0.171 -2.619 -3.039 -3.105 -2.715 2.712 2.381 -2.432 1.319 0.058 -3.323 -2.561 -0.795 -2.135 -1.221 3.452
327 V -0.869 -2.249 -2.841 -3.062 0.003 -2.149 -2.941 -2.997 -2.073 3.305 1.612 -2.139 3.485 0.104 -3.317 -2.439 -0.857 -1.934 -1.14 2.942
328 L 1.736 -1.567 -1.445 -1.927 0.224 -1.627 -1.872 -1.073 -1.622 0.574 1.698 -1.288 0.563 -0.611 -2.125 -0.232 1.929 -2.087 -1.502 0.511
329 Y -1.99 -2.119 -2.365 -3.131 -1.635 -2.34 -2.705 -2.927 1.4 -0.411 -0.345 -2.29 -0.371 4.828 -3.673 -2.636 -2.194 1.885 5.882 -0.828
330 L -1.736 -2.715 -3.168 -3.38 -0.518 -3.209 -3.502 -3.247 -1.847 2.809 2.475 -2.814 1.293 4.009 -3.837 -3.102 -1.641 -0.686 0.884 1.46
331 F -1.993 -2.977 -3.003 -3.283 -0.92 -3.643 -3.563 -3.077 -1.345 2.463 0.971 -3.095 0.589 5.523 -4.113 -3.06 -1.885 0.132 2.063 1.072
332 G -0.494 -2.355 -1.952 -2.537 -0.311 -2.482 -2.941 2.897 -2.188 1.567 1.885 -2.162 0.687 -0.426 -3.18 -2.025 -1.261 -2.15 -1.705 2.029
333 W -1.731 -2.682 -3.112 -3.566 6.612 -3.035 -3.268 -2.311 -1.637 -1.444 -1.455 -2.909 -1.226 0.391 -4.49 -2.692 -2.173 9.467 1.232 -1.501
334 F -2.059 -2.654 -3.032 -3.427 -0.92 -3.41 -3.436 -3.048 -1.258 0.96 2.233 -3.016 0.983 5.559 -4.153 -3.087 -2.097 0.218 2.088 0.121
335 F -2.059 -2.654 -3.032 -3.427 -0.92 -3.41 -3.436 -3.048 -1.258 0.96 2.233 -3.016 0.983 5.559 -4.153 -3.087 -2.097 0.218 2.088 0.121
336 L -1.332 0.347 2.957 -0.402 -1.212 -0.476 -0.896 -1.354 -0.248 -0.139 1.402 2.057 0.191 -0.973 -2.536 -1.139 -1.015 -2.35 -1.62 -0.684
337 H 0.002 -0.543 0.478 -0.583 -0.887 -0.36 -0.528 -0.793 6.148 -2.262 -2.459 -0.515 -1.224 -1.347 -2.042 1.756 -0.176 -1.95 0.436 -2.034
338 G -0.694 3.267 -0.403 -1.195 -1.839 -0.027 -0.73 3.047 -0.479 -2.63 -2.525 2.591 -1.644 -2.663 -2.36 -1.102 -1.479 -2.419 -2.183 -2.332
339 K -0.841 2.079 -0.282 -0.736 -1.992 0.793 0.299 -1.357 -0.257 -2.137 -2.255 4.526 -1.238 -2.82 -1.701 -0.895 -1.096 -2.563 -1.803 -2.013
340 V 1.733 -2.293 -2.547 -2.603 0.295 -2.277 -2.465 -1.493 -2.188 2.986 0.674 -1.869 0.533 -0.568 -2.588 -1.231 -0.648 -2.35 -1.448 2.815
341 D -1.768 -1.131 0.959 4.816 -2.374 -0.631 0.605 -1.317 5.135 -2.718 -3.175 -0.822 -2.15 -2.07 -2.449 -1.161 -1.674 -2.677 -0.565 -2.935
342 F -1.936 -1.532 2.826 -0.874 -1.664 -1.767 -1.98 -1.689 0.972 -0.847 -0.805 -1.581 -0.738 4.286 -3.372 -1.587 -1.521 0.763 4.313 -1.239
343 K -0.859 1.76 -0.223 -0.609 -1.969 2.887 0.705 -1.401 0.121 -2.176 -2.169 3.78 -0.938 -2.87 -1.848 -0.853 -1.06 -2.437 -1.625 -1.941
344 N -0.784 -0.734 4.008 0.356 -0.698 -0.8 -1.033 -0.682 0.017 -1.208 -1.918 -0.533 -1.233 -1.95 -2.102 0.323 2.762 -2.549 -1.882 -0.841
345 K -0.812 2.108 -0.254 -0.708 -1.963 0.821 0.328 -1.328 -0.229 -2.109 -2.226 4.453 -1.209 -2.791 -1.673 -0.867 -1.068 -2.535 -1.774 -1.984
346 L -0.859 -2.536 -2.027 -2.541 -0.504 -2.666 -3.185 2.877 -2.135 2.516 2.078 -2.248 0.848 -0.205 -3.286 -2.243 -1.518 -2.087 -1.705 1.176
347 I -0.958 -2.895 -3.162 -3.19 0.008 -3.001 -3.412 -3.308 -2.792 4.13 1.439 -2.593 1.118 0.012 -3.404 -2.802 -0.866 -2.265 -1.299 3.355
348 F -1.468 -2.767 -2.897 -3.278 -0.698 -3.387 -3.287 -2.916 -1.386 1.493 0.683 -2.98 0.413 5.494 -3.971 -2.774 -1.595 0.103 2.063 1.952
349 I -1.391 -3.115 -3.277 -3.195 -0.165 -3.224 -3.701 -3.493 -2.725 4.558 1.662 -2.693 1.257 0.204 -3.519 -3.091 -1.089 -2.199 -1.299 2.846
350 C 0.136 -2.209 -1.326 -1.959 8.575 -2.164 -2.344 -1.319 -1.879 -1.088 -1.439 -1.854 -1.128 -2.013 -2.522 1.016 -0.332 -3.002 -2.421 -0.689
351 Y -1.99 -2.119 -2.365 -3.131 -1.635 -2.34 -2.705 -2.927 1.4 -0.411 -0.345 -2.29 -0.371 4.828 -3.673 -2.636 -2.194 1.885 5.882 -0.828
352 L -1.051 -2.297 -3.225 -3.474 0.008 -2.637 -3.176 -3.247 -2.515 2.374 3.341 -2.462 1.746 0.463 -3.467 -2.851 -1.167 -1.89 -1.145 2.507
353 I -0.958 -2.895 -3.162 -3.19 0.008 -3.001 -3.412 -3.308 -2.792 4.13 1.439 -2.593 1.118 0.012 -3.404 -2.802 -0.866 -2.265 -1.299 3.355
354 I -1.391 -3.115 -3.277 -3.195 -0.165 -3.224 -3.701 -3.493 -2.725 4.558 1.662 -2.693 1.257 0.204 -3.519 -3.091 -1.089 -2.199 -1.299 2.846
355 G 0.075 -2.372 -0.454 -1.337 -1.335 -2.21 -2.636 5.823 -1.491 -3.23 -3.475 -1.665 -2.681 -2.693 -2.794 -1.017 -1.934 -2.454 -3.163 -2.879
356 L -1.393 -1.907 -3.003 -3.34 -0.171 -2.023 -2.966 -3.105 -1.807 1.863 3.547 -2.108 3.835 0.702 -3.493 -2.74 -1.405 -1.545 -0.994 1.053
357 F -2.349 -2.911 -2.875 -3.329 -1.388 -3.878 -3.497 -2.889 -0.843 0.262 0.55 -3.319 0.187 6.537 -4.462 -3.045 -2.385 0.837 2.917 -0.522
358 G 0.075 -2.372 -0.454 -1.337 -1.335 -2.21 -2.636 5.823 -1.491 -3.23 -3.475 -1.665 -2.681 -2.693 -2.794 -1.017 -1.934 -2.454 -3.163 -2.879
359 N -1.674 -0.429 5.673 1.267 -1.861 -0.541 -0.74 -0.169 0.954 -2.727 -3.166 -0.31 -2.176 -2.389 -2.602 -0.132 -0.466 -2.981 -2.083 -2.575
360 A 3.952 -1.498 -1.676 -1.702 0.665 -1.334 -1.313 0.359 -1.225 -0.845 -1.336 -0.863 -0.888 -1.863 -1.49 0.44 -0.436 -2.454 -1.77 0.124
361 L -1.094 -1.397 -2.374 -2.828 -0.182 -1.065 -2.367 -2.597 -0.982 1.589 2.121 -1.467 5.683 0.453 -3.256 -2.031 -1.06 -1.32 -0.846 0.975
362 Y -1.827 -1.792 -2.14 -3.036 -1.766 -1.798 -2.378 -2.946 2.09 -0.818 -0.924 -1.887 -0.696 3.334 -3.347 -2.451 -2.104 2.294 6.685 -0.994
363 F -2.349 -2.911 -2.875 -3.329 -1.388 -3.878 -3.497 -2.889 -0.843 0.262 0.55 -3.319 0.187 6.537 -4.462 -3.045 -2.385 0.837 2.917 -0.522
364 Y -1.827 -1.792 -2.14 -3.036 -1.766 -1.798 -2.378 -2.946 2.09 -0.818 -0.924 -1.887 -0.696 3.334 -3.347 -2.451 -2.104 2.294 6.685 -0.994
365 K -0.841 2.079 -0.282 -0.736 -1.992 0.793 0.299 -1.357 -0.257 -2.137 -2.255 4.526 -1.238 -2.82 -1.701 -0.895 -1.096 -2.563 -1.803 -2.013
366 F -2.164 -2.488 -2.608 -3.228 -1.509 -3.008 -3.074 -2.908 0.491 -0.055 0.137 -2.759 -0.078 5.807 -4.041 -2.833 -2.288 1.409 4.764 -0.671
367 H -1.722 -0.372 0.445 -0.975 -2.348 -0.179 -0.515 -1.711 8.023 -2.676 -2.609 -0.78 -1.276 -0.867 -2.763 -1.594 -2.241 -1.468 1.653 -3.05
368 T 0.323 -0.985 0.075 -0.75 0.091 -0.928 -1.091 -0.876 -1.073 -0.699 -1.436 -0.627 -0.748 -1.711 -1.629 1.848 3.545 -2.315 -1.737 -0.209
369 L -1.051 -2.297 -3.225 -3.474 0.008 -2.637 -3.176 -3.247 -2.515 2.374 3.341 -2.462 1.746 0.463 -3.467 -2.851 -1.167 -1.89 -1.145 2.507
370 A 3.0 -1.943 -2.118 -2.119 0.414 -1.838 -1.912 -0.454 -1.644 2.162 0.036 -1.354 0.015 -0.999 -2.022 -0.334 -0.638 -2.367 -1.604 1.338
371 L -1.499 -2.474 -3.343 -3.48 -0.165 -2.832 -3.441 -3.429 -2.454 3.119 3.459 -2.558 1.859 0.628 -3.585 -3.145 -1.416 -1.832 -1.145 1.801
372 A 3.113 -1.362 -1.075 -1.459 0.491 -1.26 -1.339 -0.105 -1.291 -0.628 -1.245 -0.844 -0.769 -1.77 -1.558 0.526 2.066 -2.367 -1.753 0.155
373 L -1.341 -2.154 -2.973 -3.201 -0.171 -2.164 -3.074 -3.134 -1.912 3.033 2.812 -2.166 3.695 0.503 -3.461 -2.716 -1.238 -1.706 -1.066 1.772
374 C 0.231 -1.532 -0.542 -1.292 6.724 -1.481 -1.65 -1.089 -1.448 -0.887 -1.438 -1.175 -0.932 -1.858 -2.041 1.462 2.214 -2.638 -2.059 -0.439
375 L -1.455 -1.819 -2.532 -2.986 -0.531 -1.737 -2.697 -2.691 -0.935 1.211 1.686 -1.962 4.72 3.994 -3.605 -2.331 -1.438 -0.41 0.998 0.557
376 L -1.555 -2.201 -3.377 -3.634 -0.165 -2.655 -3.32 -3.397 -2.328 1.991 4.061 -2.492 2.118 0.819 -3.619 -3.173 -1.595 -1.665 -1.07 1.092
377 G 0.763 -1.201 0.203 -0.579 -0.336 -1.031 -1.109 3.308 -0.775 -2.298 -2.673 -0.687 -1.615 -2.182 -1.862 2.447 0.307 -2.527 -2.164 -1.742
378 L -1.004 -2.581 -3.193 -3.329 0.008 -2.813 -3.291 -3.277 -2.65 3.383 2.544 -2.527 1.449 0.247 -3.435 -2.826 -1.013 -2.071 -1.221 2.962
379 W -2.175 -2.617 -3.212 -3.48 -1.425 -2.961 -3.203 -2.706 -1.585 1.952 -0.095 -2.767 -0.176 0.841 -4.64 -3.273 -2.063 9.472 1.391 0.527
380 G -0.736 0.339 -0.07 -1.006 -1.861 -0.282 -0.709 3.072 5.112 -2.647 -2.736 2.06 -1.658 -1.981 -2.373 -1.153 -1.715 -2.119 -0.366 -2.61
381 G -0.336 -2.599 -1.127 -1.834 -0.89 -2.51 -2.949 4.71 -1.847 1.753 -0.669 -1.969 -0.722 -1.38 -3.016 -1.557 -1.624 -2.367 -2.4 0.377
382 N 2.308 -0.9 3.864 0.163 -0.315 -0.896 -0.998 0.122 0.08 -1.62 -2.094 -0.559 -1.446 -2.099 -1.978 0.183 -0.437 -2.691 -1.908 -0.906
383 F -1.518 -0.329 -1.157 -1.472 -1.63 3.019 -0.119 -2.093 0.08 -0.716 -0.439 -0.232 -0.085 4.621 -3.077 -1.674 -1.589 -0.284 1.533 -1.077
384 N -1.735 -1.016 3.832 -0.133 -1.799 -1.087 -1.43 -1.221 1.592 -1.603 -1.818 -0.978 -1.328 1.72 -2.936 -1.051 -1.156 0.739 4.792 -1.663
385 H -1.286 -0.237 0.088 0.537 -2.372 0.688 2.964 -1.821 6.197 -2.712 -2.648 0.045 -1.497 -1.599 -2.283 -1.158 -1.727 -1.883 0.401 -2.55
386 R -1.159 4.281 -0.363 -1.112 -2.115 0.666 -0.091 -1.708 -0.067 -2.357 -2.132 3.511 -1.224 -2.634 -2.151 -1.132 -1.262 -2.387 -1.78 -2.079
387 L -1.066 -1.369 -2.345 -2.799 -0.154 -1.037 -2.339 -2.569 -0.954 1.618 2.149 -1.438 5.537 0.482 -3.228 -2.002 -1.031 -1.292 -0.818 1.004
388 L -1.526 -2.172 -3.348 -3.606 -0.136 -2.626 -3.291 -3.368 -2.299 2.019 4.014 -2.464 2.147 0.847 -3.59 -3.144 -1.566 -1.636 -1.042 1.12
389 Y -1.798 -1.763 -2.111 -3.008 -1.737 -1.769 -2.349 -2.918 2.119 -0.789 -0.896 -1.859 -0.668 3.363 -3.319 -2.423 -2.075 2.323 6.624 -0.965
390 I -0.676 -1.925 -1.297 -1.899 -0.011 -1.968 -2.307 -2.208 -1.99 3.03 0.622 -1.583 0.508 -0.543 -2.455 -0.606 2.669 -2.185 -1.488 1.835
391 K -0.826 2.094 -0.268 -0.722 -1.977 0.807 0.313 -1.342 -0.243 -2.123 -2.24 4.49 -1.224 -2.806 -1.687 -0.881 -1.082 -2.549 -1.789 -1.999
392 Q -0.868 1.319 -0.136 -0.444 -1.928 4.278 1.158 -1.444 0.548 -2.21 -2.051 2.441 -0.587 -2.92 -2.028 -0.786 -1.001 -2.272 -1.403 -1.838
393 K -0.515 0.63 -1.302 -1.692 -0.592 -0.418 -0.866 -2.037 -1.28 1.477 -0.229 2.745 -0.017 -1.358 -2.335 -1.498 -0.749 -2.467 -1.526 2.451
394 D -1.653 3.747 0.486 4.047 -2.315 -0.094 0.356 -1.582 -0.201 -2.668 -2.668 0.933 -1.868 -2.687 -2.489 -1.17 -1.433 -2.81 -2.338 -2.492
395 L -1.124 -2.15 -2.774 -3.272 -0.406 -2.324 -2.843 -3.097 -0.126 1.796 2.091 -2.248 0.968 1.68 -3.378 -2.616 -1.305 0.196 3.87 2.186
396 K -1.013 1.138 -0.982 -1.349 -1.247 -0.039 -0.531 -1.909 -0.871 1.906 -0.31 3.472 -0.15 -1.433 -2.19 -1.46 -1.094 -2.437 -1.625 0.587
397 W -1.632 0.321 2.965 -0.402 -2.06 -0.504 -0.845 -1.161 -0.021 -2.222 -2.297 2.037 -1.539 -0.786 -2.861 -1.171 -1.279 7.51 0.124 -2.267
398 N 1.505 -0.743 4.614 0.572 -0.755 -0.782 -0.918 0.018 0.393 -1.955 -2.419 -0.483 -1.68 -2.202 -2.182 0.072 -0.456 -2.794 -1.975 -1.374
399 E -0.921 0.291 -0.268 1.003 -2.249 3.072 3.805 -1.798 0.509 -2.593 -2.46 0.856 -1.244 -2.734 -1.983 -0.793 -1.202 -2.332 -1.699 -2.028
400 N -0.49 -0.936 3.105 -0.185 -1.047 -0.919 -1.122 -0.814 1.041 -1.716 -1.993 -0.742 -1.294 0.915 -2.378 1.191 -0.255 -0.017 3.793 -1.548
401 C -0.651 2.76 -0.958 -1.844 6.67 -0.935 -1.653 -1.861 -1.174 -1.035 -1.362 0.092 -0.943 -2.018 -2.476 -0.597 1.827 -2.527 -2.065 -0.63
402 L -0.367 -1.858 -1.452 -1.948 -0.088 -1.92 -2.169 -1.877 -1.667 2.59 2.145 -1.611 1.031 -0.089 -2.699 0.702 -0.332 -2.119 -1.365 1.342
403 A 1.964 -0.838 -0.09 -0.921 -0.28 -0.661 -0.777 -0.364 5.11 -1.716 -2.042 -0.636 -1.117 -1.519 -1.855 1.41 -0.27 -2.119 -0.142 -1.131
404 P -0.066 0.293 -0.415 -0.809 -0.999 -0.367 -0.529 -1.019 -0.725 -2.127 -2.445 2.182 -1.566 -2.651 3.818 1.161 -0.283 -3.089 -2.047 -1.807