#Seq2Logo.py -f /work3/idamei/wzy_ssn/run/1e-50/run/150/MSAs/0004_174.afa -o /work3/idamei/wzy_ssn/run/1e-50/run/150/logos/0004_174.logo
Last position-specific scoring matrix computed, values are in halfbits
A R N D C Q E G H I L K M F P S T W Y V
0 L -1.073 -1.376 -2.353 -2.807 -0.161 -1.044 -2.346 -2.576 -0.961 1.61 2.142 -1.445 5.574 0.475 -3.235 -2.009 -1.039 -1.299 -0.825 0.997
1 I -1.37 -3.094 -3.255 -3.174 -0.143 -3.202 -3.68 -3.472 -2.704 4.502 1.684 -2.671 1.278 0.225 -3.497 -3.069 -1.068 -2.177 -1.278 2.867
2 K -0.819 2.101 -0.261 -0.715 -1.97 0.814 0.32 -1.335 -0.236 -2.116 -2.233 4.472 -1.217 -2.799 -1.68 -0.874 -1.075 -2.542 -1.782 -1.992
3 I -1.37 -3.094 -3.255 -3.174 -0.143 -3.202 -3.68 -3.472 -2.704 4.502 1.684 -2.671 1.278 0.225 -3.497 -3.069 -1.068 -2.177 -1.278 2.867
4 S 1.075 -0.734 0.504 -0.241 0.08 -0.563 -0.548 -0.099 -0.453 -1.904 -2.321 -0.278 -1.18 -1.936 -1.468 3.237 1.018 -2.542 -1.748 -1.285
5 S 1.075 -0.734 0.504 -0.241 0.08 -0.563 -0.548 -0.099 -0.453 -1.904 -2.321 -0.278 -1.18 -1.936 -1.468 3.237 1.018 -2.542 -1.748 -1.285
6 T -0.105 -1.085 -0.132 -1.007 0.129 -1.096 -1.371 -1.322 -1.406 -0.217 -1.05 -0.784 -0.525 -1.573 -1.68 0.712 4.223 -2.177 -1.699 0.237
7 L -1.533 -2.179 -3.355 -3.613 -0.143 -2.633 -3.298 -3.375 -2.306 2.012 4.026 -2.471 2.14 0.84 -3.597 -3.151 -1.573 -1.643 -1.049 1.113
8 Y -1.805 -1.77 -2.118 -3.015 -1.744 -1.776 -2.356 -2.925 2.112 -0.796 -0.903 -1.866 -0.675 3.356 -3.326 -2.43 -2.082 2.316 6.64 -0.972
9 I -1.37 -3.094 -3.255 -3.174 -0.143 -3.202 -3.68 -3.472 -2.704 4.502 1.684 -2.671 1.278 0.225 -3.497 -3.069 -1.068 -2.177 -1.278 2.867
10 L -1.533 -2.179 -3.355 -3.613 -0.143 -2.633 -3.298 -3.375 -2.306 2.012 4.026 -2.471 2.14 0.84 -3.597 -3.151 -1.573 -1.643 -1.049 1.113
11 A 3.901 -1.477 -1.655 -1.68 0.687 -1.313 -1.291 0.381 -1.204 -0.823 -1.314 -0.841 -0.866 -1.841 -1.468 0.462 -0.415 -2.433 -1.748 0.146
12 S 1.075 -0.734 0.504 -0.241 0.08 -0.563 -0.548 -0.099 -0.453 -1.904 -2.321 -0.278 -1.18 -1.936 -1.468 3.237 1.018 -2.542 -1.748 -1.285
13 L -1.533 -2.179 -3.355 -3.613 -0.143 -2.633 -3.298 -3.375 -2.306 2.012 4.026 -2.471 2.14 0.84 -3.597 -3.151 -1.573 -1.643 -1.049 1.113
14 L -1.533 -2.179 -3.355 -3.613 -0.143 -2.633 -3.298 -3.375 -2.306 2.012 4.026 -2.471 2.14 0.84 -3.597 -3.151 -1.573 -1.643 -1.049 1.113
15 V -0.226 -2.479 -2.922 -3.157 0.347 -2.58 -2.886 -2.948 -2.908 3.037 0.952 -2.381 0.839 -0.391 -3.164 -2.277 -0.444 -2.38 -1.278 4.106
16 L -1.533 -2.179 -3.355 -3.613 -0.143 -2.633 -3.298 -3.375 -2.306 2.012 4.026 -2.471 2.14 0.84 -3.597 -3.151 -1.573 -1.643 -1.049 1.113
17 S 1.075 -0.734 0.504 -0.241 0.08 -0.563 -0.548 -0.099 -0.453 -1.904 -2.321 -0.278 -1.18 -1.936 -1.468 3.237 1.018 -2.542 -1.748 -1.285
18 G 0.097 -2.35 -0.433 -1.316 -1.313 -2.188 -2.615 5.802 -1.469 -3.208 -3.453 -1.644 -2.66 -2.671 -2.772 -0.995 -1.912 -2.433 -3.141 -2.857
19 A 3.901 -1.477 -1.655 -1.68 0.687 -1.313 -1.291 0.381 -1.204 -0.823 -1.314 -0.841 -0.866 -1.841 -1.468 0.462 -0.415 -2.433 -1.748 0.146
20 F -2.327 -2.889 -2.853 -3.307 -1.367 -3.857 -3.475 -2.867 -0.821 0.284 0.572 -3.297 0.209 6.503 -4.441 -3.023 -2.363 0.859 2.938 -0.5
21 Y -1.805 -1.77 -2.118 -3.015 -1.744 -1.776 -2.356 -2.925 2.112 -0.796 -0.903 -1.866 -0.675 3.356 -3.326 -2.43 -2.082 2.316 6.64 -0.972
22 S 1.075 -0.734 0.504 -0.241 0.08 -0.563 -0.548 -0.099 -0.453 -1.904 -2.321 -0.278 -1.18 -1.936 -1.468 3.237 1.018 -2.542 -1.748 -1.285
23 I -1.37 -3.094 -3.255 -3.174 -0.143 -3.202 -3.68 -3.472 -2.704 4.502 1.684 -2.671 1.278 0.225 -3.497 -3.069 -1.068 -2.177 -1.278 2.867
24 D -1.77 -1.581 1.206 5.822 -2.365 -0.865 1.057 -1.116 -0.529 -2.718 -3.484 -0.822 -2.69 -2.912 -2.282 -0.945 -1.406 -3.524 -3.036 -2.857
25 F -2.327 -2.889 -2.853 -3.307 -1.367 -3.857 -3.475 -2.867 -0.821 0.284 0.572 -3.297 0.209 6.503 -4.441 -3.023 -2.363 0.859 2.938 -0.5
26 L -1.533 -2.179 -3.355 -3.613 -0.143 -2.633 -3.298 -3.375 -2.306 2.012 4.026 -2.471 2.14 0.84 -3.597 -3.151 -1.573 -1.643 -1.049 1.113
27 K -0.819 2.101 -0.261 -0.715 -1.97 0.814 0.32 -1.335 -0.236 -2.116 -2.233 4.472 -1.217 -2.799 -1.68 -0.874 -1.075 -2.542 -1.782 -1.992
28 V -0.226 -2.479 -2.922 -3.157 0.347 -2.58 -2.886 -2.948 -2.908 3.037 0.952 -2.381 0.839 -0.391 -3.164 -2.277 -0.444 -2.38 -1.278 4.106
29 I -1.37 -3.094 -3.255 -3.174 -0.143 -3.202 -3.68 -3.472 -2.704 4.502 1.684 -2.671 1.278 0.225 -3.497 -3.069 -1.068 -2.177 -1.278 2.867
30 S 1.075 -0.734 0.504 -0.241 0.08 -0.563 -0.548 -0.099 -0.453 -1.904 -2.321 -0.278 -1.18 -1.936 -1.468 3.237 1.018 -2.542 -1.748 -1.285
31 L -1.533 -2.179 -3.355 -3.613 -0.143 -2.633 -3.298 -3.375 -2.306 2.012 4.026 -2.471 2.14 0.84 -3.597 -3.151 -1.573 -1.643 -1.049 1.113
32 G 0.097 -2.35 -0.433 -1.316 -1.313 -2.188 -2.615 5.802 -1.469 -3.208 -3.453 -1.644 -2.66 -2.671 -2.772 -0.995 -1.912 -2.433 -3.141 -2.857
33 V -0.226 -2.479 -2.922 -3.157 0.347 -2.58 -2.886 -2.948 -2.908 3.037 0.952 -2.381 0.839 -0.391 -3.164 -2.277 -0.444 -2.38 -1.278 4.106
34 F -2.327 -2.889 -2.853 -3.307 -1.367 -3.857 -3.475 -2.867 -0.821 0.284 0.572 -3.297 0.209 6.503 -4.441 -3.023 -2.363 0.859 2.938 -0.5
35 G 0.097 -2.35 -0.433 -1.316 -1.313 -2.188 -2.615 5.802 -1.469 -3.208 -3.453 -1.644 -2.66 -2.671 -2.772 -0.995 -1.912 -2.433 -3.141 -2.857
36 V -0.226 -2.479 -2.922 -3.157 0.347 -2.58 -2.886 -2.948 -2.908 3.037 0.952 -2.381 0.839 -0.391 -3.164 -2.277 -0.444 -2.38 -1.278 4.106
37 C -0.44 -3.331 -2.957 -3.411 9.672 -3.451 -3.917 -2.156 -2.943 -0.725 -1.054 -3.106 -1.071 -2.02 -3.199 -1.663 -1.309 -3.228 -2.789 -0.402
38 I -1.37 -3.094 -3.255 -3.174 -0.143 -3.202 -3.68 -3.472 -2.704 4.502 1.684 -2.671 1.278 0.225 -3.497 -3.069 -1.068 -2.177 -1.278 2.867
39 F -2.327 -2.889 -2.853 -3.307 -1.367 -3.857 -3.475 -2.867 -0.821 0.284 0.572 -3.297 0.209 6.503 -4.441 -3.023 -2.363 0.859 2.938 -0.5
40 I -1.37 -3.094 -3.255 -3.174 -0.143 -3.202 -3.68 -3.472 -2.704 4.502 1.684 -2.671 1.278 0.225 -3.497 -3.069 -1.068 -2.177 -1.278 2.867
41 F -2.327 -2.889 -2.853 -3.307 -1.367 -3.857 -3.475 -2.867 -0.821 0.284 0.572 -3.297 0.209 6.503 -4.441 -3.023 -2.363 0.859 2.938 -0.5
42 F -2.327 -2.889 -2.853 -3.307 -1.367 -3.857 -3.475 -2.867 -0.821 0.284 0.572 -3.297 0.209 6.503 -4.441 -3.023 -2.363 0.859 2.938 -0.5
43 V -0.226 -2.479 -2.922 -3.157 0.347 -2.58 -2.886 -2.948 -2.908 3.037 0.952 -2.381 0.839 -0.391 -3.164 -2.277 -0.444 -2.38 -1.278 4.106
44 F -2.327 -2.889 -2.853 -3.307 -1.367 -3.857 -3.475 -2.867 -0.821 0.284 0.572 -3.297 0.209 6.503 -4.441 -3.023 -2.363 0.859 2.938 -0.5
45 A 3.901 -1.477 -1.655 -1.68 0.687 -1.313 -1.291 0.381 -1.204 -0.823 -1.314 -0.841 -0.866 -1.841 -1.468 0.462 -0.415 -2.433 -1.748 0.146
46 L -1.533 -2.179 -3.355 -3.613 -0.143 -2.633 -3.298 -3.375 -2.306 2.012 4.026 -2.471 2.14 0.84 -3.597 -3.151 -1.573 -1.643 -1.049 1.113
47 T -0.105 -1.085 -0.132 -1.007 0.129 -1.096 -1.371 -1.322 -1.406 -0.217 -1.05 -0.784 -0.525 -1.573 -1.68 0.712 4.223 -2.177 -1.699 0.237
48 G 0.097 -2.35 -0.433 -1.316 -1.313 -2.188 -2.615 5.802 -1.469 -3.208 -3.453 -1.644 -2.66 -2.671 -2.772 -0.995 -1.912 -2.433 -3.141 -2.857
49 N -1.653 -0.408 5.628 1.289 -1.839 -0.52 -0.718 -0.147 0.976 -2.705 -3.144 -0.288 -2.154 -2.367 -2.58 -0.111 -0.444 -2.959 -2.062 -2.553
50 K -0.819 2.101 -0.261 -0.715 -1.97 0.814 0.32 -1.335 -0.236 -2.116 -2.233 4.472 -1.217 -2.799 -1.68 -0.874 -1.075 -2.542 -1.782 -1.992
51 N -1.653 -0.408 5.628 1.289 -1.839 -0.52 -0.718 -0.147 0.976 -2.705 -3.144 -0.288 -2.154 -2.367 -2.58 -0.111 -0.444 -2.959 -2.062 -2.553
52 N -1.653 -0.408 5.628 1.289 -1.839 -0.52 -0.718 -0.147 0.976 -2.705 -3.144 -0.288 -2.154 -2.367 -2.58 -0.111 -0.444 -2.959 -2.062 -2.553
53 L -1.533 -2.179 -3.355 -3.613 -0.143 -2.633 -3.298 -3.375 -2.306 2.012 4.026 -2.471 2.14 0.84 -3.597 -3.151 -1.573 -1.643 -1.049 1.113
54 I -1.37 -3.094 -3.255 -3.174 -0.143 -3.202 -3.68 -3.472 -2.704 4.502 1.684 -2.671 1.278 0.225 -3.497 -3.069 -1.068 -2.177 -1.278 2.867
55 L -1.533 -2.179 -3.355 -3.613 -0.143 -2.633 -3.298 -3.375 -2.306 2.012 4.026 -2.471 2.14 0.84 -3.597 -3.151 -1.573 -1.643 -1.049 1.113
56 D -1.77 -1.581 1.206 5.822 -2.365 -0.865 1.057 -1.116 -0.529 -2.718 -3.484 -0.822 -2.69 -2.912 -2.282 -0.945 -1.406 -3.524 -3.036 -2.857
57 K -0.819 2.101 -0.261 -0.715 -1.97 0.814 0.32 -1.335 -0.236 -2.116 -2.233 4.472 -1.217 -2.799 -1.68 -0.874 -1.075 -2.542 -1.782 -1.992
58 S 1.075 -0.734 0.504 -0.241 0.08 -0.563 -0.548 -0.099 -0.453 -1.904 -2.321 -0.278 -1.18 -1.936 -1.468 3.237 1.018 -2.542 -1.748 -1.285
59 G 0.097 -2.35 -0.433 -1.316 -1.313 -2.188 -2.615 5.802 -1.469 -3.208 -3.453 -1.644 -2.66 -2.671 -2.772 -0.995 -1.912 -2.433 -3.141 -2.857
60 I -1.37 -3.094 -3.255 -3.174 -0.143 -3.202 -3.68 -3.472 -2.704 4.502 1.684 -2.671 1.278 0.225 -3.497 -3.069 -1.068 -2.177 -1.278 2.867
61 I -1.37 -3.094 -3.255 -3.174 -0.143 -3.202 -3.68 -3.472 -2.704 4.502 1.684 -2.671 1.278 0.225 -3.497 -3.069 -1.068 -2.177 -1.278 2.867
62 C -0.44 -3.331 -2.957 -3.411 9.672 -3.451 -3.917 -2.156 -2.943 -0.725 -1.054 -3.106 -1.071 -2.02 -3.199 -1.663 -1.309 -3.228 -2.789 -0.402
63 I -1.37 -3.094 -3.255 -3.174 -0.143 -3.202 -3.68 -3.472 -2.704 4.502 1.684 -2.671 1.278 0.225 -3.497 -3.069 -1.068 -2.177 -1.278 2.867
64 L -1.533 -2.179 -3.355 -3.613 -0.143 -2.633 -3.298 -3.375 -2.306 2.012 4.026 -2.471 2.14 0.84 -3.597 -3.151 -1.573 -1.643 -1.049 1.113
65 F -2.327 -2.889 -2.853 -3.307 -1.367 -3.857 -3.475 -2.867 -0.821 0.284 0.572 -3.297 0.209 6.503 -4.441 -3.023 -2.363 0.859 2.938 -0.5
66 I -1.37 -3.094 -3.255 -3.174 -0.143 -3.202 -3.68 -3.472 -2.704 4.502 1.684 -2.671 1.278 0.225 -3.497 -3.069 -1.068 -2.177 -1.278 2.867
67 F -2.327 -2.889 -2.853 -3.307 -1.367 -3.857 -3.475 -2.867 -0.821 0.284 0.572 -3.297 0.209 6.503 -4.441 -3.023 -2.363 0.859 2.938 -0.5
68 S 1.075 -0.734 0.504 -0.241 0.08 -0.563 -0.548 -0.099 -0.453 -1.904 -2.321 -0.278 -1.18 -1.936 -1.468 3.237 1.018 -2.542 -1.748 -1.285
69 F -2.327 -2.889 -2.853 -3.307 -1.367 -3.857 -3.475 -2.867 -0.821 0.284 0.572 -3.297 0.209 6.503 -4.441 -3.023 -2.363 0.859 2.938 -0.5
70 V -0.226 -2.479 -2.922 -3.157 0.347 -2.58 -2.886 -2.948 -2.908 3.037 0.952 -2.381 0.839 -0.391 -3.164 -2.277 -0.444 -2.38 -1.278 4.106
71 L -1.533 -2.179 -3.355 -3.613 -0.143 -2.633 -3.298 -3.375 -2.306 2.012 4.026 -2.471 2.14 0.84 -3.597 -3.151 -1.573 -1.643 -1.049 1.113
72 L -1.073 -1.376 -2.353 -2.807 -0.161 -1.044 -2.346 -2.576 -0.961 1.61 2.142 -1.445 5.574 0.475 -3.235 -2.009 -1.039 -1.299 -0.825 0.997
73 L -1.533 -2.179 -3.355 -3.613 -0.143 -2.633 -3.298 -3.375 -2.306 2.012 4.026 -2.471 2.14 0.84 -3.597 -3.151 -1.573 -1.643 -1.049 1.113
74 I -1.37 -3.094 -3.255 -3.174 -0.143 -3.202 -3.68 -3.472 -2.704 4.502 1.684 -2.671 1.278 0.225 -3.497 -3.069 -1.068 -2.177 -1.278 2.867
75 S 1.075 -0.734 0.504 -0.241 0.08 -0.563 -0.548 -0.099 -0.453 -1.904 -2.321 -0.278 -1.18 -1.936 -1.468 3.237 1.018 -2.542 -1.748 -1.285
76 A 3.901 -1.477 -1.655 -1.68 0.687 -1.313 -1.291 0.381 -1.204 -0.823 -1.314 -0.841 -0.866 -1.841 -1.468 0.462 -0.415 -2.433 -1.748 0.146
77 A 3.901 -1.477 -1.655 -1.68 0.687 -1.313 -1.291 0.381 -1.204 -0.823 -1.314 -0.841 -0.866 -1.841 -1.468 0.462 -0.415 -2.433 -1.748 0.146
78 L -1.533 -2.179 -3.355 -3.613 -0.143 -2.633 -3.298 -3.375 -2.306 2.012 4.026 -2.471 2.14 0.84 -3.597 -3.151 -1.573 -1.643 -1.049 1.113
79 N -1.653 -0.408 5.628 1.289 -1.839 -0.52 -0.718 -0.147 0.976 -2.705 -3.144 -0.288 -2.154 -2.367 -2.58 -0.111 -0.444 -2.959 -2.062 -2.553
80 N -1.653 -0.408 5.628 1.289 -1.839 -0.52 -0.718 -0.147 0.976 -2.705 -3.144 -0.288 -2.154 -2.367 -2.58 -0.111 -0.444 -2.959 -2.062 -2.553
81 A 3.901 -1.477 -1.655 -1.68 0.687 -1.313 -1.291 0.381 -1.204 -0.823 -1.314 -0.841 -0.866 -1.841 -1.468 0.462 -0.415 -2.433 -1.748 0.146
82 V -0.226 -2.479 -2.922 -3.157 0.347 -2.58 -2.886 -2.948 -2.908 3.037 0.952 -2.381 0.839 -0.391 -3.164 -2.277 -0.444 -2.38 -1.278 4.106
83 D -1.77 -1.581 1.206 5.822 -2.365 -0.865 1.057 -1.116 -0.529 -2.718 -3.484 -0.822 -2.69 -2.912 -2.282 -0.945 -1.406 -3.524 -3.036 -2.857
84 L -1.533 -2.179 -3.355 -3.613 -0.143 -2.633 -3.298 -3.375 -2.306 2.012 4.026 -2.471 2.14 0.84 -3.597 -3.151 -1.573 -1.643 -1.049 1.113
85 F -2.327 -2.889 -2.853 -3.307 -1.367 -3.857 -3.475 -2.867 -0.821 0.284 0.572 -3.297 0.209 6.503 -4.441 -3.023 -2.363 0.859 2.938 -0.5
86 I -1.37 -3.094 -3.255 -3.174 -0.143 -3.202 -3.68 -3.472 -2.704 4.502 1.684 -2.671 1.278 0.225 -3.497 -3.069 -1.068 -2.177 -1.278 2.867
87 G 0.097 -2.35 -0.433 -1.316 -1.313 -2.188 -2.615 5.802 -1.469 -3.208 -3.453 -1.644 -2.66 -2.671 -2.772 -0.995 -1.912 -2.433 -3.141 -2.857
88 V -0.226 -2.479 -2.922 -3.157 0.347 -2.58 -2.886 -2.948 -2.908 3.037 0.952 -2.381 0.839 -0.391 -3.164 -2.277 -0.444 -2.38 -1.278 4.106
89 L -1.533 -2.179 -3.355 -3.613 -0.143 -2.633 -3.298 -3.375 -2.306 2.012 4.026 -2.471 2.14 0.84 -3.597 -3.151 -1.573 -1.643 -1.049 1.113
90 L -1.533 -2.179 -3.355 -3.613 -0.143 -2.633 -3.298 -3.375 -2.306 2.012 4.026 -2.471 2.14 0.84 -3.597 -3.151 -1.573 -1.643 -1.049 1.113
91 F -2.327 -2.889 -2.853 -3.307 -1.367 -3.857 -3.475 -2.867 -0.821 0.284 0.572 -3.297 0.209 6.503 -4.441 -3.023 -2.363 0.859 2.938 -0.5
92 L -1.533 -2.179 -3.355 -3.613 -0.143 -2.633 -3.298 -3.375 -2.306 2.012 4.026 -2.471 2.14 0.84 -3.597 -3.151 -1.573 -1.643 -1.049 1.113
93 L -1.533 -2.179 -3.355 -3.613 -0.143 -2.633 -3.298 -3.375 -2.306 2.012 4.026 -2.471 2.14 0.84 -3.597 -3.151 -1.573 -1.643 -1.049 1.113
94 L -1.533 -2.179 -3.355 -3.613 -0.143 -2.633 -3.298 -3.375 -2.306 2.012 4.026 -2.471 2.14 0.84 -3.597 -3.151 -1.573 -1.643 -1.049 1.113
95 V -0.226 -2.479 -2.922 -3.157 0.347 -2.58 -2.886 -2.948 -2.908 3.037 0.952 -2.381 0.839 -0.391 -3.164 -2.277 -0.444 -2.38 -1.278 4.106
96 I -1.37 -3.094 -3.255 -3.174 -0.143 -3.202 -3.68 -3.472 -2.704 4.502 1.684 -2.671 1.278 0.225 -3.497 -3.069 -1.068 -2.177 -1.278 2.867
97 N -1.653 -0.408 5.628 1.289 -1.839 -0.52 -0.718 -0.147 0.976 -2.705 -3.144 -0.288 -2.154 -2.367 -2.58 -0.111 -0.444 -2.959 -2.062 -2.553
98 F -2.327 -2.889 -2.853 -3.307 -1.367 -3.857 -3.475 -2.867 -0.821 0.284 0.572 -3.297 0.209 6.503 -4.441 -3.023 -2.363 0.859 2.938 -0.5
99 S 1.075 -0.734 0.504 -0.241 0.08 -0.563 -0.548 -0.099 -0.453 -1.904 -2.321 -0.278 -1.18 -1.936 -1.468 3.237 1.018 -2.542 -1.748 -1.285
100 I -1.37 -3.094 -3.255 -3.174 -0.143 -3.202 -3.68 -3.472 -2.704 4.502 1.684 -2.671 1.278 0.225 -3.497 -3.069 -1.068 -2.177 -1.278 2.867
101 F -2.327 -2.889 -2.853 -3.307 -1.367 -3.857 -3.475 -2.867 -0.821 0.284 0.572 -3.297 0.209 6.503 -4.441 -3.023 -2.363 0.859 2.938 -0.5
102 N -1.653 -0.408 5.628 1.289 -1.839 -0.52 -0.718 -0.147 0.976 -2.705 -3.144 -0.288 -2.154 -2.367 -2.58 -0.111 -0.444 -2.959 -2.062 -2.553
103 L -1.533 -2.179 -3.355 -3.613 -0.143 -2.633 -3.298 -3.375 -2.306 2.012 4.026 -2.471 2.14 0.84 -3.597 -3.151 -1.573 -1.643 -1.049 1.113
104 N -1.653 -0.408 5.628 1.289 -1.839 -0.52 -0.718 -0.147 0.976 -2.705 -3.144 -0.288 -2.154 -2.367 -2.58 -0.111 -0.444 -2.959 -2.062 -2.553
105 K -0.819 2.101 -0.261 -0.715 -1.97 0.814 0.32 -1.335 -0.236 -2.116 -2.233 4.472 -1.217 -2.799 -1.68 -0.874 -1.075 -2.542 -1.782 -1.992
106 A 3.901 -1.477 -1.655 -1.68 0.687 -1.313 -1.291 0.381 -1.204 -0.823 -1.314 -0.841 -0.866 -1.841 -1.468 0.462 -0.415 -2.433 -1.748 0.146
107 C -0.44 -3.331 -2.957 -3.411 9.672 -3.451 -3.917 -2.156 -2.943 -0.725 -1.054 -3.106 -1.071 -2.02 -3.199 -1.663 -1.309 -3.228 -2.789 -0.402
108 F -2.327 -2.889 -2.853 -3.307 -1.367 -3.857 -3.475 -2.867 -0.821 0.284 0.572 -3.297 0.209 6.503 -4.441 -3.023 -2.363 0.859 2.938 -0.5
109 D -1.77 -1.581 1.206 5.822 -2.365 -0.865 1.057 -1.116 -0.529 -2.718 -3.484 -0.822 -2.69 -2.912 -2.282 -0.945 -1.406 -3.524 -3.036 -2.857
110 F -2.327 -2.889 -2.853 -3.307 -1.367 -3.857 -3.475 -2.867 -0.821 0.284 0.572 -3.297 0.209 6.503 -4.441 -3.023 -2.363 0.859 2.938 -0.5
111 F -2.327 -2.889 -2.853 -3.307 -1.367 -3.857 -3.475 -2.867 -0.821 0.284 0.572 -3.297 0.209 6.503 -4.441 -3.023 -2.363 0.859 2.938 -0.5
112 D -1.77 -1.581 1.206 5.822 -2.365 -0.865 1.057 -1.116 -0.529 -2.718 -3.484 -0.822 -2.69 -2.912 -2.282 -0.945 -1.406 -3.524 -3.036 -2.857
113 K -0.819 2.101 -0.261 -0.715 -1.97 0.814 0.32 -1.335 -0.236 -2.116 -2.233 4.472 -1.217 -2.799 -1.68 -0.874 -1.075 -2.542 -1.782 -1.992
114 P -0.829 -2.006 -1.926 -1.557 -1.45 -1.926 -1.615 -1.845 -1.6 -2.31 -2.743 -1.057 -2.396 -3.328 6.655 -1.445 -1.341 -4.542 -2.628 -2.155
115 V -0.226 -2.479 -2.922 -3.157 0.347 -2.58 -2.886 -2.948 -2.908 3.037 0.952 -2.381 0.839 -0.391 -3.164 -2.277 -0.444 -2.38 -1.278 4.106
116 K -0.819 2.101 -0.261 -0.715 -1.97 0.814 0.32 -1.335 -0.236 -2.116 -2.233 4.472 -1.217 -2.799 -1.68 -0.874 -1.075 -2.542 -1.782 -1.992
117 L -1.533 -2.179 -3.355 -3.613 -0.143 -2.633 -3.298 -3.375 -2.306 2.012 4.026 -2.471 2.14 0.84 -3.597 -3.151 -1.573 -1.643 -1.049 1.113
118 T -0.105 -1.085 -0.132 -1.007 0.129 -1.096 -1.371 -1.322 -1.406 -0.217 -1.05 -0.784 -0.525 -1.573 -1.68 0.712 4.223 -2.177 -1.699 0.237
119 F -2.327 -2.889 -2.853 -3.307 -1.367 -3.857 -3.475 -2.867 -0.821 0.284 0.572 -3.297 0.209 6.503 -4.441 -3.023 -2.363 0.859 2.938 -0.5
120 L -1.533 -2.179 -3.355 -3.613 -0.143 -2.633 -3.298 -3.375 -2.306 2.012 4.026 -2.471 2.14 0.84 -3.597 -3.151 -1.573 -1.643 -1.049 1.113
121 I -1.37 -3.094 -3.255 -3.174 -0.143 -3.202 -3.68 -3.472 -2.704 4.502 1.684 -2.671 1.278 0.225 -3.497 -3.069 -1.068 -2.177 -1.278 2.867
122 I -1.37 -3.094 -3.255 -3.174 -0.143 -3.202 -3.68 -3.472 -2.704 4.502 1.684 -2.671 1.278 0.225 -3.497 -3.069 -1.068 -2.177 -1.278 2.867
123 T -0.105 -1.085 -0.132 -1.007 0.129 -1.096 -1.371 -1.322 -1.406 -0.217 -1.05 -0.784 -0.525 -1.573 -1.68 0.712 4.223 -2.177 -1.699 0.237
124 L -1.533 -2.179 -3.355 -3.613 -0.143 -2.633 -3.298 -3.375 -2.306 2.012 4.026 -2.471 2.14 0.84 -3.597 -3.151 -1.573 -1.643 -1.049 1.113
125 I -1.37 -3.094 -3.255 -3.174 -0.143 -3.202 -3.68 -3.472 -2.704 4.502 1.684 -2.671 1.278 0.225 -3.497 -3.069 -1.068 -2.177 -1.278 2.867
126 N -1.653 -0.408 5.628 1.289 -1.839 -0.52 -0.718 -0.147 0.976 -2.705 -3.144 -0.288 -2.154 -2.367 -2.58 -0.111 -0.444 -2.959 -2.062 -2.553
127 F -2.327 -2.889 -2.853 -3.307 -1.367 -3.857 -3.475 -2.867 -0.821 0.284 0.572 -3.297 0.209 6.503 -4.441 -3.023 -2.363 0.859 2.938 -0.5
128 S 1.075 -0.734 0.504 -0.241 0.08 -0.563 -0.548 -0.099 -0.453 -1.904 -2.321 -0.278 -1.18 -1.936 -1.468 3.237 1.018 -2.542 -1.748 -1.285
129 F -2.327 -2.889 -2.853 -3.307 -1.367 -3.857 -3.475 -2.867 -0.821 0.284 0.572 -3.297 0.209 6.503 -4.441 -3.023 -2.363 0.859 2.938 -0.5
130 G 0.097 -2.35 -0.433 -1.316 -1.313 -2.188 -2.615 5.802 -1.469 -3.208 -3.453 -1.644 -2.66 -2.671 -2.772 -0.995 -1.912 -2.433 -3.141 -2.857
131 F -2.327 -2.889 -2.853 -3.307 -1.367 -3.857 -3.475 -2.867 -0.821 0.284 0.572 -3.297 0.209 6.503 -4.441 -3.023 -2.363 0.859 2.938 -0.5
132 S 1.075 -0.734 0.504 -0.241 0.08 -0.563 -0.548 -0.099 -0.453 -1.904 -2.321 -0.278 -1.18 -1.936 -1.468 3.237 1.018 -2.542 -1.748 -1.285
133 I -1.37 -3.094 -3.255 -3.174 -0.143 -3.202 -3.68 -3.472 -2.704 4.502 1.684 -2.671 1.278 0.225 -3.497 -3.069 -1.068 -2.177 -1.278 2.867
134 P -0.829 -2.006 -1.926 -1.557 -1.45 -1.926 -1.615 -1.845 -1.6 -2.31 -2.743 -1.057 -2.396 -3.328 6.655 -1.445 -1.341 -4.542 -2.628 -2.155
135 F -2.327 -2.889 -2.853 -3.307 -1.367 -3.857 -3.475 -2.867 -0.821 0.284 0.572 -3.297 0.209 6.503 -4.441 -3.023 -2.363 0.859 2.938 -0.5
136 N -1.653 -0.408 5.628 1.289 -1.839 -0.52 -0.718 -0.147 0.976 -2.705 -3.144 -0.288 -2.154 -2.367 -2.58 -0.111 -0.444 -2.959 -2.062 -2.553
137 G 0.097 -2.35 -0.433 -1.316 -1.313 -2.188 -2.615 5.802 -1.469 -3.208 -3.453 -1.644 -2.66 -2.671 -2.772 -0.995 -1.912 -2.433 -3.141 -2.857
138 A 3.901 -1.477 -1.655 -1.68 0.687 -1.313 -1.291 0.381 -1.204 -0.823 -1.314 -0.841 -0.866 -1.841 -1.468 0.462 -0.415 -2.433 -1.748 0.146
139 F -2.327 -2.889 -2.853 -3.307 -1.367 -3.857 -3.475 -2.867 -0.821 0.284 0.572 -3.297 0.209 6.503 -4.441 -3.023 -2.363 0.859 2.938 -0.5
140 S 1.075 -0.734 0.504 -0.241 0.08 -0.563 -0.548 -0.099 -0.453 -1.904 -2.321 -0.278 -1.18 -1.936 -1.468 3.237 1.018 -2.542 -1.748 -1.285
141 N -1.653 -0.408 5.628 1.289 -1.839 -0.52 -0.718 -0.147 0.976 -2.705 -3.144 -0.288 -2.154 -2.367 -2.58 -0.111 -0.444 -2.959 -2.062 -2.553
142 P -0.829 -2.006 -1.926 -1.557 -1.45 -1.926 -1.615 -1.845 -1.6 -2.31 -2.743 -1.057 -2.396 -3.328 6.655 -1.445 -1.341 -4.542 -2.628 -2.155
143 N -1.653 -0.408 5.628 1.289 -1.839 -0.52 -0.718 -0.147 0.976 -2.705 -3.144 -0.288 -2.154 -2.367 -2.58 -0.111 -0.444 -2.959 -2.062 -2.553
144 S 1.075 -0.734 0.504 -0.241 0.08 -0.563 -0.548 -0.099 -0.453 -1.904 -2.321 -0.278 -1.18 -1.936 -1.468 3.237 1.018 -2.542 -1.748 -1.285
145 L -1.533 -2.179 -3.355 -3.613 -0.143 -2.633 -3.298 -3.375 -2.306 2.012 4.026 -2.471 2.14 0.84 -3.597 -3.151 -1.573 -1.643 -1.049 1.113
146 G 0.097 -2.35 -0.433 -1.316 -1.313 -2.188 -2.615 5.802 -1.469 -3.208 -3.453 -1.644 -2.66 -2.671 -2.772 -0.995 -1.912 -2.433 -3.141 -2.857
147 G 0.097 -2.35 -0.433 -1.316 -1.313 -2.188 -2.615 5.802 -1.469 -3.208 -3.453 -1.644 -2.66 -2.671 -2.772 -0.995 -1.912 -2.433 -3.141 -2.857
148 I -1.37 -3.094 -3.255 -3.174 -0.143 -3.202 -3.68 -3.472 -2.704 4.502 1.684 -2.671 1.278 0.225 -3.497 -3.069 -1.068 -2.177 -1.278 2.867
149 Y -1.805 -1.77 -2.118 -3.015 -1.744 -1.776 -2.356 -2.925 2.112 -0.796 -0.903 -1.866 -0.675 3.356 -3.326 -2.43 -2.082 2.316 6.64 -0.972
150 A 3.901 -1.477 -1.655 -1.68 0.687 -1.313 -1.291 0.381 -1.204 -0.823 -1.314 -0.841 -0.866 -1.841 -1.468 0.462 -0.415 -2.433 -1.748 0.146
151 L -1.073 -1.376 -2.353 -2.807 -0.161 -1.044 -2.346 -2.576 -0.961 1.61 2.142 -1.445 5.574 0.475 -3.235 -2.009 -1.039 -1.299 -0.825 0.997
152 L -1.533 -2.179 -3.355 -3.613 -0.143 -2.633 -3.298 -3.375 -2.306 2.012 4.026 -2.471 2.14 0.84 -3.597 -3.151 -1.573 -1.643 -1.049 1.113
153 S 1.075 -0.734 0.504 -0.241 0.08 -0.563 -0.548 -0.099 -0.453 -1.904 -2.321 -0.278 -1.18 -1.936 -1.468 3.237 1.018 -2.542 -1.748 -1.285
154 F -2.327 -2.889 -2.853 -3.307 -1.367 -3.857 -3.475 -2.867 -0.821 0.284 0.572 -3.297 0.209 6.503 -4.441 -3.023 -2.363 0.859 2.938 -0.5
155 L -1.533 -2.179 -3.355 -3.613 -0.143 -2.633 -3.298 -3.375 -2.306 2.012 4.026 -2.471 2.14 0.84 -3.597 -3.151 -1.573 -1.643 -1.049 1.113
156 S 1.075 -0.734 0.504 -0.241 0.08 -0.563 -0.548 -0.099 -0.453 -1.904 -2.321 -0.278 -1.18 -1.936 -1.468 3.237 1.018 -2.542 -1.748 -1.285
157 T -0.105 -1.085 -0.132 -1.007 0.129 -1.096 -1.371 -1.322 -1.406 -0.217 -1.05 -0.784 -0.525 -1.573 -1.68 0.712 4.223 -2.177 -1.699 0.237
158 G 0.097 -2.35 -0.433 -1.316 -1.313 -2.188 -2.615 5.802 -1.469 -3.208 -3.453 -1.644 -2.66 -2.671 -2.772 -0.995 -1.912 -2.433 -3.141 -2.857
159 I -1.37 -3.094 -3.255 -3.174 -0.143 -3.202 -3.68 -3.472 -2.704 4.502 1.684 -2.671 1.278 0.225 -3.497 -3.069 -1.068 -2.177 -1.278 2.867
160 L -1.533 -2.179 -3.355 -3.613 -0.143 -2.633 -3.298 -3.375 -2.306 2.012 4.026 -2.471 2.14 0.84 -3.597 -3.151 -1.573 -1.643 -1.049 1.113
161 L -1.533 -2.179 -3.355 -3.613 -0.143 -2.633 -3.298 -3.375 -2.306 2.012 4.026 -2.471 2.14 0.84 -3.597 -3.151 -1.573 -1.643 -1.049 1.113
162 D -1.77 -1.581 1.206 5.822 -2.365 -0.865 1.057 -1.116 -0.529 -2.718 -3.484 -0.822 -2.69 -2.912 -2.282 -0.945 -1.406 -3.524 -3.036 -2.857
163 K -0.819 2.101 -0.261 -0.715 -1.97 0.814 0.32 -1.335 -0.236 -2.116 -2.233 4.472 -1.217 -2.799 -1.68 -0.874 -1.075 -2.542 -1.782 -1.992
164 A 3.901 -1.477 -1.655 -1.68 0.687 -1.313 -1.291 0.381 -1.204 -0.823 -1.314 -0.841 -0.866 -1.841 -1.468 0.462 -0.415 -2.433 -1.748 0.146
165 Y -1.805 -1.77 -2.118 -3.015 -1.744 -1.776 -2.356 -2.925 2.112 -0.796 -0.903 -1.866 -0.675 3.356 -3.326 -2.43 -2.082 2.316 6.64 -0.972
166 N -1.653 -0.408 5.628 1.289 -1.839 -0.52 -0.718 -0.147 0.976 -2.705 -3.144 -0.288 -2.154 -2.367 -2.58 -0.111 -0.444 -2.959 -2.062 -2.553
167 S 1.075 -0.734 0.504 -0.241 0.08 -0.563 -0.548 -0.099 -0.453 -1.904 -2.321 -0.278 -1.18 -1.936 -1.468 3.237 1.018 -2.542 -1.748 -1.285
168 K -0.833 2.086 -0.275 -0.729 -1.985 0.8 0.306 -1.349 -0.25 -2.13 -2.247 4.508 -1.231 -2.813 -1.694 -0.888 -1.089 -2.556 -1.796 -2.006
169 G -0.363 -0.217 -0.268 -0.807 -1.608 3.144 0.026 4.037 -0.147 -2.694 -2.64 0.122 -1.325 -2.822 -2.455 -0.883 -1.416 -2.317 -2.076 -2.283
170 K -0.833 2.086 -0.275 -0.729 -1.985 0.8 0.306 -1.349 -0.25 -2.13 -2.247 4.508 -1.231 -2.813 -1.694 -0.888 -1.089 -2.556 -1.796 -2.006
171 K -0.833 2.086 -0.275 -0.729 -1.985 0.8 0.306 -1.349 -0.25 -2.13 -2.247 4.508 -1.231 -2.813 -1.694 -0.888 -1.089 -2.556 -1.796 -2.006
172 I -1.384 -3.108 -3.27 -3.188 -0.157 -3.217 -3.694 -3.486 -2.718 4.54 1.67 -2.686 1.264 0.211 -3.512 -3.084 -1.082 -2.192 -1.292 2.853
173 D -1.77 -1.581 1.206 5.822 -2.365 -0.865 1.057 -1.116 -0.529 -2.718 -3.484 -0.822 -2.69 -2.912 -2.282 -0.945 -1.406 -3.524 -3.036 -2.857
174 Y -1.805 -1.77 -2.118 -3.015 -1.744 -1.776 -2.356 -2.925 2.112 -0.796 -0.903 -1.866 -0.675 3.356 -3.326 -2.43 -2.082 2.316 6.64 -0.972
175 Y -1.805 -1.77 -2.118 -3.015 -1.744 -1.776 -2.356 -2.925 2.112 -0.796 -0.903 -1.866 -0.675 3.356 -3.326 -2.43 -2.082 2.316 6.64 -0.972
176 L -1.903 -2.512 -3.093 -3.456 -0.691 -3.181 -3.385 -3.11 -1.469 1.275 2.787 -2.854 1.333 4.883 -3.988 -3.087 -1.941 -0.129 1.585 0.418
177 L -1.533 -2.179 -3.355 -3.613 -0.143 -2.633 -3.298 -3.375 -2.306 2.012 4.026 -2.471 2.14 0.84 -3.597 -3.151 -1.573 -1.643 -1.049 1.113
178 L -1.533 -2.179 -3.355 -3.613 -0.143 -2.633 -3.298 -3.375 -2.306 2.012 4.026 -2.471 2.14 0.84 -3.597 -3.151 -1.573 -1.643 -1.049 1.113
179 I -1.37 -3.094 -3.255 -3.174 -0.143 -3.202 -3.68 -3.472 -2.704 4.502 1.684 -2.671 1.278 0.225 -3.497 -3.069 -1.068 -2.177 -1.278 2.867
180 I -1.37 -3.094 -3.255 -3.174 -0.143 -3.202 -3.68 -3.472 -2.704 4.502 1.684 -2.671 1.278 0.225 -3.497 -3.069 -1.068 -2.177 -1.278 2.867
181 L -1.533 -2.179 -3.355 -3.613 -0.143 -2.633 -3.298 -3.375 -2.306 2.012 4.026 -2.471 2.14 0.84 -3.597 -3.151 -1.573 -1.643 -1.049 1.113
182 L -1.533 -2.179 -3.355 -3.613 -0.143 -2.633 -3.298 -3.375 -2.306 2.012 4.026 -2.471 2.14 0.84 -3.597 -3.151 -1.573 -1.643 -1.049 1.113
183 S 1.075 -0.734 0.504 -0.241 0.08 -0.563 -0.548 -0.099 -0.453 -1.904 -2.321 -0.278 -1.18 -1.936 -1.468 3.237 1.018 -2.542 -1.748 -1.285
184 T -0.105 -1.085 -0.132 -1.007 0.129 -1.096 -1.371 -1.322 -1.406 -0.217 -1.05 -0.784 -0.525 -1.573 -1.68 0.712 4.223 -2.177 -1.699 0.237
185 F -2.327 -2.889 -2.853 -3.307 -1.367 -3.857 -3.475 -2.867 -0.821 0.284 0.572 -3.297 0.209 6.503 -4.441 -3.023 -2.363 0.859 2.938 -0.5
186 L -1.533 -2.179 -3.355 -3.613 -0.143 -2.633 -3.298 -3.375 -2.306 2.012 4.026 -2.471 2.14 0.84 -3.597 -3.151 -1.573 -1.643 -1.049 1.113
187 T -0.105 -1.085 -0.132 -1.007 0.129 -1.096 -1.371 -1.322 -1.406 -0.217 -1.05 -0.784 -0.525 -1.573 -1.68 0.712 4.223 -2.177 -1.699 0.237
188 L -1.533 -2.179 -3.355 -3.613 -0.143 -2.633 -3.298 -3.375 -2.306 2.012 4.026 -2.471 2.14 0.84 -3.597 -3.151 -1.573 -1.643 -1.049 1.113
189 V -0.226 -2.479 -2.922 -3.157 0.347 -2.58 -2.886 -2.948 -2.908 3.037 0.952 -2.381 0.839 -0.391 -3.164 -2.277 -0.444 -2.38 -1.278 4.106
190 S 1.075 -0.734 0.504 -0.241 0.08 -0.563 -0.548 -0.099 -0.453 -1.904 -2.321 -0.278 -1.18 -1.936 -1.468 3.237 1.018 -2.542 -1.748 -1.285
191 N -1.653 -0.408 5.628 1.289 -1.839 -0.52 -0.718 -0.147 0.976 -2.705 -3.144 -0.288 -2.154 -2.367 -2.58 -0.111 -0.444 -2.959 -2.062 -2.553
192 S 1.075 -0.734 0.504 -0.241 0.08 -0.563 -0.548 -0.099 -0.453 -1.904 -2.321 -0.278 -1.18 -1.936 -1.468 3.237 1.018 -2.542 -1.748 -1.285
193 R -1.527 5.497 -0.455 -1.557 -2.252 0.525 -0.553 -2.121 0.106 -2.604 -2.021 2.026 -1.217 -2.465 -2.697 -1.399 -1.447 -2.227 -1.765 -2.155
194 I -1.37 -3.094 -3.255 -3.174 -0.143 -3.202 -3.68 -3.472 -2.704 4.502 1.684 -2.671 1.278 0.225 -3.497 -3.069 -1.068 -2.177 -1.278 2.867
195 S 1.075 -0.734 0.504 -0.241 0.08 -0.563 -0.548 -0.099 -0.453 -1.904 -2.321 -0.278 -1.18 -1.936 -1.468 3.237 1.018 -2.542 -1.748 -1.285
196 F -2.327 -2.889 -2.853 -3.307 -1.367 -3.857 -3.475 -2.867 -0.821 0.284 0.572 -3.297 0.209 6.503 -4.441 -3.023 -2.363 0.859 2.938 -0.5
197 I -1.37 -3.094 -3.255 -3.174 -0.143 -3.202 -3.68 -3.472 -2.704 4.502 1.684 -2.671 1.278 0.225 -3.497 -3.069 -1.068 -2.177 -1.278 2.867
198 S 1.075 -0.734 0.504 -0.241 0.08 -0.563 -0.548 -0.099 -0.453 -1.904 -2.321 -0.278 -1.18 -1.936 -1.468 3.237 1.018 -2.542 -1.748 -1.285
199 S 1.075 -0.734 0.504 -0.241 0.08 -0.563 -0.548 -0.099 -0.453 -1.904 -2.321 -0.278 -1.18 -1.936 -1.468 3.237 1.018 -2.542 -1.748 -1.285
200 C -0.44 -3.331 -2.957 -3.411 9.672 -3.451 -3.917 -2.156 -2.943 -0.725 -1.054 -3.106 -1.071 -2.02 -3.199 -1.663 -1.309 -3.228 -2.789 -0.402
201 L -1.533 -2.179 -3.355 -3.613 -0.143 -2.633 -3.298 -3.375 -2.306 2.012 4.026 -2.471 2.14 0.84 -3.597 -3.151 -1.573 -1.643 -1.049 1.113
202 C -0.44 -3.331 -2.957 -3.411 9.672 -3.451 -3.917 -2.156 -2.943 -0.725 -1.054 -3.106 -1.071 -2.02 -3.199 -1.663 -1.309 -3.228 -2.789 -0.402
203 L -1.533 -2.179 -3.355 -3.613 -0.143 -2.633 -3.298 -3.375 -2.306 2.012 4.026 -2.471 2.14 0.84 -3.597 -3.151 -1.573 -1.643 -1.049 1.113
204 I -1.37 -3.094 -3.255 -3.174 -0.143 -3.202 -3.68 -3.472 -2.704 4.502 1.684 -2.671 1.278 0.225 -3.497 -3.069 -1.068 -2.177 -1.278 2.867
205 V -0.226 -2.479 -2.922 -3.157 0.347 -2.58 -2.886 -2.948 -2.908 3.037 0.952 -2.381 0.839 -0.391 -3.164 -2.277 -0.444 -2.38 -1.278 4.106
206 L -1.533 -2.179 -3.355 -3.613 -0.143 -2.633 -3.298 -3.375 -2.306 2.012 4.026 -2.471 2.14 0.84 -3.597 -3.151 -1.573 -1.643 -1.049 1.113
207 F -2.327 -2.889 -2.853 -3.307 -1.367 -3.857 -3.475 -2.867 -0.821 0.284 0.572 -3.297 0.209 6.503 -4.441 -3.023 -2.363 0.859 2.938 -0.5
208 L -1.533 -2.179 -3.355 -3.613 -0.143 -2.633 -3.298 -3.375 -2.306 2.012 4.026 -2.471 2.14 0.84 -3.597 -3.151 -1.573 -1.643 -1.049 1.113
209 Y -1.805 -1.77 -2.118 -3.015 -1.744 -1.776 -2.356 -2.925 2.112 -0.796 -0.903 -1.866 -0.675 3.356 -3.326 -2.43 -2.082 2.316 6.64 -0.972
210 F -2.327 -2.889 -2.853 -3.307 -1.367 -3.857 -3.475 -2.867 -0.821 0.284 0.572 -3.297 0.209 6.503 -4.441 -3.023 -2.363 0.859 2.938 -0.5
211 L -1.073 -1.376 -2.353 -2.807 -0.161 -1.044 -2.346 -2.576 -0.961 1.61 2.142 -1.445 5.574 0.475 -3.235 -2.009 -1.039 -1.299 -0.825 0.997
212 I -1.37 -3.094 -3.255 -3.174 -0.143 -3.202 -3.68 -3.472 -2.704 4.502 1.684 -2.671 1.278 0.225 -3.497 -3.069 -1.068 -2.177 -1.278 2.867
213 N -1.653 -0.408 5.628 1.289 -1.839 -0.52 -0.718 -0.147 0.976 -2.705 -3.144 -0.288 -2.154 -2.367 -2.58 -0.111 -0.444 -2.959 -2.062 -2.553
214 S 1.075 -0.734 0.504 -0.241 0.08 -0.563 -0.548 -0.099 -0.453 -1.904 -2.321 -0.278 -1.18 -1.936 -1.468 3.237 1.018 -2.542 -1.748 -1.285
215 F -2.327 -2.889 -2.853 -3.307 -1.367 -3.857 -3.475 -2.867 -0.821 0.284 0.572 -3.297 0.209 6.503 -4.441 -3.023 -2.363 0.859 2.938 -0.5
216 N -1.653 -0.408 5.628 1.289 -1.839 -0.52 -0.718 -0.147 0.976 -2.705 -3.144 -0.288 -2.154 -2.367 -2.58 -0.111 -0.444 -2.959 -2.062 -2.553
217 L -1.533 -2.179 -3.355 -3.613 -0.143 -2.633 -3.298 -3.375 -2.306 2.012 4.026 -2.471 2.14 0.84 -3.597 -3.151 -1.573 -1.643 -1.049 1.113
218 K -0.819 2.101 -0.261 -0.715 -1.97 0.814 0.32 -1.335 -0.236 -2.116 -2.233 4.472 -1.217 -2.799 -1.68 -0.874 -1.075 -2.542 -1.782 -1.992
219 K -0.819 2.101 -0.261 -0.715 -1.97 0.814 0.32 -1.335 -0.236 -2.116 -2.233 4.472 -1.217 -2.799 -1.68 -0.874 -1.075 -2.542 -1.782 -1.992
220 G 0.097 -2.35 -0.433 -1.316 -1.313 -2.188 -2.615 5.802 -1.469 -3.208 -3.453 -1.644 -2.66 -2.671 -2.772 -0.995 -1.912 -2.433 -3.141 -2.857
221 I -1.37 -3.094 -3.255 -3.174 -0.143 -3.202 -3.68 -3.472 -2.704 4.502 1.684 -2.671 1.278 0.225 -3.497 -3.069 -1.068 -2.177 -1.278 2.867
222 S 1.075 -0.734 0.504 -0.241 0.08 -0.563 -0.548 -0.099 -0.453 -1.904 -2.321 -0.278 -1.18 -1.936 -1.468 3.237 1.018 -2.542 -1.748 -1.285
223 I -1.37 -3.094 -3.255 -3.174 -0.143 -3.202 -3.68 -3.472 -2.704 4.502 1.684 -2.671 1.278 0.225 -3.497 -3.069 -1.068 -2.177 -1.278 2.867
224 K -0.819 2.101 -0.261 -0.715 -1.97 0.814 0.32 -1.335 -0.236 -2.116 -2.233 4.472 -1.217 -2.799 -1.68 -0.874 -1.075 -2.542 -1.782 -1.992
225 I -1.37 -3.094 -3.255 -3.174 -0.143 -3.202 -3.68 -3.472 -2.704 4.502 1.684 -2.671 1.278 0.225 -3.497 -3.069 -1.068 -2.177 -1.278 2.867
226 S 1.075 -0.734 0.504 -0.241 0.08 -0.563 -0.548 -0.099 -0.453 -1.904 -2.321 -0.278 -1.18 -1.936 -1.468 3.237 1.018 -2.542 -1.748 -1.285
227 F -2.327 -2.889 -2.853 -3.307 -1.367 -3.857 -3.475 -2.867 -0.821 0.284 0.572 -3.297 0.209 6.503 -4.441 -3.023 -2.363 0.859 2.938 -0.5
228 F -2.327 -2.889 -2.853 -3.307 -1.367 -3.857 -3.475 -2.867 -0.821 0.284 0.572 -3.297 0.209 6.503 -4.441 -3.023 -2.363 0.859 2.938 -0.5
229 K -0.819 2.101 -0.261 -0.715 -1.97 0.814 0.32 -1.335 -0.236 -2.116 -2.233 4.472 -1.217 -2.799 -1.68 -0.874 -1.075 -2.542 -1.782 -1.992
230 K -0.819 2.101 -0.261 -0.715 -1.97 0.814 0.32 -1.335 -0.236 -2.116 -2.233 4.472 -1.217 -2.799 -1.68 -0.874 -1.075 -2.542 -1.782 -1.992
231 L -1.08 -1.383 -2.36 -2.814 -0.168 -1.051 -2.353 -2.583 -0.968 1.603 2.135 -1.452 5.611 0.468 -3.242 -2.016 -1.046 -1.306 -0.832 0.99
232 L -1.541 -2.186 -3.362 -3.62 -0.15 -2.64 -3.306 -3.383 -2.314 2.005 4.037 -2.478 2.132 0.833 -3.604 -3.158 -1.581 -1.65 -1.056 1.106
233 A 3.918 -1.484 -1.662 -1.687 0.68 -1.32 -1.298 0.374 -1.211 -0.83 -1.321 -0.849 -0.874 -1.848 -1.475 0.455 -0.422 -2.44 -1.756 0.139
234 T -0.112 -1.093 -0.139 -1.014 0.122 -1.103 -1.378 -1.329 -1.413 -0.224 -1.057 -0.791 -0.532 -1.58 -1.687 0.705 4.245 -2.185 -1.706 0.229
235 L -1.541 -2.186 -3.362 -3.62 -0.15 -2.64 -3.306 -3.383 -2.314 2.005 4.037 -2.478 2.132 0.833 -3.604 -3.158 -1.581 -1.65 -1.056 1.106
236 V -0.234 -2.486 -2.929 -3.164 0.34 -2.587 -2.894 -2.955 -2.915 3.03 0.945 -2.388 0.832 -0.398 -3.171 -2.284 -0.451 -2.387 -1.285 4.125
237 V -0.234 -2.486 -2.929 -3.164 0.34 -2.587 -2.894 -2.955 -2.915 3.03 0.945 -2.388 0.832 -0.398 -3.171 -2.284 -0.451 -2.387 -1.285 4.125
238 G 0.09 -2.358 -0.44 -1.323 -1.32 -2.195 -2.622 5.809 -1.476 -3.215 -3.461 -1.651 -2.667 -2.678 -2.779 -1.002 -1.919 -2.44 -3.148 -2.864
239 I -1.377 -3.101 -3.263 -3.181 -0.15 -3.209 -3.687 -3.479 -2.711 4.521 1.677 -2.679 1.271 0.218 -3.505 -3.076 -1.075 -2.185 -1.285 2.86
240 S 1.068 -0.741 0.497 -0.249 0.072 -0.57 -0.555 -0.106 -0.46 -1.911 -2.328 -0.285 -1.187 -1.943 -1.475 3.262 1.011 -2.549 -1.756 -1.292
241 A 3.101 -1.795 -2.04 -2.115 0.557 -1.698 -1.753 -0.388 -1.69 1.063 -0.369 -1.291 -0.201 -1.294 -1.952 -0.219 -0.446 -2.437 -1.604 2.15
242 L -1.445 -2.777 -3.31 -3.334 -0.165 -3.021 -3.568 -3.461 -2.587 3.927 2.699 -2.625 1.573 0.423 -3.552 -3.118 -1.248 -2.01 -1.221 2.371
243 L -1.555 -2.201 -3.377 -3.634 -0.165 -2.655 -3.32 -3.397 -2.328 1.991 4.061 -2.492 2.118 0.819 -3.619 -3.173 -1.595 -1.665 -1.07 1.092
244 I -1.391 -3.115 -3.277 -3.195 -0.165 -3.224 -3.701 -3.493 -2.725 4.558 1.662 -2.693 1.257 0.204 -3.519 -3.091 -1.089 -2.199 -1.299 2.846
245 L -1.499 -2.474 -3.343 -3.48 -0.165 -2.832 -3.441 -3.429 -2.454 3.119 3.459 -2.558 1.859 0.628 -3.585 -3.145 -1.416 -1.832 -1.145 1.801
246 W -2.245 -2.33 -3.244 -3.634 -1.425 -2.776 -3.091 -2.681 -1.491 0.039 1.592 -2.697 0.328 1.019 -4.689 -3.302 -2.288 9.475 1.422 -0.669
247 E -0.11 -0.328 -0.047 1.026 -1.343 0.823 3.594 -1.211 0.121 -2.465 -2.587 0.376 -1.566 -2.383 -1.754 1.273 -0.325 -2.454 -1.871 -1.84
248 E -0.933 -0.136 -0.353 1.504 -2.425 1.332 4.527 -1.964 0.378 -2.778 -2.717 0.662 -1.768 -2.622 -1.896 -0.805 -1.315 -2.402 -1.922 -2.148
249 I -1.391 -3.115 -3.277 -3.195 -0.165 -3.224 -3.701 -3.493 -2.725 4.558 1.662 -2.693 1.257 0.204 -3.519 -3.091 -1.089 -2.199 -1.299 2.846
250 E -0.933 -0.136 -0.353 1.504 -2.425 1.332 4.527 -1.964 0.378 -2.778 -2.717 0.662 -1.768 -2.622 -1.896 -0.805 -1.315 -2.402 -1.922 -2.148
251 D -1.777 -1.588 1.199 5.833 -2.372 -0.872 1.05 -1.124 -0.536 -2.725 -3.491 -0.829 -2.698 -2.92 -2.289 -0.952 -1.413 -3.531 -3.043 -2.864
252 I -1.377 -3.101 -3.263 -3.181 -0.15 -3.209 -3.687 -3.479 -2.711 4.521 1.677 -2.679 1.271 0.218 -3.505 -3.076 -1.075 -2.185 -1.285 2.86
253 F -2.334 -2.896 -2.86 -3.314 -1.374 -3.864 -3.482 -2.875 -0.828 0.277 0.565 -3.304 0.201 6.515 -4.448 -3.031 -2.371 0.852 2.931 -0.507
254 V -0.234 -2.486 -2.929 -3.164 0.34 -2.587 -2.894 -2.955 -2.915 3.03 0.945 -2.388 0.832 -0.398 -3.171 -2.284 -0.451 -2.387 -1.285 4.125
255 K -0.826 2.094 -0.268 -0.722 -1.977 0.807 0.313 -1.342 -0.243 -2.123 -2.24 4.49 -1.224 -2.806 -1.687 -0.881 -1.082 -2.549 -1.789 -1.999
256 K -0.826 2.094 -0.268 -0.722 -1.977 0.807 0.313 -1.342 -0.243 -2.123 -2.24 4.49 -1.224 -2.806 -1.687 -0.881 -1.082 -2.549 -1.789 -1.999
257 V -0.234 -2.486 -2.929 -3.164 0.34 -2.587 -2.894 -2.955 -2.915 3.03 0.945 -2.388 0.832 -0.398 -3.171 -2.284 -0.451 -2.387 -1.285 4.125
258 L -1.08 -1.383 -2.36 -2.814 -0.168 -1.051 -2.353 -2.583 -0.968 1.603 2.135 -1.452 5.611 0.468 -3.242 -2.016 -1.046 -1.306 -0.832 0.99
259 Y -1.812 -1.777 -2.126 -3.022 -1.752 -1.784 -2.363 -2.932 2.105 -0.804 -0.91 -1.873 -0.682 3.348 -3.333 -2.437 -2.089 2.309 6.655 -0.979
260 K -0.826 2.094 -0.268 -0.722 -1.977 0.807 0.313 -1.342 -0.243 -2.123 -2.24 4.49 -1.224 -2.806 -1.687 -0.881 -1.082 -2.549 -1.789 -1.999
261 L -1.08 -1.383 -2.36 -2.814 -0.168 -1.051 -2.353 -2.583 -0.968 1.603 2.135 -1.452 5.611 0.468 -3.242 -2.016 -1.046 -1.306 -0.832 0.99
262 D -1.777 -1.588 1.199 5.833 -2.372 -0.872 1.05 -1.124 -0.536 -2.725 -3.491 -0.829 -2.698 -2.92 -2.289 -0.952 -1.413 -3.531 -3.043 -2.864
263 D -1.777 -1.588 1.199 5.833 -2.372 -0.872 1.05 -1.124 -0.536 -2.725 -3.491 -0.829 -2.698 -2.92 -2.289 -0.952 -1.413 -3.531 -3.043 -2.864
264 G -0.966 -2.37 -1.492 -2.249 -1.783 -2.493 -2.79 3.974 -1.3 -2.455 -2.416 -2.165 -1.891 -0.188 -3.804 -1.945 -2.281 8.642 0.593 -2.528
265 G 0.09 -2.358 -0.44 -1.323 -1.32 -2.195 -2.622 5.809 -1.476 -3.215 -3.461 -1.651 -2.667 -2.678 -2.779 -1.002 -1.919 -2.44 -3.148 -2.864
266 G 0.09 -2.358 -0.44 -1.323 -1.32 -2.195 -2.622 5.809 -1.476 -3.215 -3.461 -1.651 -2.667 -2.678 -2.779 -1.002 -1.919 -2.44 -3.148 -2.864
267 V -0.234 -2.486 -2.929 -3.164 0.34 -2.587 -2.894 -2.955 -2.915 3.03 0.945 -2.388 0.832 -0.398 -3.171 -2.284 -0.451 -2.387 -1.285 4.125
268 T -0.112 -1.093 -0.139 -1.014 0.122 -1.103 -1.378 -1.329 -1.413 -0.224 -1.057 -0.791 -0.532 -1.58 -1.687 0.705 4.245 -2.185 -1.706 0.229
269 G -0.199 -0.063 -0.396 -1.123 -1.537 -0.835 -1.301 4.77 -1.019 -2.818 -3.008 1.963 -2.116 -2.734 -2.382 -0.976 -1.627 -2.49 -2.635 -2.56
270 G -0.199 -0.063 -0.396 -1.123 -1.537 -0.835 -1.301 4.77 -1.019 -2.818 -3.008 1.963 -2.116 -2.734 -2.382 -0.976 -1.627 -2.49 -2.635 -2.56
271 R -1.548 5.537 -0.476 -1.578 -2.273 0.503 -0.575 -2.142 0.084 -2.626 -2.042 2.004 -1.238 -2.486 -2.718 -1.42 -1.468 -2.248 -1.786 -2.176
272 N -1.674 -0.429 5.673 1.267 -1.861 -0.541 -0.74 -0.169 0.954 -2.727 -3.166 -0.31 -2.176 -2.389 -2.602 -0.132 -0.466 -2.981 -2.083 -2.575
273 E -0.933 -0.136 -0.353 1.504 -2.425 1.332 4.527 -1.964 0.378 -2.778 -2.717 0.662 -1.768 -2.622 -1.896 -0.805 -1.315 -2.402 -1.922 -2.148
274 V -0.248 -2.501 -2.944 -3.179 0.326 -2.602 -2.908 -2.97 -2.929 3.015 0.931 -2.402 0.817 -0.413 -3.186 -2.298 -0.466 -2.402 -1.299 4.163
275 W -2.664 -2.397 -3.18 -3.634 -2.348 -2.838 -2.983 -2.38 -1.148 -1.868 -1.665 -2.805 -1.294 1.114 -5.422 -3.369 -2.709 10.625 2.155 -2.242
276 D -1.791 -1.602 1.185 5.854 -2.387 -0.886 1.036 -1.138 -0.55 -2.74 -3.506 -0.844 -2.712 -2.934 -2.304 -0.966 -1.427 -3.545 -3.058 -2.879
277 A 3.952 -1.498 -1.676 -1.702 0.665 -1.334 -1.313 0.359 -1.225 -0.845 -1.336 -0.863 -0.888 -1.863 -1.49 0.44 -0.436 -2.454 -1.77 0.124
278 I -1.391 -3.115 -3.277 -3.195 -0.165 -3.224 -3.701 -3.493 -2.725 4.558 1.662 -2.693 1.257 0.204 -3.519 -3.091 -1.089 -2.199 -1.299 2.846
279 I -1.391 -3.115 -3.277 -3.195 -0.165 -3.224 -3.701 -3.493 -2.725 4.558 1.662 -2.693 1.257 0.204 -3.519 -3.091 -1.089 -2.199 -1.299 2.846
280 D -1.791 -1.602 1.185 5.854 -2.387 -0.886 1.036 -1.138 -0.55 -2.74 -3.506 -0.844 -2.712 -2.934 -2.304 -0.966 -1.427 -3.545 -3.058 -2.879
281 N -1.674 -0.429 5.673 1.267 -1.861 -0.541 -0.74 -0.169 0.954 -2.727 -3.166 -0.31 -2.176 -2.389 -2.602 -0.132 -0.466 -2.981 -2.083 -2.575
282 S 1.054 -0.755 0.483 -0.263 0.058 -0.584 -0.569 -0.121 -0.474 -1.926 -2.343 -0.299 -1.201 -1.958 -1.49 3.311 0.997 -2.563 -1.77 -1.307
283 L -1.555 -2.201 -3.377 -3.634 -0.165 -2.655 -3.32 -3.397 -2.328 1.991 4.061 -2.492 2.118 0.819 -3.619 -3.173 -1.595 -1.665 -1.07 1.092
284 L -1.094 -1.397 -2.374 -2.828 -0.182 -1.065 -2.367 -2.597 -0.982 1.589 2.121 -1.467 5.683 0.453 -3.256 -2.031 -1.06 -1.32 -0.846 0.975
285 F -2.349 -2.911 -2.875 -3.329 -1.388 -3.878 -3.497 -2.889 -0.843 0.262 0.55 -3.319 0.187 6.537 -4.462 -3.045 -2.385 0.837 2.917 -0.522
286 G 0.075 -2.372 -0.454 -1.337 -1.335 -2.21 -2.636 5.823 -1.491 -3.23 -3.475 -1.665 -2.681 -2.693 -2.794 -1.017 -1.934 -2.454 -3.163 -2.879
287 H -1.722 -0.372 0.445 -0.975 -2.348 -0.179 -0.515 -1.711 8.023 -2.676 -2.609 -0.78 -1.276 -0.867 -2.763 -1.594 -2.241 -1.468 1.653 -3.05
288 G 0.075 -2.372 -0.454 -1.337 -1.335 -2.21 -2.636 5.823 -1.491 -3.23 -3.475 -1.665 -2.681 -2.693 -2.794 -1.017 -1.934 -2.454 -3.163 -2.879
289 R -1.548 5.537 -0.476 -1.578 -2.273 0.503 -0.575 -2.142 0.084 -2.626 -2.042 2.004 -1.238 -2.486 -2.718 -1.42 -1.468 -2.248 -1.786 -2.176
290 F -2.349 -2.911 -2.875 -3.329 -1.388 -3.878 -3.497 -2.889 -0.843 0.262 0.55 -3.319 0.187 6.537 -4.462 -3.045 -2.385 0.837 2.917 -0.522
291 S 1.054 -0.755 0.483 -0.263 0.058 -0.584 -0.569 -0.121 -0.474 -1.926 -2.343 -0.299 -1.201 -1.958 -1.49 3.311 0.997 -2.563 -1.77 -1.307
292 P -0.851 -2.028 -1.948 -1.578 -1.471 -1.947 -1.637 -1.867 -1.622 -2.332 -2.765 -1.078 -2.417 -3.35 6.677 -1.466 -1.363 -4.563 -2.65 -2.176
293 H -1.722 -0.372 0.445 -0.975 -2.348 -0.179 -0.515 -1.711 8.023 -2.676 -2.609 -0.78 -1.276 -0.867 -2.763 -1.594 -2.241 -1.468 1.653 -3.05
294 L -1.555 -2.201 -3.377 -3.634 -0.165 -2.655 -3.32 -3.397 -2.328 1.991 4.061 -2.492 2.118 0.819 -3.619 -3.173 -1.595 -1.665 -1.07 1.092
295 E -0.933 -0.136 -0.353 1.504 -2.425 1.332 4.527 -1.964 0.378 -2.778 -2.717 0.662 -1.768 -2.622 -1.896 -0.805 -1.315 -2.402 -1.922 -2.148
296 Y -1.827 -1.792 -2.14 -3.036 -1.766 -1.798 -2.378 -2.946 2.09 -0.818 -0.924 -1.887 -0.696 3.334 -3.347 -2.451 -2.104 2.294 6.685 -0.994
297 F -2.349 -2.911 -2.875 -3.329 -1.388 -3.878 -3.497 -2.889 -0.843 0.262 0.55 -3.319 0.187 6.537 -4.462 -3.045 -2.385 0.837 2.917 -0.522
298 D -1.791 -1.602 1.185 5.854 -2.387 -0.886 1.036 -1.138 -0.55 -2.74 -3.506 -0.844 -2.712 -2.934 -2.304 -0.966 -1.427 -3.545 -3.058 -2.879
299 L -1.555 -2.201 -3.377 -3.634 -0.165 -2.655 -3.32 -3.397 -2.328 1.991 4.061 -2.492 2.118 0.819 -3.619 -3.173 -1.595 -1.665 -1.07 1.092
300 A 3.952 -1.498 -1.676 -1.702 0.665 -1.334 -1.313 0.359 -1.225 -0.845 -1.336 -0.863 -0.888 -1.863 -1.49 0.44 -0.436 -2.454 -1.77 0.124
301 A 3.952 -1.498 -1.676 -1.702 0.665 -1.334 -1.313 0.359 -1.225 -0.845 -1.336 -0.863 -0.888 -1.863 -1.49 0.44 -0.436 -2.454 -1.77 0.124
302 H -1.722 -0.372 0.445 -0.975 -2.348 -0.179 -0.515 -1.711 8.023 -2.676 -2.609 -0.78 -1.276 -0.867 -2.763 -1.594 -2.241 -1.468 1.653 -3.05
303 N -1.674 -0.429 5.673 1.267 -1.861 -0.541 -0.74 -0.169 0.954 -2.727 -3.166 -0.31 -2.176 -2.389 -2.602 -0.132 -0.466 -2.981 -2.083 -2.575
304 T -0.127 -1.107 -0.153 -1.029 0.107 -1.117 -1.392 -1.343 -1.427 -0.238 -1.071 -0.805 -0.546 -1.595 -1.701 0.691 4.287 -2.199 -1.721 0.215
305 F -2.349 -2.911 -2.875 -3.329 -1.388 -3.878 -3.497 -2.889 -0.843 0.262 0.55 -3.319 0.187 6.537 -4.462 -3.045 -2.385 0.837 2.917 -0.522
306 L -1.555 -2.201 -3.377 -3.634 -0.165 -2.655 -3.32 -3.397 -2.328 1.991 4.061 -2.492 2.118 0.819 -3.619 -3.173 -1.595 -1.665 -1.07 1.092
307 S 1.054 -0.755 0.483 -0.263 0.058 -0.584 -0.569 -0.121 -0.474 -1.926 -2.343 -0.299 -1.201 -1.958 -1.49 3.311 0.997 -2.563 -1.77 -1.307
308 I -1.391 -3.115 -3.277 -3.195 -0.165 -3.224 -3.701 -3.493 -2.725 4.558 1.662 -2.693 1.257 0.204 -3.519 -3.091 -1.089 -2.199 -1.299 2.846
309 Y -1.827 -1.792 -2.14 -3.036 -1.766 -1.798 -2.378 -2.946 2.09 -0.818 -0.924 -1.887 -0.696 3.334 -3.347 -2.451 -2.104 2.294 6.685 -0.994
310 D -1.791 -1.602 1.185 5.854 -2.387 -0.886 1.036 -1.138 -0.55 -2.74 -3.506 -0.844 -2.712 -2.934 -2.304 -0.966 -1.427 -3.545 -3.058 -2.879
311 Q -0.897 0.993 -0.107 -0.371 -1.925 4.933 1.378 -1.493 0.755 -2.255 -2.005 1.207 -0.417 -2.973 -2.165 -0.769 -0.989 -2.199 -1.299 -1.801
312 F -2.349 -2.911 -2.875 -3.329 -1.388 -3.878 -3.497 -2.889 -0.843 0.262 0.55 -3.319 0.187 6.537 -4.462 -3.045 -2.385 0.837 2.917 -0.522
313 G 0.075 -2.372 -0.454 -1.337 -1.335 -2.21 -2.636 5.823 -1.491 -3.23 -3.475 -1.665 -2.681 -2.693 -2.794 -1.017 -1.934 -2.454 -3.163 -2.879
314 W -2.664 -2.397 -3.18 -3.634 -2.348 -2.838 -2.983 -2.38 -1.148 -1.868 -1.665 -2.805 -1.294 1.114 -5.422 -3.369 -2.709 10.625 2.155 -2.242
315 L -1.555 -2.201 -3.377 -3.634 -0.165 -2.655 -3.32 -3.397 -2.328 1.991 4.061 -2.492 2.118 0.819 -3.619 -3.173 -1.595 -1.665 -1.07 1.092
316 S 1.054 -0.755 0.483 -0.263 0.058 -0.584 -0.569 -0.121 -0.474 -1.926 -2.343 -0.299 -1.201 -1.958 -1.49 3.311 0.997 -2.563 -1.77 -1.307
317 C -0.462 -3.353 -2.979 -3.433 9.695 -3.473 -3.939 -2.178 -2.965 -0.746 -1.076 -3.128 -1.093 -2.042 -3.221 -1.685 -1.331 -3.249 -2.811 -0.424
318 S 1.054 -0.755 0.483 -0.263 0.058 -0.584 -0.569 -0.121 -0.474 -1.926 -2.343 -0.299 -1.201 -1.958 -1.49 3.311 0.997 -2.563 -1.77 -1.307
319 F -2.349 -2.911 -2.875 -3.329 -1.388 -3.878 -3.497 -2.889 -0.843 0.262 0.55 -3.319 0.187 6.537 -4.462 -3.045 -2.385 0.837 2.917 -0.522
320 F -2.349 -2.911 -2.875 -3.329 -1.388 -3.878 -3.497 -2.889 -0.843 0.262 0.55 -3.319 0.187 6.537 -4.462 -3.045 -2.385 0.837 2.917 -0.522
321 A 3.952 -1.498 -1.676 -1.702 0.665 -1.334 -1.313 0.359 -1.225 -0.845 -1.336 -0.863 -0.888 -1.863 -1.49 0.44 -0.436 -2.454 -1.77 0.124
322 I -1.391 -3.115 -3.277 -3.195 -0.165 -3.224 -3.701 -3.493 -2.725 4.558 1.662 -2.693 1.257 0.204 -3.519 -3.091 -1.089 -2.199 -1.299 2.846
323 T -0.127 -1.107 -0.153 -1.029 0.107 -1.117 -1.392 -1.343 -1.427 -0.238 -1.071 -0.805 -0.546 -1.595 -1.701 0.691 4.287 -2.199 -1.721 0.215
324 V -0.248 -2.501 -2.944 -3.179 0.326 -2.602 -2.908 -2.97 -2.929 3.015 0.931 -2.402 0.817 -0.413 -3.186 -2.298 -0.466 -2.402 -1.299 4.163
325 V -0.248 -2.501 -2.944 -3.179 0.326 -2.602 -2.908 -2.97 -2.929 3.015 0.931 -2.402 0.817 -0.413 -3.186 -2.298 -0.466 -2.402 -1.299 4.163
326 F -2.349 -2.911 -2.875 -3.329 -1.388 -3.878 -3.497 -2.889 -0.843 0.262 0.55 -3.319 0.187 6.537 -4.462 -3.045 -2.385 0.837 2.917 -0.522
327 V -0.248 -2.501 -2.944 -3.179 0.326 -2.602 -2.908 -2.97 -2.929 3.015 0.931 -2.402 0.817 -0.413 -3.186 -2.298 -0.466 -2.402 -1.299 4.163
328 A 3.952 -1.498 -1.676 -1.702 0.665 -1.334 -1.313 0.359 -1.225 -0.845 -1.336 -0.863 -0.888 -1.863 -1.49 0.44 -0.436 -2.454 -1.77 0.124
329 F -2.349 -2.911 -2.875 -3.329 -1.388 -3.878 -3.497 -2.889 -0.843 0.262 0.55 -3.319 0.187 6.537 -4.462 -3.045 -2.385 0.837 2.917 -0.522
330 N -1.667 -0.422 5.658 1.274 -1.853 -0.534 -0.732 -0.162 0.961 -2.72 -3.159 -0.303 -2.168 -2.381 -2.595 -0.125 -0.458 -2.973 -2.076 -2.567
331 V -0.241 -2.494 -2.936 -3.172 0.333 -2.594 -2.901 -2.962 -2.922 3.022 0.938 -2.395 0.824 -0.406 -3.178 -2.291 -0.458 -2.394 -1.292 4.144
332 F -2.341 -2.903 -2.867 -3.321 -1.381 -3.871 -3.489 -2.882 -0.835 0.27 0.558 -3.311 0.194 6.526 -4.455 -3.038 -2.378 0.845 2.924 -0.515
333 N -1.667 -0.422 5.658 1.274 -1.853 -0.534 -0.732 -0.162 0.961 -2.72 -3.159 -0.303 -2.168 -2.381 -2.595 -0.125 -0.458 -2.973 -2.076 -2.567
334 P -0.844 -2.021 -1.941 -1.571 -1.464 -1.94 -1.629 -1.859 -1.615 -2.325 -2.757 -1.071 -2.41 -3.343 6.67 -1.459 -1.355 -4.556 -2.643 -2.169
335 K -0.833 2.086 -0.275 -0.729 -1.985 0.8 0.306 -1.349 -0.25 -2.13 -2.247 4.508 -1.231 -2.813 -1.694 -0.888 -1.089 -2.556 -1.796 -2.006
336 N -1.667 -0.422 5.658 1.274 -1.853 -0.534 -0.732 -0.162 0.961 -2.72 -3.159 -0.303 -2.168 -2.381 -2.595 -0.125 -0.458 -2.973 -2.076 -2.567
337 I -1.384 -3.108 -3.27 -3.188 -0.157 -3.217 -3.694 -3.486 -2.718 4.54 1.67 -2.686 1.264 0.211 -3.512 -3.084 -1.082 -2.192 -1.292 2.853
338 R -1.541 5.524 -0.469 -1.571 -2.266 0.511 -0.568 -2.135 0.091 -2.619 -2.035 2.011 -1.231 -2.479 -2.711 -1.413 -1.461 -2.241 -1.779 -2.169
339 S 1.061 -0.748 0.49 -0.256 0.065 -0.577 -0.562 -0.113 -0.467 -1.918 -2.336 -0.292 -1.194 -1.95 -1.482 3.287 1.004 -2.556 -1.763 -1.3
340 Y -1.82 -1.785 -2.133 -3.029 -1.759 -1.791 -2.371 -2.939 2.097 -0.811 -0.917 -1.88 -0.689 3.341 -3.34 -2.444 -2.097 2.301 6.67 -0.987
341 G 0.083 -2.365 -0.447 -1.33 -1.327 -2.203 -2.629 5.816 -1.484 -3.223 -3.468 -1.658 -2.674 -2.685 -2.787 -1.009 -1.926 -2.447 -3.155 -2.872
342 I -1.384 -3.108 -3.27 -3.188 -0.157 -3.217 -3.694 -3.486 -2.718 4.54 1.67 -2.686 1.264 0.211 -3.512 -3.084 -1.082 -2.192 -1.292 2.853
343 T -0.12 -1.1 -0.146 -1.022 0.114 -1.11 -1.385 -1.336 -1.42 -0.231 -1.064 -0.798 -0.539 -1.588 -1.694 0.698 4.266 -2.192 -1.714 0.222
344 P -0.844 -2.021 -1.941 -1.571 -1.464 -1.94 -1.629 -1.859 -1.615 -2.325 -2.757 -1.071 -2.41 -3.343 6.67 -1.459 -1.355 -4.556 -2.643 -2.169
345 S 1.061 -0.748 0.49 -0.256 0.065 -0.577 -0.562 -0.113 -0.467 -1.918 -2.336 -0.292 -1.194 -1.95 -1.482 3.287 1.004 -2.556 -1.763 -1.3
346 F -2.341 -2.903 -2.867 -3.321 -1.381 -3.871 -3.489 -2.882 -0.835 0.27 0.558 -3.311 0.194 6.526 -4.455 -3.038 -2.378 0.845 2.924 -0.515
347 I -1.384 -3.108 -3.27 -3.188 -0.157 -3.217 -3.694 -3.486 -2.718 4.54 1.67 -2.686 1.264 0.211 -3.512 -3.084 -1.082 -2.192 -1.292 2.853
348 C -0.455 -3.346 -2.972 -3.426 9.687 -3.466 -3.932 -2.171 -2.957 -0.739 -1.069 -3.12 -1.086 -2.034 -3.214 -1.677 -1.324 -3.242 -2.804 -0.417
349 F -2.341 -2.903 -2.867 -3.321 -1.381 -3.871 -3.489 -2.882 -0.835 0.27 0.558 -3.311 0.194 6.526 -4.455 -3.038 -2.378 0.845 2.924 -0.515
350 S 1.061 -0.748 0.49 -0.256 0.065 -0.577 -0.562 -0.113 -0.467 -1.918 -2.336 -0.292 -1.194 -1.95 -1.482 3.287 1.004 -2.556 -1.763 -1.3
351 F -2.341 -2.903 -2.867 -3.321 -1.381 -3.871 -3.489 -2.882 -0.835 0.27 0.558 -3.311 0.194 6.526 -4.455 -3.038 -2.378 0.845 2.924 -0.515
352 L -1.548 -2.194 -3.37 -3.627 -0.157 -2.647 -3.313 -3.39 -2.321 1.998 4.049 -2.485 2.125 0.826 -3.612 -3.166 -1.588 -1.658 -1.063 1.099
353 F -2.341 -2.903 -2.867 -3.321 -1.381 -3.871 -3.489 -2.882 -0.835 0.27 0.558 -3.311 0.194 6.526 -4.455 -3.038 -2.378 0.845 2.924 -0.515
354 L -1.548 -2.194 -3.37 -3.627 -0.157 -2.647 -3.313 -3.39 -2.321 1.998 4.049 -2.485 2.125 0.826 -3.612 -3.166 -1.588 -1.658 -1.063 1.099
355 S 1.061 -0.748 0.49 -0.256 0.065 -0.577 -0.562 -0.113 -0.467 -1.918 -2.336 -0.292 -1.194 -1.95 -1.482 3.287 1.004 -2.556 -1.763 -1.3
356 I -1.384 -3.108 -3.27 -3.188 -0.157 -3.217 -3.694 -3.486 -2.718 4.54 1.67 -2.686 1.264 0.211 -3.512 -3.084 -1.082 -2.192 -1.292 2.853
357 S 1.061 -0.748 0.49 -0.256 0.065 -0.577 -0.562 -0.113 -0.467 -1.918 -2.336 -0.292 -1.194 -1.95 -1.482 3.287 1.004 -2.556 -1.763 -1.3
358 E -0.926 -0.129 -0.346 1.511 -2.418 1.339 4.511 -1.957 0.385 -2.771 -2.71 0.67 -1.761 -2.615 -1.889 -0.798 -1.308 -2.394 -1.915 -2.141
359 S 1.061 -0.748 0.49 -0.256 0.065 -0.577 -0.562 -0.113 -0.467 -1.918 -2.336 -0.292 -1.194 -1.95 -1.482 3.287 1.004 -2.556 -1.763 -1.3
360 L -1.087 -1.39 -2.367 -2.821 -0.175 -1.058 -2.36 -2.59 -0.975 1.596 2.128 -1.459 5.647 0.461 -3.249 -2.023 -1.053 -1.313 -0.839 0.982
361 I -1.384 -3.108 -3.27 -3.188 -0.157 -3.217 -3.694 -3.486 -2.718 4.54 1.67 -2.686 1.264 0.211 -3.512 -3.084 -1.082 -2.192 -1.292 2.853
362 N -1.667 -0.422 5.658 1.274 -1.853 -0.534 -0.732 -0.162 0.961 -2.72 -3.159 -0.303 -2.168 -2.381 -2.595 -0.125 -0.458 -2.973 -2.076 -2.567
363 K -0.833 2.086 -0.275 -0.729 -1.985 0.8 0.306 -1.349 -0.25 -2.13 -2.247 4.508 -1.231 -2.813 -1.694 -0.888 -1.089 -2.556 -1.796 -2.006
364 T -0.12 -1.1 -0.146 -1.022 0.114 -1.11 -1.385 -1.336 -1.42 -0.231 -1.064 -0.798 -0.539 -1.588 -1.694 0.698 4.266 -2.192 -1.714 0.222
365 I -1.384 -3.108 -3.27 -3.188 -0.157 -3.217 -3.694 -3.486 -2.718 4.54 1.67 -2.686 1.264 0.211 -3.512 -3.084 -1.082 -2.192 -1.292 2.853
366 F -2.341 -2.903 -2.867 -3.321 -1.381 -3.871 -3.489 -2.882 -0.835 0.27 0.558 -3.311 0.194 6.526 -4.455 -3.038 -2.378 0.845 2.924 -0.515
367 F -2.341 -2.903 -2.867 -3.321 -1.381 -3.871 -3.489 -2.882 -0.835 0.27 0.558 -3.311 0.194 6.526 -4.455 -3.038 -2.378 0.845 2.924 -0.515
368 C -0.455 -3.346 -2.972 -3.426 9.687 -3.466 -3.932 -2.171 -2.957 -0.739 -1.069 -3.12 -1.086 -2.034 -3.214 -1.677 -1.324 -3.242 -2.804 -0.417
369 F -2.341 -2.903 -2.867 -3.321 -1.381 -3.871 -3.489 -2.882 -0.835 0.27 0.558 -3.311 0.194 6.526 -4.455 -3.038 -2.378 0.845 2.924 -0.515
370 L -1.548 -2.194 -3.37 -3.627 -0.157 -2.647 -3.313 -3.39 -2.321 1.998 4.049 -2.485 2.125 0.826 -3.612 -3.166 -1.588 -1.658 -1.063 1.099
371 L -1.087 -1.39 -2.367 -2.821 -0.175 -1.058 -2.36 -2.59 -0.975 1.596 2.128 -1.459 5.647 0.461 -3.249 -2.023 -1.053 -1.313 -0.839 0.982
372 I -1.384 -3.108 -3.27 -3.188 -0.157 -3.217 -3.694 -3.486 -2.718 4.54 1.67 -2.686 1.264 0.211 -3.512 -3.084 -1.082 -2.192 -1.292 2.853
373 V -0.241 -2.494 -2.936 -3.172 0.333 -2.594 -2.901 -2.962 -2.922 3.022 0.938 -2.395 0.824 -0.406 -3.178 -2.291 -0.458 -2.394 -1.292 4.144
374 N -1.667 -0.422 5.658 1.274 -1.853 -0.534 -0.732 -0.162 0.961 -2.72 -3.159 -0.303 -2.168 -2.381 -2.595 -0.125 -0.458 -2.973 -2.076 -2.567
375 L -1.548 -2.194 -3.37 -3.627 -0.157 -2.647 -3.313 -3.39 -2.321 1.998 4.049 -2.485 2.125 0.826 -3.612 -3.166 -1.588 -1.658 -1.063 1.099
376 N -1.667 -0.422 5.658 1.274 -1.853 -0.534 -0.732 -0.162 0.961 -2.72 -3.159 -0.303 -2.168 -2.381 -2.595 -0.125 -0.458 -2.973 -2.076 -2.567
377 S 1.061 -0.748 0.49 -0.256 0.065 -0.577 -0.562 -0.113 -0.467 -1.918 -2.336 -0.292 -1.194 -1.95 -1.482 3.287 1.004 -2.556 -1.763 -1.3
378 F -2.349 -2.911 -2.875 -3.329 -1.388 -3.878 -3.497 -2.889 -0.843 0.262 0.55 -3.319 0.187 6.537 -4.462 -3.045 -2.385 0.837 2.917 -0.522
379 K -0.583 1.352 -0.239 -0.831 -1.112 0.285 -0.163 -1.352 -0.597 -1.357 -1.804 3.575 -0.989 -2.351 -1.701 -0.265 1.895 -2.437 -1.775 -1.067
380 K -0.841 2.079 -0.282 -0.736 -1.992 0.793 0.299 -1.357 -0.257 -2.137 -2.255 4.526 -1.238 -2.82 -1.701 -0.895 -1.096 -2.563 -1.803 -2.013
381 N -1.468 -0.717 4.59 0.427 -1.187 -0.705 -1.187 -0.776 0.441 -0.513 -0.248 -0.647 2.869 -1.107 -2.804 -0.638 -0.65 -2.315 -1.61 -0.867
382 S 1.054 -0.755 0.483 -0.263 0.058 -0.584 -0.569 -0.121 -0.474 -1.926 -2.343 -0.299 -1.201 -1.958 -1.49 3.311 0.997 -2.563 -1.77 -1.307
383 V 0.254 -1.795 -1.313 -1.855 0.239 -1.763 -1.904 -1.684 -1.863 2.095 0.191 -1.52 0.288 -0.842 -2.504 0.868 0.108 -2.454 -1.448 3.202
384 L -1.499 -2.474 -3.343 -3.48 -0.165 -2.832 -3.441 -3.429 -2.454 3.119 3.459 -2.558 1.859 0.628 -3.585 -3.145 -1.416 -1.832 -1.145 1.801