#Seq2Logo.py -f /work3/idamei/wzy_ssn/run/1e-50/run/150/MSAs/0004_32.afa -o /work3/idamei/wzy_ssn/run/1e-50/run/150/logos/0004_32.logo
Last position-specific scoring matrix computed, values are in halfbits
A R N D C Q E G H I L K M F P S T W Y V
0 L -1.08 -1.383 -2.36 -2.814 -0.168 -1.051 -2.353 -2.583 -0.968 1.603 2.135 -1.452 5.611 0.468 -3.242 -2.016 -1.046 -1.306 -0.832 0.99
1 R -0.414 3.798 0.207 1.783 -1.272 -0.014 -0.22 -1.141 -0.179 -2.376 -2.329 1.039 -1.41 -2.35 -2.171 1.091 -0.377 -2.521 -1.943 -1.936
2 N -1.094 -0.773 4.888 0.836 -1.686 -0.843 -1.076 2.73 0.543 -2.811 -3.207 -0.56 -2.26 -2.428 -2.615 -0.296 -0.735 -2.806 -2.284 -2.614
3 F -2.31 -2.872 -2.836 -3.29 -1.35 -3.84 -3.458 -2.851 -0.804 0.301 0.589 -3.28 0.225 6.477 -4.424 -3.007 -2.347 0.876 2.955 -0.483
4 H -1.683 -0.334 0.483 -0.937 -2.31 -0.141 -0.477 -1.673 7.954 -2.638 -2.571 -0.742 -1.237 -0.829 -2.725 -1.555 -2.203 -1.43 1.691 -3.012
5 T -0.123 -1.364 -0.605 -1.402 0.197 -1.389 -1.67 -1.639 -1.702 1.007 -0.393 -1.096 -0.107 -1.217 -1.973 0.217 3.544 -2.215 -1.576 1.764
6 V -0.53 -2.215 -1.221 2.169 -0.118 -2.035 -1.292 -2.358 -2.094 2.347 0.334 -1.894 0.291 -0.833 -2.905 -1.87 -0.644 -2.614 -1.615 3.329
7 R -1.297 4.147 1.864 -0.607 -2.091 0.473 -0.263 -1.443 0.16 -2.455 -2.26 2.905 -1.36 -2.562 -2.306 -0.977 -1.139 -2.449 -1.825 -2.168
8 Y -1.719 -1.907 -2.482 -3.208 -1.114 -2.042 -2.645 -3.074 1.231 0.459 1.755 -2.061 0.584 2.726 -3.421 -2.658 -1.91 1.483 5.583 -0.106
9 K -0.447 0.92 -0.203 -0.865 -0.741 0.007 -0.41 -1.336 -0.769 -1.02 -1.588 2.919 -0.857 -2.129 -1.687 0.019 2.668 -2.361 -1.747 -0.675
10 T 0.538 -0.911 0.197 -0.606 0.097 -0.824 -0.937 -0.653 -0.897 -0.946 -1.623 -0.527 -0.841 -1.756 -1.579 2.258 3.059 -2.361 -1.731 -0.432
11 K -0.678 1.114 -0.206 -0.62 -1.825 3.387 0.641 1.626 0.166 -2.34 -2.276 2.571 -0.952 -2.859 -2.078 -0.837 -1.149 -2.344 -1.696 -2.014
12 T -0.576 -1.303 -0.662 -1.542 -0.379 -1.312 -1.67 -1.771 0.275 -0.405 -1.007 -1.109 -0.581 1.071 -2.139 -0.016 3.231 0.153 3.787 -0.12
13 E -0.895 -0.098 -0.314 1.542 -2.387 1.37 4.437 -1.926 0.417 -2.74 -2.679 0.701 -1.729 -2.584 -1.857 -0.767 -1.277 -2.363 -1.884 -2.11
14 L -1.485 -2.46 -3.329 -3.466 -0.15 -2.818 -3.427 -3.414 -2.44 3.105 3.443 -2.543 1.873 0.642 -3.571 -3.131 -1.402 -1.818 -1.13 1.816
15 D -1.625 2.752 0.263 4.017 -1.83 -0.561 0.114 -1.735 -0.554 0.347 -1.416 0.306 -1.141 -1.983 -2.599 -1.372 -1.367 -2.8 -2.233 -0.673
16 N -1.66 -0.415 5.643 1.281 -1.846 -0.527 -0.725 -0.155 0.968 -2.712 -3.152 -0.296 -2.161 -2.374 -2.588 -0.118 -0.451 -2.966 -2.069 -2.56
17 D -1.034 -1.005 3.455 4.306 -1.64 -0.702 0.317 -0.589 0.067 -2.569 -3.153 -0.548 -2.213 -2.551 -2.228 0.516 -0.544 -3.154 -2.451 -2.442
18 Y -0.027 -1.213 -0.526 -1.314 -0.698 -1.113 -1.32 -1.186 1.098 -1.305 -1.533 -0.971 -0.923 1.776 -2.257 1.637 -0.141 0.8 4.807 -1.132
19 P 1.869 -1.586 -1.282 -1.336 -0.321 -1.457 -1.31 -0.632 -1.254 -1.674 -2.13 -0.849 -1.601 -2.517 4.83 0.547 -0.51 -3.33 -2.162 -1.06
20 R 0.127 3.152 0.085 -0.708 -0.834 0.084 -0.393 -0.845 -0.227 -2.163 -2.21 1.873 -1.205 -2.244 -1.868 1.816 0.073 -2.44 -1.767 -1.671
21 P 0.68 -0.075 -0.836 -0.914 -1.156 3.162 0.291 -1.179 -0.138 -1.975 -2.089 0.323 -1.017 -2.853 3.769 -0.711 -0.99 -2.831 -1.753 -1.466
22 N -0.952 -0.929 4.643 0.644 -1.66 -0.983 -1.23 3.291 0.359 -2.871 -3.251 -0.681 -2.32 -2.472 -2.65 -0.384 -0.863 -2.78 -2.386 -2.658
23 N -1.213 1.104 3.993 0.45 -1.911 0.216 -0.16 -0.688 0.426 -2.403 -2.66 2.993 -1.655 -2.582 -2.102 -0.474 -0.749 -2.75 -1.925 -2.266
24 E -1.178 -0.533 0.27 3.732 -2.398 0.778 3.731 -1.647 0.115 -2.751 -2.943 0.256 -2.035 -2.708 -2.011 -0.844 -1.338 -2.721 -2.239 -2.357
25 S 0.014 -1.665 -0.779 -1.369 -0.201 -1.654 -1.698 -1.273 -1.106 2.055 0.062 -1.298 0.08 2.286 -2.405 1.568 0.037 -1.538 -0.161 0.882
26 V 0.49 -1.484 -0.735 -1.353 0.209 -1.406 -1.494 -1.193 -1.434 1.508 -0.25 -1.149 -0.005 -1.069 -2.2 1.656 0.372 -2.467 -1.511 2.536
27 A 2.532 -1.942 -2.227 -2.332 0.515 -1.885 -1.987 -0.835 -1.939 1.702 0.029 -1.517 0.103 -1.033 -2.2 -0.601 -0.437 -2.414 -1.511 2.772
28 S 1.068 -0.741 0.497 -0.249 0.072 -0.57 -0.555 -0.106 -0.46 -1.911 -2.328 -0.285 -1.187 -1.943 -1.475 3.262 1.011 -2.549 -1.756 -1.292
29 I -1.377 -3.101 -3.263 -3.181 -0.15 -3.209 -3.687 -3.479 -2.711 4.521 1.677 -2.679 1.271 0.218 -3.505 -3.076 -1.075 -2.185 -1.285 2.86
30 I -1.353 -3.077 -3.239 -3.157 -0.126 -3.185 -3.663 -3.455 -2.687 4.457 1.701 -2.655 1.295 0.242 -3.481 -3.052 -1.051 -2.161 -1.261 2.884
31 N -1.636 -0.391 5.591 1.305 -1.822 -0.503 -0.701 -0.13 0.992 -2.688 -3.128 -0.272 -2.137 -2.35 -2.564 -0.094 -0.427 -2.942 -2.045 -2.536
32 Y -1.788 -1.753 -2.102 -2.998 -1.728 -1.76 -2.339 -2.908 2.129 -0.78 -0.886 -1.849 -0.658 3.372 -3.309 -2.413 -2.065 2.333 6.603 -0.955
33 F -1.979 -2.963 -2.988 -3.269 -0.906 -3.629 -3.549 -3.062 -1.33 2.442 0.985 -3.08 0.604 5.503 -4.098 -3.046 -1.871 0.146 2.078 1.087
34 L 0.049 -1.374 -0.83 -1.468 -0.037 -1.423 -1.614 -1.302 -1.24 0.666 2.339 -1.178 0.926 -0.233 -2.348 1.558 -0.003 -2.065 -1.385 0.149
35 L -1.541 -2.186 -3.362 -3.62 -0.15 -2.64 -3.306 -3.383 -2.314 2.005 4.037 -2.478 2.132 0.833 -3.604 -3.158 -1.581 -1.65 -1.056 1.106
36 C -0.338 -2.881 -2.947 -3.289 7.791 -2.99 -3.363 -2.532 -2.933 1.723 0.113 -2.728 0.032 -1.099 -3.189 -1.961 -0.852 -2.78 -1.943 2.67
37 V 0.028 -2.112 -2.0 -2.427 0.297 -2.138 -2.348 -2.241 -2.333 2.606 0.599 -1.914 0.579 -0.605 -2.81 -0.324 -0.15 -2.414 -1.358 3.686
38 I -1.377 -3.101 -3.263 -3.181 -0.15 -3.209 -3.687 -3.479 -2.711 4.521 1.677 -2.679 1.271 0.218 -3.505 -3.076 -1.075 -2.185 -1.285 2.86
39 L -1.601 -2.578 -3.24 -3.416 -0.321 -3.0 -3.457 -3.322 -2.12 2.953 2.996 -2.669 1.604 2.78 -3.694 -3.109 -1.512 -1.188 0.059 1.65
40 V -0.352 -2.021 -1.711 -2.26 0.191 -2.081 -2.391 -2.37 -2.295 2.685 0.581 -1.79 0.534 -0.615 -2.631 -0.99 1.991 -2.284 -1.419 3.071
41 L -1.659 -2.293 -3.272 -3.567 -0.321 -2.811 -3.334 -3.291 -2.007 1.78 3.68 -2.6 1.888 2.872 -3.729 -3.137 -1.698 -1.053 0.108 0.892
42 H -1.684 -0.386 4.086 0.373 -2.08 -0.34 -0.611 -0.824 6.24 -2.687 -2.86 -0.521 -1.676 -1.514 -2.667 -0.757 -1.204 -2.112 0.366 -2.788
43 P -0.836 -2.014 -1.934 -1.564 -1.457 -1.933 -1.622 -1.852 -1.608 -2.318 -2.75 -1.064 -2.403 -3.336 6.663 -1.452 -1.348 -4.549 -2.636 -2.162
44 L -1.541 -2.186 -3.362 -3.62 -0.15 -2.64 -3.306 -3.383 -2.314 2.005 4.037 -2.478 2.132 0.833 -3.604 -3.158 -1.581 -1.65 -1.056 1.106
45 L -1.458 -2.607 -3.312 -3.392 -0.15 -2.911 -3.49 -3.43 -2.505 3.529 3.092 -2.577 1.734 0.542 -3.554 -3.117 -1.317 -1.905 -1.168 2.114
46 S 1.068 -0.741 0.497 -0.249 0.072 -0.57 -0.555 -0.106 -0.46 -1.911 -2.328 -0.285 -1.187 -1.943 -1.475 3.262 1.011 -2.549 -1.756 -1.292
47 L -1.541 -2.186 -3.362 -3.62 -0.15 -2.64 -3.306 -3.383 -2.314 2.005 4.037 -2.478 2.132 0.833 -3.604 -3.158 -1.581 -1.65 -1.056 1.106
48 F -1.097 -2.684 -2.895 -3.238 -0.392 -3.156 -3.173 -2.915 -1.687 1.97 0.761 -2.81 0.534 4.766 -3.74 -2.633 -1.254 -0.335 1.533 2.653
49 L 2.323 -1.814 -2.389 -2.495 0.295 -1.905 -2.131 -0.932 -1.71 0.922 2.456 -1.55 1.004 -0.207 -2.348 -0.82 -0.944 -2.018 -1.385 0.663
50 V -0.607 -2.383 -3.067 -3.309 0.186 -2.605 -3.024 -3.091 -2.7 2.727 2.373 -2.418 1.333 0.073 -3.309 -2.547 -0.781 -2.12 -1.207 3.422
51 A 2.831 -1.089 -0.385 -0.879 0.392 -0.921 -0.903 0.144 -0.811 -1.32 -1.781 -0.553 -1.026 -1.895 -1.475 2.187 0.383 -2.494 -1.756 -0.489
52 L -1.659 -2.293 -3.272 -3.567 -0.321 -2.811 -3.334 -3.291 -2.007 1.78 3.68 -2.6 1.888 2.872 -3.729 -3.137 -1.698 -1.053 0.108 0.892
53 L -1.227 -2.513 -3.253 -3.389 -0.063 -2.808 -3.351 -3.338 -2.536 3.241 3.025 -2.528 1.675 0.458 -3.495 -2.967 -1.193 -1.935 -1.168 2.438
54 N -1.66 -0.415 5.643 1.281 -1.846 -0.527 -0.725 -0.155 0.968 -2.712 -3.152 -0.296 -2.161 -2.374 -2.588 -0.118 -0.451 -2.966 -2.069 -2.56
55 F -1.979 -2.963 -2.988 -3.269 -0.906 -3.629 -3.549 -3.062 -1.33 2.442 0.985 -3.08 0.604 5.503 -4.098 -3.046 -1.871 0.146 2.078 1.087
56 F -2.334 -2.896 -2.86 -3.314 -1.374 -3.864 -3.482 -2.875 -0.828 0.277 0.565 -3.304 0.201 6.515 -4.448 -3.031 -2.371 0.852 2.931 -0.507
57 V -0.172 -1.706 -1.209 -1.894 0.233 -1.751 -2.037 -2.029 -2.067 1.839 0.114 -1.48 0.23 -0.929 -2.335 -0.419 2.762 -2.284 -1.488 2.79
58 R 0.051 3.823 0.057 -0.832 -0.864 0.025 -0.558 -0.944 -0.167 -2.24 -2.174 1.091 -1.205 -2.196 -2.025 1.784 0.034 -2.387 -1.764 -1.694
59 L -1.458 -2.607 -3.312 -3.392 -0.15 -2.911 -3.49 -3.43 -2.505 3.529 3.092 -2.577 1.734 0.542 -3.554 -3.117 -1.317 -1.905 -1.168 2.114
60 N -0.443 -0.52 4.706 0.856 -1.057 -0.541 -0.667 -0.138 0.566 -2.42 -2.85 -0.292 -1.799 -2.223 -2.167 1.484 0.122 -2.82 -1.961 -2.073
61 K -1.078 1.473 3.135 0.11 -1.933 0.427 0.007 -0.89 0.22 -2.306 -2.513 3.583 -1.504 -2.655 -1.957 -0.604 -0.856 -2.682 -1.879 -2.174
62 K -0.969 1.715 -0.506 -0.999 -1.939 0.507 0.007 -1.553 0.305 -1.857 -1.971 4.027 -1.126 -0.479 -1.904 -1.089 -1.227 -0.966 2.17 -1.802
63 L -1.458 -2.607 -3.312 -3.392 -0.15 -2.911 -3.49 -3.43 -2.505 3.529 3.092 -2.577 1.734 0.542 -3.554 -3.117 -1.317 -1.905 -1.168 2.114
64 C -0.943 -2.705 -3.157 -3.518 7.774 -3.02 -3.598 -2.709 -2.614 0.95 2.492 -2.778 0.952 -0.256 -3.399 -2.319 -1.446 -2.335 -1.797 0.447
65 Y -1.812 -1.777 -2.126 -3.022 -1.752 -1.784 -2.363 -2.932 2.105 -0.804 -0.91 -1.873 -0.682 3.348 -3.333 -2.437 -2.089 2.309 6.655 -0.979
66 L -1.458 -2.607 -3.312 -3.392 -0.15 -2.911 -3.49 -3.43 -2.505 3.529 3.092 -2.577 1.734 0.542 -3.554 -3.117 -1.317 -1.905 -1.168 2.114
67 Y -1.812 -1.777 -2.126 -3.022 -1.752 -1.784 -2.363 -2.932 2.105 -0.804 -0.91 -1.873 -0.682 3.348 -3.333 -2.437 -2.089 2.309 6.655 -0.979
68 C 2.492 -2.265 -2.24 -2.425 7.804 -2.195 -2.322 -0.624 -1.952 -0.781 -1.188 -1.764 -0.974 -1.936 -2.213 -0.416 -0.835 -2.81 -2.229 -0.122
69 F -2.045 -2.64 -3.018 -3.413 -0.906 -3.396 -3.422 -3.034 -1.244 0.974 2.224 -3.002 0.997 5.539 -4.139 -3.073 -2.083 0.232 2.102 0.136
70 V -0.395 -2.58 -2.982 -3.167 0.264 -2.682 -3.012 -3.036 -2.88 3.338 1.081 -2.435 0.91 -0.286 -3.224 -2.402 -0.546 -2.352 -1.285 3.949
71 Y -1.812 -1.777 -2.126 -3.022 -1.752 -1.784 -2.363 -2.932 2.105 -0.804 -0.91 -1.873 -0.682 3.348 -3.333 -2.437 -2.089 2.309 6.655 -0.979
72 T 0.538 -0.911 0.197 -0.606 0.097 -0.824 -0.937 -0.653 -0.897 -0.946 -1.623 -0.527 -0.841 -1.756 -1.579 2.258 3.059 -2.361 -1.731 -0.432
73 I -1.377 -3.101 -3.263 -3.181 -0.15 -3.209 -3.687 -3.479 -2.711 4.521 1.677 -2.679 1.271 0.218 -3.505 -3.076 -1.075 -2.185 -1.285 2.86
74 L -1.541 -2.186 -3.362 -3.62 -0.15 -2.64 -3.306 -3.383 -2.314 2.005 4.037 -2.478 2.132 0.833 -3.604 -3.158 -1.581 -1.65 -1.056 1.106
75 I -1.377 -3.101 -3.263 -3.181 -0.15 -3.209 -3.687 -3.479 -2.711 4.521 1.677 -2.679 1.271 0.218 -3.505 -3.076 -1.075 -2.185 -1.285 2.86
76 V -0.234 -2.486 -2.929 -3.164 0.34 -2.587 -2.894 -2.955 -2.915 3.03 0.945 -2.388 0.832 -0.398 -3.171 -2.284 -0.451 -2.387 -1.285 4.125
77 N -1.66 -0.415 5.643 1.281 -1.846 -0.527 -0.725 -0.155 0.968 -2.712 -3.152 -0.296 -2.161 -2.374 -2.588 -0.118 -0.451 -2.966 -2.069 -2.56
78 R -1.534 5.51 -0.462 -1.564 -2.259 0.518 -0.561 -2.128 0.098 -2.612 -2.028 2.018 -1.224 -2.472 -2.704 -1.406 -1.454 -2.234 -1.772 -2.162
79 E -0.919 -0.122 -0.338 1.518 -2.411 1.346 4.494 -1.95 0.392 -2.764 -2.703 0.677 -1.754 -2.608 -1.882 -0.791 -1.301 -2.387 -1.908 -2.134
80 Y -1.812 -1.777 -2.126 -3.022 -1.752 -1.784 -2.363 -2.932 2.105 -0.804 -0.91 -1.873 -0.682 3.348 -3.333 -2.437 -2.089 2.309 6.655 -0.979
81 L -1.673 -1.975 -2.678 -3.306 -0.841 -2.18 -2.796 -3.148 0.67 0.93 2.515 -2.16 1.056 2.356 -3.466 -2.775 -1.824 0.961 4.848 0.248
82 V -0.77 -2.621 -3.107 -3.241 0.105 -2.79 -3.205 -3.19 -2.739 3.497 1.949 -2.497 1.234 0.05 -3.349 -2.665 -0.816 -2.185 -1.246 3.384
83 R -1.193 4.028 -0.388 -0.045 -2.259 0.866 2.248 -1.924 0.148 -2.573 -2.273 2.299 -1.39 -2.57 -2.226 -1.099 -1.338 -2.335 -1.819 -2.125
84 F -2.334 -2.896 -2.86 -3.314 -1.374 -3.864 -3.482 -2.875 -0.828 0.277 0.565 -3.304 0.201 6.515 -4.448 -3.031 -2.371 0.852 2.931 -0.507
85 G -0.654 -1.226 3.974 0.264 -1.571 -1.242 -1.52 4.153 -0.002 -2.953 -3.302 -0.894 -2.403 -2.522 -2.682 -0.526 -1.093 -2.691 -2.558 -2.708
86 E -0.919 -0.122 -0.338 1.518 -2.411 1.346 4.494 -1.95 0.392 -2.764 -2.703 0.677 -1.754 -2.608 -1.882 -0.791 -1.301 -2.387 -1.908 -2.134
87 R 0.12 3.046 0.111 -0.644 -0.826 1.556 -0.127 -0.864 -0.032 -2.183 -2.168 0.926 -1.052 -2.264 -1.946 1.824 0.086 -2.379 -1.677 -1.638
88 N 0.015 -0.573 4.091 0.617 -0.73 -0.548 -0.639 -0.13 0.342 -2.284 -2.711 -0.29 -1.633 -2.151 -1.978 2.041 0.372 -2.75 -1.908 -1.857
89 G 0.09 -2.358 -0.44 -1.323 -1.32 -2.195 -2.622 5.809 -1.476 -3.215 -3.461 -1.651 -2.667 -2.678 -2.779 -1.002 -1.919 -2.44 -3.148 -2.864
90 D -1.777 -1.588 1.199 5.833 -2.372 -0.872 1.05 -1.124 -0.536 -2.725 -3.491 -0.829 -2.698 -2.92 -2.289 -0.952 -1.413 -3.531 -3.043 -2.864
91 D -1.777 -1.588 1.199 5.833 -2.372 -0.872 1.05 -1.124 -0.536 -2.725 -3.491 -0.829 -2.698 -2.92 -2.289 -0.952 -1.413 -3.531 -3.043 -2.864
92 T -0.112 -1.093 -0.139 -1.014 0.122 -1.103 -1.378 -1.329 -1.413 -0.224 -1.057 -0.791 -0.532 -1.58 -1.687 0.705 4.245 -2.185 -1.706 0.229
93 F -1.097 -2.684 -2.895 -3.238 -0.392 -3.156 -3.173 -2.915 -1.687 1.97 0.761 -2.81 0.534 4.766 -3.74 -2.633 -1.254 -0.335 1.533 2.653
94 R -1.534 5.51 -0.462 -1.564 -2.259 0.518 -0.561 -2.128 0.098 -2.612 -2.028 2.018 -1.224 -2.472 -2.704 -1.406 -1.454 -2.234 -1.772 -2.162
95 Y -1.812 -1.777 -2.126 -3.022 -1.752 -1.784 -2.363 -2.932 2.105 -0.804 -0.91 -1.873 -0.682 3.348 -3.333 -2.437 -2.089 2.309 6.655 -0.979
96 I -1.377 -3.101 -3.263 -3.181 -0.15 -3.209 -3.687 -3.479 -2.711 4.521 1.677 -2.679 1.271 0.218 -3.505 -3.076 -1.075 -2.185 -1.285 2.86
97 P -0.836 -2.014 -1.934 -1.564 -1.457 -1.933 -1.622 -1.852 -1.608 -2.318 -2.75 -1.064 -2.403 -3.336 6.663 -1.452 -1.348 -4.549 -2.636 -2.162
98 F -2.334 -2.896 -2.86 -3.314 -1.374 -3.864 -3.482 -2.875 -0.828 0.277 0.565 -3.304 0.201 6.515 -4.448 -3.031 -2.371 0.852 2.931 -0.507
99 I -1.377 -3.101 -3.263 -3.181 -0.15 -3.209 -3.687 -3.479 -2.711 4.521 1.677 -2.679 1.271 0.218 -3.505 -3.076 -1.075 -2.185 -1.285 2.86
100 R -1.159 4.281 -0.363 -1.112 -2.115 0.666 -0.091 -1.708 -0.067 -2.357 -2.132 3.511 -1.224 -2.634 -2.151 -1.132 -1.262 -2.387 -1.78 -2.079
101 N -1.266 -0.265 3.985 1.402 -2.115 0.559 2.932 -0.915 0.695 -2.738 -2.918 0.231 -1.95 -2.489 -2.213 -0.435 -0.845 -2.662 -1.987 -2.339
102 I -1.225 -2.116 -2.776 -2.991 -0.159 -1.933 -2.944 -2.996 -1.71 3.416 1.915 -2.001 4.19 0.346 -3.37 -2.498 -1.06 -1.712 -1.05 2.074
103 L 2.323 -1.814 -2.389 -2.495 0.295 -1.905 -2.131 -0.932 -1.71 0.922 2.456 -1.55 1.004 -0.207 -2.348 -0.82 -0.944 -2.018 -1.385 0.663
104 N -0.492 -0.679 4.036 0.446 -0.709 -0.714 -0.896 -0.486 0.129 -1.524 -2.159 -0.45 -1.36 -2.015 -2.06 1.015 2.162 -2.615 -1.891 -1.141
105 L -1.91 -2.52 -3.1 -3.463 -0.698 -3.188 -3.393 -3.117 -1.476 1.268 2.795 -2.862 1.326 4.892 -3.996 -3.094 -1.949 -0.136 1.577 0.411
106 D -0.017 -1.134 0.869 4.164 -0.898 -0.717 0.358 -0.57 -0.498 -2.29 -2.852 -0.544 -1.844 -2.39 -1.854 1.864 0.046 -2.998 -2.328 -1.973
107 F -1.816 -2.997 -3.054 -3.247 -0.698 -3.518 -3.583 -3.161 -1.619 3.118 1.174 -2.975 0.786 4.823 -3.938 -3.053 -1.651 -0.284 1.533 1.642
108 S 0.392 -0.997 0.75 3.291 -0.537 -0.667 0.084 -0.407 -0.485 -2.158 -2.666 -0.455 -1.608 -2.233 -1.722 2.409 0.405 -2.841 -2.124 -1.728
109 D -1.263 0.804 0.558 4.116 -2.168 0.088 0.705 -1.231 -0.386 -2.408 -2.798 2.914 -1.868 -2.862 -1.972 -0.916 -1.243 -2.998 -2.348 -2.399
110 A 3.918 -1.484 -1.662 -1.687 0.68 -1.32 -1.298 0.374 -1.211 -0.83 -1.321 -0.849 -0.874 -1.848 -1.475 0.455 -0.422 -2.44 -1.756 0.139
111 L -1.541 -2.186 -3.362 -3.62 -0.15 -2.64 -3.306 -3.383 -2.314 2.005 4.037 -2.478 2.132 0.833 -3.604 -3.158 -1.581 -1.65 -1.056 1.106
112 I -0.676 -1.925 -1.297 -1.899 -0.011 -1.968 -2.307 -2.208 -1.99 3.03 0.622 -1.583 0.508 -0.543 -2.455 -0.606 2.669 -2.185 -1.488 1.835
113 T 1.822 -1.481 -0.957 -1.508 0.279 -1.441 -1.626 -0.85 -1.519 1.191 -0.45 -1.052 -0.237 -1.267 -1.843 0.238 2.735 -2.267 -1.648 0.845
114 E -1.026 0.339 0.094 2.358 -2.144 3.506 2.792 -1.562 0.461 -2.484 -2.428 0.779 -1.105 -2.831 -2.08 -0.799 -1.151 -2.44 -1.723 -2.058
115 R 0.051 3.823 0.057 -0.832 -0.864 0.025 -0.558 -0.944 -0.167 -2.24 -2.174 1.091 -1.205 -2.196 -2.025 1.784 0.034 -2.387 -1.764 -1.694
116 D -1.777 -1.588 1.199 5.833 -2.372 -0.872 1.05 -1.124 -0.536 -2.725 -3.491 -0.829 -2.698 -2.92 -2.289 -0.952 -1.413 -3.531 -3.043 -2.864
117 I -1.152 -2.989 -3.204 -3.178 -0.063 -3.096 -3.538 -3.385 -2.744 4.32 1.567 -2.628 1.202 0.124 -3.446 -2.928 -0.961 -2.217 -1.285 3.113
118 F -2.334 -2.896 -2.86 -3.314 -1.374 -3.864 -3.482 -2.875 -0.828 0.277 0.565 -3.304 0.201 6.515 -4.448 -3.031 -2.371 0.852 2.931 -0.507
119 S 1.068 -0.741 0.497 -0.249 0.072 -0.57 -0.555 -0.106 -0.46 -1.911 -2.328 -0.285 -1.187 -1.943 -1.475 3.262 1.011 -2.549 -1.756 -1.292
120 I -1.377 -3.101 -3.263 -3.181 -0.15 -3.209 -3.687 -3.479 -2.711 4.521 1.677 -2.679 1.271 0.218 -3.505 -3.076 -1.075 -2.185 -1.285 2.86
121 E -0.919 -0.122 -0.338 1.518 -2.411 1.346 4.494 -1.95 0.392 -2.764 -2.703 0.677 -1.754 -2.608 -1.882 -0.791 -1.301 -2.387 -1.908 -2.134
122 P -0.836 -2.014 -1.934 -1.564 -1.457 -1.933 -1.622 -1.852 -1.608 -2.318 -2.75 -1.064 -2.403 -3.336 6.663 -1.452 -1.348 -4.549 -2.636 -2.162
123 L -0.905 -2.445 -3.054 -3.334 -0.051 -2.783 -3.119 -3.077 -2.262 2.378 2.336 -2.553 1.253 2.614 -3.495 -2.67 -1.055 -1.33 0.034 2.884
124 P 0.27 -1.308 -0.47 -0.832 -0.592 -1.172 -1.04 -0.849 -0.977 -2.107 -2.532 -0.648 -1.731 -2.556 4.83 1.777 0.066 -3.379 -2.162 -1.694
125 R -1.534 5.51 -0.462 -1.564 -2.259 0.518 -0.561 -2.128 0.098 -2.612 -2.028 2.018 -1.224 -2.472 -2.704 -1.406 -1.454 -2.234 -1.772 -2.162
126 L 1.603 -1.976 -2.617 -2.762 0.233 -2.123 -2.417 -1.502 -1.977 1.578 2.607 -1.815 1.2 -0.034 -2.653 -1.319 -0.949 -2.011 -1.311 1.663
127 Y -1.586 -2.364 -2.638 -3.1 -0.841 -2.409 -2.95 -3.193 0.603 2.944 0.664 -2.248 0.457 2.188 -3.418 -2.739 -1.538 0.86 4.833 1.537
128 W -2.65 -2.383 -3.166 -3.62 -2.334 -2.824 -2.969 -2.366 -1.134 -1.854 -1.65 -2.791 -1.28 1.128 -5.408 -3.355 -2.695 10.61 2.169 -2.228
129 W -2.65 -2.383 -3.166 -3.62 -2.334 -2.824 -2.969 -2.366 -1.134 -1.854 -1.65 -2.791 -1.28 1.128 -5.408 -3.355 -2.695 10.61 2.169 -2.228
130 L -0.311 -2.021 -2.099 -2.538 0.14 -2.153 -2.456 -2.347 -2.156 2.252 2.167 -1.939 1.122 -0.102 -2.931 -0.454 -0.445 -2.144 -1.278 2.849
131 L -1.213 -0.973 -1.471 -0.033 -1.065 -0.007 2.681 -2.578 -0.654 0.51 2.304 -0.489 0.799 -0.402 -2.616 -1.738 -1.437 -1.995 -1.451 -0.081
132 T 0.538 -0.911 0.197 -0.606 0.097 -0.824 -0.937 -0.653 -0.897 -0.946 -1.623 -0.527 -0.841 -1.756 -1.579 2.258 3.059 -2.361 -1.731 -0.432
133 V -0.54 -0.24 -1.176 -1.432 -0.571 3.092 -0.019 -2.124 -0.521 1.46 -0.164 -0.052 0.28 -1.403 -2.616 -1.419 -0.701 -2.284 -1.285 2.475
134 L -1.513 -2.32 -3.346 -3.542 -0.15 -2.728 -3.366 -3.398 -2.376 2.607 3.755 -2.51 2.006 0.739 -3.588 -3.145 -1.49 -1.733 -1.093 1.483
135 G 0.09 -2.358 -0.44 -1.323 -1.32 -2.195 -2.622 5.809 -1.476 -3.215 -3.461 -1.651 -2.667 -2.678 -2.779 -1.002 -1.919 -2.44 -3.148 -2.864
136 L -1.013 -2.421 -3.195 -3.386 0.023 -2.709 -3.219 -3.248 -2.567 2.922 2.957 -2.48 1.616 0.371 -3.437 -2.824 -1.075 -1.965 -1.168 2.729
137 D -1.718 -0.942 4.203 4.375 -2.097 -0.694 0.297 -0.599 0.313 -2.719 -3.316 -0.55 -2.417 -2.634 -2.435 -0.505 -0.892 -3.235 -2.515 -2.708
138 V -0.749 -2.777 -3.091 -3.173 0.105 -2.882 -3.263 -3.205 -2.811 3.871 1.334 -2.53 1.06 -0.074 -3.333 -2.653 -0.746 -2.284 -1.285 3.561
139 N -1.66 -0.415 5.643 1.281 -1.846 -0.527 -0.725 -0.155 0.968 -2.712 -3.152 -0.296 -2.161 -2.374 -2.588 -0.118 -0.451 -2.966 -2.069 -2.56
140 V -0.395 -2.58 -2.982 -3.167 0.264 -2.682 -3.012 -3.036 -2.88 3.338 1.081 -2.435 0.91 -0.286 -3.224 -2.402 -0.546 -2.352 -1.285 3.949
141 I -1.377 -3.101 -3.263 -3.181 -0.15 -3.209 -3.687 -3.479 -2.711 4.521 1.677 -2.679 1.271 0.218 -3.505 -3.076 -1.075 -2.185 -1.285 2.86
142 L -1.458 -2.607 -3.312 -3.392 -0.15 -2.911 -3.49 -3.43 -2.505 3.529 3.092 -2.577 1.734 0.542 -3.554 -3.117 -1.317 -1.905 -1.168 2.114
143 L -1.91 -2.52 -3.1 -3.463 -0.698 -3.188 -3.393 -3.117 -1.476 1.268 2.795 -2.862 1.326 4.892 -3.996 -3.094 -1.949 -0.136 1.577 0.411
144 L -1.202 -2.663 -3.237 -3.317 -0.063 -2.901 -3.412 -3.353 -2.604 3.647 2.616 -2.561 1.526 0.351 -3.479 -2.954 -1.114 -2.026 -1.207 2.681
145 Q -0.883 1.007 -0.093 -0.357 -1.911 4.883 1.392 -1.479 0.769 -2.24 -1.991 1.222 -0.403 -2.959 -2.151 -0.755 -0.975 -2.185 -1.285 -1.787
146 A 2.532 -1.942 -2.227 -2.332 0.515 -1.885 -1.987 -0.835 -1.939 1.702 0.029 -1.517 0.103 -1.033 -2.2 -0.601 -0.437 -2.414 -1.511 2.772
147 L -1.91 -2.52 -3.1 -3.463 -0.698 -3.188 -3.393 -3.117 -1.476 1.268 2.795 -2.862 1.326 4.892 -3.996 -3.094 -1.949 -0.136 1.577 0.411
148 C -0.57 -2.814 -2.929 -3.272 6.704 -3.044 -3.298 -2.654 -2.455 1.807 0.346 -2.755 0.209 2.267 -3.361 -2.168 -0.98 -1.719 -0.282 2.664
149 W -2.65 -2.383 -3.166 -3.62 -2.334 -2.824 -2.969 -2.366 -1.134 -1.854 -1.65 -2.791 -1.28 1.128 -5.408 -3.355 -2.695 10.61 2.169 -2.228
150 V -0.172 -1.706 -1.209 -1.894 0.233 -1.751 -2.037 -2.029 -2.067 1.839 0.114 -1.48 0.23 -0.929 -2.335 -0.419 2.762 -2.284 -1.488 2.79
151 F -1.015 -1.856 -1.19 -1.941 -0.53 -2.165 -2.242 -1.999 -1.106 0.037 -0.134 -1.782 -0.142 4.684 -2.749 -0.596 2.522 -0.284 1.458 -0.116
152 C 0.409 -1.757 -0.743 -1.419 7.781 -1.667 -1.774 -0.955 -1.444 -1.262 -1.626 -1.366 -1.132 -1.985 -2.213 1.742 0.076 -2.872 -2.229 -0.817
153 L -1.541 -2.186 -3.362 -3.62 -0.15 -2.64 -3.306 -3.383 -2.314 2.005 4.037 -2.478 2.132 0.833 -3.604 -3.158 -1.581 -1.65 -1.056 1.106
154 I -1.225 -2.116 -2.776 -2.991 -0.159 -1.933 -2.944 -2.996 -1.71 3.416 1.915 -2.001 4.19 0.346 -3.37 -2.498 -1.06 -1.712 -1.05 2.074
155 F -1.317 -2.785 -2.947 -3.241 -0.49 -3.272 -3.303 -2.994 -1.664 2.405 0.906 -2.864 0.62 4.785 -3.804 -2.767 -1.38 -0.318 1.533 2.354
156 L -1.659 -2.293 -3.272 -3.567 -0.321 -2.811 -3.334 -3.291 -2.007 1.78 3.68 -2.6 1.888 2.872 -3.729 -3.137 -1.698 -1.053 0.108 0.892
157 A 3.918 -1.484 -1.662 -1.687 0.68 -1.32 -1.298 0.374 -1.211 -0.83 -1.321 -0.849 -0.874 -1.848 -1.475 0.455 -0.422 -2.44 -1.756 0.139
158 E -1.162 1.562 -1.053 0.151 -1.429 0.292 2.761 -2.409 -0.383 1.785 -0.387 0.273 -0.307 -1.321 -2.471 -1.487 -1.248 -2.293 -1.664 0.564
159 K -0.694 1.753 -0.246 -0.769 -1.504 0.564 0.092 -1.34 -0.408 -1.707 -2.006 4.055 -1.096 -2.562 -1.687 -0.549 0.754 -2.485 -1.775 -1.487
160 I -1.377 -3.101 -3.263 -3.181 -0.15 -3.209 -3.687 -3.479 -2.711 4.521 1.677 -2.679 1.271 0.218 -3.505 -3.076 -1.075 -2.185 -1.285 2.86
161 S 1.068 -0.741 0.497 -0.249 0.072 -0.57 -0.555 -0.106 -0.46 -1.911 -2.328 -0.285 -1.187 -1.943 -1.475 3.262 1.011 -2.549 -1.756 -1.292
162 E 0.242 -0.415 0.109 0.768 -0.91 0.544 2.956 -0.883 -0.002 -2.306 -2.51 0.236 -1.456 -2.256 -1.671 1.895 0.081 -2.467 -1.831 -1.683
163 R -1.534 5.51 -0.462 -1.564 -2.259 0.518 -0.561 -2.128 0.098 -2.612 -2.028 2.018 -1.224 -2.472 -2.704 -1.406 -1.454 -2.234 -1.772 -2.162
164 F -2.062 -2.283 -2.47 -3.164 -1.557 -2.64 -2.869 -2.903 0.996 -0.213 -0.079 -2.501 -0.207 5.346 -3.837 -2.719 -2.227 1.671 5.356 -0.734
165 A 2.264 -1.2 -0.227 -0.831 0.113 -1.032 -1.061 2.154 -0.848 -1.66 -2.093 -0.66 -1.271 -2.02 -1.656 2.081 0.231 -2.494 -1.946 -0.904
166 F -1.64 -2.042 -2.599 -3.053 -0.709 -2.128 -2.863 -2.725 -0.897 1.015 1.455 -2.232 4.023 4.849 -3.783 -2.479 -1.633 -0.03 1.624 0.337
167 V -0.77 -2.621 -3.107 -3.241 0.105 -2.79 -3.205 -3.19 -2.739 3.497 1.949 -2.497 1.234 0.05 -3.349 -2.665 -0.816 -2.185 -1.246 3.384
168 I -1.403 -2.927 -3.279 -3.249 -0.15 -3.106 -3.62 -3.463 -2.641 4.227 2.229 -2.644 1.434 0.33 -3.521 -3.09 -1.153 -2.088 -1.246 2.632
169 L -1.541 -2.186 -3.362 -3.62 -0.15 -2.64 -3.306 -3.383 -2.314 2.005 4.037 -2.478 2.132 0.833 -3.604 -3.158 -1.581 -1.65 -1.056 1.106
170 C -1.239 -3.109 -2.912 -3.366 7.741 -3.654 -3.695 -2.497 -1.698 -0.184 -0.135 -3.207 -0.368 4.66 -3.761 -2.271 -1.796 -0.521 1.302 -0.458
171 I -1.377 -3.101 -3.263 -3.181 -0.15 -3.209 -3.687 -3.479 -2.711 4.521 1.677 -2.679 1.271 0.218 -3.505 -3.076 -1.075 -2.185 -1.285 2.86
172 G 0.09 -2.358 -0.44 -1.323 -1.32 -2.195 -2.622 5.809 -1.476 -3.215 -3.461 -1.651 -2.667 -2.678 -2.779 -1.002 -1.919 -2.44 -3.148 -2.864
173 I -1.377 -3.101 -3.263 -3.181 -0.15 -3.209 -3.687 -3.479 -2.711 4.521 1.677 -2.679 1.271 0.218 -3.505 -3.076 -1.075 -2.185 -1.285 2.86
174 C -0.447 -3.339 -2.965 -3.419 9.68 -3.458 -3.925 -2.163 -2.95 -0.732 -1.061 -3.113 -1.079 -2.027 -3.207 -1.67 -1.317 -3.235 -2.796 -0.409
175 F -2.334 -2.896 -2.86 -3.314 -1.374 -3.864 -3.482 -2.875 -0.828 0.277 0.565 -3.304 0.201 6.515 -4.448 -3.031 -2.371 0.852 2.931 -0.507
176 F -2.334 -2.896 -2.86 -3.314 -1.374 -3.864 -3.482 -2.875 -0.828 0.277 0.565 -3.304 0.201 6.515 -4.448 -3.031 -2.371 0.852 2.931 -0.507
177 S 1.068 -0.741 0.497 -0.249 0.072 -0.57 -0.555 -0.106 -0.46 -1.911 -2.328 -0.285 -1.187 -1.943 -1.475 3.262 1.011 -2.549 -1.756 -1.292
178 Y -1.812 -1.777 -2.126 -3.022 -1.752 -1.784 -2.363 -2.932 2.105 -0.804 -0.91 -1.873 -0.682 3.348 -3.333 -2.437 -2.089 2.309 6.655 -0.979
179 T -0.112 -1.093 -0.139 -1.014 0.122 -1.103 -1.378 -1.329 -1.413 -0.224 -1.057 -0.791 -0.532 -1.58 -1.687 0.705 4.245 -2.185 -1.706 0.229
180 V -0.749 -2.777 -3.091 -3.173 0.105 -2.882 -3.263 -3.205 -2.811 3.871 1.334 -2.53 1.06 -0.074 -3.333 -2.653 -0.746 -2.284 -1.285 3.561
181 P -0.836 -2.014 -1.934 -1.564 -1.457 -1.933 -1.622 -1.852 -1.608 -2.318 -2.75 -1.064 -2.403 -3.336 6.663 -1.452 -1.348 -4.549 -2.636 -2.162
182 Y -1.812 -1.777 -2.126 -3.022 -1.752 -1.784 -2.363 -2.932 2.105 -0.804 -0.91 -1.873 -0.682 3.348 -3.333 -2.437 -2.089 2.309 6.655 -0.979
183 T -0.112 -1.093 -0.139 -1.014 0.122 -1.103 -1.378 -1.329 -1.413 -0.224 -1.057 -0.791 -0.532 -1.58 -1.687 0.705 4.245 -2.185 -1.706 0.229
184 F -2.334 -2.896 -2.86 -3.314 -1.374 -3.864 -3.482 -2.875 -0.828 0.277 0.565 -3.304 0.201 6.515 -4.448 -3.031 -2.371 0.852 2.931 -0.507
185 F -2.334 -2.896 -2.86 -3.314 -1.374 -3.864 -3.482 -2.875 -0.828 0.277 0.565 -3.304 0.201 6.515 -4.448 -3.031 -2.371 0.852 2.931 -0.507
186 H -1.707 -0.358 0.459 -0.961 -2.334 -0.165 -0.501 -1.697 7.998 -2.662 -2.595 -0.766 -1.261 -0.853 -2.749 -1.579 -2.227 -1.454 1.667 -3.036
187 L -1.541 -2.186 -3.362 -3.62 -0.15 -2.64 -3.306 -3.383 -2.314 2.005 4.037 -2.478 2.132 0.833 -3.604 -3.158 -1.581 -1.65 -1.056 1.106
188 Y -1.976 -2.104 -2.35 -3.116 -1.62 -2.326 -2.69 -2.913 1.415 -0.397 -0.331 -2.276 -0.357 4.82 -3.659 -2.622 -2.18 1.9 5.857 -0.813
189 R -1.534 5.51 -0.462 -1.564 -2.259 0.518 -0.561 -2.128 0.098 -2.612 -2.028 2.018 -1.224 -2.472 -2.704 -1.406 -1.454 -2.234 -1.772 -2.162
190 Q -0.883 1.007 -0.093 -0.357 -1.911 4.883 1.392 -1.479 0.769 -2.24 -1.991 1.222 -0.403 -2.959 -2.151 -0.755 -0.975 -2.185 -1.285 -1.787
191 A 3.918 -1.484 -1.662 -1.687 0.68 -1.32 -1.298 0.374 -1.211 -0.83 -1.321 -0.849 -0.874 -1.848 -1.475 0.455 -0.422 -2.44 -1.756 0.139
192 W -2.65 -2.383 -3.166 -3.62 -2.334 -2.824 -2.969 -2.366 -1.134 -1.854 -1.65 -2.791 -1.28 1.128 -5.408 -3.355 -2.695 10.61 2.169 -2.228
193 G 2.597 -1.888 -0.987 -1.499 -0.15 -1.725 -1.885 4.218 -1.341 -1.783 -2.197 -1.222 -1.633 -2.233 -2.054 -0.183 -1.075 -2.44 -2.369 -0.989
194 L -1.541 -2.186 -3.362 -3.62 -0.15 -2.64 -3.306 -3.383 -2.314 2.005 4.037 -2.478 2.132 0.833 -3.604 -3.158 -1.581 -1.65 -1.056 1.106
195 S 1.068 -0.741 0.497 -0.249 0.072 -0.57 -0.555 -0.106 -0.46 -1.911 -2.328 -0.285 -1.187 -1.943 -1.475 3.262 1.011 -2.549 -1.756 -1.292
196 F -2.334 -2.896 -2.86 -3.314 -1.374 -3.864 -3.482 -2.875 -0.828 0.277 0.565 -3.304 0.201 6.515 -4.448 -3.031 -2.371 0.852 2.931 -0.507
197 F -2.334 -2.896 -2.86 -3.314 -1.374 -3.864 -3.482 -2.875 -0.828 0.277 0.565 -3.304 0.201 6.515 -4.448 -3.031 -2.371 0.852 2.931 -0.507
198 I -1.377 -3.101 -3.263 -3.181 -0.15 -3.209 -3.687 -3.479 -2.711 4.521 1.677 -2.679 1.271 0.218 -3.505 -3.076 -1.075 -2.185 -1.285 2.86
199 L -1.541 -2.186 -3.362 -3.62 -0.15 -2.64 -3.306 -3.383 -2.314 2.005 4.037 -2.478 2.132 0.833 -3.604 -3.158 -1.581 -1.65 -1.056 1.106
200 Y -1.812 -1.777 -2.126 -3.022 -1.752 -1.784 -2.363 -2.932 2.105 -0.804 -0.91 -1.873 -0.682 3.348 -3.333 -2.437 -2.089 2.309 6.655 -0.979
201 L -1.458 -2.607 -3.312 -3.392 -0.15 -2.911 -3.49 -3.43 -2.505 3.529 3.092 -2.577 1.734 0.542 -3.554 -3.117 -1.317 -1.905 -1.168 2.114
202 C -0.338 -2.881 -2.947 -3.289 7.791 -2.99 -3.363 -2.532 -2.933 1.723 0.113 -2.728 0.032 -1.099 -3.189 -1.961 -0.852 -2.78 -1.943 2.67
203 L -1.6 -1.167 3.767 -0.234 -0.875 -1.394 -1.736 -1.339 -0.229 0.519 2.267 -1.185 0.72 -0.346 -3.051 -1.255 -0.961 -2.234 -1.518 -0.18
204 W -2.488 -2.628 -3.009 -3.463 -1.814 -3.298 -3.214 -2.609 -0.977 -0.596 -0.335 -3.036 -0.445 4.929 -4.888 -3.188 -2.528 8.707 2.575 -1.241
205 D -1.299 -0.587 2.179 3.714 -2.296 0.484 3.153 -1.296 0.23 -2.742 -3.019 0.093 -2.106 -2.666 -2.122 -0.718 -1.176 -2.82 -2.268 -2.43
206 K 0.274 1.011 0.14 -0.476 -0.774 0.2 -0.088 -0.659 -0.349 -2.015 -2.284 2.995 -1.205 -2.342 -1.579 1.878 0.15 -2.549 -1.772 -1.624
207 R -0.7 3.752 -0.664 -1.299 -1.471 -0.286 -0.872 -1.596 -0.468 -2.385 -2.301 0.946 -1.559 -2.628 3.737 0.071 -0.839 -2.882 -2.029 -1.997
208 W -0.699 -2.028 -1.238 -1.964 -1.452 -2.115 -2.301 3.049 -1.115 -2.251 -2.259 -1.836 -1.655 -0.13 -3.437 -0.278 -1.452 8.641 0.674 -2.234
209 R -1.534 5.51 -0.462 -1.564 -2.259 0.518 -0.561 -2.128 0.098 -2.612 -2.028 2.018 -1.224 -2.472 -2.704 -1.406 -1.454 -2.234 -1.772 -2.162
210 F -2.062 -2.283 -2.47 -3.164 -1.557 -2.64 -2.869 -2.903 0.996 -0.213 -0.079 -2.501 -0.207 5.346 -3.837 -2.719 -2.227 1.671 5.356 -0.734
211 F 2.231 -2.104 -2.199 -2.388 -0.168 -2.32 -2.188 -0.816 -1.013 -0.224 -0.227 -1.823 -0.286 4.669 -2.595 -0.791 -1.235 -0.348 1.45 -0.166
212 L -1.91 -2.52 -3.1 -3.463 -0.698 -3.188 -3.393 -3.117 -1.476 1.268 2.795 -2.862 1.326 4.892 -3.996 -3.094 -1.949 -0.136 1.577 0.411
213 L -1.458 -2.607 -3.312 -3.392 -0.15 -2.911 -3.49 -3.43 -2.505 3.529 3.092 -2.577 1.734 0.542 -3.554 -3.117 -1.317 -1.905 -1.168 2.114
214 L -0.792 -2.473 -3.122 -3.311 0.105 -2.7 -3.148 -3.176 -2.668 3.067 2.456 -2.465 1.399 0.168 -3.364 -2.676 -0.888 -2.088 -1.207 3.195
215 L -1.541 -2.186 -3.362 -3.62 -0.15 -2.64 -3.306 -3.383 -2.314 2.005 4.037 -2.478 2.132 0.833 -3.604 -3.158 -1.581 -1.65 -1.056 1.106
216 A 3.918 -1.484 -1.662 -1.687 0.68 -1.32 -1.298 0.374 -1.211 -0.83 -1.321 -0.849 -0.874 -1.848 -1.475 0.455 -0.422 -2.44 -1.756 0.139
217 C 0.038 -2.413 -1.185 -1.906 7.755 -2.347 -2.643 3.065 -1.877 -1.555 -1.882 -1.948 -1.538 -2.213 -2.704 0.091 -0.929 -2.831 -2.7 -1.182
218 L -1.541 -2.186 -3.362 -3.62 -0.15 -2.64 -3.306 -3.383 -2.314 2.005 4.037 -2.478 2.132 0.833 -3.604 -3.158 -1.581 -1.65 -1.056 1.106
219 S 1.068 -0.741 0.497 -0.249 0.072 -0.57 -0.555 -0.106 -0.46 -1.911 -2.328 -0.285 -1.187 -1.943 -1.475 3.262 1.011 -2.549 -1.756 -1.292
220 H -1.707 -0.358 0.459 -0.961 -2.334 -0.165 -0.501 -1.697 7.998 -2.662 -2.595 -0.766 -1.261 -0.853 -2.749 -1.579 -2.227 -1.454 1.667 -3.036
221 L -1.541 -2.186 -3.362 -3.62 -0.15 -2.64 -3.306 -3.383 -2.314 2.005 4.037 -2.478 2.132 0.833 -3.604 -3.158 -1.581 -1.65 -1.056 1.106
222 L -1.301 -1.757 -2.818 -3.189 -0.159 -1.738 -2.79 -2.955 -1.563 1.811 3.24 -1.92 4.367 0.656 -3.418 -2.531 -1.301 -1.473 -0.942 1.048
223 F -1.816 -2.997 -3.054 -3.247 -0.698 -3.518 -3.583 -3.161 -1.619 3.118 1.174 -2.975 0.786 4.823 -3.938 -3.053 -1.651 -0.284 1.533 1.642
224 I -1.377 -3.101 -3.263 -3.181 -0.15 -3.209 -3.687 -3.479 -2.711 4.521 1.677 -2.679 1.271 0.218 -3.505 -3.076 -1.075 -2.185 -1.285 2.86
225 P -0.836 -2.014 -1.934 -1.564 -1.457 -1.933 -1.622 -1.852 -1.608 -2.318 -2.75 -1.064 -2.403 -3.336 6.663 -1.452 -1.348 -4.549 -2.636 -2.162
226 L -0.814 -2.332 -3.138 -3.383 0.105 -2.614 -3.092 -3.161 -2.599 2.562 2.887 -2.433 1.555 0.282 -3.38 -2.688 -0.961 -1.995 -1.168 2.993
227 L -1.91 -2.52 -3.1 -3.463 -0.698 -3.188 -3.393 -3.117 -1.476 1.268 2.795 -2.862 1.326 4.892 -3.996 -3.094 -1.949 -0.136 1.577 0.411
228 I -1.377 -3.101 -3.263 -3.181 -0.15 -3.209 -3.687 -3.479 -2.711 4.521 1.677 -2.679 1.271 0.218 -3.505 -3.076 -1.075 -2.185 -1.285 2.86
229 F 2.231 -2.104 -2.199 -2.388 -0.168 -2.32 -2.188 -0.816 -1.013 -0.224 -0.227 -1.823 -0.286 4.669 -2.595 -0.791 -1.235 -0.348 1.45 -0.166
230 I -1.225 -2.116 -2.776 -2.991 -0.159 -1.933 -2.944 -2.996 -1.71 3.416 1.915 -2.001 4.19 0.346 -3.37 -2.498 -1.06 -1.712 -1.05 2.074
231 E -0.919 -0.122 -0.338 1.518 -2.411 1.346 4.494 -1.95 0.392 -2.764 -2.703 0.677 -1.754 -2.608 -1.882 -0.791 -1.301 -2.387 -1.908 -2.134
232 L -1.458 -2.607 -3.312 -3.392 -0.15 -2.911 -3.49 -3.43 -2.505 3.529 3.092 -2.577 1.734 0.542 -3.554 -3.117 -1.317 -1.905 -1.168 2.114
233 L 0.049 -1.374 -0.83 -1.468 -0.037 -1.423 -1.614 -1.302 -1.24 0.666 2.339 -1.178 0.926 -0.233 -2.348 1.558 -0.003 -2.065 -1.385 0.149
234 R -0.811 3.685 -1.44 -2.254 -0.676 -0.636 -1.497 -2.512 -1.032 1.412 -0.174 0.585 -0.017 -1.253 -2.928 -1.812 -0.909 -2.31 -1.518 2.434
235 K -0.933 3.019 -0.299 -0.846 -2.023 0.761 0.185 -1.459 -0.183 -2.199 -2.204 4.199 -1.224 -2.747 -1.833 -0.962 -1.141 -2.494 -1.786 -2.025
236 G -0.332 0.653 -0.353 -1.007 -1.63 -0.32 -0.796 4.042 -0.794 -2.618 -2.786 2.815 -1.856 -2.741 -2.182 -0.941 -1.47 -2.494 -2.389 -2.399
237 I -1.152 -2.989 -3.204 -3.178 -0.063 -3.096 -3.538 -3.385 -2.744 4.32 1.567 -2.628 1.202 0.124 -3.446 -2.928 -0.961 -2.217 -1.285 3.113
238 L -1.536 -2.182 -3.358 -3.615 -0.145 -2.635 -3.301 -3.378 -2.309 2.01 4.03 -2.473 2.137 0.838 -3.6 -3.154 -1.576 -1.646 -1.051 1.111
239 I -1.372 -3.096 -3.258 -3.176 -0.145 -3.205 -3.682 -3.474 -2.706 4.508 1.682 -2.674 1.276 0.223 -3.5 -3.072 -1.07 -2.18 -1.28 2.865
240 L -1.137 0.635 -1.41 -1.779 -0.922 -0.47 -0.989 -2.196 -1.137 1.541 1.82 2.732 0.721 -0.595 -2.478 -1.792 -1.238 -2.16 -1.441 0.498
241 P 0.85 -1.588 -1.168 -1.388 -0.434 -1.528 -1.484 -1.185 -1.473 -1.21 -1.836 -0.934 -1.39 -2.382 4.822 -0.231 1.865 -3.188 -2.143 -0.746
242 S 1.068 -0.741 0.497 -0.249 0.072 -0.57 -0.555 -0.106 -0.46 -1.911 -2.328 -0.285 -1.187 -1.943 -1.475 3.262 1.011 -2.549 -1.756 -1.292
243 N -1.213 1.104 3.993 0.45 -1.911 0.216 -0.16 -0.688 0.426 -2.403 -2.66 2.993 -1.655 -2.582 -2.102 -0.474 -0.749 -2.75 -1.925 -2.266
244 Y -1.586 -2.364 -2.638 -3.1 -0.841 -2.409 -2.95 -3.193 0.603 2.944 0.664 -2.248 0.457 2.188 -3.418 -2.739 -1.538 0.86 4.833 1.537
245 L -1.91 -2.52 -3.1 -3.463 -0.698 -3.188 -3.393 -3.117 -1.476 1.268 2.795 -2.862 1.326 4.892 -3.996 -3.094 -1.949 -0.136 1.577 0.411
246 P -0.956 -1.681 -2.139 -2.122 -0.741 -1.458 -1.965 -2.195 -1.27 0.263 0.622 -1.252 3.785 -0.848 4.755 -1.72 -1.193 -2.494 -1.595 -0.176
247 L -1.541 -2.186 -3.362 -3.62 -0.15 -2.64 -3.306 -3.383 -2.314 2.005 4.037 -2.478 2.132 0.833 -3.604 -3.158 -1.581 -1.65 -1.056 1.106
248 L -1.541 -2.186 -3.362 -3.62 -0.15 -2.64 -3.306 -3.383 -2.314 2.005 4.037 -2.478 2.132 0.833 -3.604 -3.158 -1.581 -1.65 -1.056 1.106
249 A 2.345 -2.18 -2.353 -2.338 0.295 -2.113 -2.252 -0.952 -1.865 2.941 0.551 -1.621 0.394 -0.634 -2.315 -0.801 -0.73 -2.31 -1.511 1.809
250 T 1.822 -1.481 -0.957 -1.508 0.279 -1.441 -1.626 -0.85 -1.519 1.191 -0.45 -1.052 -0.237 -1.267 -1.843 0.238 2.735 -2.267 -1.648 0.845
251 I -1.403 -2.927 -3.279 -3.249 -0.15 -3.106 -3.62 -3.463 -2.641 4.227 2.229 -2.644 1.434 0.33 -3.521 -3.09 -1.153 -2.088 -1.246 2.632
252 F -2.334 -2.896 -2.86 -3.314 -1.374 -3.864 -3.482 -2.875 -0.828 0.277 0.565 -3.304 0.201 6.515 -4.448 -3.031 -2.371 0.852 2.931 -0.507
253 L -1.277 -2.234 -3.286 -3.539 -0.063 -2.631 -3.233 -3.307 -2.405 2.203 3.702 -2.463 1.952 0.661 -3.528 -2.993 -1.359 -1.761 -1.093 1.88
254 L -1.198 -2.226 -2.487 -2.865 -0.103 -2.479 -2.986 -2.949 -2.262 2.922 2.906 -2.177 1.537 0.335 -3.154 -2.03 0.631 -1.905 -1.232 1.715
255 A 2.831 -1.089 -0.385 -0.879 0.392 -0.921 -0.903 0.144 -0.811 -1.32 -1.781 -0.553 -1.026 -1.895 -1.475 2.187 0.383 -2.494 -1.756 -0.489
256 L -1.536 -2.182 -3.358 -3.615 -0.145 -2.635 -3.301 -3.378 -2.309 2.01 4.03 -2.473 2.137 0.838 -3.6 -3.154 -1.576 -1.646 -1.051 1.111
257 Y -1.812 -1.777 -2.126 -3.022 -1.752 -1.784 -2.363 -2.932 2.105 -0.804 -0.91 -1.873 -0.682 3.348 -3.333 -2.437 -2.089 2.309 6.655 -0.979
258 L -1.659 -2.293 -3.272 -3.567 -0.321 -2.811 -3.334 -3.291 -2.007 1.78 3.68 -2.6 1.888 2.872 -3.729 -3.137 -1.698 -1.053 0.108 0.892
259 L -0.739 -1.588 -1.322 -2.033 -0.011 -1.77 -2.184 -2.177 -1.828 1.101 2.493 -1.513 1.097 -0.129 -2.489 -0.623 2.605 -1.905 -1.363 0.701
260 W -2.201 -2.064 -2.599 -3.306 -2.028 -2.257 -2.65 -2.635 0.918 -1.281 -1.256 -2.296 -0.966 2.447 -4.188 -2.86 -2.376 8.768 5.208 -1.537
261 N -1.266 -0.265 3.985 1.402 -2.115 0.559 2.932 -0.915 0.695 -2.738 -2.918 0.231 -1.95 -2.489 -2.213 -0.435 -0.845 -2.662 -1.987 -2.339
262 P 1.734 -1.895 -1.979 -1.82 -0.268 -1.806 -1.68 -1.019 -1.641 -0.147 -1.311 -1.168 -1.087 -2.129 4.806 -0.761 -0.854 -3.294 -2.066 0.717
263 L -1.458 -2.607 -3.312 -3.392 -0.15 -2.911 -3.49 -3.43 -2.505 3.529 3.092 -2.577 1.734 0.542 -3.554 -3.117 -1.317 -1.905 -1.168 2.114
264 L 0.049 -1.374 -0.83 -1.468 -0.037 -1.423 -1.614 -1.302 -1.24 0.666 2.339 -1.178 0.926 -0.233 -2.348 1.558 -0.003 -2.065 -1.385 0.149
265 A 2.556 -1.282 -0.801 -1.331 0.414 -1.209 -1.338 -0.354 -1.31 -0.511 -1.186 -0.82 -0.698 -1.711 -1.579 0.582 2.767 -2.31 -1.731 0.184
266 K -0.826 2.094 -0.268 -0.722 -1.977 0.807 0.313 -1.342 -0.243 -2.123 -2.24 4.49 -1.224 -2.806 -1.687 -0.881 -1.082 -2.549 -1.789 -1.999
267 F -1.816 -2.997 -3.054 -3.247 -0.698 -3.518 -3.583 -3.161 -1.619 3.118 1.174 -2.975 0.786 4.823 -3.938 -3.053 -1.651 -0.284 1.533 1.642
268 G -0.875 -2.614 -1.403 -2.15 -1.347 -2.911 -3.02 3.948 -1.134 -0.97 -0.796 -2.361 -0.89 4.631 -3.495 -1.842 -2.136 -0.348 1.262 -1.452
269 A 2.374 -1.661 -2.106 -2.243 0.289 -1.46 -1.927 -0.81 -1.324 1.622 0.786 -1.288 3.13 -0.519 -2.255 -0.614 -0.721 -1.973 -1.339 1.059
270 Y -1.812 -1.777 -2.126 -3.022 -1.752 -1.784 -2.363 -2.932 2.105 -0.804 -0.91 -1.873 -0.682 3.348 -3.333 -2.437 -2.089 2.309 6.655 -0.979
271 S 0.902 -0.797 0.4 -0.363 0.081 -0.652 -0.677 -0.277 -0.599 -1.552 -2.074 -0.363 -1.067 -1.88 -1.51 2.965 1.865 -2.485 -1.747 -0.976
272 E 0.242 -0.415 0.109 0.768 -0.91 0.544 2.956 -0.883 -0.002 -2.306 -2.51 0.236 -1.456 -2.256 -1.671 1.895 0.081 -2.467 -1.831 -1.683
273 G -0.067 -2.421 -1.424 -2.099 -0.372 -2.385 -2.755 3.944 -2.107 1.343 -0.488 -1.996 -0.417 -1.319 -2.969 -1.573 -1.093 -2.414 -2.069 2.37
274 D -1.316 -0.763 0.531 4.416 -2.392 0.445 3.258 -1.507 -0.035 -2.745 -3.07 0.021 -2.187 -2.76 -2.078 -0.87 -1.356 -2.903 -2.42 -2.476
275 N -1.66 -0.415 5.643 1.281 -1.846 -0.527 -0.725 -0.155 0.968 -2.712 -3.152 -0.296 -2.161 -2.374 -2.588 -0.118 -0.451 -2.966 -2.069 -2.56
276 L -1.528 -2.381 -3.085 -3.363 -0.363 -2.646 -3.24 -3.333 -1.028 2.893 2.912 -2.431 1.525 1.281 -3.524 -2.999 -1.476 -0.61 2.318 1.615
277 N -1.66 -0.415 5.643 1.281 -1.846 -0.527 -0.725 -0.155 0.968 -2.712 -3.152 -0.296 -2.161 -2.374 -2.588 -0.118 -0.451 -2.966 -2.069 -2.56
278 Y -1.812 -1.777 -2.126 -3.022 -1.752 -1.784 -2.363 -2.932 2.105 -0.804 -0.91 -1.873 -0.682 3.348 -3.333 -2.437 -2.089 2.309 6.655 -0.979
279 N 0.015 -0.573 4.091 0.617 -0.73 -0.548 -0.639 -0.13 0.342 -2.284 -2.711 -0.29 -1.633 -2.151 -1.978 2.041 0.372 -2.75 -1.908 -1.857
280 P -0.836 -2.014 -1.934 -1.564 -1.457 -1.933 -1.622 -1.852 -1.608 -2.318 -2.75 -1.064 -2.403 -3.336 6.663 -1.452 -1.348 -4.549 -2.636 -2.162
281 F -2.334 -2.896 -2.86 -3.314 -1.374 -3.864 -3.482 -2.875 -0.828 0.277 0.565 -3.304 0.201 6.515 -4.448 -3.031 -2.371 0.852 2.931 -0.507
282 K -0.826 2.094 -0.268 -0.722 -1.977 0.807 0.313 -1.342 -0.243 -2.123 -2.24 4.49 -1.224 -2.806 -1.687 -0.881 -1.082 -2.549 -1.789 -1.999
283 S 0.747 -0.89 0.195 -0.562 -0.162 -0.74 -0.788 -0.423 0.158 -1.695 -2.038 -0.496 -1.096 -0.127 -1.713 2.815 0.676 -0.966 2.177 -1.238
284 L -1.277 -2.234 -3.286 -3.539 -0.063 -2.631 -3.233 -3.307 -2.405 2.203 3.702 -2.463 1.952 0.661 -3.528 -2.993 -1.359 -1.761 -1.093 1.88
285 I -1.403 -2.927 -3.279 -3.249 -0.15 -3.106 -3.62 -3.463 -2.641 4.227 2.229 -2.644 1.434 0.33 -3.521 -3.09 -1.153 -2.088 -1.246 2.632
286 Y -1.812 -1.777 -2.126 -3.022 -1.752 -1.784 -2.363 -2.932 2.105 -0.804 -0.91 -1.873 -0.682 3.348 -3.333 -2.437 -2.089 2.309 6.655 -0.979
287 S 0.865 -1.042 0.14 -0.588 4.985 -0.891 -0.907 -0.362 -0.752 -1.678 -2.075 -0.602 -1.168 -1.957 -1.701 2.839 0.732 -2.653 -1.905 -1.125
288 L -1.123 -2.64 -2.584 -2.896 -0.315 -2.824 -3.356 1.172 -2.337 3.281 2.397 -2.416 1.248 0.141 -3.402 -2.633 -1.366 -2.034 -1.438 1.849
289 L -1.91 -2.52 -3.1 -3.463 -0.698 -3.188 -3.393 -3.117 -1.476 1.268 2.795 -2.862 1.326 4.892 -3.996 -3.094 -1.949 -0.136 1.577 0.411
290 F -2.334 -2.896 -2.86 -3.314 -1.374 -3.864 -3.482 -2.875 -0.828 0.277 0.565 -3.304 0.201 6.515 -4.448 -3.031 -2.371 0.852 2.931 -0.507
291 F -2.151 -2.929 -2.923 -3.292 -1.131 -3.744 -3.515 -2.967 -1.068 1.558 0.782 -3.19 0.41 6.053 -4.268 -3.038 -2.11 0.52 2.536 0.398
292 L -0.302 -1.34 -1.119 -1.74 -0.25 -1.179 -1.746 -1.537 -0.766 0.59 0.97 -1.211 3.923 2.467 -2.657 0.843 -0.322 -1.114 0.047 0.161
293 L -1.541 -2.186 -3.362 -3.62 -0.15 -2.64 -3.306 -3.383 -2.314 2.005 4.037 -2.478 2.132 0.833 -3.604 -3.158 -1.581 -1.65 -1.056 1.106
294 L -1.91 -2.52 -3.1 -3.463 -0.698 -3.188 -3.393 -3.117 -1.476 1.268 2.795 -2.862 1.326 4.892 -3.996 -3.094 -1.949 -0.136 1.577 0.411
295 H -1.201 -0.954 -0.666 -1.779 -0.929 -0.748 -1.338 -2.156 6.104 0.658 0.361 -1.208 3.048 -0.274 -2.974 -1.829 -1.447 -1.538 0.638 0.845
296 L -1.541 -2.186 -3.362 -3.62 -0.15 -2.64 -3.306 -3.383 -2.314 2.005 4.037 -2.478 2.132 0.833 -3.604 -3.158 -1.581 -1.65 -1.056 1.106
297 Y -0.027 -1.213 -0.526 -1.314 -0.698 -1.113 -1.32 -1.186 1.098 -1.305 -1.533 -0.971 -0.923 1.776 -2.257 1.637 -0.141 0.8 4.807 -1.132
298 N -1.655 -0.41 5.633 1.286 -1.841 -0.522 -0.72 -0.15 0.973 -2.708 -3.147 -0.291 -2.156 -2.369 -2.583 -0.113 -0.446 -2.961 -2.064 -2.556
299 K -0.826 2.094 -0.268 -0.722 -1.977 0.807 0.313 -1.342 -0.243 -2.123 -2.24 4.49 -1.224 -2.806 -1.687 -0.881 -1.082 -2.549 -1.789 -1.999
300 H -1.734 -0.769 1.888 -0.888 -2.045 -0.678 -1.042 -1.692 6.313 -1.908 -1.986 -0.996 -1.178 1.187 -2.902 -1.51 -1.803 0.284 4.221 -2.114
301 N -1.266 -0.265 3.985 1.402 -2.115 0.559 2.932 -0.915 0.695 -2.738 -2.918 0.231 -1.95 -2.489 -2.213 -0.435 -0.845 -2.662 -1.987 -2.339
302 N -1.171 -0.626 3.92 0.96 4.746 -0.005 2.02 -0.939 0.381 -2.288 -2.546 -0.211 -1.818 -2.388 -2.419 -0.549 -0.847 -2.8 -2.121 -1.945
303 E -0.872 1.193 -0.303 0.61 -2.186 1.089 3.103 -1.63 0.092 -2.426 -2.462 3.172 -1.476 -2.705 -1.783 -0.836 -1.189 -2.467 -1.848 -2.066
304 L -1.458 -2.607 -3.312 -3.392 -0.15 -2.911 -3.49 -3.43 -2.505 3.529 3.092 -2.577 1.734 0.542 -3.554 -3.117 -1.317 -1.905 -1.168 2.114
305 L -1.91 -2.52 -3.1 -3.463 -0.698 -3.188 -3.393 -3.117 -1.476 1.268 2.795 -2.862 1.326 4.892 -3.996 -3.094 -1.949 -0.136 1.577 0.411
306 L -1.48 -1.076 -1.05 -1.183 -1.048 -0.714 0.598 -2.471 5.044 0.522 2.31 -1.12 0.872 -0.05 -2.958 -2.077 -1.728 -1.691 0.076 -0.211
307 L -1.458 -2.607 -3.312 -3.392 -0.15 -2.911 -3.49 -3.43 -2.505 3.529 3.092 -2.577 1.734 0.542 -3.554 -3.117 -1.317 -1.905 -1.168 2.114
308 T 0.538 -0.911 0.197 -0.606 0.097 -0.824 -0.937 -0.653 -0.897 -0.946 -1.623 -0.527 -0.841 -1.756 -1.579 2.258 3.059 -2.361 -1.731 -0.432
309 R -1.615 3.822 3.203 2.098 -2.133 -0.002 -0.27 -1.164 0.332 -2.664 -2.579 1.037 -1.724 -2.508 -2.592 -0.842 -1.074 -2.653 -2.05 -2.399
310 I -0.939 -2.876 -3.142 -3.171 0.027 -2.982 -3.393 -3.289 -2.773 4.095 1.458 -2.574 1.137 0.031 -3.384 -2.783 -0.847 -2.246 -1.28 3.343
311 K -0.822 2.098 -0.263 -0.717 -1.973 0.812 0.318 -1.337 -0.238 -2.118 -2.235 4.478 -1.219 -2.801 -1.682 -0.876 -1.077 -2.544 -1.784 -1.994
312 F -2.329 -2.891 -2.855 -3.309 -1.369 -3.859 -3.477 -2.87 -0.823 0.282 0.57 -3.299 0.206 6.507 -4.443 -3.026 -2.366 0.857 2.936 -0.503
313 N -1.735 -1.016 3.832 -0.133 -1.799 -1.087 -1.43 -1.221 1.592 -1.603 -1.818 -0.978 -1.328 1.72 -2.936 -1.051 -1.156 0.739 4.792 -1.663
314 L -1.485 -2.46 -3.329 -3.466 -0.15 -2.818 -3.427 -3.414 -2.44 3.105 3.443 -2.543 1.873 0.642 -3.571 -3.131 -1.402 -1.818 -1.13 1.816
315 F -0.158 -1.622 -0.719 -1.392 -0.561 -1.77 -1.662 -1.17 -0.638 -0.615 -0.533 -1.417 -0.41 4.664 -2.595 1.571 -0.21 -0.374 1.45 -0.873
316 L -1.91 -2.52 -3.1 -3.463 -0.698 -3.188 -3.393 -3.117 -1.476 1.268 2.795 -2.862 1.326 4.892 -3.996 -3.094 -1.949 -0.136 1.577 0.411
317 F -1.015 -1.856 -1.19 -1.941 -0.53 -2.165 -2.242 -1.999 -1.106 0.037 -0.134 -1.782 -0.142 4.684 -2.749 -0.596 2.522 -0.284 1.458 -0.116
318 L -1.541 -2.186 -3.362 -3.62 -0.15 -2.64 -3.306 -3.383 -2.314 2.005 4.037 -2.478 2.132 0.833 -3.604 -3.158 -1.581 -1.65 -1.056 1.106
319 I -1.377 -3.101 -3.263 -3.181 -0.15 -3.209 -3.687 -3.479 -2.711 4.521 1.677 -2.679 1.271 0.218 -3.505 -3.076 -1.075 -2.185 -1.285 2.86
320 A 2.678 -1.409 -0.905 -1.289 0.36 -1.266 -1.287 -0.177 -1.121 0.856 -0.78 -0.867 -0.471 -1.411 -1.729 1.489 0.057 -2.431 -1.672 0.494
321 F -1.816 -2.997 -3.054 -3.247 -0.698 -3.518 -3.583 -3.161 -1.619 3.118 1.174 -2.975 0.786 4.823 -3.938 -3.053 -1.651 -0.284 1.533 1.642
322 Y -1.812 -1.777 -2.126 -3.022 -1.752 -1.784 -2.363 -2.932 2.105 -0.804 -0.91 -1.873 -0.682 3.348 -3.333 -2.437 -2.089 2.309 6.655 -0.979
323 L -0.739 -1.588 -1.322 -2.033 -0.011 -1.77 -2.184 -2.177 -1.828 1.101 2.493 -1.513 1.097 -0.129 -2.489 -0.623 2.605 -1.905 -1.363 0.701
324 L -1.691 -2.861 -3.138 -3.294 -0.504 -3.301 -3.551 -3.248 -1.885 3.261 1.963 -2.836 1.137 3.963 -3.804 -3.074 -1.535 -0.73 0.88 1.808
325 G 2.677 -1.596 -0.772 -1.277 0.042 -1.431 -1.519 3.379 -1.153 -1.62 -2.052 -0.981 -1.416 -2.116 -1.848 0.838 -0.503 -2.458 -2.149 -0.812
326 L -1.541 -2.186 -3.362 -3.62 -0.15 -2.64 -3.306 -3.383 -2.314 2.005 4.037 -2.478 2.132 0.833 -3.604 -3.158 -1.581 -1.65 -1.056 1.106
327 F -2.062 -2.283 -2.47 -3.164 -1.557 -2.64 -2.869 -2.903 0.996 -0.213 -0.079 -2.501 -0.207 5.346 -3.837 -2.719 -2.227 1.671 5.356 -0.734
328 P -1.047 -2.204 -2.389 -2.213 -0.734 -2.11 -2.294 -2.428 -1.8 2.157 0.373 -1.58 1.853 -0.977 4.749 -2.0 -1.203 -2.903 -1.783 0.907
329 P -1.489 -2.421 -2.36 -2.308 -1.415 -2.74 -2.405 -2.318 -1.192 -0.738 -0.641 -1.972 -0.816 4.608 4.724 -2.135 -1.814 -0.735 1.322 -1.218
330 L -1.541 -2.186 -3.362 -3.62 -0.15 -2.64 -3.306 -3.383 -2.314 2.005 4.037 -2.478 2.132 0.833 -3.604 -3.158 -1.581 -1.65 -1.056 1.106
331 A 3.918 -1.484 -1.662 -1.687 0.68 -1.32 -1.298 0.374 -1.211 -0.83 -1.321 -0.849 -0.874 -1.848 -1.475 0.455 -0.422 -2.44 -1.756 0.139
332 D -1.777 -1.588 1.199 5.833 -2.372 -0.872 1.05 -1.124 -0.536 -2.725 -3.491 -0.829 -2.698 -2.92 -2.289 -0.952 -1.413 -3.531 -3.043 -2.864
333 I -1.377 -3.101 -3.263 -3.181 -0.15 -3.209 -3.687 -3.479 -2.711 4.521 1.677 -2.679 1.271 0.218 -3.505 -3.076 -1.075 -2.185 -1.285 2.86
334 A 3.071 -1.781 -2.026 -2.101 0.571 -1.684 -1.739 -0.374 -1.675 1.077 -0.355 -1.277 -0.187 -1.28 -1.938 -0.205 -0.432 -2.422 -1.59 2.129
335 N -1.66 -0.415 5.643 1.281 -1.846 -0.527 -0.725 -0.155 0.968 -2.712 -3.152 -0.296 -2.161 -2.374 -2.588 -0.118 -0.451 -2.966 -2.069 -2.56
336 R -1.534 5.51 -0.462 -1.564 -2.259 0.518 -0.561 -2.128 0.098 -2.612 -2.028 2.018 -1.224 -2.472 -2.704 -1.406 -1.454 -2.234 -1.772 -2.162
337 Y -1.812 -1.777 -2.126 -3.022 -1.752 -1.784 -2.363 -2.932 2.105 -0.804 -0.91 -1.873 -0.682 3.348 -3.333 -2.437 -2.089 2.309 6.655 -0.979
338 V -0.749 -2.777 -3.091 -3.173 0.105 -2.882 -3.263 -3.205 -2.811 3.871 1.334 -2.53 1.06 -0.074 -3.333 -2.653 -0.746 -2.284 -1.285 3.561
339 L -1.541 -2.186 -3.362 -3.62 -0.15 -2.64 -3.306 -3.383 -2.314 2.005 4.037 -2.478 2.132 0.833 -3.604 -3.158 -1.581 -1.65 -1.056 1.106
340 L -1.541 -2.186 -3.362 -3.62 -0.15 -2.64 -3.306 -3.383 -2.314 2.005 4.037 -2.478 2.132 0.833 -3.604 -3.158 -1.581 -1.65 -1.056 1.106
341 L -1.541 -2.186 -3.362 -3.62 -0.15 -2.64 -3.306 -3.383 -2.314 2.005 4.037 -2.478 2.132 0.833 -3.604 -3.158 -1.581 -1.65 -1.056 1.106
342 S 1.068 -0.741 0.497 -0.249 0.072 -0.57 -0.555 -0.106 -0.46 -1.911 -2.328 -0.285 -1.187 -1.943 -1.475 3.262 1.011 -2.549 -1.756 -1.292
343 P -0.836 -2.014 -1.934 -1.564 -1.457 -1.933 -1.622 -1.852 -1.608 -2.318 -2.75 -1.064 -2.403 -3.336 6.663 -1.452 -1.348 -4.549 -2.636 -2.162
344 L -0.814 -2.332 -3.138 -3.383 0.105 -2.614 -3.092 -3.161 -2.599 2.562 2.887 -2.433 1.555 0.282 -3.38 -2.688 -0.961 -1.995 -1.168 2.993
345 L -0.814 -2.332 -3.138 -3.383 0.105 -2.614 -3.092 -3.161 -2.599 2.562 2.887 -2.433 1.555 0.282 -3.38 -2.688 -0.961 -1.995 -1.168 2.993
346 I -1.377 -3.101 -3.263 -3.181 -0.15 -3.209 -3.687 -3.479 -2.711 4.521 1.677 -2.679 1.271 0.218 -3.505 -3.076 -1.075 -2.185 -1.285 2.86
347 L -1.08 -1.383 -2.36 -2.814 -0.168 -1.051 -2.353 -2.583 -0.968 1.603 2.135 -1.452 5.611 0.468 -3.242 -2.016 -1.046 -1.306 -0.832 0.99
348 F -0.894 -1.67 -1.765 -2.322 -0.47 -1.614 -2.251 -2.07 -0.831 0.81 1.223 -1.677 3.973 3.897 -3.165 -0.364 -0.903 -0.521 0.942 0.25
349 L -0.739 -1.588 -1.322 -2.033 -0.011 -1.77 -2.184 -2.177 -1.828 1.101 2.493 -1.513 1.097 -0.129 -2.489 -0.623 2.605 -1.905 -1.363 0.701
350 A 2.651 -1.216 -0.656 -1.173 0.407 -1.11 -1.185 -0.178 -1.134 -0.757 -1.371 -0.728 -0.803 -1.771 -1.544 1.222 2.168 -2.37 -1.739 -0.023
351 P -0.889 -2.415 -2.477 -2.258 -0.623 -2.412 -2.375 -2.484 -2.134 2.4 0.057 -1.723 -0.125 -1.19 4.75 -2.043 -1.089 -3.177 -1.882 1.745
352 L -0.739 -1.588 -1.322 -2.033 -0.011 -1.77 -2.184 -2.177 -1.828 1.101 2.493 -1.513 1.097 -0.129 -2.489 -0.623 2.605 -1.905 -1.363 0.701
353 K 0.274 1.011 0.14 -0.476 -0.774 0.2 -0.088 -0.659 -0.349 -2.015 -2.284 2.995 -1.205 -2.342 -1.579 1.878 0.15 -2.549 -1.772 -1.624
354 V 0.106 -1.41 1.623 -0.898 -0.023 -1.396 -1.532 -1.204 -1.032 1.472 -0.309 -1.151 -0.098 -1.118 -2.405 1.01 0.122 -2.531 -1.556 2.49
355 R -1.534 5.51 -0.462 -1.564 -2.259 0.518 -0.561 -2.128 0.098 -2.612 -2.028 2.018 -1.224 -2.472 -2.704 -1.406 -1.454 -2.234 -1.772 -2.162
356 F -1.926 -2.176 -2.537 -3.211 -1.298 -2.479 -2.844 -2.983 0.891 0.22 1.063 -2.383 0.278 4.647 -3.708 -2.737 -2.086 1.453 5.196 -0.368
357 L -1.537 3.704 -1.562 -2.412 -1.016 -0.649 -1.618 -2.688 -0.863 0.536 2.37 0.57 0.917 -0.37 -3.119 -2.151 -1.516 -1.927 -1.392 -0.088
358 W -2.042 -2.283 -3.263 -3.62 -1.04 -2.731 -3.132 -2.83 -1.664 0.678 2.414 -2.63 0.904 0.984 -4.368 -3.255 -2.084 8.651 0.986 -0.104
359 L -0.646 -2.504 -3.073 -3.351 4.997 -2.734 -3.18 -2.936 -2.706 2.309 2.222 -2.528 1.131 -0.109 -3.315 -2.425 -0.924 -2.234 -1.404 2.889
360 L -1.541 -2.186 -3.362 -3.62 -0.15 -2.64 -3.306 -3.383 -2.314 2.005 4.037 -2.478 2.132 0.833 -3.604 -3.158 -1.581 -1.65 -1.056 1.106
361 F -2.334 -2.896 -2.86 -3.314 -1.374 -3.864 -3.482 -2.875 -0.828 0.277 0.565 -3.304 0.201 6.515 -4.448 -3.031 -2.371 0.852 2.931 -0.507
362 L -1.611 -2.644 -3.279 -3.392 -0.418 -2.944 -3.427 -3.231 -2.257 3.312 2.452 -2.628 1.323 0.599 -3.783 -3.148 -1.461 5.62 -0.288 1.872
363 L -1.659 -2.293 -3.272 -3.567 -0.321 -2.811 -3.334 -3.291 -2.007 1.78 3.68 -2.6 1.888 2.872 -3.729 -3.137 -1.698 -1.053 0.108 0.892
364 F 1.515 -2.265 -1.909 -2.306 -0.51 -2.504 -2.44 1.715 -1.053 -0.452 -0.405 -1.991 -0.474 4.657 -2.865 -1.101 -1.505 -0.348 1.389 -0.535
365 A 3.918 -1.484 -1.662 -1.687 0.68 -1.32 -1.298 0.374 -1.211 -0.83 -1.321 -0.849 -0.874 -1.848 -1.475 0.455 -0.422 -2.44 -1.756 0.139
366 L -1.541 -2.186 -3.362 -3.62 -0.15 -2.64 -3.306 -3.383 -2.314 2.005 4.037 -2.478 2.132 0.833 -3.604 -3.158 -1.581 -1.65 -1.056 1.106
367 S 1.092 -0.717 0.521 -0.225 0.096 -0.546 -0.531 -0.082 -0.436 -1.887 -2.304 -0.261 -1.163 -1.919 -1.451 3.177 1.035 -2.525 -1.732 -1.268
368 A 3.859 -1.46 -1.638 -1.663 0.704 -1.296 -1.274 0.398 -1.187 -0.806 -1.297 -0.825 -0.85 -1.824 -1.451 0.479 -0.398 -2.416 -1.732 0.163
369 V -0.749 -2.777 -3.091 -3.173 0.105 -2.882 -3.263 -3.205 -2.811 3.871 1.334 -2.53 1.06 -0.074 -3.333 -2.653 -0.746 -2.284 -1.285 3.561
370 K -0.826 2.094 -0.268 -0.722 -1.977 0.807 0.313 -1.342 -0.243 -2.123 -2.24 4.49 -1.224 -2.806 -1.687 -0.881 -1.082 -2.549 -1.789 -1.999
371 L -1.541 -2.186 -3.362 -3.62 -0.15 -2.64 -3.306 -3.383 -2.314 2.005 4.037 -2.478 2.132 0.833 -3.604 -3.158 -1.581 -1.65 -1.056 1.106
372 G -0.004 -1.283 -0.793 -1.475 -0.244 -1.034 -1.656 1.653 -0.863 0.27 0.637 -1.036 3.839 -0.559 -2.462 0.968 -0.282 -1.847 -1.416 -0.06
373 V -0.749 -2.777 -3.091 -3.173 0.105 -2.882 -3.263 -3.205 -2.811 3.871 1.334 -2.53 1.06 -0.074 -3.333 -2.653 -0.746 -2.284 -1.285 3.561
374 H -1.377 -0.825 -0.619 -1.741 -1.052 -0.574 -1.281 -2.106 6.124 0.196 0.647 -1.089 3.866 -0.118 -2.985 -1.79 -1.576 -1.379 0.68 -0.372
375 L -1.541 -2.186 -3.362 -3.62 -0.15 -2.64 -3.306 -3.383 -2.314 2.005 4.037 -2.478 2.132 0.833 -3.604 -3.158 -1.581 -1.65 -1.056 1.106
376 L -1.691 -2.861 -3.138 -3.294 -0.504 -3.301 -3.551 -3.248 -1.885 3.261 1.963 -2.836 1.137 3.963 -3.804 -3.074 -1.535 -0.73 0.88 1.808
377 D -1.772 -1.583 1.204 5.826 -2.368 -0.867 1.055 -1.119 -0.531 -2.72 -3.487 -0.824 -2.693 -2.915 -2.284 -0.947 -1.408 -3.526 -3.038 -2.86
378 V 0.365 -1.55 -0.76 -1.354 0.13 -1.468 -1.566 -1.236 -1.413 2.013 -0.048 -1.179 0.099 -0.928 -2.238 1.626 0.3 -2.431 -1.511 2.223
379 D -1.777 -1.588 1.199 5.833 -2.372 -0.872 1.05 -1.124 -0.536 -2.725 -3.491 -0.829 -2.698 -2.92 -2.289 -0.952 -1.413 -3.531 -3.043 -2.864
380 G 0.09 -2.358 -0.44 -1.323 -1.32 -2.195 -2.622 5.809 -1.476 -3.215 -3.461 -1.651 -2.667 -2.678 -2.779 -1.002 -1.919 -2.44 -3.148 -2.864
381 N -1.66 -0.415 5.643 1.281 -1.846 -0.527 -0.725 -0.155 0.968 -2.712 -3.152 -0.296 -2.161 -2.374 -2.588 -0.118 -0.451 -2.966 -2.069 -2.56
382 I -1.377 -3.101 -3.263 -3.181 -0.15 -3.209 -3.687 -3.479 -2.711 4.521 1.677 -2.679 1.271 0.218 -3.505 -3.076 -1.075 -2.185 -1.285 2.86
383 Y -1.812 -1.777 -2.126 -3.022 -1.752 -1.784 -2.363 -2.932 2.105 -0.804 -0.91 -1.873 -0.682 3.348 -3.333 -2.437 -2.089 2.309 6.655 -0.979
384 S 0.254 0.264 0.217 -0.302 -0.752 3.289 0.58 -0.712 0.22 -2.071 -2.155 0.566 -0.768 -2.406 -1.793 1.903 0.186 -2.361 -1.511 -1.529
385 F -2.334 -2.896 -2.86 -3.314 -1.374 -3.864 -3.482 -2.875 -0.828 0.277 0.565 -3.304 0.201 6.515 -4.448 -3.031 -2.371 0.852 2.931 -0.507
386 V -0.172 -1.706 -1.209 -1.894 0.233 -1.751 -2.037 -2.029 -2.067 1.839 0.114 -1.48 0.23 -0.929 -2.335 -0.419 2.762 -2.284 -1.488 2.79
387 I -1.225 -2.116 -2.776 -2.991 -0.159 -1.933 -2.944 -2.996 -1.71 3.416 1.915 -2.001 4.19 0.346 -3.37 -2.498 -1.06 -1.712 -1.05 2.074
388 R -1.596 3.859 3.971 0.196 -2.045 0.043 -0.642 -0.976 0.566 -2.662 -2.535 1.087 -1.655 -2.423 -2.645 -0.691 -0.909 -2.577 -1.917 -2.354
389 G 0.09 -2.358 -0.44 -1.323 -1.32 -2.195 -2.622 5.809 -1.476 -3.215 -3.461 -1.651 -2.667 -2.678 -2.779 -1.002 -1.919 -2.44 -3.148 -2.864
390 Y -0.027 -1.213 -0.526 -1.314 -0.698 -1.113 -1.32 -1.186 1.098 -1.305 -1.533 -0.971 -0.923 1.776 -2.257 1.637 -0.141 0.8 4.807 -1.132
391 L -1.541 -2.186 -3.362 -3.62 -0.15 -2.64 -3.306 -3.383 -2.314 2.005 4.037 -2.478 2.132 0.833 -3.604 -3.158 -1.581 -1.65 -1.056 1.106
392 D -1.615 -1.286 0.993 5.433 -2.379 -0.363 1.986 -1.246 -0.359 -2.732 -3.344 -0.517 -2.517 -2.865 -2.217 -0.925 -1.394 -3.306 -2.82 -2.729
393 F -2.334 -2.896 -2.86 -3.314 -1.374 -3.864 -3.482 -2.875 -0.828 0.277 0.565 -3.304 0.201 6.515 -4.448 -3.031 -2.371 0.852 2.931 -0.507
394 F -2.062 -2.283 -2.47 -3.164 -1.557 -2.64 -2.869 -2.903 0.996 -0.213 -0.079 -2.501 -0.207 5.346 -3.837 -2.719 -2.227 1.671 5.356 -0.734
395 N -1.66 -0.415 5.643 1.281 -1.846 -0.527 -0.725 -0.155 0.968 -2.712 -3.152 -0.296 -2.161 -2.374 -2.588 -0.118 -0.451 -2.966 -2.069 -2.56
396 P -0.519 -2.24 -2.389 -2.254 -0.421 -2.242 -2.188 -2.351 -2.188 1.45 -0.347 -1.651 -0.354 -1.508 4.757 -1.838 -0.865 -3.27 -1.882 2.434
397 I -1.274 -2.408 -2.929 -3.053 -0.156 -2.299 -3.171 -3.148 -2.007 3.833 1.838 -2.21 3.502 0.304 -3.414 -2.678 -1.065 -1.861 -1.126 2.36
398 D -1.777 -1.588 1.199 5.833 -2.372 -0.872 1.05 -1.124 -0.536 -2.725 -3.491 -0.829 -2.698 -2.92 -2.289 -0.952 -1.413 -3.531 -3.043 -2.864
399 A 3.526 -1.628 -1.838 -1.887 0.626 -1.496 -1.51 0.024 -1.434 0.278 -0.798 -1.055 -0.51 -1.55 -1.697 0.144 -0.427 -2.431 -1.672 1.302
400 L -1.458 -2.607 -3.312 -3.392 -0.15 -2.911 -3.49 -3.43 -2.505 3.529 3.092 -2.577 1.734 0.542 -3.554 -3.117 -1.317 -1.905 -1.168 2.114
401 V -0.975 -2.289 -2.625 -3.14 -0.477 -2.453 -2.79 -2.934 -0.005 1.798 0.377 -2.332 0.298 3.258 -3.405 -2.448 -1.188 0.488 4.09 2.604
402 F -2.334 -2.896 -2.86 -3.314 -1.374 -3.864 -3.482 -2.875 -0.828 0.277 0.565 -3.304 0.201 6.515 -4.448 -3.031 -2.371 0.852 2.931 -0.507
403 Y -1.812 -1.777 -2.126 -3.022 -1.752 -1.784 -2.363 -2.932 2.105 -0.804 -0.91 -1.873 -0.682 3.348 -3.333 -2.437 -2.089 2.309 6.655 -0.979
404 L -1.91 -2.52 -3.1 -3.463 -0.698 -3.188 -3.393 -3.117 -1.476 1.268 2.795 -2.862 1.326 4.892 -3.996 -3.094 -1.949 -0.136 1.577 0.411
405 E -0.901 0.498 -0.213 0.73 -2.15 3.625 3.341 -1.705 0.587 -2.49 -2.325 0.962 -1.0 -2.778 -2.013 -0.773 -1.133 -2.284 -1.58 -1.955
406 R -1.534 5.51 -0.462 -1.564 -2.259 0.518 -0.561 -2.128 0.098 -2.612 -2.028 2.018 -1.224 -2.472 -2.704 -1.406 -1.454 -2.234 -1.772 -2.162
407 S 0.19 0.573 2.107 -0.064 -0.759 -0.029 -0.26 -0.471 -0.1 -2.102 -2.419 2.253 -1.341 -2.277 -1.706 1.933 0.226 -2.615 -1.817 -1.7
408 I -1.377 -3.101 -3.263 -3.181 -0.15 -3.209 -3.687 -3.479 -2.711 4.521 1.677 -2.679 1.271 0.218 -3.505 -3.076 -1.075 -2.185 -1.285 2.86