#Seq2Logo.py -f /work3/idamei/wzy_ssn/run/1e-50/run/150/MSAs/0005_218.afa -o /work3/idamei/wzy_ssn/run/1e-50/run/150/logos/0005_218.logo
Last position-specific scoring matrix computed, values are in halfbits
A R N D C Q E G H I L K M F P S T W Y V
0 L -1.09 -1.393 -2.369 -2.823 -0.178 -1.061 -2.363 -2.593 -0.978 1.594 2.126 -1.462 5.659 0.458 -3.252 -2.026 -1.055 -1.316 -0.842 0.98
1 K -0.836 2.084 -0.278 -0.732 -1.987 0.797 0.304 -1.352 -0.253 -2.132 -2.25 4.514 -1.233 -2.815 -1.696 -0.891 -1.092 -2.559 -1.798 -2.008
2 F -2.052 -1.949 -1.785 -2.69 -1.65 -2.2 -2.401 -2.669 3.809 -0.415 -0.253 -2.243 -0.291 5.165 -3.721 -2.55 -2.26 1.188 4.668 -0.978
3 D -1.326 -0.772 0.522 4.426 -2.401 0.436 3.273 -1.517 -0.044 -2.754 -3.08 0.011 -2.197 -2.769 -2.088 -0.88 -1.366 -2.912 -2.43 -2.486
4 R -1.22 3.908 -0.409 0.361 -2.344 0.952 2.973 -2.047 0.24 -2.696 -2.355 1.415 -1.486 -2.549 -2.273 -1.092 -1.386 -2.319 -1.849 -2.157
5 K -0.524 0.621 -1.312 -1.702 -0.602 -0.427 -0.875 -2.047 -1.29 1.467 -0.238 2.766 -0.026 -1.368 -2.344 -1.508 -0.759 -2.477 -1.535 2.473
6 Y -1.822 -1.787 -2.135 -3.032 -1.761 -1.793 -2.373 -2.942 2.095 -0.813 -0.92 -1.883 -0.692 3.339 -3.343 -2.447 -2.099 2.299 6.675 -0.989
7 N -1.669 -0.424 5.663 1.272 -1.856 -0.536 -0.735 -0.164 0.959 -2.722 -3.161 -0.305 -2.171 -2.384 -2.597 -0.127 -0.461 -2.976 -2.078 -2.57
8 L -0.749 -1.598 -1.332 -2.042 -0.021 -1.78 -2.193 -2.186 -1.838 1.091 2.505 -1.522 1.088 -0.138 -2.499 -0.633 2.629 -1.915 -1.373 0.691
9 L -1.236 -2.522 -3.262 -3.399 -0.072 -2.818 -3.361 -3.347 -2.546 3.25 3.034 -2.537 1.666 0.448 -3.504 -2.976 -1.203 -1.945 -1.178 2.439
10 F -2.344 -2.906 -2.87 -3.324 -1.384 -3.874 -3.492 -2.884 -0.838 0.267 0.555 -3.314 0.192 6.529 -4.458 -3.04 -2.38 0.842 2.921 -0.517
11 N -1.669 -0.424 5.663 1.272 -1.856 -0.536 -0.735 -0.164 0.959 -2.722 -3.161 -0.305 -2.171 -2.384 -2.597 -0.127 -0.461 -2.976 -2.078 -2.57
12 I -1.386 -3.11 -3.272 -3.19 -0.16 -3.219 -3.696 -3.489 -2.721 4.546 1.667 -2.688 1.262 0.208 -3.514 -3.086 -1.084 -2.194 -1.295 2.851
13 L -1.467 -2.617 -3.322 -3.402 -0.16 -2.92 -3.499 -3.44 -2.515 3.544 3.1 -2.586 1.724 0.532 -3.564 -3.127 -1.326 -1.915 -1.178 2.105
14 F -2.344 -2.906 -2.87 -3.324 -1.384 -3.874 -3.492 -2.884 -0.838 0.267 0.555 -3.314 0.192 6.529 -4.458 -3.04 -2.38 0.842 2.921 -0.517
15 S 1.058 -0.751 0.487 -0.258 0.063 -0.579 -0.565 -0.116 -0.47 -1.921 -2.338 -0.295 -1.196 -1.953 -1.485 3.295 1.001 -2.559 -1.765 -1.302
16 L -1.022 -2.431 -3.204 -3.396 0.013 -2.719 -3.228 -3.258 -2.577 2.922 2.966 -2.489 1.606 0.362 -3.446 -2.834 -1.084 -1.975 -1.178 2.738
17 L 0.039 -1.384 -0.84 -1.477 -0.046 -1.433 -1.624 -1.312 -1.25 0.656 2.352 -1.188 0.916 -0.243 -2.357 1.587 -0.013 -2.074 -1.394 0.139
18 T 1.076 -1.164 -0.353 -1.126 0.213 -1.148 -1.374 -0.976 -1.388 -0.326 -1.109 -0.81 -0.596 -1.633 -1.66 0.655 3.858 -2.235 -1.724 0.205
19 V -0.758 -2.787 -3.101 -3.182 0.096 -2.891 -3.273 -3.215 -2.821 3.883 1.325 -2.539 1.05 -0.083 -3.343 -2.663 -0.756 -2.294 -1.295 3.573
20 L -1.55 -2.196 -3.372 -3.63 -0.16 -2.65 -3.315 -3.392 -2.323 1.995 4.053 -2.488 2.123 0.823 -3.614 -3.168 -1.59 -1.66 -1.066 1.096
21 Y -1.822 -1.787 -2.135 -3.032 -1.761 -1.793 -2.373 -2.942 2.095 -0.813 -0.92 -1.883 -0.692 3.339 -3.343 -2.447 -2.099 2.299 6.675 -0.989
22 L -1.311 -1.766 -2.827 -3.198 -0.169 -1.747 -2.8 -2.965 -1.573 1.801 3.247 -1.929 4.402 0.647 -3.427 -2.541 -1.31 -1.483 -0.952 1.039
23 L -1.55 -2.196 -3.372 -3.63 -0.16 -2.65 -3.315 -3.392 -2.323 1.995 4.053 -2.488 2.123 0.823 -3.614 -3.168 -1.59 -1.66 -1.066 1.096
24 K -0.836 2.084 -0.278 -0.732 -1.987 0.797 0.304 -1.352 -0.253 -2.132 -2.25 4.514 -1.233 -2.815 -1.696 -0.891 -1.092 -2.559 -1.798 -2.008
25 F -2.344 -2.906 -2.87 -3.324 -1.384 -3.874 -3.492 -2.884 -0.838 0.267 0.555 -3.314 0.192 6.529 -4.458 -3.04 -2.38 0.842 2.921 -0.517
26 V -0.243 -2.496 -2.939 -3.174 0.33 -2.597 -2.903 -2.965 -2.924 3.02 0.936 -2.398 0.822 -0.408 -3.181 -2.294 -0.461 -2.397 -1.295 4.15
27 N -1.669 -0.424 5.663 1.272 -1.856 -0.536 -0.735 -0.164 0.959 -2.722 -3.161 -0.305 -2.171 -2.384 -2.597 -0.127 -0.461 -2.976 -2.078 -2.57
28 I -1.386 -3.11 -3.272 -3.19 -0.16 -3.219 -3.696 -3.489 -2.721 4.546 1.667 -2.688 1.262 0.208 -3.514 -3.086 -1.084 -2.194 -1.295 2.851
29 D 2.312 -1.545 0.1 4.051 -0.47 -1.097 0.099 -0.288 -0.863 -1.634 -2.217 -0.848 -1.653 -2.344 -1.863 -0.173 -0.885 -2.944 -2.338 -0.998
30 R -1.168 4.292 -0.373 -1.122 -2.124 0.656 -0.1 -1.718 -0.077 -2.366 -2.142 3.526 -1.233 -2.644 -2.16 -1.141 -1.271 -2.397 -1.79 -2.089
31 I -0.325 -2.095 -1.43 -1.857 -0.084 -2.051 -2.245 -1.891 -1.762 3.526 0.837 -1.655 0.65 -0.349 -2.669 0.697 -0.211 -2.311 -1.443 2.004
32 D -1.022 -1.832 0.739 4.795 -1.987 -1.259 0.249 3.125 -0.826 -2.889 -3.491 -1.088 -2.697 -2.846 -2.453 -0.978 -1.581 -3.129 -3.087 -2.874
33 G 0.611 -1.447 0.057 -0.746 -0.55 -1.279 -1.417 4.166 -0.933 -2.5 -2.849 -0.897 -1.842 -2.297 -2.064 1.88 -0.107 -2.504 -2.378 -1.982
34 L -1.467 -2.617 -3.322 -3.402 -0.16 -2.92 -3.499 -3.44 -2.515 3.544 3.1 -2.586 1.724 0.532 -3.564 -3.127 -1.326 -1.915 -1.178 2.105
35 N 0.006 -0.583 4.107 0.607 -0.74 -0.558 -0.648 -0.14 0.332 -2.294 -2.72 -0.3 -1.643 -2.16 -1.988 2.064 0.362 -2.76 -1.917 -1.867
36 I -1.386 -3.11 -3.272 -3.19 -0.16 -3.219 -3.696 -3.489 -2.721 4.546 1.667 -2.688 1.262 0.208 -3.514 -3.086 -1.084 -2.194 -1.295 2.851
37 L -0.823 -2.342 -3.147 -3.393 0.096 -2.623 -3.102 -3.171 -2.608 2.553 2.896 -2.442 1.545 0.273 -3.389 -2.698 -0.971 -2.005 -1.178 3.01
38 I -1.386 -3.11 -3.272 -3.19 -0.16 -3.219 -3.696 -3.489 -2.721 4.546 1.667 -2.688 1.262 0.208 -3.514 -3.086 -1.084 -2.194 -1.295 2.851
39 L -1.55 -2.196 -3.372 -3.63 -0.16 -2.65 -3.315 -3.392 -2.323 1.995 4.053 -2.488 2.123 0.823 -3.614 -3.168 -1.59 -1.66 -1.066 1.096
40 A 2.364 -2.19 -2.362 -2.348 0.285 -2.122 -2.262 -0.962 -1.874 2.961 0.541 -1.63 0.384 -0.644 -2.325 -0.811 -0.74 -2.319 -1.52 1.8
41 C 0.399 -1.766 -0.753 -1.428 7.79 -1.676 -1.783 -0.965 -1.454 -1.271 -1.635 -1.375 -1.142 -1.995 -2.223 1.769 0.066 -2.881 -2.239 -0.827
42 I 0.088 -1.696 -0.819 -1.367 -0.046 -1.607 -1.725 -1.335 -1.381 2.838 0.31 -1.25 0.287 -0.674 -2.325 1.595 0.143 -2.371 -1.52 1.465
43 L -0.823 -2.342 -3.147 -3.393 0.096 -2.623 -3.102 -3.171 -2.608 2.553 2.896 -2.442 1.545 0.273 -3.389 -2.698 -0.971 -2.005 -1.178 3.01
44 F -2.344 -2.906 -2.87 -3.324 -1.384 -3.874 -3.492 -2.884 -0.838 0.267 0.555 -3.314 0.192 6.529 -4.458 -3.04 -2.38 0.842 2.921 -0.517
45 L -1.55 -2.196 -3.372 -3.63 -0.16 -2.65 -3.315 -3.392 -2.323 1.995 4.053 -2.488 2.123 0.823 -3.614 -3.168 -1.59 -1.66 -1.066 1.096
46 L -1.92 -2.529 -3.11 -3.473 -0.707 -3.197 -3.402 -3.127 -1.486 1.259 2.805 -2.871 1.316 4.903 -4.005 -3.103 -1.958 -0.146 1.568 0.401
47 L -0.593 -2.118 -2.353 -2.807 0.139 -2.306 -2.706 -2.742 -2.42 2.331 2.228 -2.089 1.167 -0.077 -2.997 -1.73 0.868 -2.098 -1.281 2.944
48 L -1.311 -1.766 -2.827 -3.198 -0.169 -1.747 -2.8 -2.965 -1.573 1.801 3.247 -1.929 4.402 0.647 -3.427 -2.541 -1.31 -1.483 -0.952 1.039
49 H -1.717 -0.367 0.45 -0.971 -2.344 -0.175 -0.51 -1.707 8.015 -2.671 -2.605 -0.775 -1.271 -0.862 -2.759 -1.589 -2.236 -1.464 1.657 -3.045
50 T 0.528 -0.921 0.187 -0.616 0.088 -0.834 -0.947 -0.663 -0.907 -0.956 -1.633 -0.536 -0.85 -1.766 -1.589 2.279 3.078 -2.371 -1.74 -0.442
51 L -0.823 -2.342 -3.147 -3.393 0.096 -2.623 -3.102 -3.171 -2.608 2.553 2.896 -2.442 1.545 0.273 -3.389 -2.698 -0.971 -2.005 -1.178 3.01
52 K -1.098 0.525 -1.403 -1.707 -0.931 -0.562 -1.052 -2.227 -1.23 2.818 0.328 2.743 0.276 -0.924 -2.464 -1.784 -1.088 -2.371 -1.535 1.342
53 Y -1.822 -1.787 -2.135 -3.032 -1.761 -1.793 -2.373 -2.942 2.095 -0.813 -0.92 -1.883 -0.692 3.339 -3.343 -2.447 -2.099 2.299 6.675 -0.989
54 G 0.08 -2.367 -0.449 -1.332 -1.33 -2.205 -2.632 5.818 -1.486 -3.225 -3.47 -1.66 -2.676 -2.688 -2.789 -1.012 -1.929 -2.45 -3.158 -2.874
55 F -1.826 -3.006 -3.064 -3.256 -0.707 -3.528 -3.592 -3.171 -1.628 3.136 1.164 -2.984 0.776 4.835 -3.948 -3.063 -1.66 -0.294 1.523 1.633
56 N -1.669 -0.424 5.663 1.272 -1.856 -0.536 -0.735 -0.164 0.959 -2.722 -3.161 -0.305 -2.171 -2.384 -2.597 -0.127 -0.461 -2.976 -2.078 -2.57
57 R -1.179 4.221 -0.342 -1.048 -2.113 1.929 0.14 -1.743 0.107 -2.387 -2.1 3.022 -1.079 -2.667 -2.246 -1.118 -1.252 -2.336 -1.7 -2.051
58 L -1.55 -2.196 -3.372 -3.63 -0.16 -2.65 -3.315 -3.392 -2.323 1.995 4.053 -2.488 2.123 0.823 -3.614 -3.168 -1.59 -1.66 -1.066 1.096
59 K -0.836 2.084 -0.278 -0.732 -1.987 0.797 0.304 -1.352 -0.253 -2.132 -2.25 4.514 -1.233 -2.815 -1.696 -0.891 -1.092 -2.559 -1.798 -2.008
60 L -1.55 -2.196 -3.372 -3.63 -0.16 -2.65 -3.315 -3.392 -2.323 1.995 4.053 -2.488 2.123 0.823 -3.614 -3.168 -1.59 -1.66 -1.066 1.096
61 F -0.929 -1.773 -1.243 -1.981 -0.356 -2.037 -2.232 -2.067 -1.337 0.427 1.029 -1.699 0.323 3.786 -2.669 -0.615 2.575 -0.74 0.776 0.173
62 C 0.399 -1.766 -0.753 -1.428 7.79 -1.676 -1.783 -0.965 -1.454 -1.271 -1.635 -1.375 -1.142 -1.995 -2.223 1.769 0.066 -2.881 -2.239 -0.827
63 L -1.55 -2.196 -3.372 -3.63 -0.16 -2.65 -3.315 -3.392 -2.323 1.995 4.053 -2.488 2.123 0.823 -3.614 -3.168 -1.59 -1.66 -1.066 1.096
64 I 0.088 -1.696 -0.819 -1.367 -0.046 -1.607 -1.725 -1.335 -1.381 2.838 0.31 -1.25 0.287 -0.674 -2.325 1.595 0.143 -2.371 -1.52 1.465
65 L -1.92 -2.529 -3.11 -3.473 -0.707 -3.197 -3.402 -3.127 -1.486 1.259 2.805 -2.871 1.316 4.903 -4.005 -3.103 -1.958 -0.146 1.568 0.401
66 F -1.079 -2.39 -2.218 -2.748 -0.447 -2.796 -2.838 -2.586 -1.489 1.448 0.483 -2.435 0.316 4.752 -3.38 -1.794 0.612 -0.328 1.499 2.004
67 L -1.92 -2.529 -3.11 -3.473 -0.707 -3.197 -3.402 -3.127 -1.486 1.259 2.805 -2.871 1.316 4.903 -4.005 -3.103 -1.958 -0.146 1.568 0.401
68 L -1.839 -2.336 -2.962 -3.419 -0.754 -2.821 -3.189 -3.137 -0.582 1.15 2.715 -2.618 1.229 4.274 -3.817 -2.993 -1.916 0.268 3.119 0.348
69 L -0.749 -1.598 -1.332 -2.042 -0.021 -1.78 -2.193 -2.186 -1.838 1.091 2.505 -1.522 1.088 -0.138 -2.499 -0.633 2.629 -1.915 -1.373 0.691
70 C -1.249 -3.118 -2.921 -3.375 7.751 -3.664 -3.704 -2.507 -1.708 -0.193 -0.145 -3.217 -0.378 4.674 -3.771 -2.281 -1.805 -0.531 1.293 -0.468
71 F -1.826 -3.006 -3.064 -3.256 -0.707 -3.528 -3.592 -3.171 -1.628 3.136 1.164 -2.984 0.776 4.835 -3.948 -3.063 -1.66 -0.294 1.523 1.633
72 L -1.55 -2.196 -3.372 -3.63 -0.16 -2.65 -3.315 -3.392 -2.323 1.995 4.053 -2.488 2.123 0.823 -3.614 -3.168 -1.59 -1.66 -1.066 1.096
73 N -1.289 -1.402 3.796 -0.17 -0.773 -1.512 -1.772 -1.326 -0.345 2.379 -0.024 -1.227 -0.078 -0.94 -2.97 -1.164 -0.654 -2.596 -1.66 1.7
74 L -1.683 -1.984 -2.688 -3.315 -0.851 -2.19 -2.806 -3.158 0.66 0.92 2.527 -2.169 1.046 2.347 -3.475 -2.785 -1.833 0.951 4.866 0.238
75 F -2.344 -2.906 -2.87 -3.324 -1.384 -3.874 -3.492 -2.884 -0.838 0.267 0.555 -3.314 0.192 6.529 -4.458 -3.04 -2.38 0.842 2.921 -0.517
76 N -1.255 0.373 4.03 0.568 -1.888 3.323 0.514 -0.751 0.861 -2.476 -2.523 0.552 -1.16 -2.661 -2.371 -0.428 -0.711 -2.559 -1.66 -2.157
77 G 0.08 -2.367 -0.449 -1.332 -1.33 -2.205 -2.632 5.818 -1.486 -3.225 -3.47 -1.66 -2.676 -2.688 -2.789 -1.012 -1.929 -2.45 -3.158 -2.874
78 L 0.039 -1.384 -0.84 -1.477 -0.046 -1.433 -1.624 -1.312 -1.25 0.656 2.352 -1.188 0.916 -0.243 -2.357 1.587 -0.013 -2.074 -1.394 0.139
79 T 1.05 -1.567 -1.076 -1.703 0.285 -1.568 -1.794 -1.366 -1.802 1.237 -0.267 -1.252 -0.057 -1.177 -2.07 -0.055 2.786 -2.302 -1.576 2.166
80 F -2.159 -2.483 -2.604 -3.223 -1.504 -3.003 -3.069 -2.903 0.496 -0.05 0.142 -2.754 -0.074 5.801 -4.036 -2.828 -2.283 1.413 4.759 -0.666
81 L -1.668 -2.303 -3.282 -3.576 -0.331 -2.821 -3.344 -3.301 -2.016 1.77 3.694 -2.61 1.878 2.877 -3.739 -3.146 -1.708 -1.063 0.098 0.883
82 E -1.055 -0.33 -0.028 2.834 -2.414 1.067 4.158 -1.804 0.247 -2.767 -2.83 0.465 -1.9 -2.667 -1.955 -0.827 -1.329 -2.559 -2.078 -2.253
83 L -1.467 -2.617 -3.322 -3.402 -0.16 -2.92 -3.499 -3.44 -2.515 3.544 3.1 -2.586 1.724 0.532 -3.564 -3.127 -1.326 -1.915 -1.178 2.105
84 L -0.686 -1.475 -1.235 -1.954 -0.024 -1.53 -2.068 -2.087 -1.606 1.004 2.074 -1.379 2.397 -0.219 -2.455 -0.538 2.651 -1.849 -1.33 0.669
85 N -1.745 -1.026 3.85 -0.142 -1.808 -1.097 -1.439 -1.231 1.583 -1.613 -1.828 -0.987 -1.338 1.711 -2.946 -1.06 -1.165 0.729 4.811 -1.672
86 F -2.344 -2.906 -2.87 -3.324 -1.384 -3.874 -3.492 -2.884 -0.838 0.267 0.555 -3.314 0.192 6.529 -4.458 -3.04 -2.38 0.842 2.921 -0.517
87 F -2.344 -2.906 -2.87 -3.324 -1.384 -3.874 -3.492 -2.884 -0.838 0.267 0.555 -3.314 0.192 6.529 -4.458 -3.04 -2.38 0.842 2.921 -0.517
88 L -1.55 -2.196 -3.372 -3.63 -0.16 -2.65 -3.315 -3.392 -2.323 1.995 4.053 -2.488 2.123 0.823 -3.614 -3.168 -1.59 -1.66 -1.066 1.096
89 L -1.495 -2.47 -3.338 -3.476 -0.16 -2.827 -3.437 -3.424 -2.45 3.114 3.454 -2.553 1.863 0.632 -3.58 -3.14 -1.411 -1.827 -1.14 1.806
90 Y -1.822 -1.787 -2.135 -3.032 -1.761 -1.793 -2.373 -2.942 2.095 -0.813 -0.92 -1.883 -0.692 3.339 -3.343 -2.447 -2.099 2.299 6.675 -0.989
91 T 0.234 -1.109 -0.134 -0.822 -0.116 -1.038 -1.122 -0.94 -1.097 -1.001 -1.684 -0.663 -1.001 -1.944 2.222 1.665 2.944 -2.605 -1.869 -0.536
92 I -0.685 -1.935 -1.307 -1.908 -0.021 -1.978 -2.317 -2.218 -1.999 3.05 0.613 -1.593 0.499 -0.553 -2.464 -0.616 2.692 -2.194 -1.498 1.825
93 L -1.211 -2.673 -3.246 -3.327 -0.072 -2.911 -3.422 -3.363 -2.613 3.661 2.62 -2.57 1.517 0.341 -3.488 -2.964 -1.123 -2.036 -1.216 2.681
94 L -1.52 2.706 -2.046 -2.713 -0.707 -1.235 -2.128 -2.924 -1.323 1.91 2.642 -0.162 1.206 -0.043 -3.267 -2.448 -1.458 -1.93 -1.325 0.835
95 K -0.639 0.821 -0.939 -0.717 -1.042 0.167 1.121 -1.905 -0.756 0.648 -0.809 2.914 -0.436 -1.751 -2.148 -1.27 -0.898 -2.477 -1.639 1.587
96 D -0.027 -1.143 0.86 4.175 -0.908 -0.727 0.348 -0.58 -0.507 -2.299 -2.861 -0.554 -1.854 -2.4 -1.863 1.889 0.037 -3.008 -2.338 -1.982
97 N -1.669 -0.424 5.663 1.272 -1.856 -0.536 -0.735 -0.164 0.959 -2.722 -3.161 -0.305 -2.171 -2.384 -2.597 -0.127 -0.461 -2.976 -2.078 -2.57
98 K -1.008 1.143 -0.977 -1.344 -1.242 -0.035 -0.526 -1.905 -0.866 1.896 -0.305 3.461 -0.145 -1.428 -2.185 -1.455 -1.089 -2.432 -1.62 0.592
99 K -0.679 1.309 -0.245 -0.692 -1.845 2.722 0.43 1.638 -0.025 -2.329 -2.33 3.162 -1.109 -2.843 -2.007 -0.867 -1.178 -2.414 -1.795 -2.06
100 F -2.195 -2.775 -2.948 -3.373 -1.14 -3.63 -3.462 -2.963 -1.038 0.637 1.513 -3.159 0.617 6.082 -4.299 -3.061 -2.233 0.549 2.537 -0.177
101 F -1.987 -1.406 3.809 -0.194 -1.61 -1.747 -1.796 -1.215 0.198 -0.856 -0.742 -1.434 -0.754 4.658 -3.38 -1.231 -1.264 -0.477 1.391 -1.365
102 K -0.836 2.084 -0.278 -0.732 -1.987 0.797 0.304 -1.352 -0.253 -2.132 -2.25 4.514 -1.233 -2.815 -1.696 -0.891 -1.092 -2.559 -1.798 -2.008
103 I -0.901 -2.276 -1.826 -2.276 -0.066 -2.335 -2.708 -2.582 -2.22 3.639 1.009 -1.914 0.776 -0.276 -2.774 -1.23 1.888 -2.194 -1.428 2.209
104 H -1.717 -0.367 0.45 -0.971 -2.344 -0.175 -0.51 -1.707 8.015 -2.671 -2.605 -0.775 -1.271 -0.862 -2.759 -1.589 -2.236 -1.464 1.657 -3.045
105 F -2.292 -2.601 -3.049 -3.473 -1.402 -3.27 -3.282 -2.778 -1.144 0.157 1.117 -2.986 0.263 4.929 -4.569 -3.166 -2.331 7.612 2.27 -0.59
106 L -0.851 -2.276 -2.229 -2.554 -0.121 -2.413 -2.78 -2.557 -2.086 3.327 2.432 -2.069 1.32 0.183 -3.089 -0.626 -0.749 -2.059 -1.288 1.907
107 V -0.34 -1.787 -1.248 -1.905 0.144 -1.831 -2.134 -2.097 -2.051 2.296 0.284 -1.524 0.316 -0.804 -2.384 -0.489 2.754 -2.26 -1.498 2.516
108 L -1.791 -2.414 -3.195 -3.524 -0.513 -3.003 -3.373 -3.213 -1.739 1.526 3.283 -2.738 1.611 4.065 -3.869 -3.125 -1.83 -0.568 0.926 0.652
109 F -0.715 -1.815 -1.206 -1.935 -0.263 -2.03 -2.182 -2.019 -1.402 0.76 -0.058 -1.688 -0.022 3.725 -2.614 -0.545 2.629 -0.82 0.756 1.209
110 V -0.758 -2.787 -3.101 -3.182 0.096 -2.891 -3.273 -3.215 -2.821 3.883 1.325 -2.539 1.05 -0.083 -3.343 -2.663 -0.756 -2.294 -1.295 3.573
111 F -2.344 -2.906 -2.87 -3.324 -1.384 -3.874 -3.492 -2.884 -0.838 0.267 0.555 -3.314 0.192 6.529 -4.458 -3.04 -2.38 0.842 2.921 -0.517
112 V -1.009 -2.572 -2.983 -3.295 -0.226 -2.973 -3.155 -3.004 -1.97 2.172 1.655 -2.688 0.906 3.897 -3.624 -2.661 -1.163 -0.8 0.87 2.789
113 L -1.236 -2.522 -3.262 -3.399 -0.072 -2.818 -3.361 -3.347 -2.546 3.25 3.034 -2.537 1.666 0.448 -3.504 -2.976 -1.203 -1.945 -1.178 2.439
114 L -0.258 -1.354 -0.732 -1.485 0.016 -1.429 -1.715 -1.585 -1.493 0.556 1.66 -1.155 0.574 -0.586 -2.163 0.689 2.786 -2.059 -1.49 0.361
115 V -0.758 -2.787 -3.101 -3.182 0.096 -2.891 -3.273 -3.215 -2.821 3.883 1.325 -2.539 1.05 -0.083 -3.343 -2.663 -0.756 -2.294 -1.295 3.573
116 V -0.758 -2.787 -3.101 -3.182 0.096 -2.891 -3.273 -3.215 -2.821 3.883 1.325 -2.539 1.05 -0.083 -3.343 -2.663 -0.756 -2.294 -1.295 3.573
117 L -1.287 -2.244 -3.295 -3.549 -0.072 -2.641 -3.242 -3.316 -2.415 2.193 3.716 -2.472 1.943 0.651 -3.537 -3.003 -1.368 -1.77 -1.103 1.883
118 L -1.791 -2.414 -3.195 -3.524 -0.513 -3.003 -3.373 -3.213 -1.739 1.526 3.283 -2.738 1.611 4.065 -3.869 -3.125 -1.83 -0.568 0.926 0.652
119 S 2.363 -0.978 -0.07 -0.663 0.28 -0.808 -0.792 0.053 -0.699 -1.514 -1.962 -0.47 -1.088 -1.921 -1.485 2.618 0.598 -2.522 -1.765 -0.742
120 H -1.701 -0.386 3.312 -0.017 -2.172 -0.29 -0.583 -1.096 6.967 -2.688 -2.778 -0.61 -1.541 -1.286 -2.704 -1.016 -1.516 -1.885 0.858 -2.878
121 I 1.562 -2.465 -2.635 -2.602 0.144 -2.444 -2.666 -1.586 -2.13 3.591 0.967 -1.942 0.707 -0.331 -2.669 -1.39 -0.85 -2.277 -1.443 2.194
122 G 0.08 -2.367 -0.449 -1.332 -1.33 -2.205 -2.632 5.818 -1.486 -3.225 -3.47 -1.66 -2.676 -2.688 -2.789 -1.012 -1.929 -2.45 -3.158 -2.874
123 Y -1.355 -2.286 -2.601 -3.107 -0.74 -2.332 -2.844 -3.117 0.583 2.601 0.497 -2.214 0.356 2.132 -3.371 -2.617 -1.414 0.839 4.852 1.931
124 I -1.386 -3.11 -3.272 -3.19 -0.16 -3.219 -3.696 -3.489 -2.721 4.546 1.667 -2.688 1.262 0.208 -3.514 -3.086 -1.084 -2.194 -1.295 2.851
125 S 0.384 0.391 0.106 -0.569 -0.704 -0.222 -0.474 1.914 -0.538 -2.175 -2.467 2.194 -1.409 -2.333 -1.739 1.895 0.061 -2.54 -1.967 -1.745
126 N -0.452 -0.529 4.724 0.846 -1.066 -0.551 -0.677 -0.148 0.557 -2.43 -2.86 -0.302 -1.808 -2.233 -2.177 1.501 0.113 -2.83 -1.97 -2.083
127 F -1.327 -2.794 -2.956 -3.251 -0.5 -3.281 -3.313 -3.004 -1.674 2.408 0.896 -2.873 0.611 4.798 -3.814 -2.776 -1.39 -0.328 1.523 2.366
128 V -1.009 -2.572 -2.983 -3.295 -0.226 -2.973 -3.155 -3.004 -1.97 2.172 1.655 -2.688 0.906 3.897 -3.624 -2.661 -1.163 -0.8 0.87 2.789
129 I -1.162 -2.998 -3.214 -3.188 -0.072 -3.106 -3.548 -3.394 -2.754 4.341 1.558 -2.638 1.193 0.114 -3.456 -2.938 -0.971 -2.227 -1.295 3.112
130 F -2.071 -2.292 -2.479 -3.174 -1.566 -2.65 -2.878 -2.913 0.986 -0.223 -0.089 -2.51 -0.216 5.354 -3.847 -2.728 -2.236 1.662 5.37 -0.743
131 R -1.544 5.528 -0.472 -1.573 -2.269 0.508 -0.57 -2.138 0.089 -2.621 -2.037 2.009 -1.233 -2.482 -2.714 -1.416 -1.463 -2.244 -1.782 -2.171
132 T 0.528 -0.921 0.187 -0.616 0.088 -0.834 -0.947 -0.663 -0.907 -0.956 -1.633 -0.536 -0.85 -1.766 -1.589 2.279 3.078 -2.371 -1.74 -0.442
133 G -0.664 -1.235 3.991 0.254 -1.581 -1.252 -1.53 4.16 -0.012 -2.963 -3.312 -0.904 -2.413 -2.532 -2.691 -0.536 -1.102 -2.701 -2.568 -2.718
134 G 0.08 -2.367 -0.449 -1.332 -1.33 -2.205 -2.632 5.818 -1.486 -3.225 -3.47 -1.66 -2.676 -2.688 -2.789 -1.012 -1.929 -2.45 -3.158 -2.874
135 G -0.428 -2.33 -1.514 -2.207 -0.581 -2.411 -2.889 3.941 -1.953 0.765 1.596 -2.031 0.314 -0.698 -3.106 -1.786 -1.52 -2.154 -1.976 0.918
136 I -0.448 -2.376 -2.126 -2.443 0.049 -2.397 -2.66 -2.444 -2.257 3.575 1.024 -2.043 0.817 -0.267 -2.962 -0.488 -0.424 -2.319 -1.368 3.026
137 R -1.544 5.528 -0.472 -1.573 -2.269 0.508 -0.57 -2.138 0.089 -2.621 -2.037 2.009 -1.233 -2.482 -2.714 -1.416 -1.463 -2.244 -1.782 -2.171
138 G -0.664 -1.235 3.991 0.254 -1.581 -1.252 -1.53 4.16 -0.012 -2.963 -3.312 -0.904 -2.413 -2.532 -2.691 -0.536 -1.102 -2.701 -2.568 -2.718
139 S 0.892 -0.806 0.391 -0.372 0.071 -0.662 -0.687 -0.287 -0.608 -1.562 -2.083 -0.373 -1.076 -1.889 -1.519 2.994 1.87 -2.495 -1.757 -0.986
140 L -1.55 -2.196 -3.372 -3.63 -0.16 -2.65 -3.315 -3.392 -2.323 1.995 4.053 -2.488 2.123 0.823 -3.614 -3.168 -1.59 -1.66 -1.066 1.096
141 G 0.08 -2.367 -0.449 -1.332 -1.33 -2.205 -2.632 5.818 -1.486 -3.225 -3.47 -1.66 -2.676 -2.688 -2.789 -1.012 -1.929 -2.45 -3.158 -2.874
142 F -2.344 -2.906 -2.87 -3.324 -1.384 -3.874 -3.492 -2.884 -0.838 0.267 0.555 -3.314 0.192 6.529 -4.458 -3.04 -2.38 0.842 2.921 -0.517
143 V -0.405 -2.59 -2.992 -3.177 0.254 -2.692 -3.021 -3.046 -2.889 3.337 1.071 -2.444 0.9 -0.296 -3.234 -2.411 -0.556 -2.362 -1.295 3.97
144 H -1.717 -0.367 0.45 -0.971 -2.344 -0.175 -0.51 -1.707 8.015 -2.671 -2.605 -0.775 -1.271 -0.862 -2.759 -1.589 -2.236 -1.464 1.657 -3.045
145 P -0.846 -2.023 -1.943 -1.573 -1.467 -1.943 -1.632 -1.862 -1.617 -2.327 -2.76 -1.074 -2.413 -3.345 6.672 -1.461 -1.358 -4.559 -2.645 -2.171
146 N -1.669 -0.424 5.663 1.272 -1.856 -0.536 -0.735 -0.164 0.959 -2.722 -3.161 -0.305 -2.171 -2.384 -2.597 -0.127 -0.461 -2.976 -2.078 -2.57
147 S 1.058 -0.751 0.487 -0.258 0.063 -0.579 -0.565 -0.116 -0.47 -1.921 -2.338 -0.295 -1.196 -1.953 -1.485 3.295 1.001 -2.559 -1.765 -1.302
148 L -1.55 -2.196 -3.372 -3.63 -0.16 -2.65 -3.315 -3.392 -2.323 1.995 4.053 -2.488 2.123 0.823 -3.614 -3.168 -1.59 -1.66 -1.066 1.096
149 G 0.08 -2.367 -0.449 -1.332 -1.33 -2.205 -2.632 5.818 -1.486 -3.225 -3.47 -1.66 -2.676 -2.688 -2.789 -1.012 -1.929 -2.45 -3.158 -2.874
150 L -1.55 -2.196 -3.372 -3.63 -0.16 -2.65 -3.315 -3.392 -2.323 1.995 4.053 -2.488 2.123 0.823 -3.614 -3.168 -1.59 -1.66 -1.066 1.096
151 L -1.09 -1.393 -2.369 -2.823 -0.178 -1.061 -2.363 -2.593 -0.978 1.594 2.126 -1.462 5.659 0.458 -3.252 -2.026 -1.055 -1.316 -0.842 0.98
152 A 2.364 -2.19 -2.362 -2.348 0.285 -2.122 -2.262 -0.962 -1.874 2.961 0.541 -1.63 0.384 -0.644 -2.325 -0.811 -0.74 -2.319 -1.52 1.8
153 Y -1.822 -1.787 -2.135 -3.032 -1.761 -1.793 -2.373 -2.942 2.095 -0.813 -0.92 -1.883 -0.692 3.339 -3.343 -2.447 -2.099 2.299 6.675 -0.989
154 A 2.846 -1.098 -0.395 -0.889 0.383 -0.93 -0.912 0.134 -0.821 -1.33 -1.791 -0.563 -1.035 -1.905 -1.485 2.209 0.373 -2.504 -1.765 -0.499
155 L -1.467 -2.617 -3.322 -3.402 -0.16 -2.92 -3.499 -3.44 -2.515 3.544 3.1 -2.586 1.724 0.532 -3.564 -3.127 -1.326 -1.915 -1.178 2.105
156 T -0.122 -1.102 -0.148 -1.024 0.112 -1.112 -1.387 -1.338 -1.422 -0.234 -1.066 -0.8 -0.541 -1.59 -1.696 0.695 4.273 -2.194 -1.716 0.22
157 L -0.823 -2.342 -3.147 -3.393 0.096 -2.623 -3.102 -3.171 -2.608 2.553 2.896 -2.442 1.545 0.273 -3.389 -2.698 -0.971 -2.005 -1.178 3.01
158 C -1.0 -1.531 3.804 -0.211 7.742 -1.645 -1.912 -0.997 -0.381 -1.565 -1.931 -1.383 -1.579 -2.205 -2.89 -0.8 -0.861 -3.107 -2.419 -1.298
159 S 1.521 -0.979 0.006 -0.704 0.189 -0.865 -0.935 -0.372 -0.878 -1.075 -1.684 -0.545 -0.911 -1.811 -1.554 2.255 2.424 -2.414 -1.749 -0.461
160 L -1.55 -2.196 -3.372 -3.63 -0.16 -2.65 -3.315 -3.392 -2.323 1.995 4.053 -2.488 2.123 0.823 -3.614 -3.168 -1.59 -1.66 -1.066 1.096
161 N -1.745 -1.026 3.85 -0.142 -1.808 -1.097 -1.439 -1.231 1.583 -1.613 -1.828 -0.987 -1.338 1.711 -2.946 -1.06 -1.165 0.729 4.811 -1.672
162 L -0.823 -2.342 -3.147 -3.393 0.096 -2.623 -3.102 -3.171 -2.608 2.553 2.896 -2.442 1.545 0.273 -3.389 -2.698 -0.971 -2.005 -1.178 3.01
163 F -2.344 -2.906 -2.87 -3.324 -1.384 -3.874 -3.492 -2.884 -0.838 0.267 0.555 -3.314 0.192 6.529 -4.458 -3.04 -2.38 0.842 2.921 -0.517
164 E -1.138 0.298 3.138 1.152 -2.148 0.737 3.007 -1.143 0.498 -2.64 -2.768 1.576 -1.793 -2.569 -2.072 -0.572 -0.965 -2.605 -1.949 -2.255
165 P -1.22 -2.549 -2.772 -2.6 -0.533 -2.641 -2.784 -2.826 -2.243 3.07 1.528 -2.017 0.682 -0.423 3.665 -2.448 -1.253 -2.672 -1.633 1.604
166 K -1.088 1.463 3.149 0.1 -1.943 0.417 -0.003 -0.899 0.21 -2.316 -2.523 3.604 -1.513 -2.664 -1.967 -0.613 -0.866 -2.691 -1.889 -2.184
167 R -1.544 5.528 -0.472 -1.573 -2.269 0.508 -0.57 -2.138 0.089 -2.621 -2.037 2.009 -1.233 -2.482 -2.714 -1.416 -1.463 -2.244 -1.782 -2.171
168 F -2.043 -1.966 1.228 -1.813 -1.581 -2.317 -2.471 -2.23 0.747 -0.419 -0.291 -2.105 -0.385 5.14 -3.683 -2.139 -1.874 1.108 4.542 -0.936
169 K -0.836 2.084 -0.278 -0.732 -1.987 0.797 0.304 -1.352 -0.253 -2.132 -2.25 4.514 -1.233 -2.815 -1.696 -0.891 -1.092 -2.559 -1.798 -2.008
170 F -1.988 -2.972 -2.998 -3.279 -0.916 -3.639 -3.558 -3.072 -1.34 2.456 0.975 -3.09 0.594 5.517 -4.108 -3.055 -1.881 0.137 2.068 1.077
171 F -1.826 -3.006 -3.064 -3.256 -0.707 -3.528 -3.592 -3.171 -1.628 3.136 1.164 -2.984 0.776 4.835 -3.948 -3.063 -1.66 -0.294 1.523 1.633
172 F -2.344 -2.906 -2.87 -3.324 -1.384 -3.874 -3.492 -2.884 -0.838 0.267 0.555 -3.314 0.192 6.529 -4.458 -3.04 -2.38 0.842 2.921 -0.517
173 Y -1.822 -1.787 -2.135 -3.032 -1.761 -1.793 -2.373 -2.942 2.095 -0.813 -0.92 -1.883 -0.692 3.339 -3.343 -2.447 -2.099 2.299 6.675 -0.989
174 L -0.838 -2.563 -2.524 -3.039 6.689 -2.812 -3.373 1.289 -2.352 0.781 2.425 -2.518 0.84 -0.319 -3.327 -2.176 -1.551 -2.235 -1.846 0.225
175 F -0.625 -2.254 -1.166 -1.884 -1.07 -2.488 -2.503 3.02 -0.969 -0.856 -0.716 -2.02 -0.731 4.656 -3.172 -0.206 -1.353 -0.366 1.316 -1.255
176 L -1.55 -2.196 -3.372 -3.63 -0.16 -2.65 -3.315 -3.392 -2.323 1.995 4.053 -2.488 2.123 0.823 -3.614 -3.168 -1.59 -1.66 -1.066 1.096
177 L -1.55 -2.196 -3.372 -3.63 -0.16 -2.65 -3.315 -3.392 -2.323 1.995 4.053 -2.488 2.123 0.823 -3.614 -3.168 -1.59 -1.66 -1.066 1.096
178 L -1.467 -2.617 -3.322 -3.402 -0.16 -2.92 -3.499 -3.44 -2.515 3.544 3.1 -2.586 1.724 0.532 -3.564 -3.127 -1.326 -1.915 -1.178 2.105
179 L -1.455 -1.819 -2.532 -2.986 -0.531 -1.737 -2.697 -2.691 -0.935 1.211 1.686 -1.962 4.72 3.994 -3.605 -2.331 -1.438 -0.41 0.998 0.557
180 N -1.674 -0.429 5.673 1.267 -1.861 -0.541 -0.74 -0.169 0.954 -2.727 -3.166 -0.31 -2.176 -2.389 -2.602 -0.132 -0.466 -2.981 -2.083 -2.575
181 L -1.643 -2.058 -2.903 -3.421 -0.606 -2.34 -2.971 -3.239 -0.042 1.32 3.136 -2.276 1.446 1.918 -3.525 -2.912 -1.755 0.308 3.883 0.549
182 W -2.555 -2.558 -3.075 -3.529 -1.992 -3.145 -3.144 -2.54 -1.043 -0.972 -0.725 -2.966 -0.712 4.136 -5.066 -3.257 -2.597 9.503 2.432 -1.548
183 I -1.391 -3.115 -3.277 -3.195 -0.165 -3.224 -3.701 -3.493 -2.725 4.558 1.662 -2.693 1.257 0.204 -3.519 -3.091 -1.089 -2.199 -1.299 2.846
184 L -1.796 -2.418 -3.199 -3.529 -0.518 -3.008 -3.378 -3.217 -1.744 1.521 3.289 -2.742 1.606 4.069 -3.874 -3.129 -1.835 -0.573 0.921 0.647
185 Q 1.696 0.375 -0.542 -0.75 -0.785 3.923 0.726 -0.736 0.233 -1.704 -1.764 0.667 -0.566 -2.553 -1.922 -0.307 -0.793 -2.282 -1.448 -1.008
186 L -1.499 -2.474 -3.343 -3.48 -0.165 -2.832 -3.441 -3.429 -2.454 3.119 3.459 -2.558 1.859 0.628 -3.585 -3.145 -1.416 -1.832 -1.145 1.801
187 A 3.113 -1.362 -1.075 -1.459 0.491 -1.26 -1.339 -0.105 -1.291 -0.628 -1.245 -0.844 -0.769 -1.77 -1.558 0.526 2.066 -2.367 -1.753 0.155
188 D -1.791 -1.602 1.185 5.854 -2.387 -0.886 1.036 -1.138 -0.55 -2.74 -3.506 -0.844 -2.712 -2.934 -2.304 -0.966 -1.427 -3.545 -3.058 -2.879
189 S 1.054 -0.755 0.483 -0.263 0.058 -0.584 -0.569 -0.121 -0.474 -1.926 -2.343 -0.299 -1.201 -1.958 -1.49 3.311 0.997 -2.563 -1.77 -1.307
190 R -1.548 5.537 -0.476 -1.578 -2.273 0.503 -0.575 -2.142 0.084 -2.626 -2.042 2.004 -1.238 -2.486 -2.718 -1.42 -1.468 -2.248 -1.786 -2.176
191 T -0.127 -1.107 -0.153 -1.029 0.107 -1.117 -1.392 -1.343 -1.427 -0.238 -1.071 -0.805 -0.546 -1.595 -1.701 0.691 4.287 -2.199 -1.721 0.215
192 S 1.054 -0.755 0.483 -0.263 0.058 -0.584 -0.569 -0.121 -0.474 -1.926 -2.343 -0.299 -1.201 -1.958 -1.49 3.311 0.997 -2.563 -1.77 -1.307
193 G -0.531 -2.541 -1.06 -1.861 -1.352 -2.666 -2.896 4.723 -1.258 -1.558 -1.458 -2.118 -1.384 3.593 -3.25 -1.548 -2.076 -0.907 0.375 -1.865
194 Y -1.271 -1.738 -1.899 -2.664 -1.093 -1.795 -2.279 -2.536 1.3 0.006 1.054 -1.776 0.168 2.607 -3.124 -0.992 -1.443 1.44 5.605 -0.41
195 I -1.391 -3.115 -3.277 -3.195 -0.165 -3.224 -3.701 -3.493 -2.725 4.558 1.662 -2.693 1.257 0.204 -3.519 -3.091 -1.089 -2.199 -1.299 2.846
196 S 1.054 -0.755 0.483 -0.263 0.058 -0.584 -0.569 -0.121 -0.474 -1.926 -2.343 -0.299 -1.201 -1.958 -1.49 3.311 0.997 -2.563 -1.77 -1.307
197 L -1.445 -2.777 -3.31 -3.334 -0.165 -3.021 -3.568 -3.461 -2.587 3.927 2.699 -2.625 1.573 0.423 -3.552 -3.118 -1.248 -2.01 -1.221 2.371
198 L -1.555 -2.201 -3.377 -3.634 -0.165 -2.655 -3.32 -3.397 -2.328 1.991 4.061 -2.492 2.118 0.819 -3.619 -3.173 -1.595 -1.665 -1.07 1.092
199 V -0.581 -2.691 -3.051 -3.184 0.171 -2.794 -3.149 -3.134 -2.86 3.626 1.196 -2.496 0.971 -0.192 -3.293 -2.539 -0.659 -2.332 -1.299 3.787
200 I -1.391 -3.115 -3.277 -3.195 -0.165 -3.224 -3.701 -3.493 -2.725 4.558 1.662 -2.693 1.257 0.204 -3.519 -3.091 -1.089 -2.199 -1.299 2.846
201 L -1.051 -2.297 -3.225 -3.474 0.008 -2.637 -3.176 -3.247 -2.515 2.374 3.341 -2.462 1.746 0.463 -3.467 -2.851 -1.167 -1.89 -1.145 2.507
202 F -0.733 -2.002 -1.287 -1.917 -0.822 -2.329 -2.166 -1.649 -0.715 -0.3 -0.134 -1.934 -0.206 5.442 -3.105 0.717 -0.782 0.08 2.018 -0.76
203 C -0.462 -3.353 -2.979 -3.433 9.695 -3.473 -3.939 -2.178 -2.965 -0.746 -1.076 -3.128 -1.093 -2.042 -3.221 -1.685 -1.331 -3.249 -2.811 -0.424
204 Y -1.99 -2.119 -2.365 -3.131 -1.635 -2.34 -2.705 -2.927 1.4 -0.411 -0.345 -2.29 -0.371 4.828 -3.673 -2.636 -2.194 1.885 5.882 -0.828
205 F -1.993 -2.977 -3.003 -3.283 -0.92 -3.643 -3.563 -3.077 -1.345 2.463 0.971 -3.095 0.589 5.523 -4.113 -3.06 -1.885 0.132 2.063 1.072
206 F -2.349 -2.911 -2.875 -3.329 -1.388 -3.878 -3.497 -2.889 -0.843 0.262 0.55 -3.319 0.187 6.537 -4.462 -3.045 -2.385 0.837 2.917 -0.522
207 D -1.791 -1.602 1.185 5.854 -2.387 -0.886 1.036 -1.138 -0.55 -2.74 -3.506 -0.844 -2.712 -2.934 -2.304 -0.966 -1.427 -3.545 -3.058 -2.879
208 K -1.261 1.154 -0.918 -1.372 -1.776 -0.105 -0.508 -1.783 -0.44 -1.1 -0.994 3.45 -0.681 3.584 -2.364 -1.451 -1.465 -0.949 0.696 -1.426
209 L -1.339 2.746 -1.799 -2.448 -0.719 -0.883 -1.93 -2.691 -0.988 2.441 1.077 -0.002 3.284 -0.341 -3.145 -2.101 -1.2 -1.89 -1.285 1.204
210 G 0.075 -2.372 -0.454 -1.337 -1.335 -2.21 -2.636 5.823 -1.491 -3.23 -3.475 -1.665 -2.681 -2.693 -2.794 -1.017 -1.934 -2.454 -3.163 -2.879
211 K -0.862 1.211 -0.712 -1.165 -1.201 0.073 -0.403 -1.711 -0.777 1.168 -0.727 3.507 -0.403 -1.708 -2.018 -1.004 0.273 -2.437 -1.674 0.134
212 L -1.555 -2.201 -3.377 -3.634 -0.165 -2.655 -3.32 -3.397 -2.328 1.991 4.061 -2.492 2.118 0.819 -3.619 -3.173 -1.595 -1.665 -1.07 1.092
213 N -1.724 -0.816 4.598 0.405 -1.829 -0.902 -1.19 -0.835 1.384 -1.942 -2.213 -0.746 -1.594 0.866 -2.83 -0.719 -0.916 -0.071 3.779 -1.947
214 R -1.293 4.772 -0.41 -1.269 -2.176 0.603 -0.253 -1.856 -0.025 -2.454 -2.111 3.107 -1.238 -2.593 -2.338 -1.235 -1.339 -2.35 -1.792 -2.121
215 P -0.636 -2.177 -2.243 -2.02 -0.741 -2.149 -2.001 -2.19 -1.995 0.632 -0.964 -1.456 -0.904 -2.013 5.554 -1.718 -1.032 -3.651 -2.126 1.572
216 L -1.051 -2.297 -3.225 -3.474 0.008 -2.637 -3.176 -3.247 -2.515 2.374 3.341 -2.462 1.746 0.463 -3.467 -2.851 -1.167 -1.89 -1.145 2.507
217 N -0.253 0.595 3.243 0.221 -1.104 -0.037 -0.3 -0.495 0.145 -2.244 -2.559 2.275 -1.504 -2.367 -1.892 1.38 -0.051 -2.696 -1.882 -1.918
218 S 0.632 -0.68 2.652 0.154 -0.271 -0.575 -0.606 -0.131 -0.09 -2.085 -2.506 -0.302 -1.391 -2.048 -1.702 2.826 0.73 -2.651 -1.837 -1.544
219 F -0.733 -2.002 -1.287 -1.917 -0.822 -2.329 -2.166 -1.649 -0.715 -0.3 -0.134 -1.934 -0.206 5.442 -3.105 0.717 -0.782 0.08 2.018 -0.76
220 F -2.349 -2.911 -2.875 -3.329 -1.388 -3.878 -3.497 -2.889 -0.843 0.262 0.55 -3.319 0.187 6.537 -4.462 -3.045 -2.385 0.837 2.917 -0.522
221 I -1.391 -3.115 -3.277 -3.195 -0.165 -3.224 -3.701 -3.493 -2.725 4.558 1.662 -2.693 1.257 0.204 -3.519 -3.091 -1.089 -2.199 -1.299 2.846
222 N -1.724 -0.816 4.598 0.405 -1.829 -0.902 -1.19 -0.835 1.384 -1.942 -2.213 -0.746 -1.594 0.866 -2.83 -0.719 -0.916 -0.071 3.779 -1.947
223 L -1.499 -2.474 -3.343 -3.48 -0.165 -2.832 -3.441 -3.429 -2.454 3.119 3.459 -2.558 1.859 0.628 -3.585 -3.145 -1.416 -1.832 -1.145 1.801
224 A 3.101 -1.795 -2.04 -2.115 0.557 -1.698 -1.753 -0.388 -1.69 1.063 -0.369 -1.291 -0.201 -1.294 -1.952 -0.219 -0.446 -2.437 -1.604 2.15
225 I -1.357 -2.865 -3.162 -3.152 -0.167 -2.887 -3.519 -3.379 -2.471 4.345 1.717 -2.528 2.236 0.232 -3.489 -2.952 -1.086 -2.087 -1.245 2.689
226 T -0.167 -1.501 -0.821 -1.584 0.182 -1.533 -1.815 -1.791 -1.847 1.286 -0.24 -1.246 -0.017 -1.145 -2.117 -0.008 3.383 -2.265 -1.573 2.18
227 V -0.503 -2.084 -2.741 -3.057 0.166 -1.994 -2.716 -2.84 -2.126 2.613 1.384 -2.056 3.422 -0.094 -3.209 -2.206 -0.65 -1.994 -1.14 3.435
228 S 1.054 -0.755 0.483 -0.263 0.058 -0.584 -0.569 -0.121 -0.474 -1.926 -2.343 -0.299 -1.201 -1.958 -1.49 3.311 0.997 -2.563 -1.77 -1.307
229 V 0.254 -1.795 -1.313 -1.855 0.239 -1.763 -1.904 -1.684 -1.863 2.095 0.191 -1.52 0.288 -0.842 -2.504 0.868 0.108 -2.454 -1.448 3.202
230 L -1.555 -2.201 -3.377 -3.634 -0.165 -2.655 -3.32 -3.397 -2.328 1.991 4.061 -2.492 2.118 0.819 -3.619 -3.173 -1.595 -1.665 -1.07 1.092
231 F -2.349 -2.911 -2.875 -3.329 -1.388 -3.878 -3.497 -2.889 -0.843 0.262 0.55 -3.319 0.187 6.537 -4.462 -3.045 -2.385 0.837 2.917 -0.522
232 I -1.391 -3.115 -3.277 -3.195 -0.165 -3.224 -3.701 -3.493 -2.725 4.558 1.662 -2.693 1.257 0.204 -3.519 -3.091 -1.089 -2.199 -1.299 2.846
233 T -0.49 -1.635 -0.872 -1.587 0.019 -1.664 -1.977 -1.899 -1.799 2.317 0.149 -1.308 0.187 -0.864 -2.19 -0.114 3.333 -2.199 -1.573 1.378
234 L -1.555 -2.201 -3.377 -3.634 -0.165 -2.655 -3.32 -3.397 -2.328 1.991 4.061 -2.492 2.118 0.819 -3.619 -3.173 -1.595 -1.665 -1.07 1.092
235 L 1.644 -1.431 -2.122 -2.402 0.129 -1.152 -1.971 -1.249 -1.061 0.981 1.356 -1.251 4.657 -0.133 -2.541 -0.955 -0.837 -1.651 -1.123 0.718
236 S 0.711 -0.868 0.286 -0.496 0.075 -0.751 -0.818 -0.473 -0.758 -1.248 -1.854 -0.458 -0.966 -1.832 -1.558 2.671 2.544 -2.437 -1.753 -0.706
237 I -0.905 -2.281 -1.831 -2.281 -0.071 -2.34 -2.712 -2.587 -2.225 3.65 1.004 -1.918 0.771 -0.281 -2.779 -1.235 1.897 -2.199 -1.433 2.204
238 N -1.724 -0.816 4.598 0.405 -1.829 -0.902 -1.19 -0.835 1.384 -1.942 -2.213 -0.746 -1.594 0.866 -2.83 -0.719 -0.916 -0.071 3.779 -1.947
239 F -2.349 -2.911 -2.875 -3.329 -1.388 -3.878 -3.497 -2.889 -0.843 0.262 0.55 -3.319 0.187 6.537 -4.462 -3.045 -2.385 0.837 2.917 -0.522
240 E -0.933 -0.136 -0.353 1.504 -2.425 1.332 4.527 -1.964 0.378 -2.778 -2.717 0.662 -1.768 -2.622 -1.896 -0.805 -1.315 -2.402 -1.922 -2.148
241 A 3.101 -1.795 -2.04 -2.115 0.557 -1.698 -1.753 -0.388 -1.69 1.063 -0.369 -1.291 -0.201 -1.294 -1.952 -0.219 -0.446 -2.437 -1.604 2.15
242 R -0.429 2.986 3.225 0.041 -1.17 -0.162 -0.627 -0.67 0.249 -2.404 -2.479 0.684 -1.504 -2.268 -2.215 1.306 -0.133 -2.582 -1.876 -1.97
243 E -0.288 -0.41 0.217 0.284 -1.326 0.312 2.213 -1.144 5.189 -2.434 -2.552 -0.075 -1.404 -1.723 -2.002 1.159 -0.519 -2.103 -0.17 -2.081
244 I -1.2 -2.705 -2.763 -2.55 -0.538 -2.733 -2.839 -2.844 -2.309 3.518 0.788 -2.049 0.465 -0.573 3.671 -2.442 -1.177 -2.794 -1.683 1.919
245 F -2.349 -2.911 -2.875 -3.329 -1.388 -3.878 -3.497 -2.889 -0.843 0.262 0.55 -3.319 0.187 6.537 -4.462 -3.045 -2.385 0.837 2.917 -0.522
246 Q -1.052 0.151 -0.832 -1.044 -1.212 3.848 0.446 -2.019 -0.012 1.887 -0.222 0.389 0.254 -1.495 -2.55 -1.356 -1.022 -2.199 -1.299 0.646
247 F -2.349 -2.911 -2.875 -3.329 -1.388 -3.878 -3.497 -2.889 -0.843 0.262 0.55 -3.319 0.187 6.537 -4.462 -3.045 -2.385 0.837 2.917 -0.522
248 L -1.555 -2.201 -3.377 -3.634 -0.165 -2.655 -3.32 -3.397 -2.328 1.991 4.061 -2.492 2.118 0.819 -3.619 -3.173 -1.595 -1.665 -1.07 1.092
249 N -1.674 -0.429 5.673 1.267 -1.861 -0.541 -0.74 -0.169 0.954 -2.727 -3.166 -0.31 -2.176 -2.389 -2.602 -0.132 -0.466 -2.981 -2.083 -2.575
250 K -0.841 2.079 -0.282 -0.736 -1.992 0.793 0.299 -1.357 -0.257 -2.137 -2.255 4.526 -1.238 -2.82 -1.701 -0.895 -1.096 -2.563 -1.803 -2.013
251 L -1.555 -2.201 -3.377 -3.634 -0.165 -2.655 -3.32 -3.397 -2.328 1.991 4.061 -2.492 2.118 0.819 -3.619 -3.173 -1.595 -1.665 -1.07 1.092
252 F -2.349 -2.911 -2.875 -3.329 -1.388 -3.878 -3.497 -2.889 -0.843 0.262 0.55 -3.319 0.187 6.537 -4.462 -3.045 -2.385 0.837 2.917 -0.522
253 T -0.127 -1.107 -0.153 -1.029 0.107 -1.117 -1.392 -1.343 -1.427 -0.238 -1.071 -0.805 -0.546 -1.595 -1.701 0.691 4.287 -2.199 -1.721 0.215
254 N -1.674 -0.429 5.673 1.267 -1.861 -0.541 -0.74 -0.169 0.954 -2.727 -3.166 -0.31 -2.176 -2.389 -2.602 -0.132 -0.466 -2.981 -2.083 -2.575
255 R -1.548 5.537 -0.476 -1.578 -2.273 0.503 -0.575 -2.142 0.084 -2.626 -2.042 2.004 -1.238 -2.486 -2.718 -1.42 -1.468 -2.248 -1.786 -2.176
256 I -1.391 -3.115 -3.277 -3.195 -0.165 -3.224 -3.701 -3.493 -2.725 4.558 1.662 -2.693 1.257 0.204 -3.519 -3.091 -1.089 -2.199 -1.299 2.846
257 F -2.164 -2.488 -2.608 -3.228 -1.509 -3.008 -3.074 -2.908 0.491 -0.055 0.137 -2.759 -0.078 5.807 -4.041 -2.833 -2.288 1.409 4.764 -0.671
258 S 1.054 -0.755 0.483 -0.263 0.058 -0.584 -0.569 -0.121 -0.474 -1.926 -2.343 -0.299 -1.201 -1.958 -1.49 3.311 0.997 -2.563 -1.77 -1.307
259 G 0.763 -1.201 0.203 -0.579 -0.336 -1.031 -1.109 3.308 -0.775 -2.298 -2.673 -0.687 -1.615 -2.182 -1.862 2.447 0.307 -2.527 -2.164 -1.742
260 Y -1.775 -1.263 2.864 -0.831 -1.797 -1.316 -1.723 -1.701 1.759 -1.326 -1.497 -1.261 -1.111 2.356 -3.077 -1.457 -1.449 1.347 5.583 -1.431
261 V -0.248 -2.501 -2.944 -3.179 0.326 -2.602 -2.908 -2.97 -2.929 3.015 0.931 -2.402 0.817 -0.413 -3.186 -2.298 -0.466 -2.402 -1.299 4.163
262 F -2.349 -2.911 -2.875 -3.329 -1.388 -3.878 -3.497 -2.889 -0.843 0.262 0.55 -3.319 0.187 6.537 -4.462 -3.045 -2.385 0.837 2.917 -0.522
263 F -1.468 -2.767 -2.897 -3.278 -0.698 -3.387 -3.287 -2.916 -1.386 1.493 0.683 -2.98 0.413 5.494 -3.971 -2.774 -1.595 0.103 2.063 1.952
264 R 1.533 4.49 -0.824 -1.619 -0.936 0.011 -0.801 -1.05 -0.29 -1.903 -1.787 1.324 -1.117 -2.263 -2.248 -0.659 -1.082 -2.315 -1.781 -1.192
265 E -0.933 -0.136 -0.353 1.504 -2.425 1.332 4.527 -1.964 0.378 -2.778 -2.717 0.662 -1.768 -2.622 -1.896 -0.805 -1.315 -2.402 -1.922 -2.148
266 Y -1.827 -1.792 -2.14 -3.036 -1.766 -1.798 -2.378 -2.946 2.09 -0.818 -0.924 -1.887 -0.696 3.334 -3.347 -2.451 -2.104 2.294 6.685 -0.994
267 G 0.075 -2.372 -0.454 -1.337 -1.335 -2.21 -2.636 5.823 -1.491 -3.23 -3.475 -1.665 -2.681 -2.693 -2.794 -1.017 -1.934 -2.454 -3.163 -2.879
268 V -1.076 -2.418 -2.747 -3.136 -0.406 -2.482 -2.945 -3.126 -0.184 2.988 0.747 -2.308 0.573 1.54 -3.347 -2.594 -1.143 0.11 3.857 2.69
269 T -0.556 -0.863 3.183 -0.047 -0.412 -0.912 -1.158 -0.896 -0.4 -0.856 -1.616 -0.631 -0.994 -1.836 -1.971 0.441 3.383 -2.437 -1.837 -0.453
270 L -1.555 -2.201 -3.377 -3.634 -0.165 -2.655 -3.32 -3.397 -2.328 1.991 4.061 -2.492 2.118 0.819 -3.619 -3.173 -1.595 -1.665 -1.07 1.092
271 F -2.349 -2.911 -2.875 -3.329 -1.388 -3.878 -3.497 -2.889 -0.843 0.262 0.55 -3.319 0.187 6.537 -4.462 -3.045 -2.385 0.837 2.917 -0.522
272 G 0.075 -2.372 -0.454 -1.337 -1.335 -2.21 -2.636 5.823 -1.491 -3.23 -3.475 -1.665 -2.681 -2.693 -2.794 -1.017 -1.934 -2.454 -3.163 -2.879
273 N -0.812 0.525 3.169 0.025 -1.079 -0.174 -0.526 -0.9 -0.082 -1.496 -2.036 2.211 -1.244 -2.222 -1.971 -0.04 1.978 -2.563 -1.865 -1.192
274 R -1.521 4.447 -1.082 -2.041 -1.648 -0.314 -1.23 -2.378 -0.328 -0.546 -0.827 1.08 -0.577 2.666 -3.079 -1.805 -1.51 -1.237 0.114 -0.09
275 I -1.391 -3.115 -3.277 -3.195 -0.165 -3.224 -3.701 -3.493 -2.725 4.558 1.662 -2.693 1.257 0.204 -3.519 -3.091 -1.089 -2.199 -1.299 2.846
276 D -1.463 -0.562 0.763 4.935 -2.348 -0.031 2.202 -1.327 -0.285 -2.674 -3.153 0.781 -2.283 -2.849 -2.137 -0.922 -1.363 -3.134 -2.61 -2.596
277 G 0.075 -2.372 -0.454 -1.337 -1.335 -2.21 -2.636 5.823 -1.491 -3.23 -3.475 -1.665 -2.681 -2.693 -2.794 -1.017 -1.934 -2.454 -3.163 -2.879
278 I 0.172 -2.343 -2.076 -2.385 0.001 -2.376 -2.698 -2.215 -2.194 3.634 0.99 -1.928 0.748 -0.299 -2.743 -1.287 1.236 -2.226 -1.438 2.199
279 V -0.621 -2.397 -3.081 -3.323 0.171 -2.619 -3.039 -3.105 -2.715 2.712 2.381 -2.432 1.319 0.058 -3.323 -2.561 -0.795 -2.135 -1.221 3.452
280 P 0.547 -1.121 -0.125 -0.638 -0.367 -0.971 -0.883 -0.594 -0.809 -2.055 -2.477 -0.536 -1.552 -2.351 3.829 2.404 0.402 -3.089 -2.034 -1.568
281 L -0.997 -1.788 -1.871 -2.486 -0.071 -2.047 -2.526 -2.54 -1.995 1.42 3.125 -1.814 1.471 0.214 -2.83 -1.263 1.785 -1.832 -1.271 0.828
282 L 1.715 -2.035 -2.572 -2.716 0.295 -2.129 -2.378 -1.477 -2.073 1.792 2.045 -1.817 0.934 -0.284 -2.611 -1.245 -0.784 -2.15 -1.365 2.334
283 Q 1.696 0.375 -0.542 -0.75 -0.785 3.923 0.726 -0.736 0.233 -1.704 -1.764 0.667 -0.566 -2.553 -1.922 -0.307 -0.793 -2.282 -1.448 -1.008
284 G 0.075 -2.372 -0.454 -1.337 -1.335 -2.21 -2.636 5.823 -1.491 -3.23 -3.475 -1.665 -2.681 -2.693 -2.794 -1.017 -1.934 -2.454 -3.163 -2.879
285 T -0.583 -1.263 0.365 3.172 -0.511 -1.038 -0.34 -1.273 -1.104 -0.858 -1.679 -0.818 -1.105 -1.976 -1.888 0.236 3.31 -2.582 -2.101 -0.499
286 V -0.248 -2.501 -2.944 -3.179 0.326 -2.602 -2.908 -2.97 -2.929 3.015 0.931 -2.402 0.817 -0.413 -3.186 -2.298 -0.466 -2.402 -1.299 4.163
287 I -1.391 -3.115 -3.277 -3.195 -0.165 -3.224 -3.701 -3.493 -2.725 4.558 1.662 -2.693 1.257 0.204 -3.519 -3.091 -1.089 -2.199 -1.299 2.846
288 I -1.391 -3.115 -3.277 -3.195 -0.165 -3.224 -3.701 -3.493 -2.725 4.558 1.662 -2.693 1.257 0.204 -3.519 -3.091 -1.089 -2.199 -1.299 2.846
289 D -1.791 -1.602 1.185 5.854 -2.387 -0.886 1.036 -1.138 -0.55 -2.74 -3.506 -0.844 -2.712 -2.934 -2.304 -0.966 -1.427 -3.545 -3.058 -2.879
290 S 1.054 -0.755 0.483 -0.263 0.058 -0.584 -0.569 -0.121 -0.474 -1.926 -2.343 -0.299 -1.201 -1.958 -1.49 3.311 0.997 -2.563 -1.77 -1.307
291 G 0.075 -2.372 -0.454 -1.337 -1.335 -2.21 -2.636 5.823 -1.491 -3.23 -3.475 -1.665 -2.681 -2.693 -2.794 -1.017 -1.934 -2.454 -3.163 -2.879
292 Y -1.827 -1.792 -2.14 -3.036 -1.766 -1.798 -2.378 -2.946 2.09 -0.818 -0.924 -1.887 -0.696 3.334 -3.347 -2.451 -2.104 2.294 6.685 -0.994
293 V -0.581 -2.691 -3.051 -3.184 0.171 -2.794 -3.149 -3.134 -2.86 3.626 1.196 -2.496 0.971 -0.192 -3.293 -2.539 -0.659 -2.332 -1.299 3.787
294 G 0.075 -2.372 -0.454 -1.337 -1.335 -2.21 -2.636 5.823 -1.491 -3.23 -3.475 -1.665 -2.681 -2.693 -2.794 -1.017 -1.934 -2.454 -3.163 -2.879
295 L -1.555 -2.201 -3.377 -3.634 -0.165 -2.655 -3.32 -3.397 -2.328 1.991 4.061 -2.492 2.118 0.819 -3.619 -3.173 -1.595 -1.665 -1.07 1.092
296 L -1.499 -2.474 -3.343 -3.48 -0.165 -2.832 -3.441 -3.429 -2.454 3.119 3.459 -2.558 1.859 0.628 -3.585 -3.145 -1.416 -1.832 -1.145 1.801
297 L -1.555 -2.201 -3.377 -3.634 -0.165 -2.655 -3.32 -3.397 -2.328 1.991 4.061 -2.492 2.118 0.819 -3.619 -3.173 -1.595 -1.665 -1.07 1.092
298 R -1.397 3.093 -0.782 -1.462 -1.981 2.548 -0.128 -2.134 1.1 -1.79 -1.609 0.861 -0.764 0.797 -2.704 -1.466 -1.485 0.132 3.831 -1.614
299 K -1.06 1.219 -0.997 -1.421 -1.247 0.029 -0.486 -1.891 -0.797 -0.051 1.474 3.48 0.349 -1.056 -2.211 -1.475 -1.253 -2.232 -1.538 -0.578
300 G 0.075 -2.372 -0.454 -1.337 -1.335 -2.21 -2.636 5.823 -1.491 -3.23 -3.475 -1.665 -2.681 -2.693 -2.794 -1.017 -1.934 -2.454 -3.163 -2.879
301 I -0.958 -2.895 -3.162 -3.19 0.008 -3.001 -3.412 -3.308 -2.792 4.13 1.439 -2.593 1.118 0.012 -3.404 -2.802 -0.866 -2.265 -1.299 3.355
302 L -1.445 -2.777 -3.31 -3.334 -0.165 -3.021 -3.568 -3.461 -2.587 3.927 2.699 -2.625 1.573 0.423 -3.552 -3.118 -1.248 -2.01 -1.221 2.371
303 F -2.349 -2.911 -2.875 -3.329 -1.388 -3.878 -3.497 -2.889 -0.843 0.262 0.55 -3.319 0.187 6.537 -4.462 -3.045 -2.385 0.837 2.917 -0.522
304 F -2.349 -2.911 -2.875 -3.329 -1.388 -3.878 -3.497 -2.889 -0.843 0.262 0.55 -3.319 0.187 6.537 -4.462 -3.045 -2.385 0.837 2.917 -0.522
305 V -0.581 -2.691 -3.051 -3.184 0.171 -2.794 -3.149 -3.134 -2.86 3.626 1.196 -2.496 0.971 -0.192 -3.293 -2.539 -0.659 -2.332 -1.299 3.787
306 L -0.904 -2.257 -2.049 -2.652 -0.504 -2.499 -3.074 2.88 -2.021 1.048 2.995 -2.189 1.209 0.047 -3.317 -2.264 -1.703 -1.905 -1.615 0.265
307 F -2.164 -2.488 -2.608 -3.228 -1.509 -3.008 -3.074 -2.908 0.491 -0.055 0.137 -2.759 -0.078 5.807 -4.041 -2.833 -2.288 1.409 4.764 -0.671
308 L -1.555 -2.201 -3.377 -3.634 -0.165 -2.655 -3.32 -3.397 -2.328 1.991 4.061 -2.492 2.118 0.819 -3.619 -3.173 -1.595 -1.665 -1.07 1.092
309 L -1.555 -2.201 -3.377 -3.634 -0.165 -2.655 -3.32 -3.397 -2.328 1.991 4.061 -2.492 2.118 0.819 -3.619 -3.173 -1.595 -1.665 -1.07 1.092
310 F -2.349 -2.911 -2.875 -3.329 -1.388 -3.878 -3.497 -2.889 -0.843 0.262 0.55 -3.319 0.187 6.537 -4.462 -3.045 -2.385 0.837 2.917 -0.522
311 I -1.289 -2.423 -2.944 -3.068 -0.171 -2.313 -3.185 -3.163 -2.021 3.863 1.823 -2.224 3.547 0.289 -3.429 -2.692 -1.079 -1.875 -1.14 2.346
312 F -2.059 -2.654 -3.032 -3.427 -0.92 -3.41 -3.436 -3.048 -1.258 0.96 2.233 -3.016 0.983 5.559 -4.153 -3.087 -2.097 0.218 2.088 0.121
313 S 0.416 -1.162 -0.331 -1.016 -0.014 -1.124 -1.231 -0.861 -0.971 0.019 1.458 -0.863 0.363 -0.713 -2.041 2.29 0.362 -2.232 -1.517 -0.271
314 R -1.548 5.537 -0.476 -1.578 -2.273 0.503 -0.575 -2.142 0.084 -2.626 -2.042 2.004 -1.238 -2.486 -2.718 -1.42 -1.468 -2.248 -1.786 -2.176
315 I -1.391 -3.115 -3.277 -3.195 -0.165 -3.224 -3.701 -3.493 -2.725 4.558 1.662 -2.693 1.257 0.204 -3.519 -3.091 -1.089 -2.199 -1.299 2.846
316 K -0.841 2.079 -0.282 -0.736 -1.992 0.793 0.299 -1.357 -0.257 -2.137 -2.255 4.526 -1.238 -2.82 -1.701 -0.895 -1.096 -2.563 -1.803 -2.013
317 E -0.921 0.291 -0.268 1.003 -2.249 3.072 3.805 -1.798 0.509 -2.593 -2.46 0.856 -1.244 -2.734 -1.983 -0.793 -1.202 -2.332 -1.699 -2.028
318 Y -1.775 -1.263 2.864 -0.831 -1.797 -1.316 -1.723 -1.701 1.759 -1.326 -1.497 -1.261 -1.111 2.356 -3.077 -1.457 -1.449 1.347 5.583 -1.431
319 S 0.444 -1.35 -0.32 -0.953 -0.014 -1.227 -1.289 -0.874 -1.049 1.942 -0.339 -0.9 -0.133 -1.046 -2.022 2.294 0.454 -2.437 -1.604 0.796
320 F -2.349 -2.911 -2.875 -3.329 -1.388 -3.878 -3.497 -2.889 -0.843 0.262 0.55 -3.319 0.187 6.537 -4.462 -3.045 -2.385 0.837 2.917 -0.522
321 T -0.529 -1.428 -0.886 -1.666 0.019 -1.545 -1.904 -1.88 -1.697 0.708 1.73 -1.266 0.635 -0.551 -2.211 -0.124 3.299 -2.01 -1.487 0.538
322 L -1.555 -2.201 -3.377 -3.634 -0.165 -2.655 -3.32 -3.397 -2.328 1.991 4.061 -2.492 2.118 0.819 -3.619 -3.173 -1.595 -1.665 -1.07 1.092
323 R -1.293 4.772 -0.41 -1.269 -2.176 0.603 -0.253 -1.856 -0.025 -2.454 -2.111 3.107 -1.238 -2.593 -2.338 -1.235 -1.339 -2.35 -1.792 -2.121
324 E -0.933 -0.136 -0.353 1.504 -2.425 1.332 4.527 -1.964 0.378 -2.778 -2.717 0.662 -1.768 -2.622 -1.896 -0.805 -1.315 -2.402 -1.922 -2.148
325 G 2.187 -1.467 -0.418 -1.034 -0.088 -1.301 -1.385 3.361 -1.031 -1.84 -2.255 -0.889 -1.491 -2.148 -1.862 1.485 -0.216 -2.49 -2.164 -1.101
326 I -1.391 -3.115 -3.277 -3.195 -0.165 -3.224 -3.701 -3.493 -2.725 4.558 1.662 -2.693 1.257 0.204 -3.519 -3.091 -1.089 -2.199 -1.299 2.846
327 L -1.555 -2.201 -3.377 -3.634 -0.165 -2.655 -3.32 -3.397 -2.328 1.991 4.061 -2.492 2.118 0.819 -3.619 -3.173 -1.595 -1.665 -1.07 1.092
328 L -1.499 -2.474 -3.343 -3.48 -0.165 -2.832 -3.441 -3.429 -2.454 3.119 3.459 -2.558 1.859 0.628 -3.585 -3.145 -1.416 -1.832 -1.145 1.801
329 I -0.33 -2.1 -1.435 -1.861 -0.088 -2.056 -2.25 -1.896 -1.767 3.537 0.832 -1.659 0.645 -0.354 -2.674 0.709 -0.216 -2.315 -1.448 1.999
330 S 1.054 -0.755 0.483 -0.263 0.058 -0.584 -0.569 -0.121 -0.474 -1.926 -2.343 -0.299 -1.201 -1.958 -1.49 3.311 0.997 -2.563 -1.77 -1.307
331 V 0.65 -2.37 -2.772 -2.972 0.365 -2.43 -2.68 -2.346 -2.682 2.769 0.751 -2.185 0.671 -0.542 -2.94 -1.831 -0.462 -2.407 -1.348 3.911
332 F -2.349 -2.911 -2.875 -3.329 -1.388 -3.878 -3.497 -2.889 -0.843 0.262 0.55 -3.319 0.187 6.537 -4.462 -3.045 -2.385 0.837 2.917 -0.522
333 I -1.391 -3.115 -3.277 -3.195 -0.165 -3.224 -3.701 -3.493 -2.725 4.558 1.662 -2.693 1.257 0.204 -3.519 -3.091 -1.089 -2.199 -1.299 2.846
334 S 1.054 -0.755 0.483 -0.263 0.058 -0.584 -0.569 -0.121 -0.474 -1.926 -2.343 -0.299 -1.201 -1.958 -1.49 3.311 0.997 -2.563 -1.77 -1.307
335 L -1.555 -2.201 -3.377 -3.634 -0.165 -2.655 -3.32 -3.397 -2.328 1.991 4.061 -2.492 2.118 0.819 -3.619 -3.173 -1.595 -1.665 -1.07 1.092
336 L -1.094 -1.397 -2.374 -2.828 -0.182 -1.065 -2.367 -2.597 -0.982 1.589 2.121 -1.467 5.683 0.453 -3.256 -2.031 -1.06 -1.32 -0.846 0.975
337 F -2.349 -2.911 -2.875 -3.329 -1.388 -3.878 -3.497 -2.889 -0.843 0.262 0.55 -3.319 0.187 6.537 -4.462 -3.045 -2.385 0.837 2.917 -0.522
338 E -0.933 -0.136 -0.353 1.504 -2.425 1.332 4.527 -1.964 0.378 -2.778 -2.717 0.662 -1.768 -2.622 -1.896 -0.805 -1.315 -2.402 -1.922 -2.148
339 S 1.054 -0.755 0.483 -0.263 0.058 -0.584 -0.569 -0.121 -0.474 -1.926 -2.343 -0.299 -1.201 -1.958 -1.49 3.311 0.997 -2.563 -1.77 -1.307
340 Y -1.827 -1.792 -2.14 -3.036 -1.766 -1.798 -2.378 -2.946 2.09 -0.818 -0.924 -1.887 -0.696 3.334 -3.347 -2.451 -2.104 2.294 6.685 -0.994
341 G 0.075 -2.372 -0.454 -1.337 -1.335 -2.21 -2.636 5.823 -1.491 -3.23 -3.475 -1.665 -2.681 -2.693 -2.794 -1.017 -1.934 -2.454 -3.163 -2.879
342 Y -1.99 -2.119 -2.365 -3.131 -1.635 -2.34 -2.705 -2.927 1.4 -0.411 -0.345 -2.29 -0.371 4.828 -3.673 -2.636 -2.194 1.885 5.882 -0.828
343 T 0.323 -0.985 0.075 -0.75 0.091 -0.928 -1.091 -0.876 -1.073 -0.699 -1.436 -0.627 -0.748 -1.711 -1.629 1.848 3.545 -2.315 -1.737 -0.209
344 V -0.136 -2.457 -1.858 -2.427 -0.129 -2.465 -2.814 2.915 -2.366 2.006 0.059 -2.135 0.047 -0.993 -3.049 -1.805 -0.877 -2.419 -1.797 3.116
345 F -2.349 -2.911 -2.875 -3.329 -1.388 -3.878 -3.497 -2.889 -0.843 0.262 0.55 -3.319 0.187 6.537 -4.462 -3.045 -2.385 0.837 2.917 -0.522
346 L -1.499 -2.474 -3.343 -3.48 -0.165 -2.832 -3.441 -3.429 -2.454 3.119 3.459 -2.558 1.859 0.628 -3.585 -3.145 -1.416 -1.832 -1.145 1.801
347 F -2.349 -2.911 -2.875 -3.329 -1.388 -3.878 -3.497 -2.889 -0.843 0.262 0.55 -3.319 0.187 6.537 -4.462 -3.045 -2.385 0.837 2.917 -0.522
348 P -0.851 -2.028 -1.948 -1.578 -1.471 -1.947 -1.637 -1.867 -1.622 -2.332 -2.765 -1.078 -2.417 -3.35 6.677 -1.466 -1.363 -4.563 -2.65 -2.176
349 I -0.958 -2.895 -3.162 -3.19 0.008 -3.001 -3.412 -3.308 -2.792 4.13 1.439 -2.593 1.118 0.012 -3.404 -2.802 -0.866 -2.265 -1.299 3.355
350 L -1.555 -2.201 -3.377 -3.634 -0.165 -2.655 -3.32 -3.397 -2.328 1.991 4.061 -2.492 2.118 0.819 -3.619 -3.173 -1.595 -1.665 -1.07 1.092
351 F -2.349 -2.911 -2.875 -3.329 -1.388 -3.878 -3.497 -2.889 -0.843 0.262 0.55 -3.319 0.187 6.537 -4.462 -3.045 -2.385 0.837 2.917 -0.522
352 F -1.468 -2.767 -2.897 -3.278 -0.698 -3.387 -3.287 -2.916 -1.386 1.493 0.683 -2.98 0.413 5.494 -3.971 -2.774 -1.595 0.103 2.063 1.952
353 D -1.791 -1.602 1.185 5.854 -2.387 -0.886 1.036 -1.138 -0.55 -2.74 -3.506 -0.844 -2.712 -2.934 -2.304 -0.966 -1.427 -3.545 -3.058 -2.879
354 Y -1.99 -2.119 -2.365 -3.131 -1.635 -2.34 -2.705 -2.927 1.4 -0.411 -0.345 -2.29 -0.371 4.828 -3.673 -2.636 -2.194 1.885 5.882 -0.828
355 L -1.051 -2.297 -3.225 -3.474 0.008 -2.637 -3.176 -3.247 -2.515 2.374 3.341 -2.462 1.746 0.463 -3.467 -2.851 -1.167 -1.89 -1.145 2.507
356 G 0.075 -2.372 -0.454 -1.337 -1.335 -2.21 -2.636 5.823 -1.491 -3.23 -3.475 -1.665 -2.681 -2.693 -2.794 -1.017 -1.934 -2.454 -3.163 -2.879
357 K -0.984 3.277 -0.324 -0.903 -2.052 0.731 0.126 -1.514 -0.178 -2.239 -2.206 4.126 -1.238 -2.742 -1.898 -1.004 -1.175 -2.49 -1.799 -2.049
358 R -1.548 5.537 -0.476 -1.578 -2.273 0.503 -0.575 -2.142 0.084 -2.626 -2.042 2.004 -1.238 -2.486 -2.718 -1.42 -1.468 -2.248 -1.786 -2.176
359 K -0.841 2.079 -0.282 -0.736 -1.992 0.793 0.299 -1.357 -0.257 -2.137 -2.255 4.526 -1.238 -2.82 -1.701 -0.895 -1.096 -2.563 -1.803 -2.013
360 E -0.933 -0.136 -0.353 1.504 -2.425 1.332 4.527 -1.964 0.378 -2.778 -2.717 0.662 -1.768 -2.622 -1.896 -0.805 -1.315 -2.402 -1.922 -2.148
361 S 0.416 -1.162 -0.331 -1.016 -0.014 -1.124 -1.231 -0.861 -0.971 0.019 1.458 -0.863 0.363 -0.713 -2.041 2.29 0.362 -2.232 -1.517 -0.271
362 I -1.358 -3.082 -3.243 -3.162 -0.131 -3.19 -3.668 -3.46 -2.692 4.47 1.696 -2.659 1.29 0.237 -3.485 -3.057 -1.056 -2.165 -1.266 2.879
363 N -1.641 -0.396 5.602 1.301 -1.827 -0.508 -0.706 -0.135 0.988 -2.693 -3.132 -0.276 -2.142 -2.355 -2.568 -0.099 -0.432 -2.947 -2.05 -2.541
364 E -0.9 -0.103 -0.319 1.537 -2.392 1.366 4.449 -1.93 0.412 -2.745 -2.684 0.696 -1.734 -2.589 -1.862 -0.772 -1.282 -2.368 -1.889 -2.115