#Seq2Logo.py -f /work3/idamei/wzy_ssn/run/1e-50/run/150/MSAs/0005_141.afa -o /work3/idamei/wzy_ssn/run/1e-50/run/150/logos/0005_141.logo
Last position-specific scoring matrix computed, values are in halfbits
A R N D C Q E G H I L K M F P S T W Y V
0 L -1.056 -1.359 -2.336 -2.79 -0.144 -1.027 -2.329 -2.559 -0.944 1.627 2.159 -1.428 5.486 0.492 -3.218 -1.992 -1.022 -1.282 -0.808 1.014
1 I -1.353 -3.077 -3.239 -3.157 -0.126 -3.185 -3.663 -3.455 -2.687 4.457 1.701 -2.655 1.295 0.242 -3.481 -3.052 -1.051 -2.161 -1.261 2.884
2 S 1.092 -0.717 0.521 -0.225 0.096 -0.546 -0.531 -0.082 -0.436 -1.887 -2.304 -0.261 -1.163 -1.919 -1.451 3.177 1.035 -2.525 -1.732 -1.268
3 K -0.802 2.118 -0.244 -0.698 -1.953 0.831 0.337 -1.318 -0.219 -2.099 -2.216 4.428 -1.2 -2.782 -1.663 -0.857 -1.058 -2.525 -1.765 -1.975
4 A 3.859 -1.46 -1.638 -1.663 0.704 -1.296 -1.274 0.398 -1.187 -0.806 -1.297 -0.825 -0.85 -1.824 -1.451 0.479 -0.398 -2.416 -1.732 0.163
5 I -1.353 -3.077 -3.239 -3.157 -0.126 -3.185 -3.663 -3.455 -2.687 4.457 1.701 -2.655 1.295 0.242 -3.481 -3.052 -1.051 -2.161 -1.261 2.884
6 S 1.092 -0.717 0.521 -0.225 0.096 -0.546 -0.531 -0.082 -0.436 -1.887 -2.304 -0.261 -1.163 -1.919 -1.451 3.177 1.035 -2.525 -1.732 -1.268
7 V -0.21 -2.462 -2.905 -3.14 0.364 -2.563 -2.87 -2.931 -2.891 3.054 0.969 -2.364 0.856 -0.374 -3.147 -2.26 -0.427 -2.363 -1.261 4.06
8 S 1.092 -0.717 0.521 -0.225 0.096 -0.546 -0.531 -0.082 -0.436 -1.887 -2.304 -0.261 -1.163 -1.919 -1.451 3.177 1.035 -2.525 -1.732 -1.268
9 R -1.51 5.465 -0.438 -1.54 -2.235 0.542 -0.537 -2.104 0.122 -2.588 -2.004 2.043 -1.2 -2.448 -2.68 -1.382 -1.43 -2.21 -1.748 -2.138
10 R -1.51 5.465 -0.438 -1.54 -2.235 0.542 -0.537 -2.104 0.122 -2.588 -2.004 2.043 -1.2 -2.448 -2.68 -1.382 -1.43 -2.21 -1.748 -2.138
11 C -0.423 -3.314 -2.94 -3.394 9.654 -3.434 -3.9 -2.139 -2.926 -0.708 -1.037 -3.089 -1.054 -2.003 -3.182 -1.646 -1.293 -3.211 -2.772 -0.385
12 K -0.802 2.118 -0.244 -0.698 -1.953 0.831 0.337 -1.318 -0.219 -2.099 -2.216 4.428 -1.2 -2.782 -1.663 -0.857 -1.058 -2.525 -1.765 -1.975
13 D -1.753 -1.564 1.223 5.797 -2.348 -0.848 1.074 -1.1 -0.512 -2.701 -3.467 -0.805 -2.674 -2.896 -2.265 -0.928 -1.389 -3.507 -3.019 -2.84
14 F -2.31 -2.872 -2.836 -3.29 -1.35 -3.84 -3.458 -2.851 -0.804 0.301 0.589 -3.28 0.225 6.477 -4.424 -3.007 -2.347 0.876 2.955 -0.483
15 L -1.24 -1.641 -2.671 -3.073 -0.176 -1.505 -2.651 -2.84 -1.365 1.729 2.921 -1.77 4.904 0.58 -3.372 -2.363 -1.228 -1.431 -0.919 1.015
16 K -1.133 1.264 -0.779 -1.32 -1.915 0.158 -0.35 -1.796 0.752 -1.627 -1.74 3.509 -1.046 0.778 -2.153 -1.327 -1.395 0.036 3.805 -1.632
17 F -1.33 -2.363 -2.629 -3.179 -0.792 -2.637 -2.891 -2.935 0.161 1.29 0.29 -2.477 0.168 4.378 -3.612 -2.581 -1.521 0.82 4.346 1.89
18 F -1.145 -2.228 -1.745 -2.312 -0.412 -2.487 -2.663 -2.428 -1.563 2.391 0.589 -2.065 0.395 3.823 -2.994 -1.227 1.771 -0.804 0.784 1.229
19 F -1.993 -2.977 -3.003 -3.283 -0.92 -3.643 -3.563 -3.077 -1.345 2.463 0.971 -3.095 0.589 5.523 -4.113 -3.06 -1.885 0.132 2.063 1.072
20 G -0.423 -2.092 0.201 3.126 -1.644 -1.698 -0.851 4.779 -1.142 -3.057 -3.485 -1.364 -2.691 -2.771 -2.621 -1.0 -1.755 -2.774 -3.127 -2.879
21 V -0.023 -1.943 -1.373 -1.858 0.08 -1.906 -2.072 -1.788 -1.815 2.905 0.529 -1.589 0.472 -0.588 -2.588 0.789 -0.049 -2.384 -1.448 2.663
22 V -0.794 -2.631 -2.92 -3.228 -0.141 -2.968 -3.091 -2.942 -2.055 2.353 0.81 -2.677 0.622 3.844 -3.552 -2.526 -0.975 -0.886 0.846 3.264
23 L -1.051 -2.297 -3.225 -3.474 0.008 -2.637 -3.176 -3.247 -2.515 2.374 3.341 -2.462 1.746 0.463 -3.467 -2.851 -1.167 -1.89 -1.145 2.507
24 L -1.051 -2.297 -3.225 -3.474 0.008 -2.637 -3.176 -3.247 -2.515 2.374 3.341 -2.462 1.746 0.463 -3.467 -2.851 -1.167 -1.89 -1.145 2.507
25 F -2.349 -2.911 -2.875 -3.329 -1.388 -3.878 -3.497 -2.889 -0.843 0.262 0.55 -3.319 0.187 6.537 -4.462 -3.045 -2.385 0.837 2.917 -0.522
26 F -2.059 -2.654 -3.032 -3.427 -0.92 -3.41 -3.436 -3.048 -1.258 0.96 2.233 -3.016 0.983 5.559 -4.153 -3.087 -2.097 0.218 2.088 0.121
27 F -2.349 -2.911 -2.875 -3.329 -1.388 -3.878 -3.497 -2.889 -0.843 0.262 0.55 -3.319 0.187 6.537 -4.462 -3.045 -2.385 0.837 2.917 -0.522
28 V -0.581 -2.691 -3.051 -3.184 0.171 -2.794 -3.149 -3.134 -2.86 3.626 1.196 -2.496 0.971 -0.192 -3.293 -2.539 -0.659 -2.332 -1.299 3.787
29 F -2.349 -2.911 -2.875 -3.329 -1.388 -3.878 -3.497 -2.889 -0.843 0.262 0.55 -3.319 0.187 6.537 -4.462 -3.045 -2.385 0.837 2.917 -0.522
30 A 3.136 -1.761 -1.209 -1.575 0.139 -1.598 -1.69 3.412 -1.311 -1.444 -1.889 -1.106 -1.371 -2.114 -1.862 0.031 -0.855 -2.454 -2.164 -0.576
31 F -2.349 -2.911 -2.875 -3.329 -1.388 -3.878 -3.497 -2.889 -0.843 0.262 0.55 -3.319 0.187 6.537 -4.462 -3.045 -2.385 0.837 2.917 -0.522
32 R -0.402 4.526 -0.12 -1.07 -1.273 0.184 -0.573 -1.301 -0.09 -2.373 -2.139 1.42 -1.226 -2.299 -2.248 1.087 -0.396 -2.35 -1.781 -1.856
33 L -1.499 -2.474 -3.343 -3.48 -0.165 -2.832 -3.441 -3.429 -2.454 3.119 3.459 -2.558 1.859 0.628 -3.585 -3.145 -1.416 -1.832 -1.145 1.801
34 P -0.851 -2.028 -1.948 -1.578 -1.471 -1.947 -1.637 -1.867 -1.622 -2.332 -2.765 -1.078 -2.417 -3.35 6.677 -1.466 -1.363 -4.563 -2.65 -2.176
35 L -1.004 -2.581 -3.193 -3.329 0.008 -2.813 -3.291 -3.277 -2.65 3.383 2.544 -2.527 1.449 0.247 -3.435 -2.826 -1.013 -2.071 -1.221 2.962
36 F -2.059 -2.654 -3.032 -3.427 -0.92 -3.41 -3.436 -3.048 -1.258 0.96 2.233 -3.016 0.983 5.559 -4.153 -3.087 -2.097 0.218 2.088 0.121
37 L -1.516 -0.111 -1.839 -2.253 -1.079 -1.206 -1.6 -2.412 -1.019 0.498 1.879 1.769 0.683 3.837 -3.021 -2.17 -1.644 -0.755 0.811 -0.207
38 N -1.674 -0.429 5.673 1.267 -1.861 -0.541 -0.74 -0.169 0.954 -2.727 -3.166 -0.31 -2.176 -2.389 -2.602 -0.132 -0.466 -2.981 -2.083 -2.575
39 S 1.054 -0.755 0.483 -0.263 0.058 -0.584 -0.569 -0.121 -0.474 -1.926 -2.343 -0.299 -1.201 -1.958 -1.49 3.311 0.997 -2.563 -1.77 -1.307
40 G -0.097 -1.922 -0.944 -1.705 -0.212 -1.906 -2.234 3.008 -1.871 0.895 -0.68 -1.55 -0.469 -1.418 -2.49 -0.615 1.893 -2.35 -1.957 1.841
41 Y -1.827 -1.792 -2.14 -3.036 -1.766 -1.798 -2.378 -2.946 2.09 -0.818 -0.924 -1.887 -0.696 3.334 -3.347 -2.451 -2.104 2.294 6.685 -0.994
42 L -1.004 -2.581 -3.193 -3.329 0.008 -2.813 -3.291 -3.277 -2.65 3.383 2.544 -2.527 1.449 0.247 -3.435 -2.826 -1.013 -2.071 -1.221 2.962
43 V 1.733 -2.293 -2.547 -2.603 0.295 -2.277 -2.465 -1.493 -2.188 2.986 0.674 -1.869 0.533 -0.568 -2.588 -1.231 -0.648 -2.35 -1.448 2.815
44 Y -1.99 -2.119 -2.365 -3.131 -1.635 -2.34 -2.705 -2.927 1.4 -0.411 -0.345 -2.29 -0.371 4.828 -3.673 -2.636 -2.194 1.885 5.882 -0.828
45 V -0.023 -1.943 -1.373 -1.858 0.08 -1.906 -2.072 -1.788 -1.815 2.905 0.529 -1.589 0.472 -0.588 -2.588 0.789 -0.049 -2.384 -1.448 2.663
46 L -1.736 -2.715 -3.168 -3.38 -0.518 -3.209 -3.502 -3.247 -1.847 2.809 2.475 -2.814 1.293 4.009 -3.837 -3.102 -1.641 -0.686 0.884 1.46
47 S 2.368 -0.982 -0.074 -0.668 0.275 -0.813 -0.797 0.048 -0.704 -1.519 -1.967 -0.475 -1.093 -1.926 -1.49 2.631 0.593 -2.527 -1.77 -0.747
48 L 1.451 -2.146 -2.552 -2.757 -0.176 -2.437 -2.529 -1.461 -1.399 0.708 1.964 -2.039 0.746 3.874 -2.908 -1.401 -1.36 -0.735 0.815 0.308
49 L -1.736 -2.715 -3.168 -3.38 -0.518 -3.209 -3.502 -3.247 -1.847 2.809 2.475 -2.814 1.293 4.009 -3.837 -3.102 -1.641 -0.686 0.884 1.46
50 L -0.463 -1.517 -1.215 -1.913 -0.518 -1.553 -1.857 -1.765 0.326 0.24 1.617 -1.406 0.468 1.48 -2.655 0.765 -0.561 0.175 3.846 -0.195
51 L -1.796 -2.418 -3.199 -3.529 -0.518 -3.008 -3.378 -3.217 -1.744 1.521 3.289 -2.742 1.606 4.069 -3.874 -3.129 -1.835 -0.573 0.921 0.647
52 L -1.736 -2.715 -3.168 -3.38 -0.518 -3.209 -3.502 -3.247 -1.847 2.809 2.475 -2.814 1.293 4.009 -3.837 -3.102 -1.641 -0.686 0.884 1.46
53 L -1.194 -1.976 -1.764 -2.414 -0.412 -2.329 -2.569 -2.405 -1.469 0.837 1.993 -2.01 0.814 3.887 -3.021 -1.241 1.713 -0.686 0.822 0.337
54 S 0.396 -0.642 3.328 0.342 -0.451 -0.57 -0.625 -0.137 0.084 -2.169 -2.592 -0.303 -1.491 -2.094 -1.815 2.549 0.586 -2.696 -1.871 -1.671
55 W -0.578 -1.915 -1.418 -1.948 -0.634 -1.966 -2.09 -1.647 -1.304 1.947 -0.215 -1.685 -0.154 0.049 -3.043 0.685 -0.538 7.518 0.266 0.664
56 K -1.058 3.729 -0.346 -0.991 -2.083 0.699 0.036 -1.595 -0.139 -2.291 -2.182 3.903 -1.238 -2.704 -2.002 -1.06 -1.215 -2.454 -1.797 -2.066
57 V -0.789 -0.183 -1.835 -2.123 -0.451 -1.1 -1.553 -2.457 -1.697 2.892 0.54 1.816 0.465 -0.747 -2.689 -1.949 -0.868 -2.384 -1.458 2.609
58 R -1.548 5.537 -0.476 -1.578 -2.273 0.503 -0.575 -2.142 0.084 -2.626 -2.042 2.004 -1.238 -2.486 -2.718 -1.42 -1.468 -2.248 -1.786 -2.176
59 N -1.074 -0.617 3.251 -0.034 -1.162 -0.587 -0.859 -0.997 5.191 -1.63 -2.141 -0.623 -1.257 -1.55 -2.316 -0.198 1.867 -2.15 -0.189 -1.419
60 L -1.083 -1.558 2.762 -0.938 -0.425 -1.754 -2.087 -1.798 -0.894 1.601 1.902 -1.548 0.743 -0.378 -3.105 -1.573 -0.795 -2.298 -1.453 2.048
61 F 1.661 -1.741 -1.353 -1.868 -0.083 -1.869 -1.907 -0.991 -1.155 -0.238 -0.492 -1.451 -0.38 3.679 -2.274 -0.216 1.86 -0.855 0.712 -0.043
62 L -1.516 -0.111 -1.839 -2.253 -1.079 -1.206 -1.6 -2.412 -1.019 0.498 1.879 1.769 0.683 3.837 -3.021 -2.17 -1.644 -0.755 0.811 -0.207
63 V -0.023 -1.943 -1.373 -1.858 0.08 -1.906 -2.072 -1.788 -1.815 2.905 0.529 -1.589 0.472 -0.588 -2.588 0.789 -0.049 -2.384 -1.448 2.663
64 L -1.499 -2.474 -3.343 -3.48 -0.165 -2.832 -3.441 -3.429 -2.454 3.119 3.459 -2.558 1.859 0.628 -3.585 -3.145 -1.416 -1.832 -1.145 1.801
65 I -1.676 -3.045 -3.136 -3.239 -0.518 -3.426 -3.631 -3.277 -1.953 3.697 1.337 -2.887 0.942 3.947 -3.8 -3.075 -1.46 -0.804 0.846 2.093
66 K -0.063 1.404 -0.004 -0.57 -1.137 0.402 0.037 -0.883 -0.328 -2.065 -2.284 3.615 -1.226 -2.503 -1.629 1.244 -0.219 -2.563 -1.792 -1.758
67 T -0.556 -0.863 3.183 -0.047 -0.412 -0.912 -1.158 -0.896 -0.4 -0.856 -1.616 -0.631 -0.994 -1.836 -1.971 0.441 3.383 -2.437 -1.837 -0.453
68 P -1.349 2.897 -0.499 -1.363 -2.003 -0.369 -0.865 -1.901 5.126 -2.54 -2.455 0.407 -1.594 -2.046 3.72 -1.493 -1.665 -2.49 -0.293 -2.439
69 V -1.201 -2.831 -3.026 -3.233 -0.323 -3.188 -3.349 -3.105 -2.004 3.103 1.085 -2.78 0.787 3.896 -3.673 -2.788 -1.207 -0.845 0.846 2.738
70 F -2.349 -2.911 -2.875 -3.329 -1.388 -3.878 -3.497 -2.889 -0.843 0.262 0.55 -3.319 0.187 6.537 -4.462 -3.045 -2.385 0.837 2.917 -0.522
71 F -2.45 -2.729 -2.973 -3.427 -1.674 -3.489 -3.315 -2.709 -0.941 -0.289 -0.017 -3.137 -0.228 5.579 -4.748 -3.149 -2.489 7.643 2.684 -0.99
72 L -1.499 -2.474 -3.343 -3.48 -0.165 -2.832 -3.441 -3.429 -2.454 3.119 3.459 -2.558 1.859 0.628 -3.585 -3.145 -1.416 -1.832 -1.145 1.801
73 A 2.989 -1.714 -2.14 -2.214 0.414 -1.711 -1.84 -0.443 -1.548 0.433 1.666 -1.311 0.489 -0.672 -2.041 -0.344 -0.773 -2.167 -1.517 0.484
74 F -1.993 -2.977 -3.003 -3.283 -0.92 -3.643 -3.563 -3.077 -1.345 2.463 0.971 -3.095 0.589 5.523 -4.113 -3.06 -1.885 0.132 2.063 1.072
75 L -1.796 -2.418 -3.199 -3.529 -0.518 -3.008 -3.378 -3.217 -1.744 1.521 3.289 -2.742 1.606 4.069 -3.874 -3.129 -1.835 -0.573 0.921 0.647
76 S 1.054 -0.755 0.483 -0.263 0.058 -0.584 -0.569 -0.121 -0.474 -1.926 -2.343 -0.299 -1.201 -1.958 -1.49 3.311 0.997 -2.563 -1.77 -1.307
77 L -1.267 -0.873 -1.823 -2.012 -0.641 2.119 -0.887 -2.639 -0.982 2.568 2.17 -0.724 1.167 -0.243 -3.021 -2.114 -1.212 -2.01 -1.221 1.281
78 L 1.532 -1.947 -2.693 -2.838 0.139 -2.144 -2.486 -1.557 -1.912 1.316 3.105 -1.842 1.417 0.168 -2.723 -1.425 -1.155 -1.905 -1.285 0.804
79 G -0.57 -2.599 -1.96 -2.603 6.678 -2.733 -3.249 2.937 -2.198 0.087 1.516 -2.366 0.153 -0.876 -3.191 -1.825 -1.609 -2.384 -2.195 -0.313
80 L -1.621 -2.103 -2.846 -3.244 -0.525 -2.303 -3.017 -2.942 -1.311 1.37 2.598 -2.326 3.564 4.032 -3.736 -2.703 -1.63 -0.49 0.96 0.602
81 L -1.051 -2.297 -3.225 -3.474 0.008 -2.637 -3.176 -3.247 -2.515 2.374 3.341 -2.462 1.746 0.463 -3.467 -2.851 -1.167 -1.89 -1.145 2.507
82 F -1.993 -2.977 -3.003 -3.283 -0.92 -3.643 -3.563 -3.077 -1.345 2.463 0.971 -3.095 0.589 5.523 -4.113 -3.06 -1.885 0.132 2.063 1.072
83 F -2.349 -2.911 -2.875 -3.329 -1.388 -3.878 -3.497 -2.889 -0.843 0.262 0.55 -3.319 0.187 6.537 -4.462 -3.045 -2.385 0.837 2.917 -0.522
84 S 0.711 -0.868 0.286 -0.496 0.075 -0.751 -0.818 -0.473 -0.758 -1.248 -1.854 -0.458 -0.966 -1.832 -1.558 2.671 2.544 -2.437 -1.753 -0.706
85 C -0.74 -3.271 -3.075 -3.351 8.572 -3.387 -3.857 -2.553 -2.883 2.186 0.147 -2.975 -0.083 -1.086 -3.317 -2.082 -1.248 -2.855 -2.215 1.11
86 V -0.581 -2.691 -3.051 -3.184 0.171 -2.794 -3.149 -3.134 -2.86 3.626 1.196 -2.496 0.971 -0.192 -3.293 -2.539 -0.659 -2.332 -1.299 3.787
87 S 1.054 -0.755 0.483 -0.263 0.058 -0.584 -0.569 -0.121 -0.474 -1.926 -2.343 -0.299 -1.201 -1.958 -1.49 3.311 0.997 -2.563 -1.77 -1.307
88 L -1.051 -2.297 -3.225 -3.474 0.008 -2.637 -3.176 -3.247 -2.515 2.374 3.341 -2.462 1.746 0.463 -3.467 -2.851 -1.167 -1.89 -1.145 2.507
89 L -1.051 -2.297 -3.225 -3.474 0.008 -2.637 -3.176 -3.247 -2.515 2.374 3.341 -2.462 1.746 0.463 -3.467 -2.851 -1.167 -1.89 -1.145 2.507
90 L -1.004 -2.581 -3.193 -3.329 0.008 -2.813 -3.291 -3.277 -2.65 3.383 2.544 -2.527 1.449 0.247 -3.435 -2.826 -1.013 -2.071 -1.221 2.962
91 N -1.674 -0.429 5.673 1.267 -1.861 -0.541 -0.74 -0.169 0.954 -2.727 -3.166 -0.31 -2.176 -2.389 -2.602 -0.132 -0.466 -2.981 -2.083 -2.575
92 G -0.743 -0.291 3.157 0.057 -1.694 2.37 -0.213 3.19 0.264 -2.71 -2.81 -0.02 -1.587 -2.675 -2.508 -0.615 -1.067 -2.527 -2.083 -2.382
93 T 0.323 -0.985 0.075 -0.75 0.091 -0.928 -1.091 -0.876 -1.073 -0.699 -1.436 -0.627 -0.748 -1.711 -1.629 1.848 3.545 -2.315 -1.737 -0.209
94 G -0.782 -1.217 0.228 3.45 -2.003 -0.212 2.29 3.073 -0.454 -2.908 -3.209 -0.451 -2.353 -2.747 -2.308 -0.928 -1.546 -2.755 -2.657 -2.614
95 D -1.791 -1.602 1.185 5.854 -2.387 -0.886 1.036 -1.138 -0.55 -2.74 -3.506 -0.844 -2.712 -2.934 -2.304 -0.966 -1.427 -3.545 -3.058 -2.879
96 L -1.004 -2.581 -3.193 -3.329 0.008 -2.813 -3.291 -3.277 -2.65 3.383 2.544 -2.527 1.449 0.247 -3.435 -2.826 -1.013 -2.071 -1.221 2.962
97 S 1.054 -0.755 0.483 -0.263 0.058 -0.584 -0.569 -0.121 -0.474 -1.926 -2.343 -0.299 -1.201 -1.958 -1.49 3.311 0.997 -2.563 -1.77 -1.307
98 I -1.391 -3.115 -3.277 -3.195 -0.165 -3.224 -3.701 -3.493 -2.725 4.558 1.662 -2.693 1.257 0.204 -3.519 -3.091 -1.089 -2.199 -1.299 2.846
99 F -1.867 -2.314 -2.698 -3.152 -0.928 -2.613 -3.069 -2.788 -0.888 0.775 1.174 -2.562 3.265 5.537 -4.002 -2.666 -1.873 0.281 2.114 0.068
100 G -0.505 -0.009 -0.804 -1.195 -1.586 -0.779 -1.06 3.063 -1.055 -2.529 -2.789 2.024 -2.041 -2.94 3.762 -1.116 -1.443 -3.045 -2.483 -2.332
101 T -0.167 -1.501 -0.821 -1.584 0.182 -1.533 -1.815 -1.791 -1.847 1.286 -0.24 -1.246 -0.017 -1.145 -2.117 -0.008 3.383 -2.265 -1.573 2.18
102 L -1.499 -2.474 -3.343 -3.48 -0.165 -2.832 -3.441 -3.429 -2.454 3.119 3.459 -2.558 1.859 0.628 -3.585 -3.145 -1.416 -1.832 -1.145 1.801
103 F -1.993 -2.977 -3.003 -3.283 -0.92 -3.643 -3.563 -3.077 -1.345 2.463 0.971 -3.095 0.589 5.523 -4.113 -3.06 -1.885 0.132 2.063 1.072
104 N -1.674 -0.429 5.673 1.267 -1.861 -0.541 -0.74 -0.169 0.954 -2.727 -3.166 -0.31 -2.176 -2.389 -2.602 -0.132 -0.466 -2.981 -2.083 -2.575
105 N -1.713 -0.77 4.793 3.671 -2.026 -0.652 -0.02 -0.457 0.534 -2.731 -3.275 -0.477 -2.344 -2.559 -2.499 -0.384 -0.752 -3.157 -2.373 -2.672
106 L -1.183 -2.446 -3.112 -3.407 -0.208 -2.866 -3.212 -3.132 -2.087 2.109 2.695 -2.625 1.366 3.19 -3.626 -2.825 -1.303 -1.064 0.352 2.333
107 F 1.471 -2.414 -2.526 -2.643 -0.176 -2.602 -2.621 -1.477 -1.491 2.317 0.541 -2.095 0.317 3.81 -2.882 -1.386 -1.195 -0.855 0.777 1.208
108 A 3.267 -1.229 -0.766 -1.139 0.477 -1.062 -1.043 0.208 -0.953 -1.162 -1.634 -0.663 -0.989 -1.894 -1.49 1.739 0.124 -2.49 -1.77 -0.279
109 L -1.051 -2.297 -3.225 -3.474 0.008 -2.637 -3.176 -3.247 -2.515 2.374 3.341 -2.462 1.746 0.463 -3.467 -2.851 -1.167 -1.89 -1.145 2.507
110 F -1.468 -2.767 -2.897 -3.278 -0.698 -3.387 -3.287 -2.916 -1.386 1.493 0.683 -2.98 0.413 5.494 -3.971 -2.774 -1.595 0.103 2.063 1.952
111 S 2.368 -0.982 -0.074 -0.668 0.275 -0.813 -0.797 0.048 -0.704 -1.519 -1.967 -0.475 -1.093 -1.926 -1.49 2.631 0.593 -2.527 -1.77 -0.747
112 S 2.368 -0.982 -0.074 -0.668 0.275 -0.813 -0.797 0.048 -0.704 -1.519 -1.967 -0.475 -1.093 -1.926 -1.49 2.631 0.593 -2.527 -1.77 -0.747
113 V 0.254 -1.795 -1.313 -1.855 0.239 -1.763 -1.904 -1.684 -1.863 2.095 0.191 -1.52 0.288 -0.842 -2.504 0.868 0.108 -2.454 -1.448 3.202
114 I -1.391 -3.115 -3.277 -3.195 -0.165 -3.224 -3.701 -3.493 -2.725 4.558 1.662 -2.693 1.257 0.204 -3.519 -3.091 -1.089 -2.199 -1.299 2.846
115 V -0.581 -2.691 -3.051 -3.184 0.171 -2.794 -3.149 -3.134 -2.86 3.626 1.196 -2.496 0.971 -0.192 -3.293 -2.539 -0.659 -2.332 -1.299 3.787
116 A 3.101 -1.795 -2.04 -2.115 0.557 -1.698 -1.753 -0.388 -1.69 1.063 -0.369 -1.291 -0.201 -1.294 -1.952 -0.219 -0.446 -2.437 -1.604 2.15
117 S 2.368 -0.982 -0.074 -0.668 0.275 -0.813 -0.797 0.048 -0.704 -1.519 -1.967 -0.475 -1.093 -1.926 -1.49 2.631 0.593 -2.527 -1.77 -0.747
118 C -0.155 -1.226 -0.299 -1.272 6.668 -1.089 -1.299 -1.196 5.061 -1.672 -1.929 -1.166 -1.189 -1.571 -2.395 1.028 -0.523 -2.332 -0.312 -1.4
119 L -1.555 -2.201 -3.377 -3.634 -0.165 -2.655 -3.32 -3.397 -2.328 1.991 4.061 -2.492 2.118 0.819 -3.619 -3.173 -1.595 -1.665 -1.07 1.092
120 F -1.829 -2.545 -2.725 -3.184 -1.022 -2.832 -3.131 -3.097 0.185 2.319 0.617 -2.573 0.36 4.421 -3.736 -2.847 -1.804 0.843 4.346 0.988
121 Y -0.299 -0.285 -0.389 -0.973 -1.063 2.395 -0.126 -1.295 0.978 -1.598 -1.692 -0.057 -0.754 0.859 -2.236 1.068 -0.408 0.088 3.832 -1.348
122 H -0.842 -0.028 0.075 -0.776 -1.179 2.504 0.063 -1.512 5.176 -1.516 -1.825 0.038 -0.722 -1.685 -2.178 -0.4 1.795 -1.934 -0.037 -1.227
123 R -0.429 2.986 3.225 0.041 -1.17 -0.162 -0.627 -0.67 0.249 -2.404 -2.479 0.684 -1.504 -2.268 -2.215 1.306 -0.133 -2.582 -1.876 -1.97
124 N -0.253 0.595 3.243 0.221 -1.104 -0.037 -0.3 -0.495 0.145 -2.244 -2.559 2.275 -1.504 -2.367 -1.892 1.38 -0.051 -2.696 -1.882 -1.918
125 D -0.892 0.048 -0.225 3.076 -1.087 -0.576 -0.092 -1.714 -1.025 0.611 -0.981 1.991 -0.681 -1.805 -2.334 -1.319 -0.968 -2.794 -1.963 1.53
126 N -0.967 -0.944 4.671 0.63 -1.674 -0.998 -1.245 3.298 0.344 -2.885 -3.265 -0.695 -2.334 -2.486 -2.664 -0.398 -0.877 -2.794 -2.4 -2.672
127 V -0.581 -2.691 -3.051 -3.184 0.171 -2.794 -3.149 -3.134 -2.86 3.626 1.196 -2.496 0.971 -0.192 -3.293 -2.539 -0.659 -2.332 -1.299 3.787
128 F -1.892 -2.265 -2.752 -3.323 -1.022 -2.655 -3.022 -3.069 0.237 0.714 2.01 -2.508 0.784 4.473 -3.772 -2.872 -2.009 0.911 4.357 0.003
129 N -1.383 0.679 3.238 0.038 -2.06 0.08 -0.283 -1.001 5.239 -2.501 -2.653 2.214 -1.532 -1.898 -2.316 -0.812 -1.177 -2.265 -0.205 -2.515
130 L -1.643 -2.058 -2.903 -3.421 -0.606 -2.34 -2.971 -3.239 -0.042 1.32 3.136 -2.276 1.446 1.918 -3.525 -2.912 -1.755 0.308 3.883 0.549
131 F -2.349 -2.911 -2.875 -3.329 -1.388 -3.878 -3.497 -2.889 -0.843 0.262 0.55 -3.319 0.187 6.537 -4.462 -3.045 -2.385 0.837 2.917 -0.522
132 F -1.574 -3.051 -2.909 -3.363 6.646 -3.737 -3.637 -2.632 -1.393 -0.036 0.103 -3.254 -0.18 5.44 -3.987 -2.517 -1.989 -0.002 1.938 -0.489
133 L 1.532 -1.947 -2.693 -2.838 0.139 -2.144 -2.486 -1.557 -1.912 1.316 3.105 -1.842 1.417 0.168 -2.723 -1.425 -1.155 -1.905 -1.285 0.804
134 I -1.391 -3.115 -3.277 -3.195 -0.165 -3.224 -3.701 -3.493 -2.725 4.558 1.662 -2.693 1.257 0.204 -3.519 -3.091 -1.089 -2.199 -1.299 2.846
135 L 1.532 -1.947 -2.693 -2.838 0.139 -2.144 -2.486 -1.557 -1.912 1.316 3.105 -1.842 1.417 0.168 -2.723 -1.425 -1.155 -1.905 -1.285 0.804
136 L -1.252 -2.523 -3.057 -3.374 -0.323 -2.988 -3.231 -3.077 -1.895 1.967 2.308 -2.709 1.156 3.959 -3.708 -2.812 -1.373 -0.725 0.884 2.243
137 L -1.499 -2.474 -3.343 -3.48 -0.165 -2.832 -3.441 -3.429 -2.454 3.119 3.459 -2.558 1.859 0.628 -3.585 -3.145 -1.416 -1.832 -1.145 1.801
138 Q -0.897 0.993 -0.107 -0.371 -1.925 4.933 1.378 -1.493 0.755 -2.255 -2.005 1.207 -0.417 -2.973 -2.165 -0.769 -0.989 -2.199 -1.299 -1.801
139 S 1.054 -0.755 0.483 -0.263 0.058 -0.584 -0.569 -0.121 -0.474 -1.926 -2.343 -0.299 -1.201 -1.958 -1.49 3.311 0.997 -2.563 -1.77 -1.307
140 V -1.201 -2.831 -3.026 -3.233 -0.323 -3.188 -3.349 -3.105 -2.004 3.103 1.085 -2.78 0.787 3.896 -3.673 -2.788 -1.207 -0.845 0.846 2.738
141 A 1.911 -1.589 -1.014 -1.501 -0.1 -1.627 -1.55 -0.574 -0.831 -0.699 -0.787 -1.229 -0.571 3.66 -2.186 1.273 -0.294 -0.928 0.705 -0.509
142 I -1.391 -3.115 -3.277 -3.195 -0.165 -3.224 -3.701 -3.493 -2.725 4.558 1.662 -2.693 1.257 0.204 -3.519 -3.091 -1.089 -2.199 -1.299 2.846
143 I -1.289 -2.423 -2.944 -3.068 -0.171 -2.313 -3.185 -3.163 -2.021 3.863 1.823 -2.224 3.547 0.289 -3.429 -2.692 -1.079 -1.875 -1.14 2.346
144 L 1.532 -1.947 -2.693 -2.838 0.139 -2.144 -2.486 -1.557 -1.912 1.316 3.105 -1.842 1.417 0.168 -2.723 -1.425 -1.155 -1.905 -1.285 0.804
145 L -1.094 -1.397 -2.374 -2.828 -0.182 -1.065 -2.367 -2.597 -0.982 1.589 2.121 -1.467 5.683 0.453 -3.256 -2.031 -1.06 -1.32 -0.846 0.975
146 L -1.094 -1.397 -2.374 -2.828 -0.182 -1.065 -2.367 -2.597 -0.982 1.589 2.121 -1.467 5.683 0.453 -3.256 -2.031 -1.06 -1.32 -0.846 0.975
147 F -2.059 -2.654 -3.032 -3.427 -0.92 -3.41 -3.436 -3.048 -1.258 0.96 2.233 -3.016 0.983 5.559 -4.153 -3.087 -2.097 0.218 2.088 0.121
148 F -2.349 -2.911 -2.875 -3.329 -1.388 -3.878 -3.497 -2.889 -0.843 0.262 0.55 -3.319 0.187 6.537 -4.462 -3.045 -2.385 0.837 2.917 -0.522
149 P -0.851 -2.028 -1.948 -1.578 -1.471 -1.947 -1.637 -1.867 -1.622 -2.332 -2.765 -1.078 -2.417 -3.35 6.677 -1.466 -1.363 -4.563 -2.65 -2.176
150 S 0.396 -0.642 3.328 0.342 -0.451 -0.57 -0.625 -0.137 0.084 -2.169 -2.592 -0.303 -1.491 -2.094 -1.815 2.549 0.586 -2.696 -1.871 -1.671
151 F -1.993 -2.977 -3.003 -3.283 -0.92 -3.643 -3.563 -3.077 -1.345 2.463 0.971 -3.095 0.589 5.523 -4.113 -3.06 -1.885 0.132 2.063 1.072
152 N -1.674 -0.429 5.673 1.267 -1.861 -0.541 -0.74 -0.169 0.954 -2.727 -3.166 -0.31 -2.176 -2.389 -2.602 -0.132 -0.466 -2.981 -2.083 -2.575
153 A 2.047 -0.743 -0.384 0.142 -0.292 0.032 2.121 -0.415 -0.366 -1.741 -2.071 -0.097 -1.263 -2.128 -1.619 1.515 -0.092 -2.472 -1.82 -0.955
154 L -1.124 -2.15 -2.774 -3.272 -0.406 -2.324 -2.843 -3.097 -0.126 1.796 2.091 -2.248 0.968 1.68 -3.378 -2.616 -1.305 0.196 3.87 2.186
155 I -0.958 -2.895 -3.162 -3.19 0.008 -3.001 -3.412 -3.308 -2.792 4.13 1.439 -2.593 1.118 0.012 -3.404 -2.802 -0.866 -2.265 -1.299 3.355
156 Q -0.897 0.993 -0.107 -0.371 -1.925 4.933 1.378 -1.493 0.755 -2.255 -2.005 1.207 -0.417 -2.973 -2.165 -0.769 -0.989 -2.199 -1.299 -1.801
157 S 1.054 -0.755 0.483 -0.263 0.058 -0.584 -0.569 -0.121 -0.474 -1.926 -2.343 -0.299 -1.201 -1.958 -1.49 3.311 0.997 -2.563 -1.77 -1.307
158 I -0.958 -2.895 -3.162 -3.19 0.008 -3.001 -3.412 -3.308 -2.792 4.13 1.439 -2.593 1.118 0.012 -3.404 -2.802 -0.866 -2.265 -1.299 3.355
159 I -0.958 -2.895 -3.162 -3.19 0.008 -3.001 -3.412 -3.308 -2.792 4.13 1.439 -2.593 1.118 0.012 -3.404 -2.802 -0.866 -2.265 -1.299 3.355
160 R -1.548 5.537 -0.476 -1.578 -2.273 0.503 -0.575 -2.142 0.084 -2.626 -2.042 2.004 -1.238 -2.486 -2.718 -1.42 -1.468 -2.248 -1.786 -2.176
161 T 0.323 -0.985 0.075 -0.75 0.091 -0.928 -1.091 -0.876 -1.073 -0.699 -1.436 -0.627 -0.748 -1.711 -1.629 1.848 3.545 -2.315 -1.737 -0.209
162 D -1.158 0.513 0.274 3.492 -2.261 0.557 2.583 -1.465 -0.117 -2.536 -2.781 2.363 -1.843 -2.789 -1.956 -0.888 -1.276 -2.794 -2.208 -2.322
163 A 2.047 -0.743 -0.384 0.142 -0.292 0.032 2.121 -0.415 -0.366 -1.741 -2.071 -0.097 -1.263 -2.128 -1.619 1.515 -0.092 -2.472 -1.82 -0.955
164 E -0.933 -0.136 -0.353 1.504 -2.425 1.332 4.527 -1.964 0.378 -2.778 -2.717 0.662 -1.768 -2.622 -1.896 -0.805 -1.315 -2.402 -1.922 -2.148
165 A 1.754 -1.785 -1.428 -1.841 0.224 -1.75 -1.945 -1.087 -1.72 2.24 0.093 -1.331 0.103 -0.931 -2.104 -0.222 1.983 -2.282 -1.589 1.358
166 E -0.933 -0.136 -0.353 1.504 -2.425 1.332 4.527 -1.964 0.378 -2.778 -2.717 0.662 -1.768 -2.622 -1.896 -0.805 -1.315 -2.402 -1.922 -2.148
167 F -2.349 -2.911 -2.875 -3.329 -1.388 -3.878 -3.497 -2.889 -0.843 0.262 0.55 -3.319 0.187 6.537 -4.462 -3.045 -2.385 0.837 2.917 -0.522
168 L -1.094 -1.397 -2.374 -2.828 -0.182 -1.065 -2.367 -2.597 -0.982 1.589 2.121 -1.467 5.683 0.453 -3.256 -2.031 -1.06 -1.32 -0.846 0.975
169 S 2.368 -0.982 -0.074 -0.668 0.275 -0.813 -0.797 0.048 -0.704 -1.519 -1.967 -0.475 -1.093 -1.926 -1.49 2.631 0.593 -2.527 -1.77 -0.747
170 A 1.602 -0.13 3.061 -0.014 -0.77 2.439 0.02 -0.334 0.314 -1.827 -2.073 0.149 -1.069 -2.373 -2.049 -0.112 -0.619 -2.527 -1.699 -1.185
171 T -0.127 -1.107 -0.153 -1.029 0.107 -1.117 -1.392 -1.343 -1.427 -0.238 -1.071 -0.805 -0.546 -1.595 -1.701 0.691 4.287 -2.199 -1.721 0.215
172 Y -1.827 -1.792 -2.14 -3.036 -1.766 -1.798 -2.378 -2.946 2.09 -0.818 -0.924 -1.887 -0.696 3.334 -3.347 -2.451 -2.104 2.294 6.685 -0.994
173 G 0.075 -2.372 -0.454 -1.337 -1.335 -2.21 -2.636 5.823 -1.491 -3.23 -3.475 -1.665 -2.681 -2.693 -2.794 -1.017 -1.934 -2.454 -3.163 -2.879
174 G 0.075 -2.372 -0.454 -1.337 -1.335 -2.21 -2.636 5.823 -1.491 -3.23 -3.475 -1.665 -2.681 -2.693 -2.794 -1.017 -1.934 -2.454 -3.163 -2.879
175 V -0.581 -2.691 -3.051 -3.184 0.171 -2.794 -3.149 -3.134 -2.86 3.626 1.196 -2.496 0.971 -0.192 -3.293 -2.539 -0.659 -2.332 -1.299 3.787
176 R -1.548 5.537 -0.476 -1.578 -2.273 0.503 -0.575 -2.142 0.084 -2.626 -2.042 2.004 -1.238 -2.486 -2.718 -1.42 -1.468 -2.248 -1.786 -2.176
177 G 0.075 -2.372 -0.454 -1.337 -1.335 -2.21 -2.636 5.823 -1.491 -3.23 -3.475 -1.665 -2.681 -2.693 -2.794 -1.017 -1.934 -2.454 -3.163 -2.879
178 F -2.059 -2.654 -3.032 -3.427 -0.92 -3.41 -3.436 -3.048 -1.258 0.96 2.233 -3.016 0.983 5.559 -4.153 -3.087 -2.097 0.218 2.088 0.121
179 G 0.075 -2.372 -0.454 -1.337 -1.335 -2.21 -2.636 5.823 -1.491 -3.23 -3.475 -1.665 -2.681 -2.693 -2.794 -1.017 -1.934 -2.454 -3.163 -2.879
180 I -1.391 -3.115 -3.277 -3.195 -0.165 -3.224 -3.701 -3.493 -2.725 4.558 1.662 -2.693 1.257 0.204 -3.519 -3.091 -1.089 -2.199 -1.299 2.846
181 S 2.368 -0.982 -0.074 -0.668 0.275 -0.813 -0.797 0.048 -0.704 -1.519 -1.967 -0.475 -1.093 -1.926 -1.49 2.631 0.593 -2.527 -1.77 -0.747
182 G 0.075 -2.372 -0.454 -1.337 -1.335 -2.21 -2.636 5.823 -1.491 -3.23 -3.475 -1.665 -2.681 -2.693 -2.794 -1.017 -1.934 -2.454 -3.163 -2.879
183 S 1.054 -0.755 0.483 -0.263 0.058 -0.584 -0.569 -0.121 -0.474 -1.926 -2.343 -0.299 -1.201 -1.958 -1.49 3.311 0.997 -2.563 -1.77 -1.307
184 V -0.248 -2.501 -2.944 -3.179 0.326 -2.602 -2.908 -2.97 -2.929 3.015 0.931 -2.402 0.817 -0.413 -3.186 -2.298 -0.466 -2.402 -1.299 4.163
185 A 3.952 -1.498 -1.676 -1.702 0.665 -1.334 -1.313 0.359 -1.225 -0.845 -1.336 -0.863 -0.888 -1.863 -1.49 0.44 -0.436 -2.454 -1.77 0.124
186 F -2.349 -2.911 -2.875 -3.329 -1.388 -3.878 -3.497 -2.889 -0.843 0.262 0.55 -3.319 0.187 6.537 -4.462 -3.045 -2.385 0.837 2.917 -0.522
187 G 0.075 -2.372 -0.454 -1.337 -1.335 -2.21 -2.636 5.823 -1.491 -3.23 -3.475 -1.665 -2.681 -2.693 -2.794 -1.017 -1.934 -2.454 -3.163 -2.879
188 L -1.555 -2.201 -3.377 -3.634 -0.165 -2.655 -3.32 -3.397 -2.328 1.991 4.061 -2.492 2.118 0.819 -3.619 -3.173 -1.595 -1.665 -1.07 1.092
189 S 2.368 -0.982 -0.074 -0.668 0.275 -0.813 -0.797 0.048 -0.704 -1.519 -1.967 -0.475 -1.093 -1.926 -1.49 2.631 0.593 -2.527 -1.77 -0.747
190 I -1.391 -3.115 -3.277 -3.195 -0.165 -3.224 -3.701 -3.493 -2.725 4.558 1.662 -2.693 1.257 0.204 -3.519 -3.091 -1.089 -2.199 -1.299 2.846
191 V -0.535 -2.115 -1.76 -2.277 0.096 -2.174 -2.504 -2.451 -2.281 3.045 0.72 -1.842 0.606 -0.509 -2.689 -1.079 1.978 -2.265 -1.433 2.827
192 L -1.094 -1.397 -2.374 -2.828 -0.182 -1.065 -2.367 -2.597 -0.982 1.589 2.121 -1.467 5.683 0.453 -3.256 -2.031 -1.06 -1.32 -0.846 0.975
193 G 0.763 -1.201 0.203 -0.579 -0.336 -1.031 -1.109 3.308 -0.775 -2.298 -2.673 -0.687 -1.615 -2.182 -1.862 2.447 0.307 -2.527 -2.164 -1.742
194 L -1.736 -2.715 -3.168 -3.38 -0.518 -3.209 -3.502 -3.247 -1.847 2.809 2.475 -2.814 1.293 4.009 -3.837 -3.102 -1.641 -0.686 0.884 1.46
195 L -1.555 -2.201 -3.377 -3.634 -0.165 -2.655 -3.32 -3.397 -2.328 1.991 4.061 -2.492 2.118 0.819 -3.619 -3.173 -1.595 -1.665 -1.07 1.092
196 G 2.187 -1.467 -0.418 -1.034 -0.088 -1.301 -1.385 3.361 -1.031 -1.84 -2.255 -0.889 -1.491 -2.148 -1.862 1.485 -0.216 -2.49 -2.164 -1.101
197 F -2.349 -2.911 -2.875 -3.329 -1.388 -3.878 -3.497 -2.889 -0.843 0.262 0.55 -3.319 0.187 6.537 -4.462 -3.045 -2.385 0.837 2.917 -0.522
198 L -1.796 -2.418 -3.199 -3.529 -0.518 -3.008 -3.378 -3.217 -1.744 1.521 3.289 -2.742 1.606 4.069 -3.874 -3.129 -1.835 -0.573 0.921 0.647
199 V 0.288 -1.362 -0.537 -1.25 0.166 -1.316 -1.469 -1.252 -1.441 1.023 -0.509 -1.039 -0.184 -1.244 -2.033 1.399 2.311 -2.384 -1.589 1.974
200 L -1.499 -2.474 -3.343 -3.48 -0.165 -2.832 -3.441 -3.429 -2.454 3.119 3.459 -2.558 1.859 0.628 -3.585 -3.145 -1.416 -1.832 -1.145 1.801
201 V -0.248 -2.501 -2.944 -3.179 0.326 -2.602 -2.908 -2.97 -2.929 3.015 0.931 -2.402 0.817 -0.413 -3.186 -2.298 -0.466 -2.402 -1.299 4.163
202 W -2.664 -2.397 -3.18 -3.634 -2.348 -2.838 -2.983 -2.38 -1.148 -1.868 -1.665 -2.805 -1.294 1.114 -5.422 -3.369 -2.709 10.625 2.155 -2.242
203 F -2.349 -2.911 -2.875 -3.329 -1.388 -3.878 -3.497 -2.889 -0.843 0.262 0.55 -3.319 0.187 6.537 -4.462 -3.045 -2.385 0.837 2.917 -0.522
204 G 0.026 -1.069 3.227 0.089 -0.928 -1.015 -1.176 3.303 -0.161 -2.577 -2.954 -0.691 -1.953 -2.33 -2.236 1.361 -0.225 -2.657 -2.279 -2.17
205 D -0.302 -0.77 0.506 3.532 -1.335 0.131 2.467 -0.975 -0.184 -2.454 -2.816 -0.092 -1.828 -2.475 -1.877 1.247 -0.351 -2.794 -2.195 -2.04
206 P -0.089 -0.87 -0.44 0.164 -1.095 -0.085 2.09 -1.186 -0.459 -2.324 -2.602 -0.15 -1.753 -2.588 3.809 1.176 -0.336 -3.024 -2.089 -1.848
207 S 0.377 -1.011 0.736 3.305 -0.552 -0.681 0.07 -0.421 -0.5 -2.172 -2.681 -0.47 -1.622 -2.248 -1.736 2.452 0.391 -2.855 -2.139 -1.742
208 C -0.462 -3.353 -2.979 -3.433 9.695 -3.473 -3.939 -2.178 -2.965 -0.746 -1.076 -3.128 -1.093 -2.042 -3.221 -1.685 -1.331 -3.249 -2.811 -0.424
209 N -1.383 0.679 3.238 0.038 -2.06 0.08 -0.283 -1.001 5.239 -2.501 -2.653 2.214 -1.532 -1.898 -2.316 -0.812 -1.177 -2.265 -0.205 -2.515
210 L -1.004 -2.581 -3.193 -3.329 0.008 -2.813 -3.291 -3.277 -2.65 3.383 2.544 -2.527 1.449 0.247 -3.435 -2.826 -1.013 -2.071 -1.221 2.962
211 P -1.096 0.372 3.025 -0.093 -1.766 -0.353 -0.584 -1.041 -0.121 -2.388 -2.704 2.18 -1.897 -2.826 3.769 -0.779 -0.95 -3.249 -2.158 -2.245
212 L -0.564 -1.812 -1.377 -1.977 -0.432 -2.047 -2.128 -1.752 -1.111 0.527 1.872 -1.743 0.69 3.87 -2.908 0.706 -0.613 -0.755 0.815 -0.068
213 G -1.169 -2.322 -1.639 -2.427 -1.49 -2.499 -2.799 2.919 0.367 -0.928 -0.848 -2.203 -0.833 4.276 -3.454 -2.041 -2.135 0.815 4.281 -1.3
214 L -1.116 -2.37 -3.168 -3.441 -0.098 -2.749 -3.194 -3.189 -2.293 2.245 3.036 -2.542 1.562 2.137 -3.545 -2.838 -1.234 -1.447 -0.3 2.421
215 K -0.841 2.079 -0.282 -0.736 -1.992 0.793 0.299 -1.357 -0.257 -2.137 -2.255 4.526 -1.238 -2.82 -1.701 -0.895 -1.096 -2.563 -1.803 -2.013
216 L -1.252 -2.523 -3.057 -3.374 -0.323 -2.988 -3.231 -3.077 -1.895 1.967 2.308 -2.709 1.156 3.959 -3.708 -2.812 -1.373 -0.725 0.884 2.243
217 F 1.368 -2.359 -2.418 -2.679 -0.531 -2.763 -2.573 -1.368 -0.965 -0.062 0.047 -2.252 -0.129 5.444 -3.105 -1.378 -1.581 0.095 2.018 -0.29
218 L -1.736 -2.715 -3.168 -3.38 -0.518 -3.209 -3.502 -3.247 -1.847 2.809 2.475 -2.814 1.293 4.009 -3.837 -3.102 -1.641 -0.686 0.884 1.46
219 I -1.391 -3.115 -3.277 -3.195 -0.165 -3.224 -3.701 -3.493 -2.725 4.558 1.662 -2.693 1.257 0.204 -3.519 -3.091 -1.089 -2.199 -1.299 2.846
220 L 1.551 -2.197 -2.666 -2.72 0.139 -2.292 -2.577 -1.574 -2.021 2.68 2.228 -1.894 1.082 -0.073 -2.699 -1.41 -1.001 -2.087 -1.365 1.579
221 L -1.555 -2.201 -3.377 -3.634 -0.165 -2.655 -3.32 -3.397 -2.328 1.991 4.061 -2.492 2.118 0.819 -3.619 -3.173 -1.595 -1.665 -1.07 1.092
222 L -0.367 -1.858 -1.452 -1.948 -0.088 -1.92 -2.169 -1.877 -1.667 2.59 2.145 -1.611 1.031 -0.089 -2.699 0.702 -0.332 -2.119 -1.365 1.342
223 L 1.532 -1.947 -2.693 -2.838 0.139 -2.144 -2.486 -1.557 -1.912 1.316 3.105 -1.842 1.417 0.168 -2.723 -1.425 -1.155 -1.905 -1.285 0.804
224 F -2.349 -2.911 -2.875 -3.329 -1.388 -3.878 -3.497 -2.889 -0.843 0.262 0.55 -3.319 0.187 6.537 -4.462 -3.045 -2.385 0.837 2.917 -0.522
225 A 3.952 -1.498 -1.676 -1.702 0.665 -1.334 -1.313 0.359 -1.225 -0.845 -1.336 -0.863 -0.888 -1.863 -1.49 0.44 -0.436 -2.454 -1.77 0.124
226 S 1.054 -0.755 0.483 -0.263 0.058 -0.584 -0.569 -0.121 -0.474 -1.926 -2.343 -0.299 -1.201 -1.958 -1.49 3.311 0.997 -2.563 -1.77 -1.307
227 I -1.391 -3.115 -3.277 -3.195 -0.165 -3.224 -3.701 -3.493 -2.725 4.558 1.662 -2.693 1.257 0.204 -3.519 -3.091 -1.089 -2.199 -1.299 2.846
228 S 1.054 -0.755 0.483 -0.263 0.058 -0.584 -0.569 -0.121 -0.474 -1.926 -2.343 -0.299 -1.201 -1.958 -1.49 3.311 0.997 -2.563 -1.77 -1.307
229 A 3.952 -1.498 -1.676 -1.702 0.665 -1.334 -1.313 0.359 -1.225 -0.845 -1.336 -0.863 -0.888 -1.863 -1.49 0.44 -0.436 -2.454 -1.77 0.124
230 G 0.075 -2.372 -0.454 -1.337 -1.335 -2.21 -2.636 5.823 -1.491 -3.23 -3.475 -1.665 -2.681 -2.693 -2.794 -1.017 -1.934 -2.454 -3.163 -2.879
231 R -1.548 5.537 -0.476 -1.578 -2.273 0.503 -0.575 -2.142 0.084 -2.626 -2.042 2.004 -1.238 -2.486 -2.718 -1.42 -1.468 -2.248 -1.786 -2.176
232 T 1.926 -1.231 -0.577 -1.236 0.306 -1.188 -1.365 -0.658 -1.358 -0.427 -1.157 -0.824 -0.656 -1.681 -1.629 0.61 3.385 -2.282 -1.737 0.185
233 A 3.267 -1.229 -0.766 -1.139 0.477 -1.062 -1.043 0.208 -0.953 -1.162 -1.634 -0.663 -0.989 -1.894 -1.49 1.739 0.124 -2.49 -1.77 -0.279
234 V -0.869 -2.249 -2.841 -3.062 0.003 -2.149 -2.941 -2.997 -2.073 3.305 1.612 -2.139 3.485 0.104 -3.317 -2.439 -0.857 -1.934 -1.14 2.942
235 L -1.555 -2.201 -3.377 -3.634 -0.165 -2.655 -3.32 -3.397 -2.328 1.991 4.061 -2.492 2.118 0.819 -3.619 -3.173 -1.595 -1.665 -1.07 1.092
236 G 0.075 -2.372 -0.454 -1.337 -1.335 -2.21 -2.636 5.823 -1.491 -3.23 -3.475 -1.665 -2.681 -2.693 -2.794 -1.017 -1.934 -2.454 -3.163 -2.879
237 F -2.164 -2.488 -2.608 -3.228 -1.509 -3.008 -3.074 -2.908 0.491 -0.055 0.137 -2.759 -0.078 5.807 -4.041 -2.833 -2.288 1.409 4.764 -0.671
238 V 0.254 -1.795 -1.313 -1.855 0.239 -1.763 -1.904 -1.684 -1.863 2.095 0.191 -1.52 0.288 -0.842 -2.504 0.868 0.108 -2.454 -1.448 3.202
239 L -1.555 -2.201 -3.377 -3.634 -0.165 -2.655 -3.32 -3.397 -2.328 1.991 4.061 -2.492 2.118 0.819 -3.619 -3.173 -1.595 -1.665 -1.07 1.092
240 G 0.075 -2.372 -0.454 -1.337 -1.335 -2.21 -2.636 5.823 -1.491 -3.23 -3.475 -1.665 -2.681 -2.693 -2.794 -1.017 -1.934 -2.454 -3.163 -2.879
241 G -1.094 -2.479 -1.936 -2.576 -0.905 -2.832 -3.127 2.901 -1.491 0.374 1.798 -2.414 0.482 3.841 -3.545 -2.232 -1.953 -0.735 0.661 -0.344
242 F 1.639 -2.241 -2.437 -2.638 -0.003 -2.421 -2.419 -1.383 -1.534 1.286 0.205 -2.013 0.122 3.756 -2.789 -1.223 -0.964 -0.896 0.777 2.053
243 Y -1.827 -1.792 -2.14 -3.036 -1.766 -1.798 -2.378 -2.946 2.09 -0.818 -0.924 -1.887 -0.696 3.334 -3.347 -2.451 -2.104 2.294 6.685 -0.994
244 L -0.564 -1.812 -1.377 -1.977 -0.432 -2.047 -2.128 -1.752 -1.111 0.527 1.872 -1.743 0.69 3.87 -2.908 0.706 -0.613 -0.755 0.815 -0.068
245 F -1.829 -2.545 -2.725 -3.184 -1.022 -2.832 -3.131 -3.097 0.185 2.319 0.617 -2.573 0.36 4.421 -3.736 -2.847 -1.804 0.843 4.346 0.988
246 F -1.993 -2.977 -3.003 -3.283 -0.92 -3.643 -3.563 -3.077 -1.345 2.463 0.971 -3.095 0.589 5.523 -4.113 -3.06 -1.885 0.132 2.063 1.072
247 C 0.231 -1.532 -0.542 -1.292 6.724 -1.481 -1.65 -1.089 -1.448 -0.887 -1.438 -1.175 -0.932 -1.858 -2.041 1.462 2.214 -2.638 -2.059 -0.439
248 S 0.711 -0.868 0.286 -0.496 0.075 -0.751 -0.818 -0.473 -0.758 -1.248 -1.854 -0.458 -0.966 -1.832 -1.558 2.671 2.544 -2.437 -1.753 -0.706
249 D -0.841 0.285 0.329 3.196 -1.204 -0.272 0.148 -1.277 -0.704 -1.499 -2.109 2.142 -1.365 -2.383 -1.888 -0.284 1.858 -2.715 -2.132 -1.252
250 W -1.685 -2.062 -2.374 -2.616 -1.839 -2.159 -2.28 -2.364 0.28 -1.601 -1.688 -1.839 -1.384 1.451 3.637 -2.325 -2.006 7.626 4.153 -1.745
251 L -1.516 -0.111 -1.839 -2.253 -1.079 -1.206 -1.6 -2.412 -1.019 0.498 1.879 1.769 0.683 3.837 -3.021 -2.17 -1.644 -0.755 0.811 -0.207
252 K -0.859 1.76 -0.223 -0.609 -1.969 2.887 0.705 -1.401 0.121 -2.176 -2.169 3.78 -0.938 -2.87 -1.848 -0.853 -1.06 -2.437 -1.625 -1.941
253 K -0.063 1.404 -0.004 -0.57 -1.137 0.402 0.037 -0.883 -0.328 -2.065 -2.284 3.615 -1.226 -2.503 -1.629 1.244 -0.219 -2.563 -1.792 -1.758
254 I -1.676 -3.045 -3.136 -3.239 -0.518 -3.426 -3.631 -3.277 -1.953 3.697 1.337 -2.887 0.942 3.947 -3.8 -3.075 -1.46 -0.804 0.846 2.093
255 G -0.761 0.031 -0.846 -1.55 -1.684 -0.745 -1.245 3.008 0.506 -1.893 -2.032 1.943 -1.424 0.79 -2.531 -1.373 -1.677 0.051 3.752 -1.859
256 G -0.933 2.871 3.12 -0.241 -1.797 -0.544 -1.178 3.152 0.017 -2.849 -2.826 0.414 -1.968 -2.52 -2.704 -0.805 -1.223 -2.545 -2.286 -2.529
257 A 2.155 -1.104 -0.315 -0.938 0.29 -0.994 -1.067 -0.283 -1.012 -0.921 -1.533 -0.645 -0.866 -1.801 -1.558 1.794 2.314 -2.402 -1.753 -0.244
258 L -1.796 -2.418 -3.199 -3.529 -0.518 -3.008 -3.378 -3.217 -1.744 1.521 3.289 -2.742 1.606 4.069 -3.874 -3.129 -1.835 -0.573 0.921 0.647
259 L -1.08 0.781 -0.92 -1.261 -1.23 2.543 0.036 -1.945 -0.347 -0.07 1.498 2.336 0.526 -1.083 -2.386 -1.423 -1.215 -2.119 -1.375 -0.534
260 L -1.585 -2.318 -2.875 -3.278 -0.606 -2.499 -3.078 -3.269 -0.099 2.682 2.271 -2.337 1.115 1.789 -3.493 -2.887 -1.566 0.225 3.87 1.386
261 S 0.416 -1.162 -0.331 -1.016 -0.014 -1.124 -1.231 -0.861 -0.971 0.019 1.458 -0.863 0.363 -0.713 -2.041 2.29 0.362 -2.232 -1.517 -0.271
262 I -1.676 -3.045 -3.136 -3.239 -0.518 -3.426 -3.631 -3.277 -1.953 3.697 1.337 -2.887 0.942 3.947 -3.8 -3.075 -1.46 -0.804 0.846 2.093
263 Y -1.827 -1.792 -2.14 -3.036 -1.766 -1.798 -2.378 -2.946 2.09 -0.818 -0.924 -1.887 -0.696 3.334 -3.347 -2.451 -2.104 2.294 6.685 -0.994
264 G -0.456 -2.645 -1.931 -2.431 -0.311 -2.649 -3.047 2.894 -2.309 2.839 0.412 -2.22 0.247 -0.725 -3.151 -2.007 -1.101 -2.35 -1.797 2.559
265 W -0.5 -1.44 -1.238 -1.865 -0.641 -1.346 -1.784 -1.468 -0.854 -0.229 0.086 -1.347 2.993 0.14 -2.967 0.799 -0.531 7.53 0.359 -0.529
266 L -1.555 -2.201 -3.377 -3.634 -0.165 -2.655 -3.32 -3.397 -2.328 1.991 4.061 -2.492 2.118 0.819 -3.619 -3.173 -1.595 -1.665 -1.07 1.092
267 F -0.733 -2.002 -1.287 -1.917 -0.822 -2.329 -2.166 -1.649 -0.715 -0.3 -0.134 -1.934 -0.206 5.442 -3.105 0.717 -0.782 0.08 2.018 -0.76
268 G -1.094 -2.479 -1.936 -2.576 -0.905 -2.832 -3.127 2.901 -1.491 0.374 1.798 -2.414 0.482 3.841 -3.545 -2.232 -1.953 -0.735 0.661 -0.344
269 V -1.201 -2.831 -3.026 -3.233 -0.323 -3.188 -3.349 -3.105 -2.004 3.103 1.085 -2.78 0.787 3.896 -3.673 -2.788 -1.207 -0.845 0.846 2.738
270 C -0.088 -2.154 -1.38 -1.91 6.715 -2.11 -2.296 -1.593 -1.822 2.066 -0.086 -1.755 -0.108 -1.066 -2.597 0.867 -0.273 -2.638 -1.893 0.957
271 L -1.736 -2.715 -3.168 -3.38 -0.518 -3.209 -3.502 -3.247 -1.847 2.809 2.475 -2.814 1.293 4.009 -3.837 -3.102 -1.641 -0.686 0.884 1.46
272 W -2.357 -2.181 -2.79 -3.421 -2.141 -2.448 -2.767 -2.557 0.367 -1.474 -1.396 -2.466 -1.081 2.056 -4.555 -3.03 -2.493 9.534 4.519 -1.763
273 F -1.733 2.651 -1.927 -2.585 -1.145 -1.508 -2.211 -2.788 -0.941 2.164 0.43 -0.29 0.243 3.783 -3.48 -2.409 -1.598 -0.814 0.774 0.82
274 L -1.796 -2.418 -3.199 -3.529 -0.518 -3.008 -3.378 -3.217 -1.744 1.521 3.289 -2.742 1.606 4.069 -3.874 -3.129 -1.835 -0.573 0.921 0.647
275 V -1.201 -2.831 -3.026 -3.233 -0.323 -3.188 -3.349 -3.105 -2.004 3.103 1.085 -2.78 0.787 3.896 -3.673 -2.788 -1.207 -0.845 0.846 2.738
276 L -0.229 0.268 -0.645 -1.211 -0.565 -0.49 -0.835 -1.33 -0.883 -0.016 1.466 2.059 0.356 -0.88 -2.125 0.982 -0.334 -2.232 -1.528 -0.42
277 D -1.441 -0.656 3.337 3.707 -2.212 0.142 2.448 -0.997 0.326 -2.748 -3.111 -0.095 -2.193 -2.64 -2.253 -0.612 -1.036 -2.938 -2.312 -2.518
278 E 0.115 -0.638 0.015 0.272 -0.538 0.078 2.113 -1.039 -0.415 -1.449 -1.955 -0.082 -1.128 -2.027 -1.691 1.575 2.215 -2.384 -1.803 -0.91
279 G -0.947 -1.498 -0.728 -1.767 -1.145 -1.469 -1.898 2.965 5.034 -0.287 1.35 -1.561 0.114 -0.571 -3.032 -1.793 -1.911 -1.832 -0.202 -0.927
280 V -0.794 -2.631 -2.92 -3.228 -0.141 -2.968 -3.091 -2.942 -2.055 2.353 0.81 -2.677 0.622 3.844 -3.552 -2.526 -0.975 -0.886 0.846 3.264
281 F -1.643 -1.385 -1.587 -0.706 -1.829 -0.663 1.769 -2.563 0.794 -0.856 -0.734 -1.037 -0.651 4.278 -3.043 -1.939 -1.898 0.82 4.319 -1.144
282 D -0.482 -0.888 3.425 3.494 -1.195 -0.666 0.026 -0.439 0.063 -2.438 -2.963 -0.473 -1.961 -2.399 -2.093 1.369 -0.124 -3.002 -2.253 -2.17
283 L -1.445 -2.777 -3.31 -3.334 -0.165 -3.021 -3.568 -3.461 -2.587 3.927 2.699 -2.625 1.573 0.423 -3.552 -3.118 -1.248 -2.01 -1.221 2.371
284 L -1.051 -2.297 -3.225 -3.474 0.008 -2.637 -3.176 -3.247 -2.515 2.374 3.341 -2.462 1.746 0.463 -3.467 -2.851 -1.167 -1.89 -1.145 2.507
285 K 0.1 0.227 -0.585 -1.141 -0.367 -0.482 -0.773 -1.256 -0.994 0.707 -0.789 2.065 -0.371 -1.554 -2.033 1.062 -0.051 -2.508 -1.615 1.678
286 K -1.093 1.458 3.156 0.095 -1.947 0.413 -0.007 -0.904 0.205 -2.321 -2.528 3.615 -1.518 -2.669 -1.971 -0.618 -0.87 -2.696 -1.893 -2.188
287 Y -1.827 -1.792 -2.14 -3.036 -1.766 -1.798 -2.378 -2.946 2.09 -0.818 -0.924 -1.887 -0.696 3.334 -3.347 -2.451 -2.104 2.294 6.685 -0.994
288 S 1.054 -0.755 0.483 -0.263 0.058 -0.584 -0.569 -0.121 -0.474 -1.926 -2.343 -0.299 -1.201 -1.958 -1.49 3.311 0.997 -2.563 -1.77 -1.307
289 D -1.455 -0.636 0.493 3.475 -2.387 0.242 2.474 -1.583 5.185 -2.731 -2.917 -0.233 -1.859 -1.99 -2.299 -1.102 -1.633 -2.35 -0.376 -2.665
290 Y -1.827 -1.792 -2.14 -3.036 -1.766 -1.798 -2.378 -2.946 2.09 -0.818 -0.924 -1.887 -0.696 3.334 -3.347 -2.451 -2.104 2.294 6.685 -0.994
291 A 3.267 -1.229 -0.766 -1.139 0.477 -1.062 -1.043 0.208 -0.953 -1.162 -1.634 -0.663 -0.989 -1.894 -1.49 1.739 0.124 -2.49 -1.77 -0.279
292 F -2.349 -2.911 -2.875 -3.329 -1.388 -3.878 -3.497 -2.889 -0.843 0.262 0.55 -3.319 0.187 6.537 -4.462 -3.045 -2.385 0.837 2.917 -0.522
293 Q -0.897 0.993 -0.107 -0.371 -1.925 4.933 1.378 -1.493 0.755 -2.255 -2.005 1.207 -0.417 -2.973 -2.165 -0.769 -0.989 -2.199 -1.299 -1.801
294 L -1.455 -1.819 -2.532 -2.986 -0.531 -1.737 -2.697 -2.691 -0.935 1.211 1.686 -1.962 4.72 3.994 -3.605 -2.331 -1.438 -0.41 0.998 0.557
295 L -1.736 -2.715 -3.168 -3.38 -0.518 -3.209 -3.502 -3.247 -1.847 2.809 2.475 -2.814 1.293 4.009 -3.837 -3.102 -1.641 -0.686 0.884 1.46
296 Y -1.827 -1.792 -2.14 -3.036 -1.766 -1.798 -2.378 -2.946 2.09 -0.818 -0.924 -1.887 -0.696 3.334 -3.347 -2.451 -2.104 2.294 6.685 -0.994
297 H -1.74 -0.794 3.1 -0.398 -1.981 -0.76 -1.1 -1.386 5.413 -1.929 -2.069 -0.92 -1.32 1.074 -2.887 -1.231 -1.485 0.161 4.095 -2.066
298 Y -1.827 -1.792 -2.14 -3.036 -1.766 -1.798 -2.378 -2.946 2.09 -0.818 -0.924 -1.887 -0.696 3.334 -3.347 -2.451 -2.104 2.294 6.685 -0.994
299 L -1.341 -2.154 -2.973 -3.201 -0.171 -2.164 -3.074 -3.134 -1.912 3.033 2.812 -2.166 3.695 0.503 -3.461 -2.716 -1.238 -1.706 -1.066 1.772
300 D -1.752 -1.156 3.519 4.964 -2.2 -0.767 0.556 -0.777 0.043 -2.735 -3.388 -0.655 -2.522 -2.74 -2.4 -0.661 -1.07 -3.345 -2.695 -2.774
301 S 0.388 -0.622 0.47 -0.481 -0.545 -0.443 -0.551 -0.56 5.142 -2.155 -2.429 -0.451 -1.226 -1.547 -1.855 2.394 0.262 -2.15 -0.142 -1.78
302 G 0.075 -2.372 -0.454 -1.337 -1.335 -2.21 -2.636 5.823 -1.491 -3.23 -3.475 -1.665 -2.681 -2.693 -2.794 -1.017 -1.934 -2.454 -3.163 -2.879
303 N -0.253 0.595 3.243 0.221 -1.104 -0.037 -0.3 -0.495 0.145 -2.244 -2.559 2.275 -1.504 -2.367 -1.892 1.38 -0.051 -2.696 -1.882 -1.918
304 L -1.796 -2.418 -3.199 -3.529 -0.518 -3.008 -3.378 -3.217 -1.744 1.521 3.289 -2.742 1.606 4.069 -3.874 -3.129 -1.835 -0.573 0.921 0.647
305 S 0.711 -0.868 0.286 -0.496 0.075 -0.751 -0.818 -0.473 -0.758 -1.248 -1.854 -0.458 -0.966 -1.832 -1.558 2.671 2.544 -2.437 -1.753 -0.706
306 T -0.127 -1.107 -0.153 -1.029 0.107 -1.117 -1.392 -1.343 -1.427 -0.238 -1.071 -0.805 -0.546 -1.595 -1.701 0.691 4.287 -2.199 -1.721 0.215
307 T -0.127 -1.107 -0.153 -1.029 0.107 -1.117 -1.392 -1.343 -1.427 -0.238 -1.071 -0.805 -0.546 -1.595 -1.701 0.691 4.287 -2.199 -1.721 0.215
308 S 1.054 -0.755 0.483 -0.263 0.058 -0.584 -0.569 -0.121 -0.474 -1.926 -2.343 -0.299 -1.201 -1.958 -1.49 3.311 0.997 -2.563 -1.77 -1.307
309 T -0.127 -1.107 -0.153 -1.029 0.107 -1.117 -1.392 -1.343 -1.427 -0.238 -1.071 -0.805 -0.546 -1.595 -1.701 0.691 4.287 -2.199 -1.721 0.215
310 D -0.063 -1.134 0.556 3.239 -0.531 -0.854 -0.128 -0.816 -0.786 -1.441 -2.137 -0.638 -1.352 -2.109 -1.811 1.552 2.205 -2.715 -2.12 -1.054
311 H 0.945 0.565 -0.26 -0.621 -1.276 0.19 0.808 -1.027 5.147 -2.006 -2.174 2.221 -1.222 -1.812 -1.983 -0.72 -1.275 -2.113 -0.158 -1.64
312 L -1.555 -2.201 -3.377 -3.634 -0.165 -2.655 -3.32 -3.397 -2.328 1.991 4.061 -2.492 2.118 0.819 -3.619 -3.173 -1.595 -1.665 -1.07 1.092
313 F -0.405 -1.045 -0.601 -0.086 -1.071 -0.343 1.961 -1.422 -0.267 -1.184 -1.107 -0.554 -0.807 3.627 -2.351 1.009 -0.544 -0.917 0.684 -1.25
314 N -0.041 -0.751 3.256 0.154 -0.432 -0.736 -0.879 -0.492 -0.148 -1.438 -2.063 -0.462 -1.232 -1.962 -1.892 1.683 2.311 -2.563 -1.853 -0.998
315 L -1.094 -1.397 -2.374 -2.828 -0.182 -1.065 -2.367 -2.597 -0.982 1.589 2.121 -1.467 5.683 0.453 -3.256 -2.031 -1.06 -1.32 -0.846 0.975
316 Y -1.827 -1.792 -2.14 -3.036 -1.766 -1.798 -2.378 -2.946 2.09 -0.818 -0.924 -1.887 -0.696 3.334 -3.347 -2.451 -2.104 2.294 6.685 -0.994
317 F -2.349 -2.911 -2.875 -3.329 -1.388 -3.878 -3.497 -2.889 -0.843 0.262 0.55 -3.319 0.187 6.537 -4.462 -3.045 -2.385 0.837 2.917 -0.522
318 P -0.508 -2.138 -1.36 -1.495 -1.425 -2.032 -1.933 3.029 -1.577 -2.601 -2.983 -1.261 -2.503 -3.114 5.561 -1.308 -1.541 -3.678 -2.811 -2.392
319 L -1.555 -2.201 -3.377 -3.634 -0.165 -2.655 -3.32 -3.397 -2.328 1.991 4.061 -2.492 2.118 0.819 -3.619 -3.173 -1.595 -1.665 -1.07 1.092
320 T -0.556 -0.863 3.183 -0.047 -0.412 -0.912 -1.158 -0.896 -0.4 -0.856 -1.616 -0.631 -0.994 -1.836 -1.971 0.441 3.383 -2.437 -1.837 -0.453
321 D -0.302 -0.77 0.506 3.532 -1.335 0.131 2.467 -0.975 -0.184 -2.454 -2.816 -0.092 -1.828 -2.475 -1.877 1.247 -0.351 -2.794 -2.195 -2.04
322 W -1.647 0.336 -0.637 -1.52 -2.225 -0.38 -0.765 -1.785 5.124 -2.208 -2.15 1.972 -1.269 -0.426 -2.919 -1.778 -1.934 7.528 1.117 -2.402
323 Q -0.897 0.993 -0.107 -0.371 -1.925 4.933 1.378 -1.493 0.755 -2.255 -2.005 1.207 -0.417 -2.973 -2.165 -0.769 -0.989 -2.199 -1.299 -1.801
324 V -0.581 -2.691 -3.051 -3.184 0.171 -2.794 -3.149 -3.134 -2.86 3.626 1.196 -2.496 0.971 -0.192 -3.293 -2.539 -0.659 -2.332 -1.299 3.787
325 L -1.252 -2.523 -3.057 -3.374 -0.323 -2.988 -3.231 -3.077 -1.895 1.967 2.308 -2.709 1.156 3.959 -3.708 -2.812 -1.373 -0.725 0.884 2.243
326 I -0.958 -2.895 -3.162 -3.19 0.008 -3.001 -3.412 -3.308 -2.792 4.13 1.439 -2.593 1.118 0.012 -3.404 -2.802 -0.866 -2.265 -1.299 3.355
327 G 0.075 -2.372 -0.454 -1.337 -1.335 -2.21 -2.636 5.823 -1.491 -3.23 -3.475 -1.665 -2.681 -2.693 -2.794 -1.017 -1.934 -2.454 -3.163 -2.879
328 D -1.795 -1.623 0.957 5.531 -2.311 -0.974 0.804 -1.291 -0.106 -2.451 -3.076 -0.943 -2.405 -1.137 -2.403 -1.098 -1.495 -1.964 1.042 -2.597
329 G 0.075 -2.372 -0.454 -1.337 -1.335 -2.21 -2.636 5.823 -1.491 -3.23 -3.475 -1.665 -2.681 -2.693 -2.794 -1.017 -1.934 -2.454 -3.163 -2.879
330 L -1.399 -0.626 -1.555 -1.977 -1.17 2.214 -0.684 -2.493 0.689 0.19 1.648 -0.571 0.632 1.392 -2.972 -1.949 -1.527 0.225 3.87 -0.3
331 Y -1.815 -1.595 -1.709 -2.72 -1.825 -1.566 -2.101 -2.78 3.717 -0.974 -1.07 -1.741 -0.755 3.077 -3.276 -2.343 -2.119 2.051 6.407 -1.162
332 T -0.127 -1.107 -0.153 -1.029 0.107 -1.117 -1.392 -1.343 -1.427 -0.238 -1.071 -0.805 -0.546 -1.595 -1.701 0.691 4.287 -2.199 -1.721 0.215
333 L -1.244 -1.532 2.756 -0.96 -0.491 -1.758 -2.119 -1.828 -0.858 1.44 2.319 -1.555 0.925 -0.214 -3.149 -1.639 -0.914 -2.21 -1.425 1.575
334 D -1.449 0.156 -0.107 3.082 -2.037 -0.426 -0.02 -1.709 0.686 -1.783 -2.038 2.032 -1.43 0.767 -2.373 -1.354 -1.513 -0.079 3.756 -1.859
335 D -1.731 -1.031 3.93 4.639 -2.14 -0.724 0.413 -0.673 0.201 -2.725 -3.346 -0.593 -2.46 -2.678 -2.418 -0.57 -0.966 -3.28 -2.59 -2.735
336 G 0.075 -2.372 -0.454 -1.337 -1.335 -2.21 -2.636 5.823 -1.491 -3.23 -3.475 -1.665 -2.681 -2.693 -2.794 -1.017 -1.934 -2.454 -3.163 -2.879
337 T -0.812 -0.957 -0.679 -0.192 -1.015 -0.26 1.933 -1.75 -0.643 -1.231 -1.666 -0.504 -1.069 -0.96 -2.284 -0.35 2.355 6.398 -0.353 -0.871
338 Y -1.819 -1.749 -1.006 1.944 -1.893 -1.569 -1.202 -2.435 1.678 -1.148 -1.331 -1.621 -1.038 2.701 -3.081 -2.049 -1.939 1.676 5.988 -1.319
339 Y -1.724 -2.038 -2.357 -3.071 -1.326 -2.059 -2.624 -3.059 1.516 1.47 -0.118 -2.048 -0.134 2.875 -3.385 -2.582 -1.845 1.738 6.011 0.396
340 L -1.555 -2.201 -3.377 -3.634 -0.165 -2.655 -3.32 -3.397 -2.328 1.991 4.061 -2.492 2.118 0.819 -3.619 -3.173 -1.595 -1.665 -1.07 1.092
341 D 0.258 -1.165 0.654 3.276 -0.707 -0.828 -0.064 1.344 -0.597 -2.302 -2.8 -0.601 -1.775 -2.329 -1.866 2.095 0.127 -2.841 -2.282 -1.903
342 T -0.388 2.063 -0.222 -1.142 -0.278 -0.67 -1.19 -1.503 -1.017 -0.624 -1.261 0.095 -0.686 -1.77 -1.898 0.337 3.672 -2.21 -1.735 -0.171
343 D -1.791 -1.602 1.185 5.854 -2.387 -0.886 1.036 -1.138 -0.55 -2.74 -3.506 -0.844 -2.712 -2.934 -2.304 -0.966 -1.427 -3.545 -3.058 -2.879
344 A 3.347 1.967 -1.363 -1.674 0.224 -0.813 -1.132 -0.039 -0.879 -1.156 -1.478 0.062 -0.962 -1.99 -1.721 0.118 -0.636 -2.407 -1.774 -0.251
345 G -0.036 -2.563 -0.855 -1.689 5.568 -2.447 -2.879 5.149 -1.759 -2.465 -2.744 -1.932 -2.245 -2.535 -2.883 -1.152 -1.788 -2.613 -3.081 -2.126
346 F -2.416 -2.788 -2.94 -3.394 -1.576 -3.613 -3.374 -2.768 -0.908 -0.093 0.185 -3.196 -0.083 5.935 -4.65 -3.114 -2.454 6.606 2.764 -0.825
347 L -1.158 -1.7 -2.552 -2.906 -0.178 -1.425 -2.615 -2.774 -1.289 2.559 2.025 -1.698 5.13 0.4 -3.313 -2.235 -1.067 -1.494 -0.941 1.508
348 Y -1.793 -1.758 -2.106 -3.003 -1.732 -1.764 -2.344 -2.913 2.124 -0.784 -0.891 -1.854 -0.663 3.368 -3.314 -2.418 -2.07 2.328 6.614 -0.96
349 R 0.821 4.883 -0.703 -1.605 -1.317 0.184 -0.723 -1.371 -0.16 -2.124 -1.869 1.569 -1.156 -2.336 -2.397 -0.891 -1.205 -2.293 -1.783 -1.484
350 L -1.422 -2.488 -3.103 -3.425 -0.387 -2.994 -3.279 -3.123 -1.844 1.826 2.674 -2.72 1.314 3.996 -3.762 -2.914 -1.519 -0.673 0.896 1.802
351 A 3.514 -1.316 -1.038 -1.314 0.541 -1.15 -1.13 0.259 -1.041 -1.052 -1.531 -0.728 -0.955 -1.883 -1.49 1.367 -0.051 -2.478 -1.77 -0.138
352 L -1.518 -2.38 -3.354 -3.531 -0.165 -2.772 -3.4 -3.418 -2.412 2.789 3.674 -2.536 1.948 0.693 -3.596 -3.154 -1.475 -1.775 -1.12 1.584
353 L -1.839 -2.694 -3.122 -3.396 -0.646 -3.275 -3.48 -3.179 -1.637 2.314 2.397 -2.88 1.193 4.623 -3.938 -3.097 -1.785 -0.352 1.343 1.079
354 F -1.783 -2.242 -2.747 -3.182 -0.787 -2.506 -3.052 -2.839 -1.023 0.987 1.73 -2.481 3.368 5.117 -3.911 -2.678 -1.789 0.046 1.778 0.257
355 G 0.075 -2.372 -0.454 -1.337 -1.335 -2.21 -2.636 5.823 -1.491 -3.23 -3.475 -1.665 -2.681 -2.693 -2.794 -1.017 -1.934 -2.454 -3.163 -2.879
356 V 0.374 -2.724 -2.88 -3.028 5.706 -2.784 -3.101 -2.312 -2.625 2.992 0.704 -2.411 0.506 -0.592 -3.045 -1.899 -0.838 -2.502 -1.627 2.771
357 P -0.744 -2.21 -1.983 -2.214 -0.719 -2.298 -2.474 1.984 -1.934 0.53 1.547 -1.762 0.206 -0.905 3.687 -1.899 -1.436 -2.651 -1.953 0.515
358 L -1.735 -2.446 -2.907 -3.107 -0.8 -2.976 -3.068 -2.904 -1.499 0.954 2.424 -2.53 1.005 4.48 1.453 -2.799 -1.86 -0.483 1.237 0.152
359 S 1.063 -0.746 0.492 -0.253 0.068 -0.575 -0.56 -0.111 -0.465 -1.916 -2.333 -0.29 -1.191 -1.948 -1.48 3.279 1.006 -2.554 -1.76 -1.297
360 F -1.163 -2.416 -2.112 -2.588 -0.382 -2.702 -2.874 -2.636 -1.702 2.648 0.764 -2.285 0.532 3.847 -3.203 -1.659 1.074 -0.818 0.805 1.824
361 L -1.004 -2.581 -3.193 -3.329 0.008 -2.813 -3.291 -3.277 -2.65 3.383 2.544 -2.527 1.449 0.247 -3.435 -2.826 -1.013 -2.071 -1.221 2.962
362 I -1.075 -2.911 -2.336 -2.679 -0.509 -3.026 -3.407 1.869 -2.149 3.557 0.944 -2.488 0.613 1.811 -3.427 -2.48 -1.382 -1.701 -0.628 1.945
363 Y -1.827 -1.792 -2.14 -3.036 -1.766 -1.798 -2.378 -2.946 2.09 -0.818 -0.924 -1.887 -0.696 3.334 -3.347 -2.451 -2.104 2.294 6.685 -0.994
364 F -0.525 -2.05 -1.36 -1.889 -0.432 -2.19 -2.208 -1.77 -1.193 2.214 0.389 -1.793 0.251 3.805 -2.882 0.713 -0.485 -0.876 0.777 0.938
365 L -0.564 -1.812 -1.377 -1.977 -0.432 -2.047 -2.128 -1.752 -1.111 0.527 1.872 -1.743 0.69 3.87 -2.908 0.706 -0.613 -0.755 0.815 -0.068
366 F -2.349 -2.911 -2.875 -3.329 -1.388 -3.878 -3.497 -2.889 -0.843 0.262 0.55 -3.319 0.187 6.537 -4.462 -3.045 -2.385 0.837 2.917 -0.522
367 C -1.11 -2.737 -3.117 -3.492 7.354 -3.132 -3.586 -2.737 -2.286 0.858 2.289 -2.852 0.852 2.212 -3.532 -2.416 -1.566 -1.609 -0.459 0.323
368 L -1.451 -2.678 -3.31 -3.366 -0.155 -2.956 -3.522 -3.442 -2.539 3.702 2.931 -2.596 1.667 0.493 -3.552 -3.116 -1.286 -1.948 -1.189 2.229
369 L -1.764 -2.094 -2.708 -3.312 -0.916 -2.373 -2.89 -3.112 0.493 0.84 2.31 -2.303 0.943 3.45 -3.592 -2.815 -1.901 0.941 4.648 0.146
370 C -0.265 -1.993 -1.209 -1.963 7.773 -2.037 -2.369 -1.706 -2.071 -0.457 -1.05 -1.715 -0.783 -1.786 -2.338 -0.235 2.613 -2.653 -2.191 -0.063
371 L -1.448 -2.598 -3.303 -3.382 -0.141 -2.901 -3.48 -3.421 -2.496 3.514 3.084 -2.567 1.743 0.551 -3.545 -3.107 -1.307 -1.896 -1.159 2.124
372 L -0.804 -2.323 -3.128 -3.374 0.115 -2.604 -3.083 -3.151 -2.589 2.572 2.878 -2.423 1.564 0.292 -3.37 -2.679 -0.951 -1.986 -1.159 2.977
373 L -0.008 -1.187 -0.863 -1.5 -0.065 -1.006 -1.534 -1.327 -0.89 0.649 1.476 -1.002 3.699 -0.267 -2.391 1.348 -0.036 -1.835 -1.232 0.237
374 T -0.593 -1.795 -1.105 -1.76 0.003 -1.832 -2.16 -2.07 -1.905 2.746 0.43 -1.46 0.376 -0.675 -2.337 -0.383 2.966 -2.189 -1.523 1.649
375 R -1.194 3.878 -0.642 -1.336 -1.743 0.339 -0.405 -1.909 -0.331 0.183 -1.183 3.129 -0.711 -2.016 -2.314 -1.346 -1.239 -2.362 -1.709 -0.642
376 Y -1.817 -1.782 -2.13 -3.027 -1.756 -1.788 -2.368 -2.937 2.1 -0.808 -0.915 -1.878 -0.687 3.344 -3.338 -2.442 -2.094 2.304 6.665 -0.984
377 F 0.385 -2.484 -2.688 -2.964 -0.217 -2.815 -2.823 -2.154 -1.619 1.697 0.536 -2.439 0.365 4.376 -3.291 -1.94 -1.124 -0.562 1.233 2.411
378 A 2.696 -0.155 -0.888 -1.046 -0.17 2.869 0.16 -0.286 -0.198 -1.358 -1.594 0.218 -0.667 -2.278 -1.751 -0.008 -0.651 -2.333 -1.549 -0.542
379 D -1.368 -0.715 2.06 4.134 -2.312 0.32 2.939 -1.275 0.127 -2.745 -3.087 -0.027 -2.188 -2.706 -2.15 -0.755 -1.213 -2.917 -2.372 -2.493
380 A 2.276 0.644 -0.644 -1.019 -0.293 -0.137 -0.41 -0.326 -0.658 -1.477 -1.826 2.63 -1.068 -2.24 -1.569 0.67 -0.415 -2.507 -1.774 -0.815
381 L -0.121 -1.571 -1.08 -1.663 -0.057 -1.625 -1.838 -1.534 -1.415 1.64 2.258 -1.355 0.973 -0.169 -2.492 1.222 -0.139 -2.087 -1.375 0.724
382 R -1.331 4.945 -0.403 -1.32 -2.177 0.602 -0.307 -1.901 0.026 -2.472 -2.07 2.855 -1.214 -2.542 -2.405 -1.256 -1.347 -2.3 -1.767 -2.111
383 K 0.134 0.725 -0.084 -0.613 -0.867 -0.029 -0.268 -0.806 -0.504 -2.061 -2.351 2.674 -1.353 -2.47 1.905 1.593 -0.027 -2.768 -1.885 -1.7
384 G -0.646 -1.095 -1.33 -1.979 -0.835 -1.673 -2.194 3.562 -1.574 0.184 1.906 0.282 0.426 -0.665 -2.904 -1.722 -1.645 -2.093 -1.903 -0.443
385 L -1.317 -1.919 -2.882 -3.193 -0.163 -1.912 -2.907 -3.029 -1.706 2.391 3.065 -2.021 4.098 0.593 -3.435 -2.608 -1.272 -1.569 -0.993 1.383
386 L -0.728 -2.359 -3.112 -3.356 0.135 -2.615 -3.068 -3.135 -2.646 2.629 2.682 -2.431 1.457 0.19 -3.354 -2.632 -0.887 -2.053 -1.189 3.194
387 I 0.32 -2.021 -2.593 -2.77 -0.028 -1.842 -2.648 -2.208 -1.638 3.087 1.618 -1.81 3.845 0.112 -3.016 -1.848 -0.965 -1.81 -1.145 1.86
388 F -1.089 -1.905 -1.421 -2.134 -0.478 -2.233 -2.377 -2.166 -1.255 0.41 0.966 -1.877 0.31 4.369 -2.862 -0.855 2.203 -0.449 1.203 0.089
389 L -1.273 -1.705 -2.753 -3.137 -0.165 -1.634 -2.728 -2.904 -1.475 1.777 3.109 -1.853 4.6 0.625 -3.397 -2.457 -1.268 -1.453 -0.931 1.035
390 I -1.382 -3.106 -3.267 -3.186 -0.155 -3.214 -3.692 -3.484 -2.716 4.534 1.672 -2.683 1.266 0.213 -3.509 -3.081 -1.079 -2.189 -1.29 2.855
391 A 3.601 -1.429 -1.393 -1.586 0.602 -1.293 -1.314 0.179 -1.244 -0.74 -1.287 -0.845 -0.827 -1.813 -1.509 0.487 0.896 -2.407 -1.753 0.147
392 F -1.605 -2.176 -2.69 -3.076 -0.627 -2.264 -2.972 -2.826 -1.101 1.858 1.483 -2.297 3.776 4.505 -3.746 -2.562 -1.551 -0.26 1.344 0.858
393 L -1.146 -1.49 -2.488 -2.921 -0.17 -1.236 -2.476 -2.689 -1.131 1.659 2.495 -1.583 5.33 0.518 -3.296 -2.159 -1.121 -1.358 -0.868 1.002
394 T 0.084 -1.044 -0.044 -0.897 0.11 -1.025 -1.25 -1.124 -1.261 -0.417 -1.212 -0.718 -0.622 -1.634 -1.66 1.241 3.966 -2.239 -1.718 0.051
395 F -2.339 -2.901 -2.865 -3.319 -1.379 -3.869 -3.487 -2.879 -0.833 0.272 0.56 -3.309 0.197 6.522 -4.453 -3.035 -2.375 0.847 2.926 -0.512
396 L -0.462 -2.049 -2.254 -2.675 0.096 -2.222 -2.568 -2.479 -2.183 2.213 2.525 -2.015 1.285 0.047 -3.023 -0.709 -0.587 -2.073 -1.25 2.663
397 F -2.104 -2.368 -2.527 -3.19 -1.535 -2.791 -2.954 -2.904 0.791 -0.143 0.017 -2.608 -0.15 5.549 -3.922 -2.766 -2.251 1.563 5.118 -0.705
398 H -1.712 -0.362 0.455 -0.966 -2.339 -0.17 -0.505 -1.702 8.006 -2.666 -2.6 -0.77 -1.266 -0.857 -2.754 -1.584 -2.231 -1.459 1.662 -3.04
399 Y -1.622 -2.277 -2.564 -3.094 -0.96 -2.316 -2.863 -3.159 0.867 2.637 0.481 -2.196 0.314 2.381 -3.41 -2.699 -1.615 1.112 5.184 1.282
400 K -0.831 2.089 -0.273 -0.727 -1.982 0.802 0.308 -1.347 -0.248 -2.128 -2.245 4.502 -1.228 -2.81 -1.692 -0.886 -1.087 -2.554 -1.793 -2.004
401 G 0.085 -2.362 -0.445 -1.328 -1.325 -2.2 -2.627 5.814 -1.481 -3.22 -3.465 -1.656 -2.672 -2.683 -2.784 -1.007 -1.924 -2.445 -3.153 -2.869
402 E -0.924 -0.127 -0.343 1.513 -2.416 1.342 4.505 -1.954 0.388 -2.769 -2.708 0.672 -1.758 -2.613 -1.886 -0.796 -1.306 -2.392 -1.913 -2.139
403 V -0.238 -2.491 -2.934 -3.169 0.335 -2.592 -2.898 -2.96 -2.92 3.025 0.941 -2.393 0.827 -0.403 -3.176 -2.289 -0.456 -2.392 -1.29 4.138
404 I -0.835 -2.826 -3.12 -3.179 0.065 -2.931 -3.325 -3.248 -2.801 3.98 1.381 -2.555 1.086 -0.035 -3.362 -2.715 -0.796 -2.275 -1.29 3.476
405 L -1.764 -2.094 -2.708 -3.312 -0.916 -2.373 -2.89 -3.112 0.493 0.84 2.31 -2.303 0.943 3.45 -3.592 -2.815 -1.901 0.941 4.648 0.146
406 F -1.78 -2.871 -3.101 -3.302 -0.618 -3.38 -3.546 -3.196 -1.713 2.99 1.8 -2.903 1.016 4.502 -3.893 -3.073 -1.645 -0.449 1.273 1.567
407 N -0.177 -0.555 4.379 0.717 -0.87 -0.55 -0.656 -0.138 0.435 -2.346 -2.774 -0.296 -1.708 -2.186 -2.063 1.826 0.263 -2.785 -1.935 -1.953
408 V -0.238 -2.491 -2.934 -3.169 0.335 -2.592 -2.898 -2.96 -2.92 3.025 0.941 -2.393 0.827 -0.403 -3.176 -2.289 -0.456 -2.392 -1.29 4.138
409 G 1.389 -1.449 -0.13 -0.859 -0.336 -1.282 -1.396 3.844 -0.968 -2.191 -2.572 -0.887 -1.679 -2.225 -1.969 1.703 -0.146 -2.491 -2.277 -1.564
410 Y -1.817 -1.782 -2.13 -3.027 -1.756 -1.788 -2.368 -2.937 2.1 -0.808 -0.915 -1.878 -0.687 3.344 -3.338 -2.442 -2.094 2.304 6.665 -0.984
411 L -1.085 -1.388 -2.365 -2.819 -0.173 -1.056 -2.358 -2.588 -0.973 1.598 2.13 -1.457 5.635 0.463 -3.247 -2.021 -1.051 -1.311 -0.837 0.985
412 K -0.831 2.089 -0.273 -0.727 -1.982 0.802 0.308 -1.347 -0.248 -2.128 -2.245 4.502 -1.228 -2.81 -1.692 -0.886 -1.087 -2.554 -1.793 -2.004
413 V -0.376 -2.571 -2.979 -3.172 0.27 -2.673 -2.999 -3.029 -2.89 3.295 1.057 -2.433 0.894 -0.307 -3.221 -2.39 -0.537 -2.362 -1.29 3.986
414 L -1.832 -2.6 -3.128 -3.426 -0.618 -3.196 -3.438 -3.171 -1.628 2.022 2.663 -2.84 1.313 4.546 -3.925 -3.096 -1.811 -0.358 1.301 0.91
415 Y -1.817 -1.782 -2.13 -3.027 -1.756 -1.788 -2.368 -2.937 2.1 -0.808 -0.915 -1.878 -0.687 3.344 -3.338 -2.442 -2.094 2.304 6.665 -0.984
416 L -1.832 -2.6 -3.128 -3.426 -0.618 -3.196 -3.438 -3.171 -1.628 2.022 2.663 -2.84 1.313 4.546 -3.925 -3.096 -1.811 -0.358 1.301 0.91
417 F -2.002 -2.518 -2.936 -3.392 -0.954 -3.136 -3.291 -3.055 -0.669 0.88 2.161 -2.836 0.918 5.241 -4.02 -3.014 -2.067 0.468 3.056 0.082
418 I -0.224 -2.047 -1.414 -1.86 -0.031 -2.005 -2.189 -1.86 -1.783 3.341 0.734 -1.636 0.588 -0.43 -2.645 0.736 -0.159 -2.338 -1.448 2.238
419 F -2.349 -2.911 -2.875 -3.329 -1.388 -3.878 -3.497 -2.889 -0.843 0.262 0.55 -3.319 0.187 6.537 -4.462 -3.045 -2.385 0.837 2.917 -0.522
420 S 1.082 -0.727 0.511 -0.234 0.087 -0.555 -0.541 -0.092 -0.446 -1.897 -2.314 -0.271 -1.172 -1.929 -1.461 3.212 1.025 -2.535 -1.741 -1.278
421 S 1.082 -0.727 0.511 -0.234 0.087 -0.555 -0.541 -0.092 -0.446 -1.897 -2.314 -0.271 -1.172 -1.929 -1.461 3.212 1.025 -2.535 -1.741 -1.278
422 Y -1.461 -1.968 -1.892 -2.64 -1.376 -2.144 -2.408 -2.441 1.15 -0.501 -0.449 -2.032 -0.417 4.663 -3.366 -1.014 -1.618 1.568 5.45 -0.859
423 F -2.385 -2.59 -2.878 -3.392 -1.718 -3.207 -3.176 -2.715 -0.408 -0.413 -0.178 -2.95 -0.327 5.263 -4.586 -3.074 -2.455 7.663 3.494 -1.047
424 I -1.578 -3.068 -3.183 -3.224 -0.395 -3.357 -3.654 -3.348 -2.188 4.014 1.45 -2.821 1.051 3.147 -3.704 -3.08 -1.331 -1.199 0.292 2.367
425 L 2.065 -1.993 -2.469 -2.615 4.67 -2.087 -2.333 -1.084 -1.862 0.732 2.156 -1.732 0.779 -0.411 -2.461 -0.932 -0.999 -2.169 -1.554 0.527
426 R -1.358 3.34 0.14 2.302 -2.208 0.284 0.152 -1.581 2.783 -2.482 -2.45 2.665 -1.511 -2.443 -2.257 -1.151 -1.403 -2.49 -1.324 -2.348
427 N -0.409 -0.331 3.152 -0.043 -1.065 -0.594 -0.821 -0.704 0.772 -1.882 -2.17 0.641 -1.363 0.174 -2.206 1.255 -0.186 -0.667 2.819 -1.666
428 K -1.214 3.435 -0.813 -1.472 -1.55 0.196 -0.515 -1.972 -0.473 -0.684 0.702 3.067 -0.09 -1.459 -2.37 -1.457 -1.323 -2.237 -1.618 -1.019
429 L -1.178 2.2 -1.747 -2.437 -0.557 -0.562 -1.781 -2.453 -0.653 0.998 1.533 -0.118 4.822 -0.025 -3.088 -1.842 -1.133 -1.502 -1.03 0.475
430 I -1.407 -2.834 -3.278 -3.275 -0.141 -3.047 -3.577 -3.445 -2.597 4.046 2.469 -2.618 1.521 0.394 -3.52 -3.087 -1.184 -2.032 -1.216 2.521
431 S 0.633 -1.165 -0.073 -0.74 0.028 -1.029 -1.068 -0.642 -0.87 1.311 -0.701 -0.714 -0.341 -1.224 -1.855 2.505 0.623 -2.444 -1.621 0.42
432 K -0.978 3.385 -0.306 -0.901 -2.036 0.747 0.128 -1.51 -0.144 -2.228 -2.176 4.022 -1.214 -2.709 -1.9 -0.994 -1.161 -2.457 -1.775 -2.029
433 S 0.614 2.352 0.295 -0.516 -0.348 -0.248 -0.547 -0.485 -0.3 -2.062 -2.241 0.494 -1.186 -2.057 -1.727 2.586 0.573 -2.457 -1.75 -1.477
434 G 0.104 -2.343 -0.426 -1.308 -1.306 -2.181 -2.608 5.796 -1.462 -3.201 -3.446 -1.636 -2.652 -2.664 -2.765 -0.988 -1.905 -2.426 -3.134 -2.85
435 L -1.526 -2.172 -3.348 -3.606 -0.136 -2.626 -3.291 -3.368 -2.299 2.019 4.014 -2.464 2.147 0.847 -3.59 -3.144 -1.566 -1.636 -1.042 1.12
436 V -0.219 -2.472 -2.915 -3.15 0.354 -2.573 -2.879 -2.941 -2.9 3.044 0.96 -2.374 0.846 -0.384 -3.157 -2.27 -0.437 -2.373 -1.271 4.086
437 G 0.206 -1.63 1.268 -0.815 5.617 -1.542 -1.725 3.205 -0.965 -2.031 -2.381 -1.187 -1.694 -2.251 -2.347 1.198 -0.382 -2.709 -2.437 -1.611
438 E 0.862 -0.988 -0.537 -0.015 5.623 -0.185 2.002 -0.953 -0.59 -1.71 -1.994 -0.377 -1.313 -2.171 -1.938 1.275 -0.247 -2.632 -2.024 -1.121