#Seq2Logo.py -f /work3/idamei/wzy_ssn/run/1e-50/run/150/MSAs/0005_46.afa -o /work3/idamei/wzy_ssn/run/1e-50/run/150/logos/0005_46.logo
Last position-specific scoring matrix computed, values are in halfbits
A R N D C Q E G H I L K M F P S T W Y V
0 L -1.08 -1.383 -2.36 -2.814 -0.168 -1.051 -2.353 -2.583 -0.968 1.603 2.135 -1.452 5.611 0.468 -3.242 -2.016 -1.046 -1.306 -0.832 0.99
1 G -0.489 -0.136 2.555 -0.302 -1.601 -0.745 -1.136 4.098 -0.371 -2.781 -3.033 1.519 -2.117 -2.63 -2.421 -0.726 -1.275 -2.591 -2.472 -2.55
2 C -0.816 -3.221 -2.938 -3.392 8.87 -3.555 -3.807 -2.325 -2.257 -0.445 -0.561 -3.16 -0.702 2.931 -3.47 -1.955 -1.546 -1.57 -0.073 -0.434
3 T -0.611 0.21 2.611 -0.19 -0.719 -0.368 -0.705 -0.99 -0.349 -1.112 -1.749 1.681 -1.039 -2.038 -1.887 0.175 2.715 -2.454 -1.814 -0.757
4 L -1.058 -1.777 -1.663 -2.317 -0.312 -1.949 -2.403 -2.316 -1.365 0.919 1.848 -1.78 2.319 3.276 -2.907 -1.115 1.731 -0.872 0.461 0.458
5 N -0.3 -0.881 4.033 0.446 -1.12 -0.874 -1.046 2.743 0.175 -2.599 -2.991 -0.577 -1.992 -2.331 -2.309 1.034 -0.269 -2.721 -2.215 -2.252
6 Q -0.94 0.414 -0.663 -0.961 -1.199 3.868 0.599 -1.795 0.305 -0.337 0.101 0.58 3.054 -1.321 -2.464 -1.11 -0.991 -1.854 -1.119 -0.535
7 N -0.436 -0.512 4.692 0.863 -1.049 -0.534 -0.66 -0.131 0.573 -2.413 -2.843 -0.285 -1.791 -2.216 -2.16 1.471 0.13 -2.813 -1.953 -2.066
8 L -1.526 -2.172 -3.348 -3.606 -0.136 -2.626 -3.291 -3.368 -2.299 2.019 4.014 -2.464 2.147 0.847 -3.59 -3.144 -1.566 -1.636 -1.042 1.12
9 I -1.362 -3.086 -3.248 -3.166 -0.136 -3.195 -3.672 -3.465 -2.697 4.483 1.691 -2.664 1.286 0.232 -3.49 -3.062 -1.06 -2.17 -1.271 2.875
10 Y -1.798 -1.763 -2.111 -3.008 -1.737 -1.769 -2.349 -2.918 2.119 -0.789 -0.896 -1.859 -0.668 3.363 -3.319 -2.423 -2.075 2.323 6.624 -0.965
11 K -0.812 2.108 -0.254 -0.708 -1.963 0.821 0.328 -1.328 -0.229 -2.109 -2.226 4.453 -1.209 -2.791 -1.673 -0.867 -1.068 -2.535 -1.774 -1.984
12 S 1.082 -0.727 0.511 -0.234 0.087 -0.555 -0.541 -0.092 -0.446 -1.897 -2.314 -0.271 -1.172 -1.929 -1.461 3.212 1.025 -2.535 -1.741 -1.278
13 R -1.52 5.483 -0.448 -1.549 -2.245 0.532 -0.546 -2.114 0.113 -2.597 -2.013 2.033 -1.209 -2.458 -2.69 -1.392 -1.439 -2.22 -1.758 -2.147
14 V -0.219 -2.472 -2.915 -3.15 0.354 -2.573 -2.879 -2.941 -2.9 3.044 0.96 -2.374 0.846 -0.384 -3.157 -2.27 -0.437 -2.373 -1.271 4.086
15 S 1.082 -0.727 0.511 -0.234 0.087 -0.555 -0.541 -0.092 -0.446 -1.897 -2.314 -0.271 -1.172 -1.929 -1.461 3.212 1.025 -2.535 -1.741 -1.278
16 V -0.219 -2.472 -2.915 -3.15 0.354 -2.573 -2.879 -2.941 -2.9 3.044 0.96 -2.374 0.846 -0.384 -3.157 -2.27 -0.437 -2.373 -1.271 4.086
17 G 0.104 -2.343 -0.426 -1.308 -1.306 -2.181 -2.608 5.796 -1.462 -3.201 -3.446 -1.636 -2.652 -2.664 -2.765 -0.988 -1.905 -2.426 -3.134 -2.85
18 S 1.082 -0.727 0.511 -0.234 0.087 -0.555 -0.541 -0.092 -0.446 -1.897 -2.314 -0.271 -1.172 -1.929 -1.461 3.212 1.025 -2.535 -1.741 -1.278
19 V -0.219 -2.472 -2.915 -3.15 0.354 -2.573 -2.879 -2.941 -2.9 3.044 0.96 -2.374 0.846 -0.384 -3.157 -2.27 -0.437 -2.373 -1.271 4.086
20 I -1.37 -3.094 -3.255 -3.174 -0.143 -3.202 -3.68 -3.472 -2.704 4.502 1.684 -2.671 1.278 0.225 -3.497 -3.069 -1.068 -2.177 -1.278 2.867
21 V -0.414 -2.313 -2.551 -2.52 -0.137 -2.345 -2.398 -2.532 -2.403 2.085 0.158 -1.869 0.105 -1.082 3.671 -1.972 -0.713 -2.938 -1.662 3.096
22 L -1.541 -2.186 -3.362 -3.62 -0.15 -2.64 -3.306 -3.383 -2.314 2.005 4.037 -2.478 2.132 0.833 -3.604 -3.158 -1.581 -1.65 -1.056 1.106
23 P -1.167 -2.099 -2.56 -2.412 -0.73 -2.265 -2.343 -2.517 -1.939 0.587 2.3 -1.685 0.677 -0.556 4.744 -2.181 -1.462 -2.75 -1.739 -0.088
24 V -0.749 -2.777 -3.091 -3.173 0.105 -2.882 -3.263 -3.205 -2.811 3.871 1.334 -2.53 1.06 -0.074 -3.333 -2.653 -0.746 -2.284 -1.285 3.561
25 F -2.334 -2.896 -2.86 -3.314 -1.374 -3.864 -3.482 -2.875 -0.828 0.277 0.565 -3.304 0.201 6.515 -4.448 -3.031 -2.371 0.852 2.931 -0.507
26 C -0.943 -2.705 -3.157 -3.518 7.774 -3.02 -3.598 -2.709 -2.614 0.95 2.492 -2.778 0.952 -0.256 -3.399 -2.319 -1.446 -2.335 -1.797 0.447
27 L -1.458 -2.607 -3.312 -3.392 -0.15 -2.911 -3.49 -3.43 -2.505 3.529 3.092 -2.577 1.734 0.542 -3.554 -3.117 -1.317 -1.905 -1.168 2.114
28 Y -1.861 -2.125 -2.572 -3.234 -1.177 -2.401 -2.832 -3.023 0.837 0.414 1.5 -2.325 0.493 4.222 -3.645 -2.747 -2.018 1.338 5.113 -0.202
29 W -2.635 -2.368 -3.152 -3.606 -2.32 -2.81 -2.954 -2.351 -1.12 -1.839 -1.636 -2.776 -1.266 1.143 -5.394 -3.34 -2.68 10.596 2.184 -2.213
30 L -1.673 -1.975 -2.678 -3.306 -0.841 -2.18 -2.796 -3.148 0.67 0.93 2.515 -2.16 1.056 2.356 -3.466 -2.775 -1.824 0.961 4.848 0.248
31 F -1.434 -2.836 -2.973 -3.243 -0.541 -3.331 -3.371 -3.035 -1.653 2.6 0.975 -2.891 0.662 4.795 -3.837 -2.836 -1.446 -0.31 1.533 2.192
32 L -0.591 -1.54 -1.728 -2.317 0.039 -1.38 -2.191 -2.293 -1.466 1.723 1.298 -1.466 4.027 -0.147 -2.753 -1.108 1.445 -1.754 -1.142 2.028
33 P -0.836 -2.014 -1.934 -1.564 -1.457 -1.933 -1.622 -1.852 -1.608 -2.318 -2.75 -1.064 -2.403 -3.336 6.663 -1.452 -1.348 -4.549 -2.636 -2.162
34 P 0.27 -1.308 -0.47 -0.832 -0.592 -1.172 -1.04 -0.849 -0.977 -2.107 -2.532 -0.648 -1.731 -2.556 4.83 1.777 0.066 -3.379 -2.162 -1.694
35 L -1.465 -1.896 -2.706 -3.12 -0.421 -1.926 -2.826 -2.838 -1.211 1.441 2.484 -2.072 4.2 3.456 -3.594 -2.505 -1.462 -0.662 0.617 0.715
36 V -0.749 -2.777 -3.091 -3.173 0.105 -2.882 -3.263 -3.205 -2.811 3.871 1.334 -2.53 1.06 -0.074 -3.333 -2.653 -0.746 -2.284 -1.285 3.561
37 L -1.08 -1.383 -2.36 -2.814 -0.168 -1.051 -2.353 -2.583 -0.968 1.603 2.135 -1.452 5.611 0.468 -3.242 -2.016 -1.046 -1.306 -0.832 0.99
38 V -0.234 -2.486 -2.929 -3.164 0.34 -2.587 -2.894 -2.955 -2.915 3.03 0.945 -2.388 0.832 -0.398 -3.171 -2.284 -0.451 -2.387 -1.285 4.125
39 L -1.72 -2.348 -3.228 -3.541 -0.411 -2.901 -3.349 -3.247 -1.865 1.66 3.482 -2.663 1.757 3.524 -3.793 -3.126 -1.759 -0.795 0.551 0.779
40 L -1.91 -2.52 -3.1 -3.463 -0.698 -3.188 -3.393 -3.117 -1.476 1.268 2.795 -2.862 1.326 4.892 -3.996 -3.094 -1.949 -0.136 1.577 0.411
41 N 0.015 -0.573 4.091 0.617 -0.73 -0.548 -0.639 -0.13 0.342 -2.284 -2.711 -0.29 -1.633 -2.151 -1.978 2.041 0.372 -2.75 -1.908 -1.857
42 Q -0.883 1.007 -0.093 -0.357 -1.911 4.883 1.392 -1.479 0.769 -2.24 -1.991 1.222 -0.403 -2.959 -2.151 -0.755 -0.975 -2.185 -1.285 -1.787
43 S 1.907 -0.999 -0.08 -0.739 0.248 -0.872 -0.92 -0.227 -0.854 -1.127 -1.701 -0.54 -0.932 -1.825 -1.527 2.223 2.021 -2.427 -1.743 -0.461
44 S 1.068 -0.741 0.497 -0.249 0.072 -0.57 -0.555 -0.106 -0.46 -1.911 -2.328 -0.285 -1.187 -1.943 -1.475 3.262 1.011 -2.549 -1.756 -1.292
45 L -1.541 -2.186 -3.362 -3.62 -0.15 -2.64 -3.306 -3.383 -2.314 2.005 4.037 -2.478 2.132 0.833 -3.604 -3.158 -1.581 -1.65 -1.056 1.106
46 S 1.782 -0.852 0.232 -0.444 0.183 -0.682 -0.666 -0.02 -0.572 -1.701 -2.134 -0.372 -1.132 -1.927 -1.475 2.946 0.816 -2.531 -1.756 -0.999
47 A 2.556 -1.282 -0.801 -1.331 0.414 -1.209 -1.338 -0.354 -1.31 -0.511 -1.186 -0.82 -0.698 -1.711 -1.579 0.582 2.767 -2.31 -1.731 0.184
48 G 0.09 -2.358 -0.44 -1.323 -1.32 -2.195 -2.622 5.809 -1.476 -3.215 -3.461 -1.651 -2.667 -2.678 -2.779 -1.002 -1.919 -2.44 -3.148 -2.864
49 I -1.225 -2.116 -2.776 -2.991 -0.159 -1.933 -2.944 -2.996 -1.71 3.416 1.915 -2.001 4.19 0.346 -3.37 -2.498 -1.06 -1.712 -1.05 2.074
50 L -1.301 -1.757 -2.818 -3.189 -0.159 -1.738 -2.79 -2.955 -1.563 1.811 3.24 -1.92 4.367 0.656 -3.418 -2.531 -1.301 -1.473 -0.942 1.048
51 L -0.814 -2.332 -3.138 -3.383 0.105 -2.614 -3.092 -3.161 -2.599 2.562 2.887 -2.433 1.555 0.282 -3.38 -2.688 -0.961 -1.995 -1.168 2.993
52 V 0.151 -1.942 -1.628 -2.119 0.275 -1.936 -2.11 -1.941 -2.08 2.368 0.409 -1.703 0.444 -0.714 -2.645 0.312 -0.011 -2.427 -1.396 3.438
53 A 3.426 -1.279 -0.953 -1.255 0.54 -1.113 -1.094 0.261 -1.004 -1.065 -1.542 -0.697 -0.949 -1.872 -1.475 1.449 0.008 -2.467 -1.756 -0.158
54 V -0.413 -1.814 -1.253 -1.896 0.113 -1.857 -2.169 -2.117 -2.028 2.496 0.38 -1.531 0.372 -0.73 -2.394 -0.511 2.716 -2.234 -1.488 2.352
55 L -1.076 -2.053 -2.149 -2.633 -0.08 -2.285 -2.763 -2.736 -2.147 2.563 2.808 -1.996 1.433 0.226 -2.973 -1.609 1.264 -1.905 -1.264 1.493
56 L -1.154 -2.258 -3.248 -3.499 -0.02 -2.627 -3.197 -3.27 -2.453 2.297 3.519 -2.455 1.858 0.571 -3.49 -2.914 -1.254 -1.818 -1.112 2.201
57 F -2.004 -1.356 -0.747 -1.904 -1.814 -1.458 -1.622 -2.226 6.13 -0.834 -0.603 -1.764 -0.438 4.731 -3.475 -2.215 -2.298 -0.077 2.368 -1.503
58 L -1.485 -2.46 -3.329 -3.466 -0.15 -2.818 -3.427 -3.414 -2.44 3.105 3.443 -2.543 1.873 0.642 -3.571 -3.131 -1.402 -1.818 -1.13 1.816
59 F -0.158 -1.622 -0.719 -1.392 -0.561 -1.77 -1.662 -1.17 -0.638 -0.615 -0.533 -1.417 -0.41 4.664 -2.595 1.571 -0.21 -0.374 1.45 -0.873
60 F -1.413 0.633 -1.203 -1.707 -1.726 -0.508 -0.906 -2.015 0.156 -0.898 -0.803 2.716 -0.586 3.933 -2.626 -1.69 -1.617 0.073 3.035 -1.25
61 A 2.582 -0.993 2.459 -0.311 0.06 -0.908 -0.95 0.133 -0.331 -1.467 -1.933 -0.556 -1.228 -1.995 -1.716 1.356 0.002 -2.591 -1.831 -0.69
62 H -1.807 -1.241 -0.803 -1.949 -1.401 -1.298 -1.598 -2.321 6.104 -0.074 1.209 -1.627 0.313 3.261 -3.306 -2.238 -2.084 -0.721 1.622 -0.826
63 Y -0.404 -1.312 -0.737 -1.568 -0.682 -1.264 -1.563 -1.573 0.978 -0.874 -1.245 -1.122 -0.76 1.803 -2.325 0.776 1.507 0.83 4.808 -0.693
64 Y -1.277 0.764 -1.05 -1.649 -1.862 -0.207 -0.725 -2.029 1.163 -1.388 -1.499 2.792 -0.94 1.671 -2.394 -1.556 -1.542 0.8 4.806 -1.444
65 R -1.454 3.653 -1.535 -2.26 -1.016 -0.782 -1.72 -2.725 -0.977 2.755 0.382 0.536 0.285 -0.824 -3.077 -2.122 -1.258 -2.209 -1.518 1.327
66 L -0.814 -2.332 -3.138 -3.383 0.105 -2.614 -3.092 -3.161 -2.599 2.562 2.887 -2.433 1.555 0.282 -3.38 -2.688 -0.961 -1.995 -1.168 2.993
67 N -0.702 -0.493 4.97 0.968 -1.235 -0.537 -0.682 -0.142 0.672 -2.49 -2.923 -0.293 -1.885 -2.26 -2.267 1.159 -0.011 -2.856 -1.987 -2.187
68 Y -1.512 -1.401 -1.197 -2.0 -1.806 -1.317 -1.606 -2.295 4.744 -1.523 -1.658 -1.352 -1.178 1.791 2.94 -1.939 -1.917 0.791 4.953 -1.665
69 L -1.161 0.684 -1.419 -1.822 -0.922 -0.43 -0.963 -2.186 -1.096 0.624 2.348 2.737 0.917 -0.447 -2.489 -1.801 -1.321 -2.065 -1.399 -0.048
70 I -1.699 -2.663 -2.839 -3.173 -0.769 -2.911 -3.249 -3.177 -0.299 3.032 0.93 -2.588 0.626 3.796 -3.666 -2.892 -1.594 0.344 3.631 1.59
71 L -1.541 -2.186 -3.362 -3.62 -0.15 -2.64 -3.306 -3.383 -2.314 2.005 4.037 -2.478 2.132 0.833 -3.604 -3.158 -1.581 -1.65 -1.056 1.106
72 V -0.413 -1.814 -1.253 -1.896 0.113 -1.857 -2.169 -2.117 -2.028 2.496 0.38 -1.531 0.372 -0.73 -2.394 -0.511 2.716 -2.234 -1.488 2.352
73 F 2.231 -2.104 -2.199 -2.388 -0.168 -2.32 -2.188 -0.816 -1.013 -0.224 -0.227 -1.823 -0.286 4.669 -2.595 -0.791 -1.235 -0.348 1.45 -0.166
74 V 0.578 -2.521 -2.732 -2.896 -0.063 -2.723 -2.845 -2.138 -1.908 2.702 0.799 -2.315 0.584 3.206 -3.124 -1.889 -0.983 -1.154 0.415 2.586
75 L -1.541 -2.186 -3.362 -3.62 -0.15 -2.64 -3.306 -3.383 -2.314 2.005 4.037 -2.478 2.132 0.833 -3.604 -3.158 -1.581 -1.65 -1.056 1.106
76 L -0.638 -1.752 -1.827 -2.348 -0.093 -1.968 -2.338 -2.159 -1.727 1.412 3.311 -1.755 1.592 0.349 -2.908 0.072 -0.685 -1.85 -1.216 0.667
77 L -1.458 -2.607 -3.312 -3.392 -0.15 -2.911 -3.49 -3.43 -2.505 3.529 3.092 -2.577 1.734 0.542 -3.554 -3.117 -1.317 -1.905 -1.168 2.114
78 G -0.612 -2.271 -1.546 -2.249 -0.676 -2.409 -2.944 3.926 -1.865 0.443 2.244 -2.035 0.633 -0.419 -3.163 -1.883 -1.745 -2.018 -1.917 -0.244
79 L -1.339 -2.351 -3.032 -3.185 -0.155 -2.381 -3.204 -3.205 -2.08 3.473 2.563 -2.274 3.216 0.445 -3.461 -2.791 -1.186 -1.807 -1.108 2.094
80 Y -1.406 -2.096 -2.314 -3.116 5.84 -2.12 -2.682 -2.72 1.437 -0.785 -0.947 -2.137 -0.776 2.664 -3.301 -2.225 -1.876 1.616 5.861 -0.826
81 G 0.367 -1.861 -0.176 -1.014 -0.904 -1.696 -1.951 5.1 -1.187 -2.83 -3.133 -1.244 -2.22 -2.476 -2.394 0.766 -0.867 -2.467 -2.732 -2.384
82 L -0.739 -1.588 -1.322 -2.033 -0.011 -1.77 -2.184 -2.177 -1.828 1.101 2.493 -1.513 1.097 -0.129 -2.489 -0.623 2.605 -1.905 -1.363 0.701
83 V -0.749 -2.777 -3.091 -3.173 0.105 -2.882 -3.263 -3.205 -2.811 3.871 1.334 -2.53 1.06 -0.074 -3.333 -2.653 -0.746 -2.284 -1.285 3.561
84 S 1.068 -0.741 0.497 -0.249 0.072 -0.57 -0.555 -0.106 -0.46 -1.911 -2.328 -0.285 -1.187 -1.943 -1.475 3.262 1.011 -2.549 -1.756 -1.292
85 T -0.006 -1.374 -0.455 -1.181 0.043 -1.34 -1.542 -1.327 -1.392 1.679 -0.287 -1.007 -0.088 -1.087 -1.984 1.168 2.87 -2.272 -1.607 0.918
86 F -2.114 -2.702 -2.978 -3.388 -1.016 -3.506 -3.437 -2.993 -1.134 0.815 1.89 -3.074 0.818 5.816 -4.213 -3.062 -2.152 0.4 2.333 -0.012
87 Y -1.934 -2.019 -2.292 -3.092 -1.653 -2.18 -2.605 -2.918 1.603 -0.493 -0.465 -2.17 -0.435 4.516 -3.574 -2.574 -2.157 2.007 6.078 -0.854
88 E 0.242 -0.415 0.109 0.768 -0.91 0.544 2.956 -0.883 -0.002 -2.306 -2.51 0.236 -1.456 -2.256 -1.671 1.895 0.081 -2.467 -1.831 -1.683
89 P -0.23 -1.639 -1.11 -1.175 -0.992 -1.527 -1.316 -1.307 -1.275 -2.21 -2.639 -0.849 -2.048 -2.92 5.889 0.592 -0.555 -3.905 -2.389 -1.919
90 D -0.744 -1.036 2.993 4.271 -1.436 -0.706 0.327 -0.584 -0.064 -2.496 -3.075 -0.547 -2.117 -2.51 -2.13 0.916 -0.385 -3.114 -2.42 -2.317
91 L -1.088 -1.961 -2.615 -3.018 -0.278 -1.916 -2.734 -2.744 -1.305 1.792 1.529 -2.052 4.069 3.353 -3.48 -2.308 -1.148 -0.78 0.586 1.939
92 K -0.826 2.094 -0.268 -0.722 -1.977 0.807 0.313 -1.342 -0.243 -2.123 -2.24 4.49 -1.224 -2.806 -1.687 -0.881 -1.082 -2.549 -1.789 -1.999
93 P 1.545 -1.514 -1.057 -1.201 -0.387 -1.383 -1.24 -0.685 -1.182 -1.776 -2.225 -0.797 -1.633 -2.526 4.83 0.907 -0.355 -3.342 -2.162 -1.206
94 L -1.118 -2.467 -3.224 -3.388 -0.02 -2.758 -3.284 -3.293 -2.552 3.086 2.991 -2.504 1.646 0.415 -3.466 -2.895 -1.133 -1.95 -1.168 2.587
95 F -2.062 -2.283 -2.47 -3.164 -1.557 -2.64 -2.869 -2.903 0.996 -0.213 -0.079 -2.501 -0.207 5.346 -3.837 -2.719 -2.227 1.671 5.356 -0.734
96 S 1.068 -0.741 0.497 -0.249 0.072 -0.57 -0.555 -0.106 -0.46 -1.911 -2.328 -0.285 -1.187 -1.943 -1.475 3.262 1.011 -2.549 -1.756 -1.292
97 A 3.238 -1.811 -1.987 -1.995 0.494 -1.689 -1.736 -0.214 -1.519 1.632 -0.236 -1.209 -0.171 -1.178 -1.865 -0.106 -0.572 -2.374 -1.631 1.093
98 L -1.631 -2.796 -3.18 -3.318 -0.411 -3.199 -3.536 -3.293 -2.028 3.331 2.29 -2.769 1.298 3.413 -3.74 -3.085 -1.479 -0.982 0.487 1.888
99 A 2.532 -1.942 -2.227 -2.332 0.515 -1.885 -1.987 -0.835 -1.939 1.702 0.029 -1.517 0.103 -1.033 -2.2 -0.601 -0.437 -2.414 -1.511 2.772
100 L -1.418 -1.964 -3.077 -3.396 -0.155 -2.154 -3.036 -3.161 -1.914 1.91 3.666 -2.185 3.461 0.746 -3.51 -2.828 -1.437 -1.56 -0.999 1.077
101 L -1.458 -2.607 -3.312 -3.392 -0.15 -2.911 -3.49 -3.43 -2.505 3.529 3.092 -2.577 1.734 0.542 -3.554 -3.117 -1.317 -1.905 -1.168 2.114
102 F -2.062 -2.283 -2.47 -3.164 -1.557 -2.64 -2.869 -2.903 0.996 -0.213 -0.079 -2.501 -0.207 5.346 -3.837 -2.719 -2.227 1.671 5.356 -0.734
103 I -1.377 -3.101 -3.263 -3.181 -0.15 -3.209 -3.687 -3.479 -2.711 4.521 1.677 -2.679 1.271 0.218 -3.505 -3.076 -1.075 -2.185 -1.285 2.86
104 Y 1.358 -1.412 -1.126 -1.756 -0.485 -1.32 -1.542 -1.002 1.0 -1.05 -1.313 -1.138 -0.849 1.783 -2.257 0.717 -0.596 0.809 4.807 -0.724
105 T 1.503 -1.486 -0.998 -1.599 0.325 -1.467 -1.666 -1.071 -1.664 0.897 -0.463 -1.131 -0.197 -1.294 -1.932 0.125 2.765 -2.297 -1.607 1.772
106 A 2.831 -1.089 -0.385 -0.879 0.392 -0.921 -0.903 0.144 -0.811 -1.32 -1.781 -0.553 -1.026 -1.895 -1.475 2.187 0.383 -2.494 -1.756 -0.489
107 L -0.739 -1.588 -1.322 -2.033 -0.011 -1.77 -2.184 -2.177 -1.828 1.101 2.493 -1.513 1.097 -0.129 -2.489 -0.623 2.605 -1.905 -1.363 0.701
108 F -1.097 -2.684 -2.895 -3.238 -0.392 -3.156 -3.173 -2.915 -1.687 1.97 0.761 -2.81 0.534 4.766 -3.74 -2.633 -1.254 -0.335 1.533 2.653
109 K -0.226 0.867 -0.367 -0.776 -1.202 -0.016 -0.285 -1.085 -0.587 -2.115 -2.382 2.94 -1.466 -2.678 3.117 0.744 -0.451 -2.934 -1.969 -1.843
110 F -1.097 -2.684 -2.895 -3.238 -0.392 -3.156 -3.173 -2.915 -1.687 1.97 0.761 -2.81 0.534 4.766 -3.74 -2.633 -1.254 -0.335 1.533 2.653
111 L -1.541 -2.186 -3.362 -3.62 -0.15 -2.64 -3.306 -3.383 -2.314 2.005 4.037 -2.478 2.132 0.833 -3.604 -3.158 -1.581 -1.65 -1.056 1.106
112 K -1.238 0.958 2.759 2.83 -2.037 0.153 0.305 -0.946 0.048 -2.406 -2.728 2.954 -1.759 -2.719 -2.037 -0.687 -0.985 -2.872 -2.129 -2.332
113 D -1.795 -1.681 -0.009 3.964 -2.045 -1.292 -0.179 -1.888 1.076 -1.607 -1.921 -1.304 -1.517 1.66 -2.764 -1.6 -1.731 0.667 4.753 -1.771
114 L -1.541 -2.186 -3.362 -3.62 -0.15 -2.64 -3.306 -3.383 -2.314 2.005 4.037 -2.478 2.132 0.833 -3.604 -3.158 -1.581 -1.65 -1.056 1.106
115 S 0.254 0.264 0.217 -0.302 -0.752 3.289 0.58 -0.712 0.22 -2.071 -2.155 0.566 -0.768 -2.406 -1.793 1.903 0.186 -2.361 -1.511 -1.529
116 E -0.872 1.193 -0.303 0.61 -2.186 1.089 3.103 -1.63 0.092 -2.426 -2.462 3.172 -1.476 -2.705 -1.783 -0.836 -1.189 -2.467 -1.848 -2.066
117 I -1.266 2.496 -1.463 -1.965 -0.968 -0.665 -1.361 -2.46 -1.096 2.775 0.36 1.831 0.285 -0.869 -2.749 -1.943 -1.167 -2.284 -1.522 1.339
118 H -1.684 -0.386 4.086 0.373 -2.08 -0.34 -0.611 -0.824 6.24 -2.687 -2.86 -0.521 -1.676 -1.514 -2.667 -0.757 -1.204 -2.112 0.366 -2.788
119 D 1.177 -1.44 -0.354 3.19 -0.585 -0.745 1.212 -1.092 -0.935 0.263 -1.157 -0.806 -0.869 -1.788 -2.174 -0.746 -0.868 -2.735 -2.01 1.188
120 L -0.897 -1.55 -1.508 -0.933 -0.864 -0.965 1.065 2.214 -1.196 0.477 2.274 -1.16 0.718 -0.411 -2.877 -1.81 -1.587 -2.007 -1.674 -0.162
121 D -0.856 -1.605 0.397 4.06 -1.327 -1.286 0.002 -1.147 -0.587 -1.481 -1.649 -1.108 -1.333 2.866 -2.438 0.577 -0.749 -1.541 0.002 -1.7
122 A 2.831 -1.089 -0.385 -0.879 0.392 -0.921 -0.903 0.144 -0.811 -1.32 -1.781 -0.553 -1.026 -1.895 -1.475 2.187 0.383 -2.494 -1.756 -0.489
123 K -0.883 2.97 -0.799 -1.421 5.823 0.102 -0.547 -1.716 -0.614 -1.806 -1.849 3.13 -1.187 -2.51 -2.248 -1.19 -1.229 -2.619 -2.005 -1.546
124 K -0.355 3.086 -0.101 -0.776 -1.367 0.442 -0.09 -1.136 -0.205 -2.181 -2.207 3.265 -1.214 -2.485 -1.851 0.749 -0.47 -2.467 -1.776 -1.843
125 G 2.597 -1.888 -0.987 -1.499 -0.15 -1.725 -1.885 4.218 -1.341 -1.783 -2.197 -1.222 -1.633 -2.233 -2.054 -0.183 -1.075 -2.44 -2.369 -0.989
126 I -1.046 -2.934 -3.176 -3.177 -0.02 -3.041 -3.467 -3.339 -2.761 4.214 1.511 -2.603 1.167 0.076 -3.418 -2.857 -0.906 -2.234 -1.285 3.232
127 S 0.164 2.747 0.099 -0.648 -0.819 0.114 -0.314 -0.798 -0.257 -2.126 -2.229 2.197 -1.205 -2.268 -1.793 1.831 0.093 -2.467 -1.768 -1.659
128 W -1.843 -0.142 2.225 -0.92 -2.115 -0.921 -1.235 -1.406 -0.25 -2.115 -2.111 1.358 -1.461 -0.167 -3.306 -1.569 -1.561 8.638 0.794 -2.247
129 L -1.458 -2.607 -3.312 -3.392 -0.15 -2.911 -3.49 -3.43 -2.505 3.529 3.092 -2.577 1.734 0.542 -3.554 -3.117 -1.317 -1.905 -1.168 2.114
130 Y -1.812 -1.777 -2.126 -3.022 -1.752 -1.784 -2.363 -2.932 2.105 -0.804 -0.91 -1.873 -0.682 3.348 -3.333 -2.437 -2.089 2.309 6.655 -0.979
131 Y -0.702 -1.731 -1.393 -2.071 -0.769 -1.689 -2.021 -2.018 0.861 1.54 -0.23 -1.539 -0.152 1.99 -2.779 0.209 -0.756 0.83 4.82 0.501
132 I -1.377 -3.101 -3.263 -3.181 -0.15 -3.209 -3.687 -3.479 -2.711 4.521 1.677 -2.679 1.271 0.218 -3.505 -3.076 -1.075 -2.185 -1.285 2.86
133 F -1.64 -2.042 -2.599 -3.053 -0.709 -2.128 -2.863 -2.725 -0.897 1.015 1.455 -2.232 4.023 4.849 -3.783 -2.479 -1.633 -0.03 1.624 0.337
134 I -1.377 -3.101 -3.263 -3.181 -0.15 -3.209 -3.687 -3.479 -2.711 4.521 1.677 -2.679 1.271 0.218 -3.505 -3.076 -1.075 -2.185 -1.285 2.86
135 I -0.977 -2.428 -2.929 -3.081 -0.024 -2.368 -3.099 -3.099 -2.208 3.652 1.639 -2.253 3.03 0.143 -3.352 -2.574 -0.899 -1.984 -1.165 2.912
136 I -1.377 -3.101 -3.263 -3.181 -0.15 -3.209 -3.687 -3.479 -2.711 4.521 1.677 -2.679 1.271 0.218 -3.505 -3.076 -1.075 -2.185 -1.285 2.86
137 G 0.09 -2.358 -0.44 -1.323 -1.32 -2.195 -2.622 5.809 -1.476 -3.215 -3.461 -1.651 -2.667 -2.678 -2.779 -1.002 -1.919 -2.44 -3.148 -2.864
138 V -1.019 -2.781 -3.018 -3.207 -0.177 -3.07 -3.283 -3.098 -2.181 3.23 1.128 -2.692 0.848 3.276 -3.559 -2.709 -1.046 -1.137 0.455 3.02
139 L -1.465 -1.896 -2.706 -3.12 -0.421 -1.926 -2.826 -2.838 -1.211 1.441 2.484 -2.072 4.2 3.456 -3.594 -2.505 -1.462 -0.662 0.617 0.715
140 G 0.09 -2.358 -0.44 -1.323 -1.32 -2.195 -2.622 5.809 -1.476 -3.215 -3.461 -1.651 -2.667 -2.678 -2.779 -1.002 -1.919 -2.44 -3.148 -2.864
141 V 1.005 -2.293 -2.676 -2.86 0.399 -2.334 -2.559 -2.064 -2.552 2.651 0.671 -2.068 0.609 -0.595 -2.81 -1.608 -0.446 -2.396 -1.358 3.74
142 F -1.343 -2.628 -2.962 -3.311 -0.49 -3.166 -3.244 -2.981 -1.615 1.754 1.608 -2.827 0.822 4.809 -3.822 -2.779 -1.468 -0.267 1.548 2.08
143 F -1.907 3.663 -1.419 -2.308 -1.783 -0.911 -1.666 -2.477 -0.328 -0.82 -0.45 0.442 -0.424 4.64 -3.446 -2.106 -1.876 -0.297 1.447 -1.218
144 L -1.6 -1.167 3.767 -0.234 -0.875 -1.394 -1.736 -1.339 -0.229 0.519 2.267 -1.185 0.72 -0.346 -3.051 -1.255 -0.961 -2.234 -1.518 -0.18
145 L -1.458 -2.607 -3.312 -3.392 -0.15 -2.911 -3.49 -3.43 -2.505 3.529 3.092 -2.577 1.734 0.542 -3.554 -3.117 -1.317 -1.905 -1.168 2.114
146 R -1.21 3.893 -0.4 0.37 -2.334 0.962 2.955 -2.037 0.249 -2.687 -2.346 1.425 -1.476 -2.539 -2.264 -1.082 -1.376 -2.31 -1.839 -2.148
147 F -2.063 -2.946 -2.956 -3.28 -1.016 -3.686 -3.532 -3.014 -1.196 2.034 0.885 -3.135 0.508 5.791 -4.182 -3.042 -1.988 0.339 2.316 0.763
148 G 0.09 -2.358 -0.44 -1.323 -1.32 -2.195 -2.622 5.809 -1.476 -3.215 -3.461 -1.651 -2.667 -2.678 -2.779 -1.002 -1.919 -2.44 -3.148 -2.864
149 N 1.053 -1.001 3.854 0.18 -0.904 -1.018 -1.067 -0.336 0.02 -2.03 -2.488 -0.606 -1.833 -2.435 3.042 -0.229 -0.643 -3.131 -2.115 -1.54
150 Y -1.812 -1.777 -2.126 -3.022 -1.752 -1.784 -2.363 -2.932 2.105 -0.804 -0.91 -1.873 -0.682 3.348 -3.333 -2.437 -2.089 2.309 6.655 -0.979
151 A 2.589 -1.428 -1.216 -1.575 0.344 -1.371 -1.452 -0.344 -1.226 0.014 1.054 -1.009 0.164 -0.929 -1.879 1.059 -0.205 -2.246 -1.564 0.144
152 G -0.067 -2.421 -1.424 -2.099 -0.372 -2.385 -2.755 3.944 -2.107 1.343 -0.488 -1.996 -0.417 -1.319 -2.969 -1.573 -1.093 -2.414 -2.069 2.37
153 K -0.826 2.094 -0.268 -0.722 -1.977 0.807 0.313 -1.342 -0.243 -2.123 -2.24 4.49 -1.224 -2.806 -1.687 -0.881 -1.082 -2.549 -1.789 -1.999
154 N 2.308 -0.9 3.864 0.163 -0.315 -0.896 -0.998 0.122 0.08 -1.62 -2.094 -0.559 -1.446 -2.099 -1.978 0.183 -0.437 -2.691 -1.908 -0.906
155 Y -1.812 -1.777 -2.126 -3.022 -1.752 -1.784 -2.363 -2.932 2.105 -0.804 -0.91 -1.873 -0.682 3.348 -3.333 -2.437 -2.089 2.309 6.655 -0.979
156 P -0.836 -2.014 -1.934 -1.564 -1.457 -1.933 -1.622 -1.852 -1.608 -2.318 -2.75 -1.064 -2.403 -3.336 6.663 -1.452 -1.348 -4.549 -2.636 -2.162
157 V -0.234 -2.486 -2.929 -3.164 0.34 -2.587 -2.894 -2.955 -2.915 3.03 0.945 -2.388 0.832 -0.398 -3.171 -2.284 -0.451 -2.387 -1.285 4.125
158 P -1.489 -2.421 -2.36 -2.308 -1.415 -2.74 -2.405 -2.318 -1.192 -0.738 -0.641 -1.972 -0.816 4.608 4.724 -2.135 -1.814 -0.735 1.322 -1.218
159 P -0.836 -2.014 -1.934 -1.564 -1.457 -1.933 -1.622 -1.852 -1.608 -2.318 -2.75 -1.064 -2.403 -3.336 6.663 -1.452 -1.348 -4.549 -2.636 -2.162
160 F -2.334 -2.896 -2.86 -3.314 -1.374 -3.864 -3.482 -2.875 -0.828 0.277 0.565 -3.304 0.201 6.515 -4.448 -3.031 -2.371 0.852 2.931 -0.507
161 A 2.24 -1.214 -0.497 -1.029 0.332 -1.073 -1.087 -0.237 -1.004 -0.046 -1.176 -0.738 -0.644 -1.593 -1.697 2.021 0.379 -2.485 -1.672 0.899
162 E -0.919 -0.122 -0.338 1.518 -2.411 1.346 4.494 -1.95 0.392 -2.764 -2.703 0.677 -1.754 -2.608 -1.882 -0.791 -1.301 -2.387 -1.908 -2.134
163 P -1.239 -1.068 -0.496 -1.247 -1.862 -0.916 -1.007 -1.774 6.099 -2.484 -2.672 -0.911 -1.776 -1.835 4.771 -1.515 -1.754 -2.605 0.253 -2.566
164 S 1.068 -0.741 0.497 -0.249 0.072 -0.57 -0.555 -0.106 -0.46 -1.911 -2.328 -0.285 -1.187 -1.943 -1.475 3.262 1.011 -2.549 -1.756 -1.292
165 H -1.707 -0.358 0.459 -0.961 -2.334 -0.165 -0.501 -1.697 7.998 -2.662 -2.595 -0.766 -1.261 -0.853 -2.749 -1.579 -2.227 -1.454 1.667 -3.036
166 F -2.334 -2.896 -2.86 -3.314 -1.374 -3.864 -3.482 -2.875 -0.828 0.277 0.565 -3.304 0.201 6.515 -4.448 -3.031 -2.371 0.852 2.931 -0.507
167 A 3.918 -1.484 -1.662 -1.687 0.68 -1.32 -1.298 0.374 -1.211 -0.83 -1.321 -0.849 -0.874 -1.848 -1.475 0.455 -0.422 -2.44 -1.756 0.139
168 L -1.541 -2.186 -3.362 -3.62 -0.15 -2.64 -3.306 -3.383 -2.314 2.005 4.037 -2.478 2.132 0.833 -3.604 -3.158 -1.581 -1.65 -1.056 1.106
169 A 3.918 -1.484 -1.662 -1.687 0.68 -1.32 -1.298 0.374 -1.211 -0.83 -1.321 -0.849 -0.874 -1.848 -1.475 0.455 -0.422 -2.44 -1.756 0.139
170 F -2.062 -2.283 -2.47 -3.164 -1.557 -2.64 -2.869 -2.903 0.996 -0.213 -0.079 -2.501 -0.207 5.346 -3.837 -2.719 -2.227 1.671 5.356 -0.734
171 A 3.426 -1.279 -0.953 -1.255 0.54 -1.113 -1.094 0.261 -1.004 -1.065 -1.542 -0.697 -0.949 -1.872 -1.475 1.449 0.008 -2.467 -1.756 -0.158
172 P -0.836 -2.014 -1.934 -1.564 -1.457 -1.933 -1.622 -1.852 -1.608 -2.318 -2.75 -1.064 -2.403 -3.336 6.663 -1.452 -1.348 -4.549 -2.636 -2.162
173 I -1.046 -2.934 -3.176 -3.177 -0.02 -3.041 -3.467 -3.339 -2.761 4.214 1.511 -2.603 1.167 0.076 -3.418 -2.857 -0.906 -2.234 -1.285 3.232
174 A 2.831 -1.089 -0.385 -0.879 0.392 -0.921 -0.903 0.144 -0.811 -1.32 -1.781 -0.553 -1.026 -1.895 -1.475 2.187 0.383 -2.494 -1.756 -0.489
175 I -1.377 -3.101 -3.263 -3.181 -0.15 -3.209 -3.687 -3.479 -2.711 4.521 1.677 -2.679 1.271 0.218 -3.505 -3.076 -1.075 -2.185 -1.285 2.86
176 C -1.05 -2.454 -2.515 -3.214 7.734 -2.501 -3.04 -2.522 0.566 -0.767 -0.985 -2.427 -0.874 1.765 -3.269 -2.028 -1.677 0.703 4.762 -0.68
177 Y -1.504 -1.942 -2.433 -3.007 -0.847 -1.857 -2.639 -2.964 0.787 2.017 0.835 -1.936 2.679 2.221 -3.352 -2.467 -1.529 0.948 4.848 0.934
178 Q -0.883 1.007 -0.093 -0.357 -1.911 4.883 1.392 -1.479 0.769 -2.24 -1.991 1.222 -0.403 -2.959 -2.151 -0.755 -0.975 -2.185 -1.285 -1.787
179 L -1.541 -2.186 -3.362 -3.62 -0.15 -2.64 -3.306 -3.383 -2.314 2.005 4.037 -2.478 2.132 0.833 -3.604 -3.158 -1.581 -1.65 -1.056 1.106
180 Y -1.798 -1.763 -2.111 -3.008 -1.737 -1.769 -2.349 -2.918 2.119 -0.789 -0.896 -1.859 -0.668 3.363 -3.319 -2.423 -2.075 2.323 6.624 -0.965
181 Y 1.11 -1.858 -2.176 -2.657 -0.401 -1.834 -2.169 -1.697 0.74 0.713 -0.402 -1.69 -0.263 1.92 -2.712 -1.376 -1.146 0.822 4.82 1.467
182 C -0.447 -3.339 -2.965 -3.419 9.68 -3.458 -3.925 -2.163 -2.95 -0.732 -1.061 -3.113 -1.079 -2.027 -3.207 -1.67 -1.317 -3.235 -2.796 -0.409
183 S 0.572 -0.967 0.031 -0.732 -0.287 -0.829 -0.912 -0.596 0.423 -1.592 -1.903 -0.608 -1.052 0.478 -1.84 2.563 0.492 -0.414 3.09 -1.211
184 N 0.015 -0.573 4.091 0.617 -0.73 -0.548 -0.639 -0.13 0.342 -2.284 -2.711 -0.29 -1.633 -2.151 -1.978 2.041 0.372 -2.75 -1.908 -1.857
185 K -0.826 2.094 -0.268 -0.722 -1.977 0.807 0.313 -1.342 -0.243 -2.123 -2.24 4.49 -1.224 -2.806 -1.687 -0.881 -1.082 -2.549 -1.789 -1.999
186 L -1.691 -2.861 -3.138 -3.294 -0.504 -3.301 -3.551 -3.248 -1.885 3.261 1.963 -2.836 1.137 3.963 -3.804 -3.074 -1.535 -0.73 0.88 1.808
187 H -1.233 1.121 0.119 -0.839 -2.15 0.362 -0.065 -1.514 6.159 -2.38 -2.412 2.923 -1.242 -1.667 -2.169 -1.209 -1.598 -1.95 0.428 -2.471
188 K 0.274 1.011 0.14 -0.476 -0.774 0.2 -0.088 -0.659 -0.349 -2.015 -2.284 2.995 -1.205 -2.342 -1.579 1.878 0.15 -2.549 -1.772 -1.624
189 L -1.91 -2.52 -3.1 -3.463 -0.698 -3.188 -3.393 -3.117 -1.476 1.268 2.795 -2.862 1.326 4.892 -3.996 -3.094 -1.949 -0.136 1.577 0.411
190 R -1.716 3.683 -1.49 -2.36 -1.374 -0.777 -1.642 -2.581 -0.583 -0.063 1.292 0.506 0.324 3.108 -3.278 -2.128 -1.691 -0.998 0.364 -0.598
191 I -0.676 -1.925 -1.297 -1.899 -0.011 -1.968 -2.307 -2.208 -1.99 3.03 0.622 -1.583 0.508 -0.543 -2.455 -0.606 2.669 -2.185 -1.488 1.835
192 A 2.345 -2.18 -2.353 -2.338 0.295 -2.113 -2.252 -0.952 -1.865 2.941 0.551 -1.621 0.394 -0.634 -2.315 -0.801 -0.73 -2.31 -1.511 1.809
193 G -0.551 -2.705 -1.519 -2.105 -0.676 -2.658 -3.106 3.922 -2.028 2.712 0.126 -2.119 -0.072 -0.881 -3.119 -1.857 -1.466 -2.31 -2.069 1.232
194 V -0.749 -2.777 -3.091 -3.173 0.105 -2.882 -3.263 -3.205 -2.811 3.871 1.334 -2.53 1.06 -0.074 -3.333 -2.653 -0.746 -2.284 -1.285 3.561
195 P 0.27 -1.308 -0.47 -0.832 -0.592 -1.172 -1.04 -0.849 -0.977 -2.107 -2.532 -0.648 -1.731 -2.556 4.83 1.777 0.066 -3.379 -2.162 -1.694
196 L -1.541 -2.186 -3.362 -3.62 -0.15 -2.64 -3.306 -3.383 -2.314 2.005 4.037 -2.478 2.132 0.833 -3.604 -3.158 -1.581 -1.65 -1.056 1.106
197 L -1.659 -2.293 -3.272 -3.567 -0.321 -2.811 -3.334 -3.291 -2.007 1.78 3.68 -2.6 1.888 2.872 -3.729 -3.137 -1.698 -1.053 0.108 0.892
198 L -1.91 -2.52 -3.1 -3.463 -0.698 -3.188 -3.393 -3.117 -1.476 1.268 2.795 -2.862 1.326 4.892 -3.996 -3.094 -1.949 -0.136 1.577 0.411
199 G 0.09 -2.358 -0.44 -1.323 -1.32 -2.195 -2.622 5.809 -1.476 -3.215 -3.461 -1.651 -2.667 -2.678 -2.779 -1.002 -1.919 -2.44 -3.148 -2.864
200 V -0.82 -2.681 -2.965 -3.204 -0.089 -2.962 -3.154 -3.015 -2.208 2.909 0.995 -2.641 0.769 3.244 -3.5 -2.579 -0.933 -1.16 0.455 3.26
201 L 2.323 -1.814 -2.389 -2.495 0.295 -1.905 -2.131 -0.932 -1.71 0.922 2.456 -1.55 1.004 -0.207 -2.348 -0.82 -0.944 -2.018 -1.385 0.663
202 F -2.062 -2.283 -2.47 -3.164 -1.557 -2.64 -2.869 -2.903 0.996 -0.213 -0.079 -2.501 -0.207 5.346 -3.837 -2.719 -2.227 1.671 5.356 -0.734
203 P -0.836 -2.014 -1.934 -1.564 -1.457 -1.933 -1.622 -1.852 -1.608 -2.318 -2.75 -1.064 -2.403 -3.336 6.663 -1.452 -1.348 -4.549 -2.636 -2.162
204 N 0.015 -0.573 4.091 0.617 -0.73 -0.548 -0.639 -0.13 0.342 -2.284 -2.711 -0.29 -1.633 -2.151 -1.978 2.041 0.372 -2.75 -1.908 -1.857
205 L -1.541 -2.186 -3.362 -3.62 -0.15 -2.64 -3.306 -3.383 -2.314 2.005 4.037 -2.478 2.132 0.833 -3.604 -3.158 -1.581 -1.65 -1.056 1.106
206 V -0.749 -2.777 -3.091 -3.173 0.105 -2.882 -3.263 -3.205 -2.811 3.871 1.334 -2.53 1.06 -0.074 -3.333 -2.653 -0.746 -2.284 -1.285 3.561
207 L -1.91 -2.52 -3.1 -3.463 -0.698 -3.188 -3.393 -3.117 -1.476 1.268 2.795 -2.862 1.326 4.892 -3.996 -3.094 -1.949 -0.136 1.577 0.411
208 V -0.423 -2.169 -2.776 -3.073 0.221 -2.12 -2.749 -2.858 -2.292 2.734 1.292 -2.124 2.917 -0.156 -3.189 -2.215 -0.589 -2.077 -1.165 3.602
209 I -1.046 -2.934 -3.176 -3.177 -0.02 -3.041 -3.467 -3.339 -2.761 4.214 1.511 -2.603 1.167 0.076 -3.418 -2.857 -0.906 -2.234 -1.285 3.232
210 L -1.458 -2.607 -3.312 -3.392 -0.15 -2.911 -3.49 -3.43 -2.505 3.529 3.092 -2.577 1.734 0.542 -3.554 -3.117 -1.317 -1.905 -1.168 2.114
211 G 2.597 -1.888 -0.987 -1.499 -0.15 -1.725 -1.885 4.218 -1.341 -1.783 -2.197 -1.222 -1.633 -2.233 -2.054 -0.183 -1.075 -2.44 -2.369 -0.989
212 C -1.239 -3.109 -2.912 -3.366 7.741 -3.654 -3.695 -2.497 -1.698 -0.184 -0.135 -3.207 -0.368 4.66 -3.761 -2.271 -1.796 -0.521 1.302 -0.458
213 L -1.378 -2.151 -3.054 -3.289 -0.155 -2.265 -3.119 -3.183 -1.996 2.796 3.167 -2.23 3.341 0.599 -3.485 -2.809 -1.309 -1.681 -1.053 1.63
214 Q -0.883 1.007 -0.093 -0.357 -1.911 4.883 1.392 -1.479 0.769 -2.24 -1.991 1.222 -0.403 -2.959 -2.151 -0.755 -0.975 -2.185 -1.285 -1.787
215 L -1.829 -2.326 -2.953 -3.41 -0.745 -2.811 -3.18 -3.128 -0.572 1.16 2.704 -2.608 1.238 4.266 -3.808 -2.984 -1.906 0.278 3.112 0.357
216 L -1.301 -1.757 -2.818 -3.189 -0.159 -1.738 -2.79 -2.955 -1.563 1.811 3.24 -1.92 4.367 0.656 -3.418 -2.531 -1.301 -1.473 -0.942 1.048
217 L -1.458 -2.607 -3.312 -3.392 -0.15 -2.911 -3.49 -3.43 -2.505 3.529 3.092 -2.577 1.734 0.542 -3.554 -3.117 -1.317 -1.905 -1.168 2.114
218 L -0.814 -2.332 -3.138 -3.383 0.105 -2.614 -3.092 -3.161 -2.599 2.562 2.887 -2.433 1.555 0.282 -3.38 -2.688 -0.961 -1.995 -1.168 2.993
219 P -1.269 -1.793 0.038 4.047 -1.878 -1.354 0.013 -1.465 -1.022 -2.514 -3.097 -0.944 -2.547 -3.12 4.79 -1.191 -1.38 -3.995 -2.832 -2.492
220 K -0.988 3.39 -0.315 -0.911 -2.045 0.737 0.118 -1.52 -0.154 -2.238 -2.186 4.042 -1.224 -2.719 -1.91 -1.004 -1.171 -2.467 -1.785 -2.039
221 R -1.52 5.483 -0.448 -1.549 -2.245 0.532 -0.546 -2.114 0.113 -2.597 -2.013 2.033 -1.209 -2.458 -2.69 -1.392 -1.439 -2.22 -1.758 -2.147
222 Y -1.277 0.764 -1.05 -1.649 -1.862 -0.207 -0.725 -2.029 1.163 -1.388 -1.499 2.792 -0.94 1.671 -2.394 -1.556 -1.542 0.8 4.806 -1.444
223 S 1.068 -0.741 0.497 -0.249 0.072 -0.57 -0.555 -0.106 -0.46 -1.911 -2.328 -0.285 -1.187 -1.943 -1.475 3.262 1.011 -2.549 -1.756 -1.292
224 C -0.338 -2.881 -2.947 -3.289 7.791 -2.99 -3.363 -2.532 -2.933 1.723 0.113 -2.728 0.032 -1.099 -3.189 -1.961 -0.852 -2.78 -1.943 2.67
225 F -0.974 -2.13 -1.704 -1.969 -1.102 -2.379 -2.136 -1.883 -0.995 -0.696 -0.605 -1.775 -0.674 4.627 3.666 -0.328 -1.176 -0.61 1.365 -1.098
226 L -1.789 -2.234 -2.882 -3.383 -0.769 -2.64 -3.079 -3.133 -0.208 1.104 2.658 -2.489 1.194 3.894 -3.718 -2.93 -1.886 0.464 3.653 0.33
227 L -0.468 -1.811 -1.558 -2.144 -0.315 -1.835 -2.136 -2.042 -0.203 1.893 1.167 -1.64 0.51 1.117 -2.781 0.197 -0.538 -0.288 3.146 1.577
228 F -2.334 -2.896 -2.86 -3.314 -1.374 -3.864 -3.482 -2.875 -0.828 0.277 0.565 -3.304 0.201 6.515 -4.448 -3.031 -2.371 0.852 2.931 -0.507
229 I -0.704 -2.268 -1.719 -2.15 -0.348 -2.401 -2.501 -2.1 -1.492 2.971 0.778 -1.979 0.551 3.224 -3.014 0.096 -0.61 -1.14 0.395 1.559
230 L -1.513 -2.32 -3.346 -3.542 -0.15 -2.728 -3.366 -3.398 -2.376 2.607 3.755 -2.51 2.006 0.739 -3.588 -3.145 -1.49 -1.733 -1.093 1.483
231 L -1.458 -2.607 -3.312 -3.392 -0.15 -2.911 -3.49 -3.43 -2.505 3.529 3.092 -2.577 1.734 0.542 -3.554 -3.117 -1.317 -1.905 -1.168 2.114
232 A 3.426 -1.279 -0.953 -1.255 0.54 -1.113 -1.094 0.261 -1.004 -1.065 -1.542 -0.697 -0.949 -1.872 -1.475 1.449 0.008 -2.467 -1.756 -0.158
233 V 0.49 -1.484 -0.735 -1.353 0.209 -1.406 -1.494 -1.193 -1.434 1.508 -0.25 -1.149 -0.005 -1.069 -2.2 1.656 0.372 -2.467 -1.511 2.536
234 L -0.814 -2.332 -3.138 -3.383 0.105 -2.614 -3.092 -3.161 -2.599 2.562 2.887 -2.433 1.555 0.282 -3.38 -2.688 -0.961 -1.995 -1.168 2.993
235 L 1.614 -1.736 -1.988 -2.332 0.196 -1.86 -2.148 -1.29 -1.749 0.983 2.468 -1.537 1.036 -0.181 -2.394 -0.753 0.763 -1.98 -1.377 0.675
236 S 0.159 -1.243 -0.662 -1.289 -0.042 -1.043 -1.443 -1.164 -0.909 1.423 0.573 -0.946 3.093 -0.549 -2.255 1.651 0.159 -2.018 -1.339 0.617
237 Y -0.916 -2.11 -2.5 -3.092 -0.52 -2.158 -2.616 -2.944 0.571 1.708 0.164 -2.119 0.173 2.045 -3.251 -2.36 -1.156 0.826 4.833 2.579
238 V -0.749 -2.777 -3.091 -3.173 0.105 -2.882 -3.263 -3.205 -2.811 3.871 1.334 -2.53 1.06 -0.074 -3.333 -2.653 -0.746 -2.284 -1.285 3.561
239 I -1.046 -2.934 -3.176 -3.177 -0.02 -3.041 -3.467 -3.339 -2.761 4.214 1.511 -2.603 1.167 0.076 -3.418 -2.857 -0.906 -2.234 -1.285 3.232
240 F -1.483 0.565 -1.282 -1.736 -1.66 -0.672 -1.001 -2.008 -0.521 -0.681 -0.51 2.678 -0.424 4.626 -2.749 -1.76 -1.655 -0.374 1.444 -1.158
241 A 2.249 -1.028 -0.178 -0.785 0.297 -0.888 -0.914 -0.098 -0.84 -1.19 -1.728 -0.544 -0.963 -1.848 -1.51 2.211 1.571 -2.449 -1.747 -0.47
242 G -0.363 -0.59 -0.324 -0.117 -1.705 1.986 1.685 4.015 -0.264 -2.83 -2.837 -0.058 -1.715 -2.728 -2.371 -0.885 -1.5 -2.361 -2.259 -2.374
243 N -1.355 -0.859 3.818 -0.094 -0.887 -0.777 -1.426 -1.12 0.16 0.187 0.563 -0.816 3.8 -0.617 -2.896 -0.914 -0.733 -2.018 -1.385 -0.271
244 E -0.901 0.498 -0.213 0.73 -2.15 3.625 3.341 -1.705 0.587 -2.49 -2.325 0.962 -1.0 -2.778 -2.013 -0.773 -1.133 -2.284 -1.58 -1.955
245 A 2.831 -1.089 -0.385 -0.879 0.392 -0.921 -0.903 0.144 -0.811 -1.32 -1.781 -0.553 -1.026 -1.895 -1.475 2.187 0.383 -2.494 -1.756 -0.489
246 I -1.225 -2.116 -2.776 -2.991 -0.159 -1.933 -2.944 -2.996 -1.71 3.416 1.915 -2.001 4.19 0.346 -3.37 -2.498 -1.06 -1.712 -1.05 2.074
247 D -1.316 -0.763 0.531 4.416 -2.392 0.445 3.258 -1.507 -0.035 -2.745 -3.07 0.021 -2.187 -2.76 -2.078 -0.87 -1.356 -2.903 -2.42 -2.476
248 Y -1.812 -1.777 -2.126 -3.022 -1.752 -1.784 -2.363 -2.932 2.105 -0.804 -0.91 -1.873 -0.682 3.348 -3.333 -2.437 -2.089 2.309 6.655 -0.979
249 F -2.334 -2.896 -2.86 -3.314 -1.374 -3.864 -3.482 -2.875 -0.828 0.277 0.565 -3.304 0.201 6.515 -4.448 -3.031 -2.371 0.852 2.931 -0.507
250 R -1.67 3.732 -1.176 -2.202 -1.994 -0.409 -1.323 -2.502 1.272 -1.568 -1.415 0.684 -0.94 1.709 -3.002 -1.876 -1.754 0.852 4.806 -1.51
251 G -0.707 -2.053 -1.161 -2.049 -1.528 -1.982 -2.49 3.946 0.837 -1.765 -1.912 -1.76 -1.507 1.685 -3.043 -1.631 -2.003 0.817 4.75 -1.771
252 R -1.534 5.51 -0.462 -1.564 -2.259 0.518 -0.561 -2.128 0.098 -2.612 -2.028 2.018 -1.224 -2.472 -2.704 -1.406 -1.454 -2.234 -1.772 -2.162
253 I -1.377 -3.101 -3.263 -3.181 -0.15 -3.209 -3.687 -3.479 -2.711 4.521 1.677 -2.679 1.271 0.218 -3.505 -3.076 -1.075 -2.185 -1.285 2.86
254 L -1.91 -2.52 -3.1 -3.463 -0.698 -3.188 -3.393 -3.117 -1.476 1.268 2.795 -2.862 1.326 4.892 -3.996 -3.094 -1.949 -0.136 1.577 0.411
255 F -2.334 -2.896 -2.86 -3.314 -1.374 -3.864 -3.482 -2.875 -0.828 0.277 0.565 -3.304 0.201 6.515 -4.448 -3.031 -2.371 0.852 2.931 -0.507
256 D -1.777 -1.588 1.199 5.833 -2.372 -0.872 1.05 -1.124 -0.536 -2.725 -3.491 -0.829 -2.698 -2.92 -2.289 -0.952 -1.413 -3.531 -3.043 -2.864
257 Y -0.587 -1.533 -1.18 -1.724 -1.114 -1.461 -1.626 -1.707 0.957 -1.382 -1.608 -1.196 -1.159 1.699 2.995 0.379 -0.815 0.685 4.788 -1.315
258 S 1.068 -0.741 0.497 -0.249 0.072 -0.57 -0.555 -0.106 -0.46 -1.911 -2.328 -0.285 -1.187 -1.943 -1.475 3.262 1.011 -2.549 -1.756 -1.292
259 N -1.689 -0.666 5.012 3.224 -1.969 -0.609 -0.169 -0.368 0.659 -2.716 -3.233 -0.42 -2.286 -2.501 -2.51 -0.305 -0.663 -3.097 -2.283 -2.633
260 P -1.167 -2.099 -2.56 -2.412 -0.73 -2.265 -2.343 -2.517 -1.939 0.587 2.3 -1.685 0.677 -0.556 4.744 -2.181 -1.462 -2.75 -1.739 -0.088
261 N -1.66 -0.415 5.643 1.281 -1.846 -0.527 -0.725 -0.155 0.968 -2.712 -3.152 -0.296 -2.161 -2.374 -2.588 -0.118 -0.451 -2.966 -2.069 -2.56
262 L -1.541 -2.186 -3.362 -3.62 -0.15 -2.64 -3.306 -3.383 -2.314 2.005 4.037 -2.478 2.132 0.833 -3.604 -3.158 -1.581 -1.65 -1.056 1.106
263 S 1.068 -0.741 0.497 -0.249 0.072 -0.57 -0.555 -0.106 -0.46 -1.911 -2.328 -0.285 -1.187 -1.943 -1.475 3.262 1.011 -2.549 -1.756 -1.292
264 N -1.66 -0.415 5.643 1.281 -1.846 -0.527 -0.725 -0.155 0.968 -2.712 -3.152 -0.296 -2.161 -2.374 -2.588 -0.118 -0.451 -2.966 -2.069 -2.56
265 L -1.541 -2.186 -3.362 -3.62 -0.15 -2.64 -3.306 -3.383 -2.314 2.005 4.037 -2.478 2.132 0.833 -3.604 -3.158 -1.581 -1.65 -1.056 1.106
266 V -0.234 -2.486 -2.929 -3.164 0.34 -2.587 -2.894 -2.955 -2.915 3.03 0.945 -2.388 0.832 -0.398 -3.171 -2.284 -0.451 -2.387 -1.285 4.125
267 Y -1.812 -1.777 -2.126 -3.022 -1.752 -1.784 -2.363 -2.932 2.105 -0.804 -0.91 -1.873 -0.682 3.348 -3.333 -2.437 -2.089 2.309 6.655 -0.979
268 L -1.541 -2.186 -3.362 -3.62 -0.15 -2.64 -3.306 -3.383 -2.314 2.005 4.037 -2.478 2.132 0.833 -3.604 -3.158 -1.581 -1.65 -1.056 1.106
269 Q -0.883 1.007 -0.093 -0.357 -1.911 4.883 1.392 -1.479 0.769 -2.24 -1.991 1.222 -0.403 -2.959 -2.151 -0.755 -0.975 -2.185 -1.285 -1.787
270 G 0.09 -2.358 -0.44 -1.323 -1.32 -2.195 -2.622 5.809 -1.476 -3.215 -3.461 -1.651 -2.667 -2.678 -2.779 -1.002 -1.919 -2.44 -3.148 -2.864
271 W -2.65 -2.383 -3.166 -3.62 -2.334 -2.824 -2.969 -2.366 -1.134 -1.854 -1.65 -2.791 -1.28 1.128 -5.408 -3.355 -2.695 10.61 2.169 -2.228
272 E -0.919 -0.122 -0.338 1.518 -2.411 1.346 4.494 -1.95 0.392 -2.764 -2.703 0.677 -1.754 -2.608 -1.882 -0.791 -1.301 -2.387 -1.908 -2.134
273 A 2.582 -0.993 2.459 -0.311 0.06 -0.908 -0.95 0.133 -0.331 -1.467 -1.933 -0.556 -1.228 -1.995 -1.716 1.356 0.002 -2.591 -1.831 -0.69
274 A 3.308 -1.704 -1.93 -1.992 0.599 -1.588 -1.622 -0.168 -1.552 0.705 -0.568 -1.163 -0.344 -1.412 -1.815 -0.025 -0.429 -2.427 -1.631 1.745
275 W -2.201 -2.064 -2.599 -3.306 -2.028 -2.257 -2.65 -2.635 0.918 -1.281 -1.256 -2.296 -0.966 2.447 -4.188 -2.86 -2.376 8.768 5.208 -1.537
276 I -1.3 -2.567 -3.009 -3.085 -0.155 -2.501 -3.291 -3.228 -2.167 4.021 1.798 -2.32 3.085 0.282 -3.437 -2.773 -1.067 -1.939 -1.165 2.494
277 A 3.918 -1.484 -1.662 -1.687 0.68 -1.32 -1.298 0.374 -1.211 -0.83 -1.321 -0.849 -0.874 -1.848 -1.475 0.455 -0.422 -2.44 -1.756 0.139
278 L -1.541 -2.186 -3.362 -3.62 -0.15 -2.64 -3.306 -3.383 -2.314 2.005 4.037 -2.478 2.132 0.833 -3.604 -3.158 -1.581 -1.65 -1.056 1.106
279 K 1.237 1.529 -0.559 -0.935 -1.052 0.404 -0.013 -0.809 -0.456 -1.742 -1.982 3.808 -1.132 -2.535 -1.633 -0.485 -0.902 -2.521 -1.78 -1.299
280 E -0.919 -0.122 -0.338 1.518 -2.411 1.346 4.494 -1.95 0.392 -2.764 -2.703 0.677 -1.754 -2.608 -1.882 -0.791 -1.301 -2.387 -1.908 -2.134
281 T -0.112 -1.093 -0.139 -1.014 0.122 -1.103 -1.378 -1.329 -1.413 -0.224 -1.057 -0.791 -0.532 -1.58 -1.687 0.705 4.245 -2.185 -1.706 0.229
282 R -0.773 2.901 2.531 -0.433 -1.404 -0.385 -0.889 -0.985 0.058 -2.31 -2.275 0.493 -1.431 -1.355 -2.586 0.692 -0.518 5.588 -0.673 -2.016
283 L -1.91 -2.52 -3.1 -3.463 -0.698 -3.188 -3.393 -3.117 -1.476 1.268 2.795 -2.862 1.326 4.892 -3.996 -3.094 -1.949 -0.136 1.577 0.411
284 F -1.816 -2.997 -3.054 -3.247 -0.698 -3.518 -3.583 -3.161 -1.619 3.118 1.174 -2.975 0.786 4.823 -3.938 -3.053 -1.651 -0.284 1.533 1.642
285 G 0.09 -2.358 -0.44 -1.323 -1.32 -2.195 -2.622 5.809 -1.476 -3.215 -3.461 -1.651 -2.667 -2.678 -2.779 -1.002 -1.919 -2.44 -3.148 -2.864
286 L -1.541 -2.186 -3.362 -3.62 -0.15 -2.64 -3.306 -3.383 -2.314 2.005 4.037 -2.478 2.132 0.833 -3.604 -3.158 -1.581 -1.65 -1.056 1.106
287 G 0.09 -2.358 -0.44 -1.323 -1.32 -2.195 -2.622 5.809 -1.476 -3.215 -3.461 -1.651 -2.667 -2.678 -2.779 -1.002 -1.919 -2.44 -3.148 -2.864
288 F -2.334 -2.896 -2.86 -3.314 -1.374 -3.864 -3.482 -2.875 -0.828 0.277 0.565 -3.304 0.201 6.515 -4.448 -3.031 -2.371 0.852 2.931 -0.507
289 Q -0.883 1.007 -0.093 -0.357 -1.911 4.883 1.392 -1.479 0.769 -2.24 -1.991 1.222 -0.403 -2.959 -2.151 -0.755 -0.975 -2.185 -1.285 -1.787
290 L -1.6 -1.167 3.767 -0.234 -0.875 -1.394 -1.736 -1.339 -0.229 0.519 2.267 -1.185 0.72 -0.346 -3.051 -1.255 -0.961 -2.234 -1.518 -0.18
291 N -1.66 -0.415 5.643 1.281 -1.846 -0.527 -0.725 -0.155 0.968 -2.712 -3.152 -0.296 -2.161 -2.374 -2.588 -0.118 -0.451 -2.966 -2.069 -2.56
292 G 0.09 -2.358 -0.44 -1.323 -1.32 -2.195 -2.622 5.809 -1.476 -3.215 -3.461 -1.651 -2.667 -2.678 -2.779 -1.002 -1.919 -2.44 -3.148 -2.864
293 T -0.556 -1.234 -1.041 -1.776 -0.02 -1.077 -1.824 -1.888 -1.182 0.832 0.96 -1.103 3.935 -0.378 -2.361 -0.346 2.673 -1.712 -1.236 0.634
294 Q -0.883 1.007 -0.093 -0.357 -1.911 4.883 1.392 -1.479 0.769 -2.24 -1.991 1.222 -0.403 -2.959 -2.151 -0.755 -0.975 -2.185 -1.285 -1.787
295 S 0.254 0.264 0.217 -0.302 -0.752 3.289 0.58 -0.712 0.22 -2.071 -2.155 0.566 -0.768 -2.406 -1.793 1.903 0.186 -2.361 -1.511 -1.529
296 A 2.636 -1.394 -1.005 -1.228 0.113 -1.245 -1.166 -0.173 -1.092 -1.399 -1.863 -0.747 -1.271 -2.181 3.137 1.191 -0.168 -2.872 -1.952 -0.635
297 G 0.09 -2.358 -0.44 -1.323 -1.32 -2.195 -2.622 5.809 -1.476 -3.215 -3.461 -1.651 -2.667 -2.678 -2.779 -1.002 -1.919 -2.44 -3.148 -2.864
298 F -1.242 -2.125 -1.716 -2.119 -0.939 -2.438 -2.322 -2.155 -1.148 -0.325 -0.376 -1.875 -0.46 4.646 2.932 -1.264 1.102 -0.501 1.391 -0.614
299 F -1.726 -2.48 -2.818 -3.148 -0.703 -2.74 -3.2 -2.935 -1.236 2.254 1.318 -2.58 2.836 4.836 -3.859 -2.752 -1.642 -0.154 1.579 1.063
300 T -0.061 -1.361 -0.211 -1.089 -0.177 -1.34 -1.642 2.46 -1.429 -0.732 -1.497 -0.983 -0.936 -1.818 -1.924 0.363 3.526 -2.246 -2.005 -0.289
301 D -1.718 -0.942 4.203 4.375 -2.097 -0.694 0.297 -0.599 0.313 -2.719 -3.316 -0.55 -2.417 -2.634 -2.435 -0.505 -0.892 -3.235 -2.515 -2.708
302 L -1.499 -2.389 -3.337 -3.504 -0.15 -2.772 -3.396 -3.406 -2.408 2.866 3.603 -2.527 1.94 0.691 -3.579 -3.138 -1.446 -1.775 -1.112 1.654
303 I -1.377 -3.101 -3.263 -3.181 -0.15 -3.209 -3.687 -3.479 -2.711 4.521 1.677 -2.679 1.271 0.218 -3.505 -3.076 -1.075 -2.185 -1.285 2.86
304 F -1.977 -1.397 3.79 -0.184 -1.601 -1.738 -1.786 -1.205 0.208 -0.847 -0.732 -1.424 -0.745 4.644 -3.37 -1.221 -1.254 -0.467 1.401 -1.355
305 S 0.589 -0.656 2.821 0.216 -0.301 -0.559 -0.597 -0.118 -0.031 -2.092 -2.513 -0.288 -1.401 -2.045 -1.716 2.716 0.709 -2.648 -1.831 -1.561
306 I -1.377 -3.101 -3.263 -3.181 -0.15 -3.209 -3.687 -3.479 -2.711 4.521 1.677 -2.679 1.271 0.218 -3.505 -3.076 -1.075 -2.185 -1.285 2.86
307 N -1.735 -1.016 3.832 -0.133 -1.799 -1.087 -1.43 -1.221 1.592 -1.603 -1.818 -0.978 -1.328 1.72 -2.936 -1.051 -1.156 0.739 4.792 -1.663
308 G -0.013 0.837 -0.096 -0.729 -1.171 -0.049 -0.421 2.558 -0.563 -2.301 -2.524 2.906 -1.512 -2.535 -1.865 0.8 -0.548 -2.521 -2.064 -1.986
309 G 0.62 -1.438 0.066 -0.736 -0.541 -1.27 -1.407 4.159 -0.924 -2.49 -2.839 -0.888 -1.833 -2.287 -2.054 1.855 -0.097 -2.494 -2.369 -1.973
310 E -0.911 -0.911 -0.259 2.988 -1.436 0.233 2.996 -1.923 -0.397 0.01 -1.391 -0.213 -1.013 -1.936 -2.26 -1.142 -1.089 -2.634 -1.969 0.92
311 L -1.541 -2.186 -3.362 -3.62 -0.15 -2.64 -3.306 -3.383 -2.314 2.005 4.037 -2.478 2.132 0.833 -3.604 -3.158 -1.581 -1.65 -1.056 1.106
312 N -1.66 -0.415 5.643 1.281 -1.846 -0.527 -0.725 -0.155 0.968 -2.712 -3.152 -0.296 -2.161 -2.374 -2.588 -0.118 -0.451 -2.966 -2.069 -2.56
313 R -1.534 5.51 -0.462 -1.564 -2.259 0.518 -0.561 -2.128 0.098 -2.612 -2.028 2.018 -1.224 -2.472 -2.704 -1.406 -1.454 -2.234 -1.772 -2.162
314 L -1.72 -2.348 -3.228 -3.541 -0.411 -2.901 -3.349 -3.247 -1.865 1.66 3.482 -2.663 1.757 3.524 -3.793 -3.126 -1.759 -0.795 0.551 0.779
315 D -1.777 -1.588 1.199 5.833 -2.372 -0.872 1.05 -1.124 -0.536 -2.725 -3.491 -0.829 -2.698 -2.92 -2.289 -0.952 -1.413 -3.531 -3.043 -2.864
316 G 0.09 -2.358 -0.44 -1.323 -1.32 -2.195 -2.622 5.809 -1.476 -3.215 -3.461 -1.651 -2.667 -2.678 -2.779 -1.002 -1.919 -2.44 -3.148 -2.864
317 G 0.09 -2.358 -0.44 -1.323 -1.32 -2.195 -2.622 5.809 -1.476 -3.215 -3.461 -1.651 -2.667 -2.678 -2.779 -1.002 -1.919 -2.44 -3.148 -2.864
318 F -2.334 -2.896 -2.86 -3.314 -1.374 -3.864 -3.482 -2.875 -0.828 0.277 0.565 -3.304 0.201 6.515 -4.448 -3.031 -2.371 0.852 2.931 -0.507
319 L -1.541 -2.186 -3.362 -3.62 -0.15 -2.64 -3.306 -3.383 -2.314 2.005 4.037 -2.478 2.132 0.833 -3.604 -3.158 -1.581 -1.65 -1.056 1.106
320 A 3.918 -1.484 -1.662 -1.687 0.68 -1.32 -1.298 0.374 -1.211 -0.83 -1.321 -0.849 -0.874 -1.848 -1.475 0.455 -0.422 -2.44 -1.756 0.139
321 S 1.068 -0.741 0.497 -0.249 0.072 -0.57 -0.555 -0.106 -0.46 -1.911 -2.328 -0.285 -1.187 -1.943 -1.475 3.262 1.011 -2.549 -1.756 -1.292
322 K -0.826 2.094 -0.268 -0.722 -1.977 0.807 0.313 -1.342 -0.243 -2.123 -2.24 4.49 -1.224 -2.806 -1.687 -0.881 -1.082 -2.549 -1.789 -1.999
323 L -1.458 -2.607 -3.312 -3.392 -0.15 -2.911 -3.49 -3.43 -2.505 3.529 3.092 -2.577 1.734 0.542 -3.554 -3.117 -1.317 -1.905 -1.168 2.114
324 I -1.377 -3.101 -3.263 -3.181 -0.15 -3.209 -3.687 -3.479 -2.711 4.521 1.677 -2.679 1.271 0.218 -3.505 -3.076 -1.075 -2.185 -1.285 2.86
325 S 1.068 -0.741 0.497 -0.249 0.072 -0.57 -0.555 -0.106 -0.46 -1.911 -2.328 -0.285 -1.187 -1.943 -1.475 3.262 1.011 -2.549 -1.756 -1.292
326 E -0.919 -0.122 -0.338 1.518 -2.411 1.346 4.494 -1.95 0.392 -2.764 -2.703 0.677 -1.754 -2.608 -1.882 -0.791 -1.301 -2.387 -1.908 -2.134
327 F -1.015 -1.856 -1.19 -1.941 -0.53 -2.165 -2.242 -1.999 -1.106 0.037 -0.134 -1.782 -0.142 4.684 -2.749 -0.596 2.522 -0.284 1.458 -0.116
328 G 0.09 -2.358 -0.44 -1.323 -1.32 -2.195 -2.622 5.809 -1.476 -3.215 -3.461 -1.651 -2.667 -2.678 -2.779 -1.002 -1.919 -2.44 -3.148 -2.864
329 I -1.588 -3.048 -3.157 -3.214 -0.411 -3.36 -3.634 -3.316 -2.114 3.904 1.436 -2.823 1.039 3.355 -3.713 -3.065 -1.348 -1.081 0.455 2.315
330 F -1.816 -2.997 -3.054 -3.247 -0.698 -3.518 -3.583 -3.161 -1.619 3.118 1.174 -2.975 0.786 4.823 -3.938 -3.053 -1.651 -0.284 1.533 1.642
331 G 0.09 -2.358 -0.44 -1.323 -1.32 -2.195 -2.622 5.809 -1.476 -3.215 -3.461 -1.651 -2.667 -2.678 -2.779 -1.002 -1.919 -2.44 -3.148 -2.864
332 I -1.377 -3.101 -3.263 -3.181 -0.15 -3.209 -3.687 -3.479 -2.711 4.521 1.677 -2.679 1.271 0.218 -3.505 -3.076 -1.075 -2.185 -1.285 2.86
333 L -1.91 -2.52 -3.1 -3.463 -0.698 -3.188 -3.393 -3.117 -1.476 1.268 2.795 -2.862 1.326 4.892 -3.996 -3.094 -1.949 -0.136 1.577 0.411
334 F -2.151 -2.929 -2.923 -3.292 -1.131 -3.744 -3.515 -2.967 -1.068 1.558 0.782 -3.19 0.41 6.053 -4.268 -3.038 -2.11 0.52 2.536 0.398
335 V -0.633 -2.584 -2.912 -3.201 -0.003 -2.858 -3.03 -2.935 -2.236 2.548 0.855 -2.591 0.686 3.212 -3.442 -2.453 -0.825 -1.183 0.455 3.482
336 L -0.767 -1.89 -1.748 -2.296 -0.348 -2.173 -2.369 -2.069 -1.356 0.983 2.576 -1.899 1.133 3.343 -3.056 0.083 -0.815 -0.942 0.461 0.283
337 F -2.063 -2.946 -2.956 -3.28 -1.016 -3.686 -3.532 -3.014 -1.196 2.034 0.885 -3.135 0.508 5.791 -4.182 -3.042 -1.988 0.339 2.316 0.763
338 L -1.91 -2.52 -3.1 -3.463 -0.698 -3.188 -3.393 -3.117 -1.476 1.268 2.795 -2.862 1.326 4.892 -3.996 -3.094 -1.949 -0.136 1.577 0.411
339 I -1.417 -2.844 -3.287 -3.284 -0.15 -3.056 -3.587 -3.455 -2.606 4.067 2.47 -2.627 1.512 0.384 -3.529 -3.097 -1.193 -2.042 -1.226 2.511
340 F -2.114 -2.702 -2.978 -3.388 -1.016 -3.506 -3.437 -2.993 -1.134 0.815 1.89 -3.074 0.818 5.816 -4.213 -3.062 -2.152 0.4 2.333 -0.012
341 K 0.274 1.011 0.14 -0.476 -0.774 0.2 -0.088 -0.659 -0.349 -2.015 -2.284 2.995 -1.205 -2.342 -1.579 1.878 0.15 -2.549 -1.772 -1.624
342 A 2.544 -1.593 -1.427 -1.789 0.465 -1.527 -1.644 -0.584 -1.608 0.803 -0.515 -1.147 -0.27 -1.352 -1.873 0.051 1.589 -2.361 -1.619 1.759
343 V -0.48 -2.628 -3.009 -3.169 0.225 -2.731 -3.072 -3.078 -2.863 3.481 1.146 -2.458 0.948 -0.232 -3.251 -2.463 -0.595 -2.335 -1.285 3.857
344 K -1.219 0.724 -1.228 -1.734 -1.354 -0.316 -0.841 -2.106 0.249 -0.21 1.023 2.765 0.135 0.802 -2.441 -1.676 -1.429 -0.291 3.123 -0.662
345 I -1.417 -2.844 -3.287 -3.284 -0.15 -3.056 -3.587 -3.455 -2.606 4.067 2.47 -2.627 1.512 0.384 -3.529 -3.097 -1.193 -2.042 -1.226 2.511
346 W -1.944 -2.72 -3.214 -3.392 -1.04 -3.01 -3.306 -2.869 -1.816 2.822 0.468 -2.734 0.269 0.709 -4.302 -3.212 -1.773 8.644 0.931 1.317
347 W -2.488 -2.628 -3.009 -3.463 -1.814 -3.298 -3.214 -2.609 -0.977 -0.596 -0.335 -3.036 -0.445 4.929 -4.888 -3.188 -2.528 8.707 2.575 -1.241
348 I -1.266 2.496 -1.463 -1.965 -0.968 -0.665 -1.361 -2.46 -1.096 2.775 0.36 1.831 0.285 -0.869 -2.749 -1.943 -1.167 -2.284 -1.522 1.339
349 C -0.433 -3.324 -2.95 -3.404 9.664 -3.444 -3.91 -2.149 -2.936 -0.717 -1.047 -3.099 -1.064 -2.013 -3.192 -1.656 -1.302 -3.22 -2.782 -0.395
350 F -2.32 -2.882 -2.846 -3.3 -1.36 -3.85 -3.468 -2.86 -0.814 0.291 0.579 -3.29 0.216 6.492 -4.434 -3.016 -2.356 0.866 2.945 -0.493
351 D -1.566 -0.265 3.176 2.784 -1.966 -0.581 -0.256 -1.111 0.856 -2.02 -2.334 0.99 -1.662 0.27 -2.498 -0.908 -1.138 -0.579 3.021 -2.051
352 K -0.849 1.678 -0.285 0.02 -2.08 0.951 2.033 -1.482 -0.071 -2.27 -2.349 3.906 -1.347 -2.755 -1.734 -0.858 -1.135 -2.508 -1.818 -2.032
353 K -1.186 3.109 2.569 -0.227 -2.011 0.45 -0.125 -1.153 0.19 -2.38 -2.384 3.264 -1.431 -2.608 -2.126 -0.784 -0.994 -2.563 -1.852 -2.171
354 F -2.062 -2.283 -2.47 -3.164 -1.557 -2.64 -2.869 -2.903 0.996 -0.213 -0.079 -2.501 -0.207 5.346 -3.837 -2.719 -2.227 1.671 5.356 -0.734
355 E -1.043 0.184 -0.7 -0.19 -1.457 3.369 2.108 -1.976 0.144 -0.549 0.891 0.491 0.26 -1.406 -2.374 -1.205 -1.197 -2.088 -1.367 -0.81
356 F -1.046 -2.189 -1.595 -2.196 -0.939 -2.631 -2.431 -1.898 -0.732 -0.135 0.068 -2.209 -0.088 5.735 -3.375 0.104 -1.093 0.303 2.284 -0.685
357 D -1.703 -0.928 4.18 4.359 -2.083 -0.68 0.311 -0.584 0.328 -2.704 -3.302 -0.536 -2.403 -2.62 -2.42 -0.491 -0.878 -3.22 -2.501 -2.694
358 S 0.926 -0.955 0.36 -0.402 -0.118 -0.785 -0.812 2.073 -0.606 -2.092 -2.489 -0.472 -1.386 -2.053 -1.656 2.865 0.687 -2.531 -1.946 -1.502
359 F -1.518 -0.329 -1.157 -1.472 -1.63 3.019 -0.119 -2.093 0.08 -0.716 -0.439 -0.232 -0.085 4.621 -3.077 -1.674 -1.589 -0.284 1.533 -1.077
360 L -1.673 -1.975 -2.678 -3.306 -0.841 -2.18 -2.796 -3.148 0.67 0.93 2.515 -2.16 1.056 2.356 -3.466 -2.775 -1.824 0.961 4.848 0.248
361 N -1.66 -0.415 5.643 1.281 -1.846 -0.527 -0.725 -0.155 0.968 -2.712 -3.152 -0.296 -2.161 -2.374 -2.588 -0.118 -0.451 -2.966 -2.069 -2.56
362 K -0.515 0.63 -1.302 -1.692 -0.592 -0.418 -0.866 -2.037 -1.28 1.477 -0.229 2.745 -0.017 -1.358 -2.335 -1.498 -0.749 -2.467 -1.526 2.451
363 L -1.541 -2.186 -3.362 -3.62 -0.15 -2.64 -3.306 -3.383 -2.314 2.005 4.037 -2.478 2.132 0.833 -3.604 -3.158 -1.581 -1.65 -1.056 1.106
364 F -2.062 -2.283 -2.47 -3.164 -1.557 -2.64 -2.869 -2.903 0.996 -0.213 -0.079 -2.501 -0.207 5.346 -3.837 -2.719 -2.227 1.671 5.356 -0.734
365 F -2.062 -2.283 -2.47 -3.164 -1.557 -2.64 -2.869 -2.903 0.996 -0.213 -0.079 -2.501 -0.207 5.346 -3.837 -2.719 -2.227 1.671 5.356 -0.734
366 S 1.068 -0.741 0.497 -0.249 0.072 -0.57 -0.555 -0.106 -0.46 -1.911 -2.328 -0.285 -1.187 -1.943 -1.475 3.262 1.011 -2.549 -1.756 -1.292
367 L -1.458 -2.607 -3.312 -3.392 -0.15 -2.911 -3.49 -3.43 -2.505 3.529 3.092 -2.577 1.734 0.542 -3.554 -3.117 -1.317 -1.905 -1.168 2.114
368 S 0.189 -1.044 -0.591 -1.255 -0.045 -0.8 -1.316 -1.087 -0.703 0.351 0.692 -0.81 3.872 -0.493 -2.226 1.692 0.162 -1.861 -1.257 0.069
369 F -1.317 -2.785 -2.947 -3.241 -0.49 -3.272 -3.303 -2.994 -1.664 2.405 0.906 -2.864 0.62 4.785 -3.804 -2.767 -1.38 -0.318 1.533 2.354
370 S 1.068 -0.741 0.497 -0.249 0.072 -0.57 -0.555 -0.106 -0.46 -1.911 -2.328 -0.285 -1.187 -1.943 -1.475 3.262 1.011 -2.549 -1.756 -1.292
371 L -1.541 -2.186 -3.362 -3.62 -0.15 -2.64 -3.306 -3.383 -2.314 2.005 4.037 -2.478 2.132 0.833 -3.604 -3.158 -1.581 -1.65 -1.056 1.106
372 L -1.541 -2.186 -3.362 -3.62 -0.15 -2.64 -3.306 -3.383 -2.314 2.005 4.037 -2.478 2.132 0.833 -3.604 -3.158 -1.581 -1.65 -1.056 1.106
373 V -0.749 -2.777 -3.091 -3.173 0.105 -2.882 -3.263 -3.205 -2.811 3.871 1.334 -2.53 1.06 -0.074 -3.333 -2.653 -0.746 -2.284 -1.285 3.561
374 E -0.919 -0.122 -0.338 1.518 -2.411 1.346 4.494 -1.95 0.392 -2.764 -2.703 0.677 -1.754 -2.608 -1.882 -0.791 -1.301 -2.387 -1.908 -2.134
375 L -1.378 -2.151 -3.054 -3.289 -0.155 -2.265 -3.119 -3.183 -1.996 2.796 3.167 -2.23 3.341 0.599 -3.485 -2.809 -1.309 -1.681 -1.053 1.63
376 I -1.3 -2.567 -3.009 -3.085 -0.155 -2.501 -3.291 -3.228 -2.167 4.021 1.798 -2.32 3.085 0.282 -3.437 -2.773 -1.067 -1.939 -1.165 2.494
377 F -2.334 -2.896 -2.86 -3.314 -1.374 -3.864 -3.482 -2.875 -0.828 0.277 0.565 -3.304 0.201 6.515 -4.448 -3.031 -2.371 0.852 2.931 -0.507
378 R -1.534 5.51 -0.462 -1.564 -2.259 0.518 -0.561 -2.128 0.098 -2.612 -2.028 2.018 -1.224 -2.472 -2.704 -1.406 -1.454 -2.234 -1.772 -2.162
379 G 0.09 -2.358 -0.44 -1.323 -1.32 -2.195 -2.622 5.809 -1.476 -3.215 -3.461 -1.651 -2.667 -2.678 -2.779 -1.002 -1.919 -2.44 -3.148 -2.864
380 Y -1.812 -1.777 -2.126 -3.022 -1.752 -1.784 -2.363 -2.932 2.105 -0.804 -0.91 -1.873 -0.682 3.348 -3.333 -2.437 -2.089 2.309 6.655 -0.979
381 G 0.09 -2.358 -0.44 -1.323 -1.32 -2.195 -2.622 5.809 -1.476 -3.215 -3.461 -1.651 -2.667 -2.678 -2.779 -1.002 -1.919 -2.44 -3.148 -2.864
382 Y -1.812 -1.777 -2.126 -3.022 -1.752 -1.784 -2.363 -2.932 2.105 -0.804 -0.91 -1.873 -0.682 3.348 -3.333 -2.437 -2.089 2.309 6.655 -0.979
383 F -2.334 -2.896 -2.86 -3.314 -1.374 -3.864 -3.482 -2.875 -0.828 0.277 0.565 -3.304 0.201 6.515 -4.448 -3.031 -2.371 0.852 2.931 -0.507
384 S 1.068 -0.741 0.497 -0.249 0.072 -0.57 -0.555 -0.106 -0.46 -1.911 -2.328 -0.285 -1.187 -1.943 -1.475 3.262 1.011 -2.549 -1.756 -1.292
385 P -0.836 -2.014 -1.934 -1.564 -1.457 -1.933 -1.622 -1.852 -1.608 -2.318 -2.75 -1.064 -2.403 -3.336 6.663 -1.452 -1.348 -4.549 -2.636 -2.162
386 T -0.112 -1.093 -0.139 -1.014 0.122 -1.103 -1.378 -1.329 -1.413 -0.224 -1.057 -0.791 -0.532 -1.58 -1.687 0.705 4.245 -2.185 -1.706 0.229
387 F -2.334 -2.896 -2.86 -3.314 -1.374 -3.864 -3.482 -2.875 -0.828 0.277 0.565 -3.304 0.201 6.515 -4.448 -3.031 -2.371 0.852 2.931 -0.507
388 I -1.3 -2.567 -3.009 -3.085 -0.155 -2.501 -3.291 -3.228 -2.167 4.021 1.798 -2.32 3.085 0.282 -3.437 -2.773 -1.067 -1.939 -1.165 2.494
389 L -1.541 -2.186 -3.362 -3.62 -0.15 -2.64 -3.306 -3.383 -2.314 2.005 4.037 -2.478 2.132 0.833 -3.604 -3.158 -1.581 -1.65 -1.056 1.106
390 Y 2.289 -1.627 -1.884 -2.278 -0.287 -1.542 -1.782 -0.83 0.899 -0.817 -1.108 -1.316 -0.776 1.789 -2.257 -0.643 -1.137 0.817 4.807 -0.367
391 L -1.458 -2.607 -3.312 -3.392 -0.15 -2.911 -3.49 -3.43 -2.505 3.529 3.092 -2.577 1.734 0.542 -3.554 -3.117 -1.317 -1.905 -1.168 2.114
392 S 1.907 -0.999 -0.08 -0.739 0.248 -0.872 -0.92 -0.227 -0.854 -1.127 -1.701 -0.54 -0.932 -1.825 -1.527 2.223 2.021 -2.427 -1.743 -0.461
393 F -0.158 -1.622 -0.719 -1.392 -0.561 -1.77 -1.662 -1.17 -0.638 -0.615 -0.533 -1.417 -0.41 4.664 -2.595 1.571 -0.21 -0.374 1.45 -0.873
394 L 1.405 -1.586 -1.506 -1.936 0.134 -1.654 -1.861 -1.111 -1.466 0.797 2.398 -1.358 0.965 -0.22 -2.348 0.608 -0.435 -2.042 -1.385 0.417
395 A 1.777 -1.372 -0.589 -1.108 0.186 -1.239 -1.281 -0.498 -1.078 1.433 -0.544 -0.876 -0.29 -1.215 -1.865 1.893 0.27 -2.427 -1.631 0.656
396 L -1.631 -2.796 -3.18 -3.318 -0.411 -3.199 -3.536 -3.293 -2.028 3.331 2.29 -2.769 1.298 3.413 -3.74 -3.085 -1.479 -0.982 0.487 1.888
397 P -1.094 -2.506 -2.522 -2.26 -0.73 -2.501 -2.474 -2.552 -2.107 2.779 0.24 -1.76 -0.017 -1.043 4.747 -2.151 -1.208 -3.131 -1.882 1.327
398 L -1.6 -1.167 3.767 -0.234 -0.875 -1.394 -1.736 -1.339 -0.229 0.519 2.267 -1.185 0.72 -0.346 -3.051 -1.255 -0.961 -2.234 -1.518 -0.18
399 T 0.538 -0.911 0.197 -0.606 0.097 -0.824 -0.937 -0.653 -0.897 -0.946 -1.623 -0.527 -0.841 -1.756 -1.579 2.258 3.059 -2.361 -1.731 -0.432
400 V -0.659 2.545 -1.37 -1.96 -0.634 -0.525 -1.164 -2.265 -1.153 1.444 -0.201 1.863 -0.017 -1.305 -2.616 -1.651 -0.828 -2.387 -1.522 2.443
401 C -0.781 2.479 -1.38 -2.041 7.728 -0.715 -1.413 -1.927 -1.163 -1.431 -1.547 1.788 -1.15 -2.315 -2.631 -1.388 -1.289 -2.78 -2.244 -1.125
402 R -1.716 3.683 -1.49 -2.36 -1.374 -0.777 -1.642 -2.581 -0.583 -0.063 1.292 0.506 0.324 3.108 -3.278 -2.128 -1.691 -0.998 0.364 -0.598
403 N -0.812 -0.956 3.945 0.244 -1.133 -1.082 -1.156 -0.618 0.276 -1.477 -1.555 -0.802 -1.155 2.906 -2.591 0.848 -0.328 -1.388 0.197 -1.595
404 E -0.833 -1.154 -1.398 0.036 -0.887 -0.054 2.684 -2.51 -0.786 2.146 -0.029 -0.502 -0.017 -1.071 -2.517 -1.574 -1.01 -2.335 -1.58 1.937
405 G -0.551 -2.705 -1.519 -2.105 -0.676 -2.658 -3.106 3.922 -2.028 2.712 0.126 -2.119 -0.072 -0.881 -3.119 -1.857 -1.466 -2.31 -2.069 1.232
406 A 2.476 -1.149 1.659 -0.743 0.191 -1.101 -1.22 -0.186 -0.769 -0.836 -1.458 -0.73 -0.926 -1.835 -1.706 0.455 2.037 -2.431 -1.789 -0.135
407 T 0.538 -0.911 0.197 -0.606 0.097 -0.824 -0.937 -0.653 -0.897 -0.946 -1.623 -0.527 -0.841 -1.756 -1.579 2.258 3.059 -2.361 -1.731 -0.432
408 H -1.759 -0.981 -0.553 -1.811 -2.028 -0.862 -1.284 -2.249 6.35 -1.586 -1.631 -1.267 -0.957 1.953 -3.026 -1.977 -2.157 1.002 5.126 -1.828
409 A 2.413 -0.723 -0.925 0.339 -0.47 0.311 2.858 -0.56 -0.299 -1.638 -1.93 0.014 -1.28 -2.203 -1.671 -0.101 -0.828 -2.414 -1.831 -0.78