#Seq2Logo.py -f /work3/idamei/wzy_ssn/run/1e-50/run/150/MSAs/0006_212.afa -o /work3/idamei/wzy_ssn/run/1e-50/run/150/logos/0006_212.logo
Last position-specific scoring matrix computed, values are in halfbits
A R N D C Q E G H I L K M F P S T W Y V
0 L -1.08 -1.383 -2.36 -2.814 -0.168 -1.051 -2.353 -2.583 -0.968 1.603 2.135 -1.452 5.611 0.468 -3.242 -2.016 -1.046 -1.306 -0.832 0.99
1 F -0.158 -1.622 -0.719 -1.392 -0.561 -1.77 -1.662 -1.17 -0.638 -0.615 -0.533 -1.417 -0.41 4.664 -2.595 1.571 -0.21 -0.374 1.45 -0.873
2 H 2.302 -0.866 -0.411 -1.301 -0.45 -0.685 -0.872 -0.48 6.114 -1.603 -1.888 -0.807 -1.061 -1.308 -2.042 -0.387 -1.186 -1.905 0.436 -1.032
3 F -1.64 -2.042 -2.599 -3.053 -0.709 -2.128 -2.863 -2.725 -0.897 1.015 1.455 -2.232 4.023 4.849 -3.783 -2.479 -1.633 -0.03 1.624 0.337
4 G -0.01 -1.656 -0.285 -1.164 -0.51 -1.598 -1.933 4.043 -1.444 -1.348 -2.015 -1.189 -1.406 -2.077 -2.182 -0.024 2.567 -2.31 -2.338 -0.921
5 G -0.707 -2.053 -1.161 -2.049 -1.528 -1.982 -2.49 3.946 0.837 -1.765 -1.912 -1.76 -1.507 1.685 -3.043 -1.631 -2.003 0.817 4.75 -1.771
6 G -0.01 -1.656 -0.285 -1.164 -0.51 -1.598 -1.933 4.043 -1.444 -1.348 -2.015 -1.189 -1.406 -2.077 -2.182 -0.024 2.567 -2.31 -2.338 -0.921
7 L -1.301 -1.757 -2.818 -3.189 -0.159 -1.738 -2.79 -2.955 -1.563 1.811 3.24 -1.92 4.367 0.656 -3.418 -2.531 -1.301 -1.473 -0.942 1.048
8 S 0.189 -1.044 -0.591 -1.255 -0.045 -0.8 -1.316 -1.087 -0.703 0.351 0.692 -0.81 3.872 -0.493 -2.226 1.692 0.162 -1.861 -1.257 0.069
9 K -0.826 2.094 -0.268 -0.722 -1.977 0.807 0.313 -1.342 -0.243 -2.123 -2.24 4.49 -1.224 -2.806 -1.687 -0.881 -1.082 -2.549 -1.789 -1.999
10 S 1.068 -0.741 0.497 -0.249 0.072 -0.57 -0.555 -0.106 -0.46 -1.911 -2.328 -0.285 -1.187 -1.943 -1.475 3.262 1.011 -2.549 -1.756 -1.292
11 R -0.811 3.685 -1.44 -2.254 -0.676 -0.636 -1.497 -2.512 -1.032 1.412 -0.174 0.585 -0.017 -1.253 -2.928 -1.812 -0.909 -2.31 -1.518 2.434
12 N -1.66 -0.415 5.643 1.281 -1.846 -0.527 -0.725 -0.155 0.968 -2.712 -3.152 -0.296 -2.161 -2.374 -2.588 -0.118 -0.451 -2.966 -2.069 -2.56
13 T -0.555 0.466 1.939 -0.398 -0.727 -0.238 -0.603 -1.101 -0.483 -1.081 -1.694 2.156 -0.977 -2.068 -1.819 0.124 2.699 -2.422 -1.791 -0.729
14 F -1.816 -2.997 -3.054 -3.247 -0.698 -3.518 -3.583 -3.161 -1.619 3.118 1.174 -2.975 0.786 4.823 -3.938 -3.053 -1.651 -0.284 1.533 1.642
15 N -1.655 -0.41 5.633 1.286 -1.841 -0.522 -0.72 -0.15 0.973 -2.708 -3.147 -0.291 -2.156 -2.369 -2.583 -0.113 -0.446 -2.961 -2.064 -2.556
16 L -1.91 -2.52 -3.1 -3.463 -0.698 -3.188 -3.393 -3.117 -1.476 1.268 2.795 -2.862 1.326 4.892 -3.996 -3.094 -1.949 -0.136 1.577 0.411
17 Y -1.812 -1.777 -2.126 -3.022 -1.752 -1.784 -2.363 -2.932 2.105 -0.804 -0.91 -1.873 -0.682 3.348 -3.333 -2.437 -2.089 2.309 6.655 -0.979
18 L -1.541 -2.186 -3.362 -3.62 -0.15 -2.64 -3.306 -3.383 -2.314 2.005 4.037 -2.478 2.132 0.833 -3.604 -3.158 -1.581 -1.65 -1.056 1.106
19 A 3.918 -1.484 -1.662 -1.687 0.68 -1.32 -1.298 0.374 -1.211 -0.83 -1.321 -0.849 -0.874 -1.848 -1.475 0.455 -0.422 -2.44 -1.756 0.139
20 I -1.377 -3.101 -3.263 -3.181 -0.15 -3.209 -3.687 -3.479 -2.711 4.521 1.677 -2.679 1.271 0.218 -3.505 -3.076 -1.075 -2.185 -1.285 2.86
21 F -2.334 -2.896 -2.86 -3.314 -1.374 -3.864 -3.482 -2.875 -0.828 0.277 0.565 -3.304 0.201 6.515 -4.448 -3.031 -2.371 0.852 2.931 -0.507
22 I -1.377 -3.101 -3.263 -3.181 -0.15 -3.209 -3.687 -3.479 -2.711 4.521 1.677 -2.679 1.271 0.218 -3.505 -3.076 -1.075 -2.185 -1.285 2.86
23 G 0.09 -2.358 -0.44 -1.323 -1.32 -2.195 -2.622 5.809 -1.476 -3.215 -3.461 -1.651 -2.667 -2.678 -2.779 -1.002 -1.919 -2.44 -3.148 -2.864
24 L -1.094 -1.397 -2.374 -2.828 -0.182 -1.065 -2.367 -2.597 -0.982 1.589 2.121 -1.467 5.683 0.453 -3.256 -2.031 -1.06 -1.32 -0.846 0.975
25 F -2.349 -2.911 -2.875 -3.329 -1.388 -3.878 -3.497 -2.889 -0.843 0.262 0.55 -3.319 0.187 6.537 -4.462 -3.045 -2.385 0.837 2.917 -0.522
26 D -1.791 -1.602 1.185 5.854 -2.387 -0.886 1.036 -1.138 -0.55 -2.74 -3.506 -0.844 -2.712 -2.934 -2.304 -0.966 -1.427 -3.545 -3.058 -2.879
27 L -1.555 -2.201 -3.377 -3.634 -0.165 -2.655 -3.32 -3.397 -2.328 1.991 4.061 -2.492 2.118 0.819 -3.619 -3.173 -1.595 -1.665 -1.07 1.092
28 T -0.127 -1.107 -0.153 -1.029 0.107 -1.117 -1.392 -1.343 -1.427 -0.238 -1.071 -0.805 -0.546 -1.595 -1.701 0.691 4.287 -2.199 -1.721 0.215
29 I -0.958 -2.895 -3.162 -3.19 0.008 -3.001 -3.412 -3.308 -2.792 4.13 1.439 -2.593 1.118 0.012 -3.404 -2.802 -0.866 -2.265 -1.299 3.355
30 F -2.059 -2.654 -3.032 -3.427 -0.92 -3.41 -3.436 -3.048 -1.258 0.96 2.233 -3.016 0.983 5.559 -4.153 -3.087 -2.097 0.218 2.088 0.121
31 N -0.253 0.595 3.243 0.221 -1.104 -0.037 -0.3 -0.495 0.145 -2.244 -2.559 2.275 -1.504 -2.367 -1.892 1.38 -0.051 -2.696 -1.882 -1.918
32 T -0.127 -1.107 -0.153 -1.029 0.107 -1.117 -1.392 -1.343 -1.427 -0.238 -1.071 -0.805 -0.546 -1.595 -1.701 0.691 4.287 -2.199 -1.721 0.215
33 G 1.855 -1.943 -1.283 -1.535 -0.538 -1.807 -1.809 3.227 -1.441 -1.965 -2.384 -1.183 -1.882 -2.571 3.773 -0.561 -1.177 -3.002 -2.469 -1.344
34 N -1.674 -0.429 5.673 1.267 -1.861 -0.541 -0.74 -0.169 0.954 -2.727 -3.166 -0.31 -2.176 -2.389 -2.602 -0.132 -0.466 -2.981 -2.083 -2.575
35 S 1.054 -0.755 0.483 -0.263 0.058 -0.584 -0.569 -0.121 -0.474 -1.926 -2.343 -0.299 -1.201 -1.958 -1.49 3.311 0.997 -2.563 -1.77 -1.307
36 L -1.499 -2.474 -3.343 -3.48 -0.165 -2.832 -3.441 -3.429 -2.454 3.119 3.459 -2.558 1.859 0.628 -3.585 -3.145 -1.416 -1.832 -1.145 1.801
37 G 0.075 -2.372 -0.454 -1.337 -1.335 -2.21 -2.636 5.823 -1.491 -3.23 -3.475 -1.665 -2.681 -2.693 -2.794 -1.017 -1.934 -2.454 -3.163 -2.879
38 Q -0.897 0.993 -0.107 -0.371 -1.925 4.933 1.378 -1.493 0.755 -2.255 -2.005 1.207 -0.417 -2.973 -2.165 -0.769 -0.989 -2.199 -1.299 -1.801
39 L 1.588 -1.677 -2.393 -2.612 0.134 -1.606 -2.217 -1.399 -1.455 1.153 2.361 -1.531 3.47 0.022 -2.631 -1.181 -0.992 -1.775 -1.203 0.761
40 L -1.499 -2.474 -3.343 -3.48 -0.165 -2.832 -3.441 -3.429 -2.454 3.119 3.459 -2.558 1.859 0.628 -3.585 -3.145 -1.416 -1.832 -1.145 1.801
41 T -0.127 -1.107 -0.153 -1.029 0.107 -1.117 -1.392 -1.343 -1.427 -0.238 -1.071 -0.805 -0.546 -1.595 -1.701 0.691 4.287 -2.199 -1.721 0.215
42 L -1.194 -1.976 -1.764 -2.414 -0.412 -2.329 -2.569 -2.405 -1.469 0.837 1.993 -2.01 0.814 3.887 -3.021 -1.241 1.713 -0.686 0.822 0.337
43 V 0.254 -1.795 -1.313 -1.855 0.239 -1.763 -1.904 -1.684 -1.863 2.095 0.191 -1.52 0.288 -0.842 -2.504 0.868 0.108 -2.454 -1.448 3.202
44 L -1.445 -2.777 -3.31 -3.334 -0.165 -3.021 -3.568 -3.461 -2.587 3.927 2.699 -2.625 1.573 0.423 -3.552 -3.118 -1.248 -2.01 -1.221 2.371
45 L -1.555 -2.201 -3.377 -3.634 -0.165 -2.655 -3.32 -3.397 -2.328 1.991 4.061 -2.492 2.118 0.819 -3.619 -3.173 -1.595 -1.665 -1.07 1.092
46 L -1.796 -2.418 -3.199 -3.529 -0.518 -3.008 -3.378 -3.217 -1.744 1.521 3.289 -2.742 1.606 4.069 -3.874 -3.129 -1.835 -0.573 0.921 0.647
47 L 1.451 -2.146 -2.552 -2.757 -0.176 -2.437 -2.529 -1.461 -1.399 0.708 1.964 -2.039 0.746 3.874 -2.908 -1.401 -1.36 -0.735 0.815 0.308
48 F -0.157 -1.449 -0.526 -1.275 -0.33 -1.545 -1.579 -1.237 -0.888 -0.493 -0.712 -1.207 -0.464 3.674 -2.274 1.338 2.126 -0.876 0.712 -0.471
49 F -1.777 -1.875 2.769 -0.898 -1.047 -2.164 -2.306 -1.798 -0.494 2.158 0.295 -1.799 0.079 3.787 -3.429 -1.732 -1.207 -0.949 0.736 0.776
50 L -1.643 -2.058 -2.903 -3.421 -0.606 -2.34 -2.971 -3.239 -0.042 1.32 3.136 -2.276 1.446 1.918 -3.525 -2.912 -1.755 0.308 3.883 0.549
51 P -0.066 0.293 -0.415 -0.809 -0.999 -0.367 -0.529 -1.019 -0.725 -2.127 -2.445 2.182 -1.566 -2.651 3.818 1.161 -0.283 -3.089 -2.047 -1.807
52 D -1.461 -0.459 0.815 4.846 -2.225 2.444 1.154 -1.252 -0.047 -2.569 -2.915 0.012 -1.731 -2.947 -2.257 -0.899 -1.274 -3.024 -2.346 -2.473
53 I -0.33 -2.1 -1.435 -1.861 -0.088 -2.056 -2.25 -1.896 -1.767 3.537 0.832 -1.659 0.645 -0.354 -2.674 0.709 -0.216 -2.315 -1.448 1.999
54 N -1.577 -1.08 4.567 0.389 -1.179 -1.191 -1.434 -0.916 0.161 1.817 -0.588 -0.909 -0.541 -1.247 -2.876 -0.826 -0.659 -2.696 -1.797 0.445
55 K -0.844 1.237 -0.738 -0.991 -1.808 0.133 -0.214 -1.517 -0.645 -2.201 -2.415 3.556 -1.58 -2.986 3.808 -1.073 -1.182 -3.089 -2.059 -2.066
56 V -1.201 -2.831 -3.026 -3.233 -0.323 -3.188 -3.349 -3.105 -2.004 3.103 1.085 -2.78 0.787 3.896 -3.673 -2.788 -1.207 -0.845 0.846 2.738
57 F -1.993 -2.977 -3.003 -3.283 -0.92 -3.643 -3.563 -3.077 -1.345 2.463 0.971 -3.095 0.589 5.523 -4.113 -3.06 -1.885 0.132 2.063 1.072
58 Y -1.733 -1.922 -2.496 -3.222 -1.128 -2.056 -2.659 -3.089 1.217 0.445 1.768 -2.075 0.57 2.712 -3.435 -2.672 -1.924 1.469 5.612 -0.121
59 K -0.841 2.079 -0.282 -0.736 -1.992 0.793 0.299 -1.357 -0.257 -2.137 -2.255 4.526 -1.238 -2.82 -1.701 -0.895 -1.096 -2.563 -1.803 -2.013
60 P -0.589 -1.687 -1.219 -1.383 -0.844 -1.643 -1.553 -1.681 -1.555 -1.455 -2.084 -0.984 -1.651 -2.64 5.585 -0.557 1.835 -3.545 -2.306 -1.144
61 F -1.993 -2.977 -3.003 -3.283 -0.92 -3.643 -3.563 -3.077 -1.345 2.463 0.971 -3.095 0.589 5.523 -4.113 -3.06 -1.885 0.132 2.063 1.072
62 F -1.106 -2.197 -2.719 -3.104 -0.33 -2.287 -2.887 -2.814 -1.441 1.838 1.281 -2.298 3.344 3.92 -3.578 -2.427 -1.197 -0.638 0.923 2.217
63 V -1.201 -2.831 -3.026 -3.233 -0.323 -3.188 -3.349 -3.105 -2.004 3.103 1.085 -2.78 0.787 3.896 -3.673 -2.788 -1.207 -0.845 0.846 2.738
64 W -1.542 -2.594 -2.997 -3.374 -0.92 -3.055 -3.118 -2.734 -1.505 1.145 0.143 -2.818 0.032 3.994 -4.211 -2.869 -1.674 7.581 1.747 1.763
65 I -1.676 -3.045 -3.136 -3.239 -0.518 -3.426 -3.631 -3.277 -1.953 3.697 1.337 -2.887 0.942 3.947 -3.8 -3.075 -1.46 -0.804 0.846 2.093
66 A 2.137 -1.498 -1.026 -1.474 0.36 -1.391 -1.441 -0.585 -1.372 0.903 -0.579 -1.06 -0.281 -1.32 -1.952 1.336 0.116 -2.472 -1.604 1.957
67 Y -1.99 -2.119 -2.365 -3.131 -1.635 -2.34 -2.705 -2.927 1.4 -0.411 -0.345 -2.29 -0.371 4.828 -3.673 -2.636 -2.194 1.885 5.882 -0.828
68 I -1.676 -3.045 -3.136 -3.239 -0.518 -3.426 -3.631 -3.277 -1.953 3.697 1.337 -2.887 0.942 3.947 -3.8 -3.075 -1.46 -0.804 0.846 2.093
69 V -0.581 -2.691 -3.051 -3.184 0.171 -2.794 -3.149 -3.134 -2.86 3.626 1.196 -2.496 0.971 -0.192 -3.293 -2.539 -0.659 -2.332 -1.299 3.787
70 L -1.476 -1.778 -2.582 -3.147 -0.613 -1.767 -2.655 -2.962 0.205 1.158 2.402 -1.918 3.484 1.839 -3.404 -2.514 -1.555 0.369 3.897 0.502
71 G 2.187 -1.467 -0.418 -1.034 -0.088 -1.301 -1.385 3.361 -1.031 -1.84 -2.255 -0.889 -1.491 -2.148 -1.862 1.485 -0.216 -2.49 -2.164 -1.101
72 L -1.594 -1.483 2.743 -1.003 -0.627 -1.767 -2.185 -1.888 -0.786 1.089 3.006 -1.57 1.257 0.088 -3.239 -1.776 -1.167 -2.04 -1.37 0.3
73 L -1.004 -2.581 -3.193 -3.329 0.008 -2.813 -3.291 -3.277 -2.65 3.383 2.544 -2.527 1.449 0.247 -3.435 -2.826 -1.013 -2.071 -1.221 2.962
74 L -0.914 -1.994 -2.869 -3.195 0.003 -2.008 -2.839 -2.97 -1.962 2.262 2.664 -2.082 3.636 0.331 -3.347 -2.461 -1.003 -1.761 -1.066 2.483
75 S 0.681 -1.229 -0.278 -0.95 0.15 -1.114 -1.16 -0.798 -1.086 0.734 -0.806 -0.846 -0.362 -1.346 -1.952 2.341 0.586 -2.508 -1.604 1.751
76 L -1.555 -2.201 -3.377 -3.634 -0.165 -2.655 -3.32 -3.397 -2.328 1.991 4.061 -2.492 2.118 0.819 -3.619 -3.173 -1.595 -1.665 -1.07 1.092
77 Y -1.99 -2.119 -2.365 -3.131 -1.635 -2.34 -2.705 -2.927 1.4 -0.411 -0.345 -2.29 -0.371 4.828 -3.673 -2.636 -2.194 1.885 5.882 -0.828
78 H -1.722 -0.372 0.445 -0.975 -2.348 -0.179 -0.515 -1.711 8.023 -2.676 -2.609 -0.78 -1.276 -0.867 -2.763 -1.594 -2.241 -1.468 1.653 -3.05
79 G 0.075 -2.372 -0.454 -1.337 -1.335 -2.21 -2.636 5.823 -1.491 -3.23 -3.475 -1.665 -2.681 -2.693 -2.794 -1.017 -1.934 -2.454 -3.163 -2.879
80 E -0.933 -0.136 -0.353 1.504 -2.425 1.332 4.527 -1.964 0.378 -2.778 -2.717 0.662 -1.768 -2.622 -1.896 -0.805 -1.315 -2.402 -1.922 -2.148
81 S 0.711 -0.868 0.286 -0.496 0.075 -0.751 -0.818 -0.473 -0.758 -1.248 -1.854 -0.458 -0.966 -1.832 -1.558 2.671 2.544 -2.437 -1.753 -0.706
82 S 0.681 -1.229 -0.278 -0.95 0.15 -1.114 -1.16 -0.798 -1.086 0.734 -0.806 -0.846 -0.362 -1.346 -1.952 2.341 0.586 -2.508 -1.604 1.751
83 Y -1.827 -1.792 -2.14 -3.036 -1.766 -1.798 -2.378 -2.946 2.09 -0.818 -0.924 -1.887 -0.696 3.334 -3.347 -2.451 -2.104 2.294 6.685 -0.994
84 H -1.722 -0.372 0.445 -0.975 -2.348 -0.179 -0.515 -1.711 8.023 -2.676 -2.609 -0.78 -1.276 -0.867 -2.763 -1.594 -2.241 -1.468 1.653 -3.05
85 Y -1.827 -1.792 -2.14 -3.036 -1.766 -1.798 -2.378 -2.946 2.09 -0.818 -0.924 -1.887 -0.696 3.334 -3.347 -2.451 -2.104 2.294 6.685 -0.994
86 V 0.254 -1.795 -1.313 -1.855 0.239 -1.763 -1.904 -1.684 -1.863 2.095 0.191 -1.52 0.288 -0.842 -2.504 0.868 0.108 -2.454 -1.448 3.202
87 F -2.349 -2.911 -2.875 -3.329 -1.388 -3.878 -3.497 -2.889 -0.843 0.262 0.55 -3.319 0.187 6.537 -4.462 -3.045 -2.385 0.837 2.917 -0.522
88 V -0.581 -2.691 -3.051 -3.184 0.171 -2.794 -3.149 -3.134 -2.86 3.626 1.196 -2.496 0.971 -0.192 -3.293 -2.539 -0.659 -2.332 -1.299 3.787
89 I -1.289 -2.423 -2.944 -3.068 -0.171 -2.313 -3.185 -3.163 -2.021 3.863 1.823 -2.224 3.547 0.289 -3.429 -2.692 -1.079 -1.875 -1.14 2.346
90 I -0.958 -2.895 -3.162 -3.19 0.008 -3.001 -3.412 -3.308 -2.792 4.13 1.439 -2.593 1.118 0.012 -3.404 -2.802 -0.866 -2.265 -1.299 3.355
91 K -0.841 2.079 -0.282 -0.736 -1.992 0.793 0.299 -1.357 -0.257 -2.137 -2.255 4.526 -1.238 -2.82 -1.701 -0.895 -1.096 -2.563 -1.803 -2.013
92 T -0.127 -1.107 -0.153 -1.029 0.107 -1.117 -1.392 -1.343 -1.427 -0.238 -1.071 -0.805 -0.546 -1.595 -1.701 0.691 4.287 -2.199 -1.721 0.215
93 G -0.373 -2.314 -1.143 -1.92 -0.89 -2.351 -2.847 4.711 -1.744 -0.362 1.286 -1.915 -0.124 -1.009 -3.043 -1.573 -1.816 -2.167 -2.286 -0.899
94 L -1.555 -2.201 -3.377 -3.634 -0.165 -2.655 -3.32 -3.397 -2.328 1.991 4.061 -2.492 2.118 0.819 -3.619 -3.173 -1.595 -1.665 -1.07 1.092
95 I -1.391 -3.115 -3.277 -3.195 -0.165 -3.224 -3.701 -3.493 -2.725 4.558 1.662 -2.693 1.257 0.204 -3.519 -3.091 -1.089 -2.199 -1.299 2.846
96 L -1.736 -2.715 -3.168 -3.38 -0.518 -3.209 -3.502 -3.247 -1.847 2.809 2.475 -2.814 1.293 4.009 -3.837 -3.102 -1.641 -0.686 0.884 1.46
97 L 1.451 -2.146 -2.552 -2.757 -0.176 -2.437 -2.529 -1.461 -1.399 0.708 1.964 -2.039 0.746 3.874 -2.908 -1.401 -1.36 -0.735 0.815 0.308
98 N -1.674 -0.429 5.673 1.267 -1.861 -0.541 -0.74 -0.169 0.954 -2.727 -3.166 -0.31 -2.176 -2.389 -2.602 -0.132 -0.466 -2.981 -2.083 -2.575
99 S 2.368 -0.982 -0.074 -0.668 0.275 -0.813 -0.797 0.048 -0.704 -1.519 -1.967 -0.475 -1.093 -1.926 -1.49 2.631 0.593 -2.527 -1.77 -0.747
100 L -1.24 -1.641 -2.671 -3.073 -0.176 -1.505 -2.651 -2.84 -1.365 1.729 2.921 -1.77 4.904 0.58 -3.372 -2.363 -1.228 -1.431 -0.919 1.015
101 V -0.869 -2.249 -2.841 -3.062 0.003 -2.149 -2.941 -2.997 -2.073 3.305 1.612 -2.139 3.485 0.104 -3.317 -2.439 -0.857 -1.934 -1.14 2.942
102 I -1.391 -3.115 -3.277 -3.195 -0.165 -3.224 -3.701 -3.493 -2.725 4.558 1.662 -2.693 1.257 0.204 -3.519 -3.091 -1.089 -2.199 -1.299 2.846
103 A 2.155 -1.104 -0.315 -0.938 0.29 -0.994 -1.067 -0.283 -1.012 -0.921 -1.533 -0.645 -0.866 -1.801 -1.558 1.794 2.314 -2.402 -1.753 -0.244
104 R -1.367 3.203 -0.021 -0.933 -2.176 2.704 0.247 -1.77 5.242 -2.513 -2.206 1.029 -0.949 -1.962 -2.536 -1.239 -1.521 -1.949 -0.05 -2.296
105 L -1.499 -2.474 -3.343 -3.48 -0.165 -2.832 -3.441 -3.429 -2.454 3.119 3.459 -2.558 1.859 0.628 -3.585 -3.145 -1.416 -1.832 -1.145 1.801
106 L -1.555 -2.201 -3.377 -3.634 -0.165 -2.655 -3.32 -3.397 -2.328 1.991 4.061 -2.492 2.118 0.819 -3.619 -3.173 -1.595 -1.665 -1.07 1.092
107 L -1.66 -2.824 -3.209 -3.347 -0.44 -3.227 -3.564 -3.321 -2.057 3.38 2.296 -2.797 1.27 3.438 -3.768 -3.114 -1.507 -1.011 0.459 1.859
108 K -1.216 0.873 2.444 -0.496 -1.403 -0.117 -0.562 -1.369 -0.265 -0.538 0.845 2.927 -0.12 -1.35 -2.318 -1.091 -1.049 -2.416 -1.679 -0.977
109 Y -1.841 -1.806 -2.154 -3.051 -1.78 -1.812 -2.392 -2.961 2.076 -0.832 -0.939 -1.902 -0.711 3.32 -3.362 -2.466 -2.118 2.28 6.714 -1.008
110 A 2.549 -1.951 -2.236 -2.342 0.505 -1.894 -1.997 -0.845 -1.949 1.692 0.019 -1.526 0.094 -1.043 -2.21 -0.611 -0.446 -2.423 -1.52 2.79
111 N -1.717 -0.695 5.066 3.239 -1.998 -0.638 -0.198 -0.397 0.631 -2.744 -3.261 -0.449 -2.315 -2.53 -2.539 -0.334 -0.692 -3.126 -2.312 -2.662
112 L 1.273 -0.369 -1.823 -2.094 -0.143 -1.095 -1.458 -1.461 -1.516 1.184 1.433 1.379 0.51 -0.754 -2.37 -1.168 -0.873 -2.263 -1.483 1.725
113 K -0.093 0.937 -0.055 -0.692 -0.786 0.077 -0.273 -1.006 -0.58 -1.503 -1.944 3.014 -1.054 -2.262 -1.661 1.134 1.716 -2.482 -1.788 -1.139
114 S 0.22 -0.084 0.135 0.254 -0.859 2.284 2.034 -0.825 0.082 -2.215 -2.355 0.377 -1.12 -2.359 -1.76 1.972 0.105 -2.442 -1.695 -1.633
115 L -1.11 -2.72 -3.228 -3.309 -0.048 -2.925 -3.403 -3.344 -2.683 3.745 2.35 -2.582 1.388 0.222 -3.47 -2.904 -1.046 -2.117 -1.255 2.939
116 Y -0.466 -1.655 -1.376 -2.097 -0.636 -1.617 -1.924 -1.962 0.818 0.549 -0.59 -1.517 -0.352 1.885 -2.74 0.342 -0.633 0.785 4.875 1.324
117 N -1.389 0.07 3.937 0.132 -1.376 -0.568 -0.908 -1.034 0.048 1.248 -0.938 1.631 -0.715 -1.582 -2.549 -0.858 -0.776 -2.676 -1.813 -0.015
118 F -2.363 -2.925 -2.889 -3.343 -1.403 -3.893 -3.511 -2.903 -0.857 0.248 0.536 -3.333 0.173 6.559 -4.477 -3.059 -2.399 0.823 2.902 -0.536
119 I -1.074 -2.963 -3.204 -3.205 -0.048 -3.069 -3.496 -3.367 -2.789 4.271 1.482 -2.632 1.139 0.047 -3.446 -2.886 -0.934 -2.263 -1.314 3.239
120 F -0.955 -1.536 2.38 -0.754 -1.063 -1.783 -1.752 -1.216 -0.213 -0.757 -0.66 -1.449 -0.601 4.695 -2.985 0.554 -0.714 -0.449 1.397 -1.133
121 F -1.678 -2.817 -2.906 -3.305 -0.87 -3.517 -3.352 -2.923 -1.254 1.217 0.636 -3.075 0.344 5.813 -4.101 -2.854 -1.787 0.29 2.287 1.522
122 V -0.508 -2.657 -3.038 -3.197 0.196 -2.759 -3.101 -3.106 -2.891 3.489 1.118 -2.487 0.919 -0.26 -3.28 -2.491 -0.623 -2.364 -1.314 3.914
123 F -2.363 -2.925 -2.889 -3.343 -1.403 -3.893 -3.511 -2.903 -0.857 0.248 0.536 -3.333 0.173 6.559 -4.477 -3.059 -2.399 0.823 2.902 -0.536
124 L -1.748 -2.377 -3.257 -3.569 -0.44 -2.93 -3.377 -3.275 -1.893 1.631 3.522 -2.692 1.729 3.547 -3.822 -3.154 -1.787 -0.824 0.523 0.751
125 I -1.405 -3.129 -3.291 -3.209 -0.179 -3.238 -3.715 -3.508 -2.74 4.595 1.648 -2.707 1.243 0.189 -3.533 -3.105 -1.103 -2.213 -1.314 2.832
126 Q -0.911 0.979 -0.121 -0.385 -1.94 4.983 1.364 -1.508 0.741 -2.269 -2.019 1.193 -0.432 -2.987 -2.179 -0.783 -1.004 -2.213 -1.314 -1.815
127 A 2.605 -1.31 -0.83 -1.36 0.386 -1.238 -1.366 -0.382 -1.339 -0.54 -1.215 -0.848 -0.726 -1.74 -1.608 0.554 2.833 -2.338 -1.759 0.156
128 L 1.231 -1.898 -1.82 -2.21 0.117 -1.965 -2.246 -1.529 -1.875 2.195 1.696 -1.595 0.738 -0.399 -2.429 -0.74 1.442 -2.129 -1.464 1.279
129 S 1.039 -0.77 0.468 -0.277 0.044 -0.598 -0.584 -0.135 -0.489 -1.94 -2.357 -0.314 -1.215 -1.972 -1.504 3.359 0.982 -2.578 -1.784 -1.321
130 L -1.569 -2.215 -3.391 -3.649 -0.179 -2.669 -3.334 -3.411 -2.342 1.976 4.084 -2.507 2.104 0.804 -3.633 -3.187 -1.609 -1.679 -1.085 1.077
131 L 1.196 -2.09 -2.768 -2.934 0.173 -2.266 -2.6 -1.865 -2.149 1.829 2.711 -1.986 1.264 0.02 -2.846 -1.634 -0.981 -2.035 -1.303 2.082
132 L -1.569 -2.215 -3.391 -3.649 -0.179 -2.669 -3.334 -3.411 -2.342 1.976 4.084 -2.507 2.104 0.804 -3.633 -3.187 -1.609 -1.679 -1.085 1.077
133 Y -1.841 -1.806 -2.154 -3.051 -1.78 -1.812 -2.392 -2.961 2.076 -0.832 -0.939 -1.902 -0.711 3.32 -3.362 -2.466 -2.118 2.28 6.714 -1.008
134 S 0.561 -0.685 2.851 0.188 -0.33 -0.588 -0.625 -0.147 -0.06 -2.12 -2.542 -0.316 -1.43 -2.074 -1.744 2.801 0.68 -2.676 -1.859 -1.59
135 V -1.004 -1.919 2.107 -1.334 -0.499 -2.16 -2.316 -1.978 -0.979 1.67 0.198 -1.895 0.121 3.138 -3.298 -1.733 -0.853 -1.299 0.331 2.589
136 D -1.566 -1.175 0.856 5.248 -2.411 -0.167 2.381 -1.338 -0.303 -2.763 -3.302 -0.402 -2.46 -2.867 -2.21 -0.94 -1.413 -3.228 -2.743 -2.692
137 L 1.05 -2.212 -2.842 -2.937 0.052 -2.393 -2.76 -1.947 -2.109 2.534 2.821 -2.046 1.364 0.163 -2.917 -1.774 -1.153 -1.99 -1.303 1.45
138 W -2.369 -2.361 -2.825 -3.412 -1.948 -2.759 -2.947 -2.65 0.095 -0.947 -0.788 -2.671 -0.722 3.963 -4.546 -3.048 -2.48 8.764 4.206 -1.414
139 Q -0.911 0.979 -0.121 -0.385 -1.94 4.983 1.364 -1.508 0.741 -2.269 -2.019 1.193 -0.432 -2.987 -2.179 -0.783 -1.004 -2.213 -1.314 -1.815
140 G 1.273 -1.707 -0.517 2.407 -0.6 -1.346 -0.935 2.574 -1.056 -0.663 -0.559 -1.201 2.292 -1.429 -2.399 -0.77 -1.177 -2.351 -2.061 -0.673
141 F -1.995 -2.466 -2.755 -3.209 -1.051 -2.896 -3.184 -2.827 -0.891 0.641 1.016 -2.747 2.792 5.842 -4.125 -2.77 -2.007 0.416 2.322 -0.083
142 R -1.563 5.563 -0.491 -1.592 -2.288 0.489 -0.589 -2.157 0.07 -2.64 -2.056 1.99 -1.252 -2.501 -2.733 -1.435 -1.482 -2.263 -1.801 -2.19
143 G 0.339 -1.89 -0.204 -1.043 -0.933 -1.724 -1.98 5.125 -1.215 -2.859 -3.162 -1.273 -2.248 -2.505 -2.423 0.813 -0.895 -2.496 -2.761 -2.413
144 F -2.363 -2.925 -2.889 -3.343 -1.403 -3.893 -3.511 -2.903 -0.857 0.248 0.536 -3.333 0.173 6.559 -4.477 -3.059 -2.399 0.823 2.902 -0.536
145 F -2.363 -2.925 -2.889 -3.343 -1.403 -3.893 -3.511 -2.903 -0.857 0.248 0.536 -3.333 0.173 6.559 -4.477 -3.059 -2.399 0.823 2.902 -0.536
146 L -1.569 -2.215 -3.391 -3.649 -0.179 -2.669 -3.334 -3.411 -2.342 1.976 4.084 -2.507 2.104 0.804 -3.633 -3.187 -1.609 -1.679 -1.085 1.077
147 S 1.039 -0.77 0.468 -0.277 0.044 -0.598 -0.584 -0.135 -0.489 -1.94 -2.357 -0.314 -1.215 -1.972 -1.504 3.359 0.982 -2.578 -1.784 -1.321
148 A 3.483 -1.308 -0.982 -1.284 0.511 -1.142 -1.122 0.232 -1.033 -1.093 -1.571 -0.726 -0.977 -1.9 -1.504 1.48 -0.02 -2.496 -1.784 -0.187
149 R -1.563 5.563 -0.491 -1.592 -2.288 0.489 -0.589 -2.157 0.07 -2.64 -2.056 1.99 -1.252 -2.501 -2.733 -1.435 -1.482 -2.263 -1.801 -2.19
150 A 2.873 -1.117 -0.414 -0.908 0.364 -0.949 -0.931 0.115 -0.84 -1.349 -1.81 -0.582 -1.054 -1.924 -1.504 2.25 0.354 -2.523 -1.784 -0.518
151 D 0.087 -0.78 0.486 2.959 -0.933 -0.046 1.969 -0.751 -0.268 -2.327 -2.704 -0.157 -1.672 -2.351 -1.79 1.953 0.035 -2.749 -2.097 -1.852
152 H -1.736 -0.386 0.431 -0.99 -2.363 -0.194 -0.529 -1.726 8.048 -2.69 -2.624 -0.794 -1.29 -0.881 -2.778 -1.608 -2.255 -1.483 1.638 -3.064
153 L -1.527 -2.418 -3.366 -3.532 -0.179 -2.801 -3.425 -3.435 -2.436 2.884 3.64 -2.555 1.911 0.662 -3.608 -3.166 -1.474 -1.804 -1.14 1.625
154 E -1.463 -1.033 -1.24 0.009 -1.981 -0.036 2.769 -2.416 0.681 -1.244 -1.131 -0.524 -0.906 3.546 -2.725 -1.625 -1.755 0.275 3.616 -1.378
155 E -1.139 -0.453 0.101 3.331 -2.43 0.902 3.999 -1.748 0.158 -2.783 -2.909 0.339 -1.991 -2.711 -2.007 -0.859 -1.357 -2.662 -2.181 -2.328
156 N -1.688 -0.443 5.703 1.253 -1.875 -0.555 -0.754 -0.183 0.94 -2.741 -3.18 -0.324 -2.19 -2.403 -2.616 -0.146 -0.48 -2.995 -2.097 -2.589
157 F -2.363 -2.925 -2.889 -3.343 -1.403 -3.893 -3.511 -2.903 -0.857 0.248 0.536 -3.333 0.173 6.559 -4.477 -3.059 -2.399 0.823 2.902 -0.536
158 G 0.157 -2.211 -0.378 -1.245 -1.203 -2.048 -2.409 5.618 -1.405 -3.11 -3.376 -1.537 -2.539 -2.638 -2.674 -0.278 -1.553 -2.478 -3.031 -2.724
159 D -1.266 -1.158 2.961 4.269 -1.444 -0.865 0.164 -0.923 -0.275 -1.896 -2.627 -0.706 -1.902 -2.423 -2.223 -0.273 1.42 -3.027 -2.433 -1.707
160 S 1.039 -0.77 0.468 -0.277 0.044 -0.598 -0.584 -0.135 -0.489 -1.94 -2.357 -0.314 -1.215 -1.972 -1.504 3.359 0.982 -2.578 -1.784 -1.321
161 F -2.09 -2.311 -2.498 -3.193 -1.585 -2.669 -2.897 -2.932 0.967 -0.242 -0.108 -2.529 -0.235 5.372 -3.866 -2.747 -2.255 1.643 5.397 -0.762
162 W -2.678 -2.411 -3.195 -3.649 -2.363 -2.853 -2.997 -2.394 -1.163 -1.882 -1.679 -2.819 -1.309 1.1 -5.437 -3.383 -2.723 10.639 2.141 -2.256
163 Y -1.841 -1.806 -2.154 -3.051 -1.78 -1.812 -2.392 -2.961 2.076 -0.832 -0.939 -1.902 -0.711 3.32 -3.362 -2.466 -2.118 2.28 6.714 -1.008
164 R -1.563 5.563 -0.491 -1.592 -2.288 0.489 -0.589 -2.157 0.07 -2.64 -2.056 1.99 -1.252 -2.501 -2.733 -1.435 -1.482 -2.263 -1.801 -2.19
165 D -1.806 -1.617 1.17 5.875 -2.401 -0.901 1.022 -1.152 -0.565 -2.754 -3.52 -0.858 -2.726 -2.948 -2.318 -0.981 -1.441 -3.56 -3.072 -2.893
166 A 3.986 -1.512 -1.691 -1.716 0.651 -1.349 -1.327 0.345 -1.24 -0.859 -1.35 -0.877 -0.902 -1.877 -1.504 0.426 -0.451 -2.469 -1.784 0.11
167 T -0.141 -1.121 -0.167 -1.043 0.093 -1.131 -1.406 -1.357 -1.441 -0.253 -1.085 -0.819 -0.56 -1.609 -1.715 0.676 4.329 -2.213 -1.735 0.201
168 L -1.527 -2.418 -3.366 -3.532 -0.179 -2.801 -3.425 -3.435 -2.436 2.884 3.64 -2.555 1.911 0.662 -3.608 -3.166 -1.474 -1.804 -1.14 1.625
169 S 1.039 -0.77 0.468 -0.277 0.044 -0.598 -0.584 -0.135 -0.489 -1.94 -2.357 -0.314 -1.215 -1.972 -1.504 3.359 0.982 -2.578 -1.784 -1.321
170 N -1.688 -0.443 5.703 1.253 -1.875 -0.555 -0.754 -0.183 0.94 -2.741 -3.18 -0.324 -2.19 -2.403 -2.616 -0.146 -0.48 -2.995 -2.097 -2.589
171 Q -0.911 0.979 -0.121 -0.385 -1.94 4.983 1.364 -1.508 0.741 -2.269 -2.019 1.193 -0.432 -2.987 -2.179 -0.783 -1.004 -2.213 -1.314 -1.815
172 G 0.061 -2.386 -0.468 -1.351 -1.349 -2.224 -2.651 5.836 -1.505 -3.244 -3.489 -1.679 -2.695 -2.707 -2.808 -1.031 -1.948 -2.469 -3.177 -2.893
173 Y -1.963 -2.048 -2.321 -3.121 -1.681 -2.209 -2.634 -2.946 1.575 -0.522 -0.494 -2.199 -0.463 4.524 -3.603 -2.603 -2.186 1.979 6.13 -0.883
174 S 1.039 -0.77 0.468 -0.277 0.044 -0.598 -0.584 -0.135 -0.489 -1.94 -2.357 -0.314 -1.215 -1.972 -1.504 3.359 0.982 -2.578 -1.784 -1.321
175 G 0.061 -2.386 -0.468 -1.351 -1.349 -2.224 -2.651 5.836 -1.505 -3.244 -3.489 -1.679 -2.695 -2.707 -2.808 -1.031 -1.948 -2.469 -3.177 -2.893
176 Y -1.841 -1.806 -2.154 -3.051 -1.78 -1.812 -2.392 -2.961 2.076 -0.832 -0.939 -1.902 -0.711 3.32 -3.362 -2.466 -2.118 2.28 6.714 -1.008
177 A 3.986 -1.512 -1.691 -1.716 0.651 -1.349 -1.327 0.345 -1.24 -0.859 -1.35 -0.877 -0.902 -1.877 -1.504 0.426 -0.451 -2.469 -1.784 0.11
178 L -1.569 -2.215 -3.391 -3.649 -0.179 -2.669 -3.334 -3.411 -2.342 1.976 4.084 -2.507 2.104 0.804 -3.633 -3.187 -1.609 -1.679 -1.085 1.077
179 G 0.061 -2.386 -0.468 -1.351 -1.349 -2.224 -2.651 5.836 -1.505 -3.244 -3.489 -1.679 -2.695 -2.707 -2.808 -1.031 -1.948 -2.469 -3.177 -2.893
180 A 2.4 -2.209 -2.381 -2.367 0.266 -2.141 -2.281 -0.981 -1.893 3.001 0.522 -1.65 0.365 -0.663 -2.344 -0.83 -0.759 -2.338 -1.539 1.78
181 L -1.527 -2.418 -3.366 -3.532 -0.179 -2.801 -3.425 -3.435 -2.436 2.884 3.64 -2.555 1.911 0.662 -3.608 -3.166 -1.474 -1.804 -1.14 1.625
182 P -0.865 -2.042 -1.962 -1.592 -1.486 -1.962 -1.651 -1.881 -1.636 -2.346 -2.779 -1.093 -2.432 -3.364 6.692 -1.48 -1.377 -4.578 -2.664 -2.19
183 L -1.569 -2.215 -3.391 -3.649 -0.179 -2.669 -3.334 -3.411 -2.342 1.976 4.084 -2.507 2.104 0.804 -3.633 -3.187 -1.609 -1.679 -1.085 1.077
184 V -0.262 -2.515 -2.958 -3.193 0.311 -2.616 -2.922 -2.984 -2.943 3.001 0.917 -2.417 0.803 -0.427 -3.2 -2.313 -0.48 -2.416 -1.314 4.2
185 I -1.253 -2.145 -2.805 -3.02 -0.188 -1.962 -2.972 -3.025 -1.739 3.463 1.886 -2.029 4.301 0.317 -3.399 -2.526 -1.089 -1.741 -1.078 2.045
186 I -1.405 -3.129 -3.291 -3.209 -0.179 -3.238 -3.715 -3.508 -2.74 4.595 1.648 -2.707 1.243 0.189 -3.533 -3.105 -1.103 -2.213 -1.314 2.832
187 G 2.645 -1.916 -1.015 -1.528 -0.179 -1.753 -1.914 4.237 -1.369 -1.812 -2.226 -1.25 -1.662 -2.262 -2.083 -0.211 -1.103 -2.469 -2.397 -1.017
188 V -0.777 -2.806 -3.12 -3.201 0.077 -2.91 -3.292 -3.234 -2.84 3.907 1.306 -2.558 1.031 -0.102 -3.362 -2.682 -0.775 -2.313 -1.314 3.596
189 H -1.736 -0.386 0.431 -0.99 -2.363 -0.194 -0.529 -1.726 8.048 -2.69 -2.624 -0.794 -1.29 -0.881 -2.778 -1.608 -2.255 -1.483 1.638 -3.064
190 K -0.404 1.029 2.7 -0.004 -1.316 0.18 -0.152 -0.702 0.036 -2.231 -2.494 3.05 -1.45 -2.488 -1.857 0.978 -0.293 -2.676 -1.876 -1.956
191 I -1.405 -3.129 -3.291 -3.209 -0.179 -3.238 -3.715 -3.508 -2.74 4.595 1.648 -2.707 1.243 0.189 -3.533 -3.105 -1.103 -2.213 -1.314 2.832
192 L -1.33 -1.785 -2.846 -3.217 -0.188 -1.766 -2.819 -2.984 -1.592 1.782 3.261 -1.948 4.469 0.628 -3.446 -2.56 -1.329 -1.502 -0.971 1.02
193 D -1.363 -0.147 0.235 4.083 -1.593 -0.417 0.269 -1.513 -0.588 -0.859 -0.716 1.592 2.264 -1.649 -2.353 -1.193 -1.262 -2.606 -2.052 -1.216
194 S 0.786 -0.854 0.322 -0.45 0.056 -0.723 -0.768 -0.395 -0.699 -1.417 -1.983 -0.432 -1.037 -1.877 -1.555 2.886 2.242 -2.482 -1.772 -0.859
195 K -1.016 3.404 -0.344 -0.939 -2.074 0.709 0.09 -1.548 -0.182 -2.266 -2.214 4.101 -1.252 -2.747 -1.938 -1.032 -1.199 -2.496 -1.813 -2.067
196 I -1.262 -2.913 -3.101 -3.238 -0.297 -3.211 -3.447 -3.212 -2.182 3.563 1.227 -2.772 0.897 3.335 -3.648 -2.875 -1.192 -1.143 0.426 2.772
197 I -1.534 -2.551 -2.94 -3.145 -0.445 -2.647 -3.274 -3.106 -1.693 3.322 1.54 -2.475 3.042 3.403 -3.669 -2.791 -1.369 -0.939 0.493 1.838
198 S 1.039 -0.77 0.468 -0.277 0.044 -0.598 -0.584 -0.135 -0.489 -1.94 -2.357 -0.314 -1.215 -1.972 -1.504 3.359 0.982 -2.578 -1.784 -1.321
199 F -2.092 -2.975 -2.984 -3.309 -1.045 -3.715 -3.561 -3.043 -1.225 2.066 0.857 -3.163 0.48 5.833 -4.21 -3.071 -2.017 0.311 2.287 0.735
200 E -1.065 2.871 -0.379 0.464 -2.288 0.998 3.08 -1.855 0.143 -2.582 -2.432 2.452 -1.505 -2.65 -2.042 -0.985 -1.31 -2.416 -1.872 -2.135
201 Y -1.841 -1.806 -2.154 -3.051 -1.78 -1.812 -2.392 -2.961 2.076 -0.832 -0.939 -1.902 -0.711 3.32 -3.362 -2.466 -2.118 2.28 6.714 -1.008
202 W -2.231 -2.702 -3.138 -3.456 -1.43 -3.179 -3.288 -2.765 -1.395 1.634 0.066 -2.91 -0.095 3.553 -4.609 -3.229 -2.154 8.703 1.84 0.284
203 V 1.35 -2.159 -2.675 -2.839 0.289 -2.255 -2.516 -1.798 -2.279 2.136 1.811 -1.967 0.891 -0.33 -2.759 -1.489 -0.715 -2.225 -1.363 2.936
204 A 3.986 -1.512 -1.691 -1.716 0.651 -1.349 -1.327 0.345 -1.24 -0.859 -1.35 -0.877 -0.902 -1.877 -1.504 0.426 -0.451 -2.469 -1.784 0.11
205 V -0.262 -2.515 -2.958 -3.193 0.311 -2.616 -2.922 -2.984 -2.943 3.001 0.917 -2.417 0.803 -0.427 -3.2 -2.313 -0.48 -2.416 -1.314 4.2
206 I -1.074 -2.963 -3.204 -3.205 -0.048 -3.069 -3.496 -3.367 -2.789 4.271 1.482 -2.632 1.139 0.047 -3.446 -2.886 -0.934 -2.263 -1.314 3.239
207 S 0.729 -1.233 -0.085 -0.803 5.998 -1.095 -1.129 -0.528 -0.939 -1.597 -1.984 -0.804 -1.188 -1.993 -1.849 2.691 0.553 -2.734 -2.011 -1.074
208 C -0.476 -3.367 -2.993 -3.447 9.709 -3.487 -3.953 -2.192 -2.979 -0.76 -1.09 -3.142 -1.107 -2.056 -3.235 -1.699 -1.345 -3.263 -2.825 -0.438
209 G 2.645 -1.916 -1.015 -1.528 -0.179 -1.753 -1.914 4.237 -1.369 -1.812 -2.226 -1.25 -1.662 -2.262 -2.083 -0.211 -1.103 -2.469 -2.397 -1.017
210 L -1.569 -2.215 -3.391 -3.649 -0.179 -2.669 -3.334 -3.411 -2.342 1.976 4.084 -2.507 2.104 0.804 -3.633 -3.187 -1.609 -1.679 -1.085 1.077
211 G 0.061 -2.386 -0.468 -1.351 -1.349 -2.224 -2.651 5.836 -1.505 -3.244 -3.489 -1.679 -2.695 -2.707 -2.808 -1.031 -1.948 -2.469 -3.177 -2.893
212 V -0.508 -2.657 -3.038 -3.197 0.196 -2.759 -3.101 -3.106 -2.891 3.489 1.118 -2.487 0.919 -0.26 -3.28 -2.491 -0.623 -2.364 -1.314 3.914
213 A 3.483 -1.308 -0.982 -1.284 0.511 -1.142 -1.122 0.232 -1.033 -1.093 -1.571 -0.726 -0.977 -1.9 -1.504 1.48 -0.02 -2.496 -1.784 -0.187
214 V -0.685 -2.755 -3.092 -3.2 0.117 -2.859 -3.227 -3.191 -2.857 3.774 1.244 -2.534 0.994 -0.154 -3.334 -2.617 -0.723 -2.33 -1.314 3.706
215 A 3.986 -1.512 -1.691 -1.716 0.651 -1.349 -1.327 0.345 -1.24 -0.859 -1.35 -0.877 -0.902 -1.877 -1.504 0.426 -0.451 -2.469 -1.784 0.11
216 L -1.109 -1.412 -2.388 -2.842 -0.197 -1.08 -2.382 -2.612 -0.997 1.575 2.107 -1.481 5.752 0.439 -3.271 -2.045 -1.074 -1.335 -0.861 0.961
217 V -0.538 -2.437 -3.06 -3.3 0.196 -2.629 -3.02 -3.085 -2.781 2.777 2.085 -2.439 1.187 -0.067 -3.302 -2.508 -0.723 -2.213 -1.255 3.679
218 N -1.688 -0.443 5.703 1.253 -1.875 -0.555 -0.754 -0.183 0.94 -2.741 -3.18 -0.324 -2.19 -2.403 -2.616 -0.146 -0.48 -2.995 -2.097 -2.589
219 G 0.061 -2.386 -0.468 -1.351 -1.349 -2.224 -2.651 5.836 -1.505 -3.244 -3.489 -1.679 -2.695 -2.707 -2.808 -1.031 -1.948 -2.469 -3.177 -2.893
220 R -1.563 5.563 -0.491 -1.592 -2.288 0.489 -0.589 -2.157 0.07 -2.64 -2.056 1.99 -1.252 -2.501 -2.733 -1.435 -1.482 -2.263 -1.801 -2.19
221 S 1.039 -0.77 0.468 -0.277 0.044 -0.598 -0.584 -0.135 -0.489 -1.94 -2.357 -0.314 -1.215 -1.972 -1.504 3.359 0.982 -2.578 -1.784 -1.321
222 V -0.262 -2.515 -2.958 -3.193 0.311 -2.616 -2.922 -2.984 -2.943 3.001 0.917 -2.417 0.803 -0.427 -3.2 -2.313 -0.48 -2.416 -1.314 4.2
223 F -2.363 -2.925 -2.889 -3.343 -1.403 -3.893 -3.511 -2.903 -0.857 0.248 0.536 -3.333 0.173 6.559 -4.477 -3.059 -2.399 0.823 2.902 -0.536
224 L -1.569 -2.215 -3.391 -3.649 -0.179 -2.669 -3.334 -3.411 -2.342 1.976 4.084 -2.507 2.104 0.804 -3.633 -3.187 -1.609 -1.679 -1.085 1.077
225 F -1.845 -3.025 -3.083 -3.275 -0.726 -3.547 -3.611 -3.19 -1.647 3.173 1.145 -3.003 0.757 4.86 -3.967 -3.082 -1.679 -0.313 1.504 1.614
226 I -1.405 -3.129 -3.291 -3.209 -0.179 -3.238 -3.715 -3.508 -2.74 4.595 1.648 -2.707 1.243 0.189 -3.533 -3.105 -1.103 -2.213 -1.314 2.832
227 P -0.865 -2.042 -1.962 -1.592 -1.486 -1.962 -1.651 -1.881 -1.636 -2.346 -2.779 -1.093 -2.432 -3.364 6.692 -1.48 -1.377 -4.578 -2.664 -2.19
228 L -1.447 -1.992 -3.106 -3.425 -0.183 -2.182 -3.065 -3.19 -1.943 1.881 3.702 -2.214 3.523 0.717 -3.538 -2.856 -1.466 -1.589 -1.027 1.049
229 Y -1.841 -1.806 -2.154 -3.051 -1.78 -1.812 -2.392 -2.961 2.076 -0.832 -0.939 -1.902 -0.711 3.32 -3.362 -2.466 -2.118 2.28 6.714 -1.008
230 L 1.181 -1.436 -2.197 -2.517 0.04 -1.145 -2.08 -1.546 -1.056 1.131 1.553 -1.318 5.016 0.011 -2.718 -1.203 -0.905 -1.579 -1.065 0.771
231 L -1.527 -2.418 -3.366 -3.532 -0.179 -2.801 -3.425 -3.435 -2.436 2.884 3.64 -2.555 1.911 0.662 -3.608 -3.166 -1.474 -1.804 -1.14 1.625
232 Y -1.841 -1.806 -2.154 -3.051 -1.78 -1.812 -2.392 -2.961 2.076 -0.832 -0.939 -1.902 -0.711 3.32 -3.362 -2.466 -2.118 2.28 6.714 -1.008
233 L -1.569 -2.215 -3.391 -3.649 -0.179 -2.669 -3.334 -3.411 -2.342 1.976 4.084 -2.507 2.104 0.804 -3.633 -3.187 -1.609 -1.679 -1.085 1.077
234 V -0.043 -1.705 -1.558 -2.083 0.125 -1.586 -2.027 -1.901 -1.63 1.962 0.793 -1.521 2.822 -0.474 -2.688 0.399 -0.157 -2.141 -1.3 2.812
235 L -1.569 -2.215 -3.391 -3.649 -0.179 -2.669 -3.334 -3.411 -2.342 1.976 4.084 -2.507 2.104 0.804 -3.633 -3.187 -1.609 -1.679 -1.085 1.077
236 R -1.187 4.315 -0.392 -1.141 -2.143 0.637 -0.119 -1.737 -0.096 -2.385 -2.161 3.553 -1.252 -2.663 -2.179 -1.16 -1.29 -2.416 -1.809 -2.108
237 P -0.865 -2.042 -1.962 -1.592 -1.486 -1.962 -1.651 -1.881 -1.636 -2.346 -2.779 -1.093 -2.432 -3.364 6.692 -1.48 -1.377 -4.578 -2.664 -2.19
238 K -1.016 3.404 -0.344 -0.939 -2.074 0.709 0.09 -1.548 -0.182 -2.266 -2.214 4.101 -1.252 -2.747 -1.938 -1.032 -1.199 -2.496 -1.813 -2.067
239 E -0.901 1.165 -0.332 0.582 -2.215 1.061 3.15 -1.658 0.064 -2.454 -2.491 3.223 -1.505 -2.734 -1.811 -0.864 -1.218 -2.496 -1.876 -2.094
240 I -1.445 -2.872 -3.316 -3.313 -0.179 -3.085 -3.615 -3.483 -2.635 4.129 2.474 -2.656 1.483 0.356 -3.558 -3.125 -1.222 -2.07 -1.255 2.483
241 L -0.808 -2.293 -2.91 -3.267 5.993 -2.325 -3.091 -2.765 -2.196 1.739 2.09 -2.324 3.026 -0.119 -3.33 -2.26 -1.096 -2.082 -1.428 1.998
242 L -0.768 -1.617 -1.351 -2.061 -0.04 -1.799 -2.212 -2.205 -1.857 1.072 2.529 -1.541 1.069 -0.157 -2.518 -0.652 2.675 -1.934 -1.392 0.672
243 L -0.44 -1.649 -1.322 -1.933 -0.075 -1.772 -2.076 -1.883 -1.64 1.5 2.563 -1.512 1.104 -0.084 -2.595 0.54 1.055 -2.013 -1.369 0.725
244 Y -1.841 -1.806 -2.154 -3.051 -1.78 -1.812 -2.392 -2.961 2.076 -0.832 -0.939 -1.902 -0.711 3.32 -3.362 -2.466 -2.118 2.28 6.714 -1.008
245 K -1.016 3.404 -0.344 -0.939 -2.074 0.709 0.09 -1.548 -0.182 -2.266 -2.214 4.101 -1.252 -2.747 -1.938 -1.032 -1.199 -2.496 -1.813 -2.067
246 G -0.58 -2.734 -1.548 -2.133 -0.705 -2.687 -3.134 3.947 -2.057 2.78 0.098 -2.148 -0.101 -0.91 -3.148 -1.885 -1.495 -2.338 -2.097 1.203
247 V 1.145 -2.45 -2.639 -2.782 -0.057 -2.616 -2.705 -1.798 -1.803 2.519 0.629 -2.183 0.436 3.208 -2.969 -1.603 -1.009 -1.185 0.366 2.283
248 P -0.865 -2.042 -1.962 -1.592 -1.486 -1.962 -1.651 -1.881 -1.636 -2.346 -2.779 -1.093 -2.432 -3.364 6.692 -1.48 -1.377 -4.578 -2.664 -2.19
249 L -0.842 -2.361 -3.166 -3.412 0.077 -2.642 -3.121 -3.19 -2.627 2.534 2.915 -2.461 1.526 0.254 -3.408 -2.717 -0.99 -2.024 -1.197 3.042
250 L -1.486 -2.636 -3.341 -3.421 -0.179 -2.939 -3.518 -3.459 -2.534 3.573 3.116 -2.605 1.705 0.513 -3.583 -3.146 -1.345 -1.934 -1.197 2.086
251 L -1.569 -2.215 -3.391 -3.649 -0.179 -2.669 -3.334 -3.411 -2.342 1.976 4.084 -2.507 2.104 0.804 -3.633 -3.187 -1.609 -1.679 -1.085 1.077
252 L -1.527 -2.418 -3.366 -3.532 -0.179 -2.801 -3.425 -3.435 -2.436 2.884 3.64 -2.555 1.911 0.662 -3.608 -3.166 -1.474 -1.804 -1.14 1.625
253 I -1.405 -3.129 -3.291 -3.209 -0.179 -3.238 -3.715 -3.508 -2.74 4.595 1.648 -2.707 1.243 0.189 -3.533 -3.105 -1.103 -2.213 -1.314 2.832
254 V 1.59 -1.84 -1.46 -1.832 0.224 -1.766 -1.877 -1.098 -1.67 2.339 0.149 -1.404 0.173 -0.872 -2.286 0.73 -0.156 -2.416 -1.539 2.218
255 S 0.633 -0.917 -0.025 -0.737 -0.014 -0.711 -0.939 -0.584 -0.607 -0.593 -0.468 -0.564 2.437 -1.156 -1.855 2.673 0.589 -2.213 -1.524 -0.561
256 V 1.35 -2.159 -2.675 -2.839 0.289 -2.255 -2.516 -1.798 -2.279 2.136 1.811 -1.967 0.891 -0.33 -2.759 -1.489 -0.715 -2.225 -1.363 2.936
257 I -1.074 -2.963 -3.204 -3.205 -0.048 -3.069 -3.496 -3.367 -2.789 4.271 1.482 -2.632 1.139 0.047 -3.446 -2.886 -0.934 -2.263 -1.314 3.239
258 I -0.704 -1.954 -1.326 -1.927 -0.04 -1.997 -2.336 -2.237 -2.018 3.088 0.594 -1.612 0.48 -0.572 -2.484 -0.635 2.737 -2.213 -1.517 1.806
259 F -1.845 -3.025 -3.083 -3.275 -0.726 -3.547 -3.611 -3.19 -1.647 3.173 1.145 -3.003 0.757 4.86 -3.967 -3.082 -1.679 -0.313 1.504 1.614
260 V 2.163 -2.175 -2.426 -2.487 0.349 -2.135 -2.284 -1.189 -2.07 2.623 0.432 -1.728 0.352 -0.747 -2.429 -0.957 -0.611 -2.385 -1.5 2.677
261 L -1.33 -1.785 -2.846 -3.217 -0.188 -1.766 -2.819 -2.984 -1.592 1.782 3.261 -1.948 4.469 0.628 -3.446 -2.56 -1.329 -1.502 -0.971 1.02
262 L -0.768 -1.617 -1.351 -2.061 -0.04 -1.799 -2.212 -2.205 -1.857 1.072 2.529 -1.541 1.069 -0.157 -2.518 -0.652 2.675 -1.934 -1.392 0.672
263 F -2.048 -1.834 2.149 -1.334 -1.607 -2.182 -2.306 -1.96 0.6 -0.541 -0.416 -1.941 -0.492 5.049 -3.623 -1.903 -1.728 0.767 4.036 -1.056
264 F -2.288 -2.859 -2.927 -3.367 -1.278 -3.768 -3.496 -2.942 -0.955 0.439 1.066 -3.254 0.393 6.343 -4.396 -3.07 -2.324 0.68 2.716 -0.361
265 D -1.506 -0.957 2.84 4.018 -2.014 -0.2 2.033 -1.178 0.014 -0.785 -2.3 -0.374 -1.767 -2.317 -2.362 -0.827 -1.117 -2.974 -2.335 -1.497
266 I -1.439 -2.993 -3.177 -3.196 -0.283 -3.088 -3.579 -3.458 -1.855 4.384 1.502 -2.631 1.122 0.626 -3.519 -3.046 -1.175 -1.429 1.043 2.649
267 P 0.084 -1.443 -0.696 -0.97 -0.748 -1.314 -1.158 -1.023 -1.102 -2.17 -2.595 -0.742 -1.861 -2.701 5.254 1.504 -0.155 -3.573 -2.264 -1.796
268 S 1.039 -0.77 0.468 -0.277 0.044 -0.598 -0.584 -0.135 -0.489 -1.94 -2.357 -0.314 -1.215 -1.972 -1.504 3.359 0.982 -2.578 -1.784 -1.321
269 H -0.766 -0.799 2.652 -0.378 -1.335 -0.73 -0.972 -1.028 4.722 -1.942 -2.149 -0.766 -1.304 0.548 -2.484 0.73 -0.653 -0.332 3.408 -1.871
270 F -2.363 -2.925 -2.889 -3.343 -1.403 -3.893 -3.511 -2.903 -0.857 0.248 0.536 -3.333 0.173 6.559 -4.477 -3.059 -2.399 0.823 2.902 -0.536
271 V -0.262 -2.515 -2.958 -3.193 0.311 -2.616 -2.922 -2.984 -2.943 3.001 0.917 -2.417 0.803 -0.427 -3.2 -2.313 -0.48 -2.416 -1.314 4.2
272 L -1.569 -2.215 -3.391 -3.649 -0.179 -2.669 -3.334 -3.411 -2.342 1.976 4.084 -2.507 2.104 0.804 -3.633 -3.187 -1.609 -1.679 -1.085 1.077
273 A 3.986 -1.512 -1.691 -1.716 0.651 -1.349 -1.327 0.345 -1.24 -0.859 -1.35 -0.877 -0.902 -1.877 -1.504 0.426 -0.451 -2.469 -1.784 0.11
274 F -1.668 -2.07 -2.628 -3.082 -0.737 -2.156 -2.891 -2.754 -0.926 0.987 1.427 -2.261 4.141 4.886 -3.811 -2.508 -1.661 -0.059 1.595 0.309
275 F -2.363 -2.925 -2.889 -3.343 -1.403 -3.893 -3.511 -2.903 -0.857 0.248 0.536 -3.333 0.173 6.559 -4.477 -3.059 -2.399 0.823 2.902 -0.536
276 E -0.947 -0.15 -0.367 1.489 -2.44 1.318 4.56 -1.978 0.364 -2.793 -2.731 0.648 -1.782 -2.636 -1.91 -0.819 -1.329 -2.416 -1.936 -2.162
277 Q -0.911 0.979 -0.121 -0.385 -1.94 4.983 1.364 -1.508 0.741 -2.269 -2.019 1.193 -0.432 -2.987 -2.179 -0.783 -1.004 -2.213 -1.314 -1.815
278 K -0.855 2.065 -0.297 -0.751 -2.006 0.778 0.285 -1.371 -0.272 -2.151 -2.269 4.562 -1.252 -2.834 -1.715 -0.91 -1.111 -2.578 -1.817 -2.027
279 D -0.878 -1.913 0.596 4.484 -1.915 -1.381 -0.007 3.648 -0.92 -2.948 -3.507 -1.172 -2.713 -2.845 -2.512 -1.002 -1.642 -3.054 -3.115 -2.893
280 N -0.563 0.357 4.091 0.506 -1.289 -0.169 -0.418 -0.424 0.356 -2.371 -2.714 1.831 -1.672 -2.387 -2.068 1.089 -0.163 -2.779 -1.945 -2.083
281 A 2.873 -1.117 -0.414 -0.908 0.364 -0.949 -0.931 0.115 -0.84 -1.349 -1.81 -0.582 -1.054 -1.924 -1.504 2.25 0.354 -2.523 -1.784 -0.518
282 G -0.736 -2.081 -1.19 -2.078 -1.556 -2.011 -2.518 3.97 0.809 -1.793 -1.941 -1.788 -1.536 1.657 -3.072 -1.66 -2.032 0.789 4.807 -1.799
283 G 0.061 -2.386 -0.468 -1.351 -1.349 -2.224 -2.651 5.836 -1.505 -3.244 -3.489 -1.679 -2.695 -2.707 -2.808 -1.031 -1.948 -2.469 -3.177 -2.893
284 F -1.845 -3.025 -3.083 -3.275 -0.726 -3.547 -3.611 -3.19 -1.647 3.173 1.145 -3.003 0.757 4.86 -3.967 -3.082 -1.679 -0.313 1.504 1.614
285 D -1.806 -1.617 1.17 5.875 -2.401 -0.901 1.022 -1.152 -0.565 -2.754 -3.52 -0.858 -2.726 -2.948 -2.318 -0.981 -1.441 -3.56 -3.072 -2.893
286 S 1.039 -0.77 0.468 -0.277 0.044 -0.598 -0.584 -0.135 -0.489 -1.94 -2.357 -0.314 -1.215 -1.972 -1.504 3.359 0.982 -2.578 -1.784 -1.321
287 V -0.262 -2.515 -2.958 -3.193 0.311 -2.616 -2.922 -2.984 -2.943 3.001 0.917 -2.417 0.803 -0.427 -3.2 -2.313 -0.48 -2.416 -1.314 4.2
288 D -1.746 -0.971 4.248 4.405 -2.126 -0.723 0.268 -0.627 0.285 -2.747 -3.345 -0.579 -2.446 -2.663 -2.463 -0.534 -0.921 -3.263 -2.544 -2.737
289 D -1.806 -1.617 1.17 5.875 -2.401 -0.901 1.022 -1.152 -0.565 -2.754 -3.52 -0.858 -2.726 -2.948 -2.318 -0.981 -1.441 -3.56 -3.072 -2.893
290 L -1.569 -2.215 -3.391 -3.649 -0.179 -2.669 -3.334 -3.411 -2.342 1.976 4.084 -2.507 2.104 0.804 -3.633 -3.187 -1.609 -1.679 -1.085 1.077
291 L -1.33 -1.785 -2.846 -3.217 -0.188 -1.766 -2.819 -2.984 -1.592 1.782 3.261 -1.948 4.469 0.628 -3.446 -2.56 -1.329 -1.502 -0.971 1.02
292 T -0.665 -0.046 -0.587 -1.343 -0.732 -0.649 -1.062 -1.686 0.125 -0.776 -1.298 1.566 -0.757 0.453 -2.048 -0.238 2.68 -0.351 3.14 -0.516
293 N -1.688 -0.443 5.703 1.253 -1.875 -0.555 -0.754 -0.183 0.94 -2.741 -3.18 -0.324 -2.19 -2.403 -2.616 -0.146 -0.48 -2.995 -2.097 -2.589
294 H -1.736 -0.386 0.431 -0.99 -2.363 -0.194 -0.529 -1.726 8.048 -2.69 -2.624 -0.794 -1.29 -0.881 -2.778 -1.608 -2.255 -1.483 1.638 -3.064
295 I -0.704 -1.954 -1.326 -1.927 -0.04 -1.997 -2.336 -2.237 -2.018 3.088 0.594 -1.612 0.48 -0.572 -2.484 -0.635 2.737 -2.213 -1.517 1.806
296 I -1.294 2.525 -1.492 -1.994 -0.997 -0.693 -1.39 -2.489 -1.125 2.841 0.331 1.865 0.257 -0.898 -2.778 -1.972 -1.195 -2.313 -1.551 1.311
297 L -1.527 -2.418 -3.366 -3.532 -0.179 -2.801 -3.425 -3.435 -2.436 2.884 3.64 -2.555 1.911 0.662 -3.608 -3.166 -1.474 -1.804 -1.14 1.625
298 H -1.262 1.092 0.09 -0.868 -2.179 0.333 -0.094 -1.543 6.205 -2.408 -2.441 2.981 -1.271 -1.696 -2.198 -1.238 -1.626 -1.979 0.4 -2.499
299 F -2.363 -2.925 -2.889 -3.343 -1.403 -3.893 -3.511 -2.903 -0.857 0.248 0.536 -3.333 0.173 6.559 -4.477 -3.059 -2.399 0.823 2.902 -0.536
300 D -1.566 -1.175 0.856 5.248 -2.411 -0.167 2.381 -1.338 -0.303 -2.763 -3.302 -0.402 -2.46 -2.867 -2.21 -0.94 -1.413 -3.228 -2.743 -2.692
301 V -0.508 -2.657 -3.038 -3.197 0.196 -2.759 -3.101 -3.106 -2.891 3.489 1.118 -2.487 0.919 -0.26 -3.28 -2.491 -0.623 -2.364 -1.314 3.914
302 T -0.141 -1.121 -0.167 -1.043 0.093 -1.131 -1.406 -1.357 -1.441 -0.253 -1.085 -0.819 -0.56 -1.609 -1.715 0.676 4.329 -2.213 -1.735 0.201
303 F -1.8 -2.299 -2.868 -3.279 -0.732 -2.638 -3.144 -2.943 -1.201 1.116 2.209 -2.558 3.056 4.906 -3.916 -2.799 -1.815 -0.111 1.572 0.345
304 F -2.143 -2.73 -3.006 -3.416 -1.045 -3.535 -3.466 -3.022 -1.163 0.786 1.901 -3.103 0.789 5.857 -4.242 -3.091 -2.18 0.371 2.304 -0.041
305 G 0.061 -2.386 -0.468 -1.351 -1.349 -2.224 -2.651 5.836 -1.505 -3.244 -3.489 -1.679 -2.695 -2.707 -2.808 -1.031 -1.948 -2.469 -3.177 -2.893
306 L -1.527 -2.418 -3.366 -3.532 -0.179 -2.801 -3.425 -3.435 -2.436 2.884 3.64 -2.555 1.911 0.662 -3.608 -3.166 -1.474 -1.804 -1.14 1.625
307 G 0.061 -2.386 -0.468 -1.351 -1.349 -2.224 -2.651 5.836 -1.505 -3.244 -3.489 -1.679 -2.695 -2.707 -2.808 -1.031 -1.948 -2.469 -3.177 -2.893
308 K -0.883 1.573 -0.208 -0.562 -1.973 3.587 0.874 -1.438 0.279 -2.21 -2.141 3.344 -0.813 -2.91 -1.938 -0.846 -1.057 -2.39 -1.554 -1.92
309 Y -1.841 -1.806 -2.154 -3.051 -1.78 -1.812 -2.392 -2.961 2.076 -0.832 -0.939 -1.902 -0.711 3.32 -3.362 -2.466 -2.118 2.28 6.714 -1.008
310 L -1.33 -1.785 -2.846 -3.217 -0.188 -1.766 -2.819 -2.984 -1.592 1.782 3.261 -1.948 4.469 0.628 -3.446 -2.56 -1.329 -1.502 -0.971 1.02
311 L -0.768 -1.617 -1.351 -2.061 -0.04 -1.799 -2.212 -2.205 -1.857 1.072 2.529 -1.541 1.069 -0.157 -2.518 -0.652 2.675 -1.934 -1.392 0.672
312 S 2.1 -0.938 0.061 -0.575 0.208 -0.768 -0.752 -0.007 -0.659 -1.629 -2.07 -0.444 -1.134 -1.948 -1.504 2.858 0.685 -2.55 -1.784 -0.891
313 D -1.771 -0.936 0.824 4.131 -2.382 -0.526 0.349 -1.425 6.19 -2.722 -3.037 -0.826 -1.919 -1.733 -2.539 -1.277 -1.82 -2.338 0.153 -2.977
314 G 0.061 -2.386 -0.468 -1.351 -1.349 -2.224 -2.651 5.836 -1.505 -3.244 -3.489 -1.679 -2.695 -2.707 -2.808 -1.031 -1.948 -2.469 -3.177 -2.893
315 S 1.058 -0.751 0.487 -0.258 0.063 -0.579 -0.565 -0.116 -0.47 -1.921 -2.338 -0.295 -1.196 -1.953 -1.485 3.295 1.001 -2.559 -1.765 -1.302
316 A 3.986 -1.512 -1.691 -1.716 0.651 -1.349 -1.327 0.345 -1.24 -0.859 -1.35 -0.877 -0.902 -1.877 -1.504 0.426 -0.451 -2.469 -1.784 0.11
317 F -2.09 -2.311 -2.498 -3.193 -1.585 -2.669 -2.897 -2.932 0.967 -0.242 -0.108 -2.529 -0.235 5.372 -3.866 -2.747 -2.255 1.643 5.397 -0.762
318 V -0.262 -2.515 -2.958 -3.193 0.311 -2.616 -2.922 -2.984 -2.943 3.001 0.917 -2.417 0.803 -0.427 -3.2 -2.313 -0.48 -2.416 -1.314 4.2
319 R -1.187 4.315 -0.392 -1.141 -2.143 0.637 -0.119 -1.737 -0.096 -2.385 -2.161 3.553 -1.252 -2.663 -2.179 -1.16 -1.29 -2.416 -1.809 -2.108
320 S 1.039 -0.77 0.468 -0.277 0.044 -0.598 -0.584 -0.135 -0.489 -1.94 -2.357 -0.314 -1.215 -1.972 -1.504 3.359 0.982 -2.578 -1.784 -1.321
321 D -1.806 -1.617 1.17 5.875 -2.401 -0.901 1.022 -1.152 -0.565 -2.754 -3.52 -0.858 -2.726 -2.948 -2.318 -0.981 -1.441 -3.56 -3.072 -2.893
322 I -1.405 -3.129 -3.291 -3.209 -0.179 -3.238 -3.715 -3.508 -2.74 4.595 1.648 -2.707 1.243 0.189 -3.533 -3.105 -1.103 -2.213 -1.314 2.832
323 G 0.061 -2.386 -0.468 -1.351 -1.349 -2.224 -2.651 5.836 -1.505 -3.244 -3.489 -1.679 -2.695 -2.707 -2.808 -1.031 -1.948 -2.469 -3.177 -2.893
324 Y -1.963 -2.048 -2.321 -3.121 -1.681 -2.209 -2.634 -2.946 1.575 -0.522 -0.494 -2.199 -0.463 4.524 -3.603 -2.603 -2.186 1.979 6.13 -0.883
325 Y -1.841 -1.806 -2.154 -3.051 -1.78 -1.812 -2.392 -2.961 2.076 -0.832 -0.939 -1.902 -0.711 3.32 -3.362 -2.466 -2.118 2.28 6.714 -1.008
326 R -1.563 5.563 -0.491 -1.592 -2.288 0.489 -0.589 -2.157 0.07 -2.64 -2.056 1.99 -1.252 -2.501 -2.733 -1.435 -1.482 -2.263 -1.801 -2.19
327 Q -0.911 0.979 -0.121 -0.385 -1.94 4.983 1.364 -1.508 0.741 -2.269 -2.019 1.193 -0.432 -2.987 -2.179 -0.783 -1.004 -2.213 -1.314 -1.815
328 L -1.076 -2.059 -3.002 -3.313 -0.053 -2.171 -2.966 -3.085 -2.063 2.183 3.093 -2.193 3.358 0.447 -3.427 -2.637 -1.154 -1.751 -1.081 2.204
329 G 0.061 -2.386 -0.468 -1.351 -1.349 -2.224 -2.651 5.836 -1.505 -3.244 -3.489 -1.679 -2.695 -2.707 -2.808 -1.031 -1.948 -2.469 -3.177 -2.893
330 V -0.262 -2.515 -2.958 -3.193 0.311 -2.616 -2.922 -2.984 -2.943 3.001 0.917 -2.417 0.803 -0.427 -3.2 -2.313 -0.48 -2.416 -1.314 4.2
331 G 0.061 -2.386 -0.468 -1.351 -1.349 -2.224 -2.651 5.836 -1.505 -3.244 -3.489 -1.679 -2.695 -2.707 -2.808 -1.031 -1.948 -2.469 -3.177 -2.893
332 G 0.061 -2.386 -0.468 -1.351 -1.349 -2.224 -2.651 5.836 -1.505 -3.244 -3.489 -1.679 -2.695 -2.707 -2.808 -1.031 -1.948 -2.469 -3.177 -2.893
333 L -1.486 -2.636 -3.341 -3.421 -0.179 -2.939 -3.518 -3.459 -2.534 3.573 3.116 -2.605 1.705 0.513 -3.583 -3.146 -1.345 -1.934 -1.197 2.086
334 C -0.458 -2.658 -2.095 -2.564 7.799 -2.733 -2.973 -2.014 -2.133 1.679 -0.12 -2.357 -0.231 0.982 -3.004 -0.223 -0.812 -2.263 -1.181 0.693
335 L -1.569 -2.215 -3.391 -3.649 -0.179 -2.669 -3.334 -3.411 -2.342 1.976 4.084 -2.507 2.104 0.804 -3.633 -3.187 -1.609 -1.679 -1.085 1.077
336 V -0.777 -2.806 -3.12 -3.201 0.077 -2.91 -3.292 -3.234 -2.84 3.907 1.306 -2.558 1.031 -0.102 -3.362 -2.682 -0.775 -2.313 -1.314 3.596
337 L -0.842 -2.361 -3.166 -3.412 0.077 -2.642 -3.121 -3.19 -2.627 2.534 2.915 -2.461 1.526 0.254 -3.408 -2.717 -0.99 -2.024 -1.197 3.042
338 F -1.845 -3.025 -3.083 -3.275 -0.726 -3.547 -3.611 -3.19 -1.647 3.173 1.145 -3.003 0.757 4.86 -3.967 -3.082 -1.679 -0.313 1.504 1.614
339 Y -1.841 -1.806 -2.154 -3.051 -1.78 -1.812 -2.392 -2.961 2.076 -0.832 -0.939 -1.902 -0.711 3.32 -3.362 -2.466 -2.118 2.28 6.714 -1.008
340 I -1.253 -2.145 -2.805 -3.02 -0.188 -1.962 -2.972 -3.025 -1.739 3.463 1.886 -2.029 4.301 0.317 -3.399 -2.526 -1.089 -1.741 -1.078 2.045
341 L -1.939 -2.548 -3.129 -3.492 -0.726 -3.216 -3.421 -3.146 -1.505 1.24 2.824 -2.89 1.297 4.927 -4.024 -3.122 -1.977 -0.165 1.549 0.382
342 S 1.039 -0.77 0.468 -0.277 0.044 -0.598 -0.584 -0.135 -0.489 -1.94 -2.357 -0.314 -1.215 -1.972 -1.504 3.359 0.982 -2.578 -1.784 -1.321
343 I 0.069 -1.715 -0.838 -1.386 -0.065 -1.626 -1.744 -1.354 -1.4 2.88 0.291 -1.269 0.268 -0.694 -2.344 1.651 0.124 -2.39 -1.539 1.446
344 Y -2.029 -1.946 -2.381 -3.189 -1.915 -2.039 -2.532 -2.808 1.543 -1.061 -1.107 -2.105 -0.849 2.904 -3.758 -2.669 -2.258 7.081 6.075 -1.273
345 L -1.635 -2.107 -3.029 -3.487 -0.504 -2.43 -3.068 -3.292 -0.481 1.489 3.418 -2.343 1.615 1.665 -3.563 -2.989 -1.728 -0.088 3.243 0.68
346 S 2.1 -0.938 0.061 -0.575 0.208 -0.768 -0.752 -0.007 -0.659 -1.629 -2.07 -0.444 -1.134 -1.948 -1.504 2.858 0.685 -2.55 -1.784 -0.891
347 I -1.074 -2.963 -3.204 -3.205 -0.048 -3.069 -3.496 -3.367 -2.789 4.271 1.482 -2.632 1.139 0.047 -3.446 -2.886 -0.934 -2.263 -1.314 3.239
348 R -1.563 5.563 -0.491 -1.592 -2.288 0.489 -0.589 -2.157 0.07 -2.64 -2.056 1.99 -1.252 -2.501 -2.733 -1.435 -1.482 -2.263 -1.801 -2.19
349 Y -1.745 -1.464 -1.453 -2.491 -1.403 -1.475 -1.971 -2.692 4.76 -0.091 1.153 -1.707 0.193 2.133 -3.266 -2.377 -2.014 0.953 5.04 -0.636
350 F -1.125 -2.713 -2.923 -3.267 -0.42 -3.184 -3.202 -2.943 -1.715 1.941 0.733 -2.839 0.505 4.804 -3.768 -2.662 -1.283 -0.364 1.504 2.711
351 A 2.504 -1.725 -1.502 -1.82 0.326 -1.654 -1.788 -0.666 -1.603 1.743 -0.217 -1.221 -0.129 -1.151 -1.952 -0.056 1.563 -2.338 -1.647 1.081
352 D -1.823 -1.71 -0.037 4.003 -2.074 -1.32 -0.207 -1.917 1.048 -1.636 -1.95 -1.333 -1.546 1.631 -2.793 -1.629 -1.76 0.638 4.81 -1.799
353 R -1.063 4.793 -0.485 -1.53 -2.023 0.012 -0.983 2.333 -0.251 -2.78 -2.353 1.418 -1.551 -2.551 -2.751 -1.328 -1.592 -2.313 -2.088 -2.351
354 I -1.54 2.044 -0.846 2.306 -1.063 -1.279 -1.037 -2.406 -1.22 2.817 0.226 -0.37 0.081 -0.912 -2.981 -1.997 -1.277 -2.509 -1.792 1.251
355 F -1.8 -2.299 -2.868 -3.279 -0.732 -2.638 -3.144 -2.943 -1.201 1.116 2.209 -2.558 3.056 4.906 -3.916 -2.799 -1.815 -0.111 1.572 0.345
356 A 2.873 -1.117 -0.414 -0.908 0.364 -0.949 -0.931 0.115 -0.84 -1.349 -1.81 -0.582 -1.054 -1.924 -1.504 2.25 0.354 -2.523 -1.784 -0.518
357 F -2.143 -2.73 -3.006 -3.416 -1.045 -3.535 -3.466 -3.022 -1.163 0.786 1.901 -3.103 0.789 5.857 -4.242 -3.091 -2.18 0.371 2.304 -0.041
358 F -2.363 -2.925 -2.889 -3.343 -1.403 -3.893 -3.511 -2.903 -0.857 0.248 0.536 -3.333 0.173 6.559 -4.477 -3.059 -2.399 0.823 2.902 -0.536
359 C -0.937 -2.978 -3.162 -3.434 7.802 -3.2 -3.728 -2.756 -2.748 2.153 1.72 -2.861 0.629 -0.494 -3.404 -2.332 -1.345 -2.523 -1.898 1.091
360 L -1.569 -2.215 -3.391 -3.649 -0.179 -2.669 -3.334 -3.411 -2.342 1.976 4.084 -2.507 2.104 0.804 -3.633 -3.187 -1.609 -1.679 -1.085 1.077
361 L -0.496 -1.984 -1.71 -2.248 -0.237 -2.19 -2.318 -2.026 -1.484 1.362 1.671 -1.909 0.708 3.264 -2.989 0.229 -0.59 -1.101 0.4 1.697
362 I -1.253 -2.145 -2.805 -3.02 -0.188 -1.962 -2.972 -3.025 -1.739 3.463 1.886 -2.029 4.301 0.317 -3.399 -2.526 -1.089 -1.741 -1.078 2.045
363 L -1.146 -2.495 -3.252 -3.416 -0.048 -2.787 -3.313 -3.321 -2.58 3.1 3.017 -2.532 1.617 0.386 -3.494 -2.923 -1.162 -1.979 -1.197 2.603
364 L -1.569 -2.215 -3.391 -3.649 -0.179 -2.669 -3.334 -3.411 -2.342 1.976 4.084 -2.507 2.104 0.804 -3.633 -3.187 -1.609 -1.679 -1.085 1.077
365 L -1.569 -2.215 -3.391 -3.649 -0.179 -2.669 -3.334 -3.411 -2.342 1.976 4.084 -2.507 2.104 0.804 -3.633 -3.187 -1.609 -1.679 -1.085 1.077
366 V 1.273 -1.809 -1.493 -1.932 0.308 -1.761 -1.88 -1.316 -1.833 1.855 0.047 -1.475 0.159 -0.963 -2.37 0.657 -0.035 -2.464 -1.5 3.004
367 N -1.688 -0.443 5.703 1.253 -1.875 -0.555 -0.754 -0.183 0.94 -2.741 -3.18 -0.324 -2.19 -2.403 -2.616 -0.146 -0.48 -2.995 -2.097 -2.589
368 F -2.363 -2.925 -2.889 -3.343 -1.403 -3.893 -3.511 -2.903 -0.857 0.248 0.536 -3.333 0.173 6.559 -4.477 -3.059 -2.399 0.823 2.902 -0.536
369 K -0.855 2.065 -0.297 -0.751 -2.006 0.778 0.285 -1.371 -0.272 -2.151 -2.269 4.562 -1.252 -2.834 -1.715 -0.91 -1.111 -2.578 -1.817 -2.027
370 Q -0.911 0.979 -0.121 -0.385 -1.94 4.983 1.364 -1.508 0.741 -2.269 -2.019 1.193 -0.432 -2.987 -2.179 -0.783 -1.004 -2.213 -1.314 -1.815
371 E -0.947 -0.15 -0.367 1.489 -2.44 1.318 4.56 -1.978 0.364 -2.793 -2.731 0.648 -1.782 -2.636 -1.91 -0.819 -1.329 -2.416 -1.936 -2.162
372 A 3.986 -1.512 -1.691 -1.716 0.651 -1.349 -1.327 0.345 -1.24 -0.859 -1.35 -0.877 -0.902 -1.877 -1.504 0.426 -0.451 -2.469 -1.784 0.11
373 F -2.223 -2.602 -2.687 -3.267 -1.493 -3.216 -3.188 -2.917 0.197 0.014 0.232 -2.903 -0.024 6.026 -4.155 -2.899 -2.326 1.262 4.411 -0.647
374 N -1.688 -0.443 5.703 1.253 -1.875 -0.555 -0.754 -0.183 0.94 -2.741 -3.18 -0.324 -2.19 -2.403 -2.616 -0.146 -0.48 -2.995 -2.097 -2.589
375 N -1.688 -0.443 5.703 1.253 -1.875 -0.555 -0.754 -0.183 0.94 -2.741 -3.18 -0.324 -2.19 -2.403 -2.616 -0.146 -0.48 -2.995 -2.097 -2.589
376 T 1.743 -1.119 -0.288 -0.975 0.231 -1.039 -1.159 -0.528 -1.125 -0.749 -1.425 -0.698 -0.797 -1.762 -1.608 1.569 2.978 -2.364 -1.759 -0.136
377 L -1.109 -1.412 -2.388 -2.842 -0.197 -1.08 -2.382 -2.612 -0.997 1.575 2.107 -1.481 5.752 0.439 -3.271 -2.045 -1.074 -1.335 -0.861 0.961
378 L -1.569 -2.215 -3.391 -3.649 -0.179 -2.669 -3.334 -3.411 -2.342 1.976 4.084 -2.507 2.104 0.804 -3.633 -3.187 -1.609 -1.679 -1.085 1.077
379 I -1.253 -2.145 -2.805 -3.02 -0.188 -1.962 -2.972 -3.025 -1.739 3.463 1.886 -2.029 4.301 0.317 -3.399 -2.526 -1.089 -1.741 -1.078 2.045
380 Y -1.841 -1.806 -2.154 -3.051 -1.78 -1.812 -2.392 -2.961 2.076 -0.832 -0.939 -1.902 -0.711 3.32 -3.362 -2.466 -2.118 2.28 6.714 -1.008
381 G 0.061 -2.386 -0.468 -1.351 -1.349 -2.224 -2.651 5.836 -1.505 -3.244 -3.489 -1.679 -2.695 -2.707 -2.808 -1.031 -1.948 -2.469 -3.177 -2.893
382 V 1.497 -2.23 -2.585 -2.747 0.4 -2.243 -2.433 -1.733 -2.414 2.413 0.495 -1.948 0.462 -0.727 -2.674 -1.35 -0.472 -2.429 -1.424 3.594
383 F -2.363 -2.925 -2.889 -3.343 -1.403 -3.893 -3.511 -2.903 -0.857 0.248 0.536 -3.333 0.173 6.559 -4.477 -3.059 -2.399 0.823 2.902 -0.536
384 I -1.445 -2.872 -3.316 -3.313 -0.179 -3.085 -3.615 -3.483 -2.635 4.129 2.474 -2.656 1.483 0.356 -3.558 -3.125 -1.222 -2.07 -1.255 2.483
385 L -1.569 -2.215 -3.391 -3.649 -0.179 -2.669 -3.334 -3.411 -2.342 1.976 4.084 -2.507 2.104 0.804 -3.633 -3.187 -1.609 -1.679 -1.085 1.077
386 A 2.4 -2.209 -2.381 -2.367 0.266 -2.141 -2.281 -0.981 -1.893 3.001 0.522 -1.65 0.365 -0.663 -2.344 -0.83 -0.759 -2.338 -1.539 1.78
387 A 3.986 -1.512 -1.691 -1.716 0.651 -1.349 -1.327 0.345 -1.24 -0.859 -1.35 -0.877 -0.902 -1.877 -1.504 0.426 -0.451 -2.469 -1.784 0.11
388 F -2.09 -2.311 -2.498 -3.193 -1.585 -2.669 -2.897 -2.932 0.967 -0.242 -0.108 -2.529 -0.235 5.372 -3.866 -2.747 -2.255 1.643 5.397 -0.762
389 E -1.455 -1.033 -1.473 -0.061 -1.674 -0.054 2.752 -2.385 -0.485 -0.586 0.894 -0.555 -0.158 -0.314 -2.893 -1.796 -1.695 6.74 -0.141 -0.973
390 R -0.821 3.702 -1.449 -2.264 -0.686 -0.645 -1.507 -2.522 -1.041 1.402 -0.184 0.576 -0.026 -1.262 -2.938 -1.821 -0.919 -2.319 -1.528 2.456
391 A 3.368 -1.732 -1.959 -2.02 0.57 -1.617 -1.651 -0.196 -1.581 0.677 -0.596 -1.192 -0.373 -1.441 -1.844 -0.054 -0.458 -2.455 -1.659 1.776
392 R -1.256 2.801 -0.057 -0.796 -2.126 3.481 0.56 -1.712 4.626 -2.46 -2.169 1.061 -0.821 -2.198 -2.453 -1.128 -1.393 -2.024 -0.329 -2.179
393 D -0.855 -1.358 0.578 4.126 -0.893 -1.014 0.056 -1.253 -0.97 -1.24 -2.053 -0.839 -1.445 -2.202 -2.001 -0.035 2.695 -2.809 -2.327 -0.95
394 K -0.883 1.573 -0.208 -0.562 -1.973 3.587 0.874 -1.438 0.279 -2.21 -2.141 3.344 -0.813 -2.91 -1.938 -0.846 -1.057 -2.39 -1.554 -1.92
395 L -1.153 0.582 -1.435 -1.787 -0.95 -0.519 -1.031 -2.23 -1.187 1.945 1.531 2.793 0.59 -0.7 -2.501 -1.816 -1.225 -2.238 -1.49 0.707
396 R -1.396 4.863 -0.459 -0.466 -2.325 0.72 1.737 -2.111 0.146 -2.678 -2.211 1.708 -1.376 -2.534 -2.504 -1.268 -1.443 -2.3 -1.834 -2.183
397 L -1.556 -1.827 2.055 -1.429 -0.519 -2.083 -2.51 -2.228 -1.177 2.425 2.74 -1.826 1.243 0.103 -3.32 -2.067 -1.162 -2.093 -1.367 1.161
398 L -0.805 -1.965 -2.118 -2.658 0.019 -2.19 -2.631 -2.656 -2.216 1.895 2.728 -1.965 1.307 0.056 -2.929 -1.503 1.39 -1.979 -1.293 2.094
399 K -0.659 1.537 -0.264 -0.821 -1.322 0.406 -0.054 -1.367 -0.523 -1.548 -1.924 3.877 -1.063 -2.476 -1.715 -0.424 1.412 -2.482 -1.796 -1.29
400 I -1.258 -0.773 -2.208 -2.373 -0.539 -1.614 -2.101 -2.808 -1.899 3.856 1.056 1.186 0.792 -0.322 -2.961 -2.381 -1.105 -2.3 -1.431 2.175