#Seq2Logo.py -f /work3/idamei/wzy_ssn/run/1e-50/run/150/MSAs/0006_6.afa -o /work3/idamei/wzy_ssn/run/1e-50/run/150/logos/0006_6.logo
Last position-specific scoring matrix computed, values are in halfbits
A R N D C Q E G H I L K M F P S T W Y V
0 L -1.087 -1.39 -2.367 -2.821 -0.175 -1.058 -2.36 -2.59 -0.975 1.596 2.128 -1.459 5.647 0.461 -3.249 -2.023 -1.053 -1.313 -0.839 0.982
1 E -0.926 -0.129 -0.346 1.511 -2.418 1.339 4.511 -1.957 0.385 -2.771 -2.71 0.67 -1.761 -2.615 -1.889 -0.798 -1.308 -2.394 -1.915 -2.141
2 F -2.341 -2.903 -2.867 -3.321 -1.381 -3.871 -3.489 -2.882 -0.835 0.27 0.558 -3.311 0.194 6.526 -4.455 -3.038 -2.378 0.845 2.924 -0.515
3 Y -1.82 -1.785 -2.133 -3.029 -1.759 -1.791 -2.371 -2.939 2.097 -0.811 -0.917 -1.88 -0.689 3.341 -3.34 -2.444 -2.097 2.301 6.67 -0.987
4 F -2.069 -2.29 -2.477 -3.172 -1.564 -2.647 -2.876 -2.91 0.989 -0.22 -0.087 -2.508 -0.214 5.352 -3.844 -2.726 -2.234 1.664 5.366 -0.741
5 L -1.465 -2.615 -3.319 -3.399 -0.157 -2.918 -3.497 -3.438 -2.513 3.54 3.098 -2.584 1.727 0.535 -3.561 -3.124 -1.324 -1.912 -1.175 2.107
6 I -1.384 -3.108 -3.27 -3.188 -0.157 -3.217 -3.694 -3.486 -2.718 4.54 1.67 -2.686 1.264 0.211 -3.512 -3.084 -1.082 -2.192 -1.292 2.853
7 L -1.548 -2.194 -3.37 -3.627 -0.157 -2.647 -3.313 -3.39 -2.321 1.998 4.049 -2.485 2.125 0.826 -3.612 -3.166 -1.588 -1.658 -1.063 1.099
8 L -1.917 -2.527 -3.108 -3.47 -0.705 -3.195 -3.4 -3.125 -1.484 1.261 2.802 -2.869 1.318 4.901 -4.003 -3.101 -1.956 -0.143 1.57 0.403
9 F -2.341 -2.903 -2.867 -3.321 -1.381 -3.871 -3.489 -2.882 -0.835 0.27 0.558 -3.311 0.194 6.526 -4.455 -3.038 -2.378 0.845 2.924 -0.515
10 L -1.548 -2.194 -3.37 -3.627 -0.157 -2.647 -3.313 -3.39 -2.321 1.998 4.049 -2.485 2.125 0.826 -3.612 -3.166 -1.588 -1.658 -1.063 1.099
11 V 1.344 -1.636 -1.159 -1.651 0.308 -1.564 -1.656 -1.076 -1.6 1.567 -0.161 -1.274 0.025 -1.064 -2.208 1.096 0.119 -2.456 -1.518 2.631
12 I -0.707 -2.19 -1.788 -2.272 0.021 -2.249 -2.599 -2.511 -2.246 3.351 0.872 -1.873 0.697 -0.385 -2.726 -1.149 1.924 -2.225 -1.426 2.532
13 L -0.821 -2.34 -3.145 -3.39 0.098 -2.621 -3.099 -3.168 -2.606 2.555 2.894 -2.44 1.548 0.275 -3.387 -2.695 -0.968 -2.003 -1.175 3.006
14 G 0.613 -1.445 0.059 -0.743 -0.548 -1.277 -1.414 4.164 -0.931 -2.498 -2.846 -0.895 -1.84 -2.295 -2.062 1.874 -0.104 -2.501 -2.376 -1.98
15 L -1.465 -2.615 -3.319 -3.399 -0.157 -2.918 -3.497 -3.438 -2.513 3.54 3.098 -2.584 1.727 0.535 -3.561 -3.124 -1.324 -1.912 -1.175 2.107
16 L -1.465 -2.615 -3.319 -3.399 -0.157 -2.918 -3.497 -3.438 -2.513 3.54 3.098 -2.584 1.727 0.535 -3.561 -3.124 -1.324 -1.912 -1.175 2.107
17 S 1.061 -0.748 0.49 -0.256 0.065 -0.577 -0.562 -0.113 -0.467 -1.918 -2.336 -0.292 -1.194 -1.95 -1.482 3.287 1.004 -2.556 -1.763 -1.3
18 L 2.337 -1.821 -2.396 -2.502 0.287 -1.912 -2.138 -0.939 -1.717 0.915 2.465 -1.557 0.997 -0.214 -2.355 -0.827 -0.951 -2.026 -1.392 0.655
19 G 2.609 -1.895 -0.994 -1.506 -0.157 -1.732 -1.892 4.223 -1.348 -1.79 -2.204 -1.229 -1.64 -2.241 -2.062 -0.19 -1.082 -2.447 -2.376 -0.996
20 F -1.568 -1.756 2.862 -0.711 -1.521 -2.085 -2.149 1.615 -0.181 -0.895 -0.761 -1.711 -0.799 4.65 -3.418 -1.421 -1.526 -0.434 1.348 -1.394
21 K -0.872 0.711 -0.232 2.485 -1.281 -0.161 0.018 -1.613 -0.806 0.137 -1.244 2.846 -0.803 -2.02 -2.155 -1.2 -0.993 -2.728 -1.915 0.956
22 K -1.004 1.062 0.006 2.293 -2.187 0.785 2.51 -1.498 -0.066 -2.427 -2.577 3.102 -1.608 -2.764 -1.852 -0.87 -1.214 -2.641 -2.012 -2.18
23 K -0.833 2.086 -0.275 -0.729 -1.985 0.8 0.306 -1.349 -0.25 -2.13 -2.247 4.508 -1.231 -2.813 -1.694 -0.888 -1.089 -2.556 -1.796 -2.006
24 N -0.791 -0.741 4.02 0.349 -0.705 -0.808 -1.04 -0.69 0.01 -1.215 -1.925 -0.54 -1.24 -1.957 -2.109 0.316 2.779 -2.556 -1.889 -0.848
25 H -1.691 -0.393 4.098 0.366 -2.087 -0.347 -0.618 -0.831 6.251 -2.694 -2.867 -0.528 -1.683 -1.521 -2.674 -0.764 -1.212 -2.119 0.358 -2.795
26 F -2.193 -2.772 -2.945 -3.37 -1.138 -3.628 -3.459 -2.96 -1.036 0.639 1.512 -3.156 0.619 6.079 -4.296 -3.059 -2.23 0.551 2.539 -0.175
27 N 0.008 -0.58 4.103 0.61 -0.737 -0.555 -0.646 -0.137 0.335 -2.291 -2.718 -0.297 -1.64 -2.158 -1.985 2.058 0.364 -2.757 -1.915 -1.864
28 F -1.992 -2.406 -2.775 -3.317 -1.103 -2.908 -3.126 -3.015 0.01 0.614 1.705 -2.683 0.653 5.135 -3.922 -2.907 -2.091 0.9 4.052 -0.112
29 F -2.341 -2.903 -2.867 -3.321 -1.381 -3.871 -3.489 -2.882 -0.835 0.27 0.558 -3.311 0.194 6.526 -4.455 -3.038 -2.378 0.845 2.924 -0.515
30 L 2.337 -1.821 -2.396 -2.502 0.287 -1.912 -2.138 -0.939 -1.717 0.915 2.465 -1.557 0.997 -0.214 -2.355 -0.827 -0.951 -2.026 -1.392 0.655
31 C 2.505 -2.272 -2.248 -2.432 7.811 -2.203 -2.33 -0.632 -1.959 -0.788 -1.196 -1.771 -0.981 -1.944 -2.22 -0.424 -0.842 -2.817 -2.236 -0.13
32 F -2.341 -2.903 -2.867 -3.321 -1.381 -3.871 -3.489 -2.882 -0.835 0.27 0.558 -3.311 0.194 6.526 -4.455 -3.038 -2.378 0.845 2.924 -0.515
33 I -0.683 -1.933 -1.304 -1.906 -0.018 -1.975 -2.314 -2.215 -1.997 3.045 0.615 -1.59 0.501 -0.551 -2.462 -0.613 2.686 -2.192 -1.495 1.828
34 I -1.332 -2.741 -3.098 -3.123 -0.16 -2.726 -3.424 -3.316 -2.345 4.215 1.751 -2.442 2.61 0.254 -3.466 -2.878 -1.077 -2.026 -1.212 2.614
35 C -0.455 -3.346 -2.972 -3.426 9.687 -3.466 -3.932 -2.171 -2.957 -0.739 -1.069 -3.12 -1.086 -2.034 -3.214 -1.677 -1.324 -3.242 -2.804 -0.417
36 F -1.104 -2.691 -2.902 -3.246 -0.399 -3.163 -3.18 -2.922 -1.694 1.963 0.754 -2.817 0.527 4.776 -3.747 -2.64 -1.261 -0.342 1.526 2.668
37 F -2.341 -2.903 -2.867 -3.321 -1.381 -3.871 -3.489 -2.882 -0.835 0.27 0.558 -3.311 0.194 6.526 -4.455 -3.038 -2.378 0.845 2.924 -0.515
38 F -2.341 -2.903 -2.867 -3.321 -1.381 -3.871 -3.489 -2.882 -0.835 0.27 0.558 -3.311 0.194 6.526 -4.455 -3.038 -2.378 0.845 2.924 -0.515
39 I -1.384 -3.108 -3.27 -3.188 -0.157 -3.217 -3.694 -3.486 -2.718 4.54 1.67 -2.686 1.264 0.211 -3.512 -3.084 -1.082 -2.192 -1.292 2.853
40 V -0.18 -1.713 -1.216 -1.901 0.226 -1.758 -2.044 -2.036 -2.074 1.832 0.107 -1.488 0.223 -0.936 -2.342 -0.426 2.779 -2.291 -1.495 2.804
41 L -1.465 -2.615 -3.319 -3.399 -0.157 -2.918 -3.497 -3.438 -2.513 3.54 3.098 -2.584 1.727 0.535 -3.561 -3.124 -1.324 -1.912 -1.175 2.107
42 S 1.061 -0.748 0.49 -0.256 0.065 -0.577 -0.562 -0.113 -0.467 -1.918 -2.336 -0.292 -1.194 -1.95 -1.482 3.287 1.004 -2.556 -1.763 -1.3
43 S 1.061 -0.748 0.49 -0.256 0.065 -0.577 -0.562 -0.113 -0.467 -1.918 -2.336 -0.292 -1.194 -1.95 -1.482 3.287 1.004 -2.556 -1.763 -1.3
44 I -1.232 -2.123 -2.783 -2.999 -0.166 -1.94 -2.951 -3.004 -1.717 3.428 1.908 -2.008 4.218 0.338 -3.378 -2.505 -1.067 -1.719 -1.057 2.067
45 R -1.541 5.524 -0.469 -1.571 -2.266 0.511 -0.568 -2.135 0.091 -2.619 -2.035 2.011 -1.231 -2.479 -2.711 -1.413 -1.461 -2.241 -1.779 -2.169
46 W -2.657 -2.39 -3.173 -3.627 -2.341 -2.831 -2.976 -2.373 -1.141 -1.861 -1.657 -2.798 -1.287 1.121 -5.415 -3.362 -2.702 10.618 2.162 -2.235
47 D -1.323 -0.77 0.524 4.424 -2.399 0.438 3.269 -1.514 -0.042 -2.752 -3.077 0.014 -2.194 -2.767 -2.085 -0.878 -1.363 -2.91 -2.427 -2.483
48 R -1.541 5.524 -0.469 -1.571 -2.266 0.511 -0.568 -2.135 0.091 -2.619 -2.035 2.011 -1.231 -2.479 -2.711 -1.413 -1.461 -2.241 -1.779 -2.169
49 G 0.083 -2.365 -0.447 -1.33 -1.327 -2.203 -2.629 5.816 -1.484 -3.223 -3.468 -1.658 -2.674 -2.685 -2.787 -1.009 -1.926 -2.447 -3.155 -2.872
50 T -0.12 -1.1 -0.146 -1.022 0.114 -1.11 -1.385 -1.336 -1.42 -0.231 -1.064 -0.798 -0.539 -1.588 -1.694 0.698 4.266 -2.192 -1.714 0.222
51 D -1.784 -1.595 1.192 5.844 -2.379 -0.879 1.043 -1.131 -0.543 -2.732 -3.499 -0.836 -2.705 -2.927 -2.296 -0.959 -1.42 -3.538 -3.05 -2.872
52 W -2.657 -2.39 -3.173 -3.627 -2.341 -2.831 -2.976 -2.373 -1.141 -1.861 -1.657 -2.798 -1.287 1.121 -5.415 -3.362 -2.702 10.618 2.162 -2.235
53 V 0.483 -1.491 -0.742 -1.36 0.202 -1.413 -1.501 -1.2 -1.441 1.501 -0.257 -1.156 -0.012 -1.076 -2.208 1.677 0.364 -2.474 -1.518 2.551
54 A 2.842 -1.096 -0.392 -0.886 0.385 -0.928 -0.91 0.137 -0.818 -1.328 -1.788 -0.56 -1.033 -1.902 -1.482 2.203 0.375 -2.501 -1.763 -0.496
55 Y -1.82 -1.785 -2.133 -3.029 -1.759 -1.791 -2.371 -2.939 2.097 -0.811 -0.917 -1.88 -0.689 3.341 -3.34 -2.444 -2.097 2.301 6.67 -0.987
56 Y -1.82 -1.785 -2.133 -3.029 -1.759 -1.791 -2.371 -2.939 2.097 -0.811 -0.917 -1.88 -0.689 3.341 -3.34 -2.444 -2.097 2.301 6.67 -0.987
57 E -0.926 -0.129 -0.346 1.511 -2.418 1.339 4.511 -1.957 0.385 -2.771 -2.71 0.67 -1.761 -2.615 -1.889 -0.798 -1.308 -2.394 -1.915 -2.141
58 I -1.384 -3.108 -3.27 -3.188 -0.157 -3.217 -3.694 -3.486 -2.718 4.54 1.67 -2.686 1.264 0.211 -3.512 -3.084 -1.082 -2.192 -1.292 2.853
59 Y -1.82 -1.785 -2.133 -3.029 -1.759 -1.791 -2.371 -2.939 2.097 -0.811 -0.917 -1.88 -0.689 3.341 -3.34 -2.444 -2.097 2.301 6.67 -0.987
60 Q -0.89 1.0 -0.1 -0.364 -1.918 4.908 1.385 -1.486 0.762 -2.247 -1.998 1.215 -0.41 -2.966 -2.158 -0.762 -0.982 -2.192 -1.292 -1.794
61 A 3.935 -1.491 -1.669 -1.694 0.673 -1.327 -1.306 0.367 -1.218 -0.837 -1.328 -0.856 -0.881 -1.855 -1.482 0.448 -0.429 -2.447 -1.763 0.131
62 A 2.568 -1.289 -0.808 -1.338 0.407 -1.217 -1.345 -0.361 -1.317 -0.518 -1.193 -0.827 -0.705 -1.718 -1.586 0.575 2.784 -2.317 -1.738 0.177
63 N -1.22 1.097 4.005 0.443 -1.918 0.209 -0.167 -0.695 0.419 -2.41 -2.667 3.007 -1.662 -2.589 -2.109 -0.482 -0.757 -2.757 -1.932 -2.273
64 N -1.522 -1.463 3.786 -0.169 -0.883 -1.574 -1.849 -1.369 -0.328 2.764 0.166 -1.255 0.031 -0.804 -3.017 -1.241 -0.753 -2.556 -1.657 1.263
65 I 0.09 -1.693 -0.817 -1.364 -0.044 -1.605 -1.723 -1.333 -1.379 2.832 0.312 -1.248 0.289 -0.672 -2.322 1.588 0.145 -2.368 -1.518 1.467
66 G -0.017 -1.663 -0.293 -1.172 -0.517 -1.605 -1.941 4.048 -1.452 -1.355 -2.023 -1.196 -1.413 -2.085 -2.189 -0.031 2.585 -2.317 -2.345 -0.928
67 V -0.241 -2.494 -2.936 -3.172 0.333 -2.594 -2.901 -2.962 -2.922 3.022 0.938 -2.395 0.824 -0.406 -3.178 -2.291 -0.458 -2.394 -1.292 4.144
68 C -0.455 -3.346 -2.972 -3.426 9.687 -3.466 -3.932 -2.171 -2.957 -0.739 -1.069 -3.12 -1.086 -2.034 -3.214 -1.677 -1.324 -3.242 -2.804 -0.417
69 L 0.042 -1.381 -0.838 -1.475 -0.044 -1.43 -1.621 -1.31 -1.248 0.659 2.349 -1.185 0.919 -0.241 -2.355 1.58 -0.01 -2.072 -1.392 0.142
70 N -1.22 1.097 4.005 0.443 -1.918 0.209 -0.167 -0.695 0.419 -2.41 -2.667 3.007 -1.662 -2.589 -2.109 -0.482 -0.757 -2.757 -1.932 -2.273
71 I -1.384 -3.108 -3.27 -3.188 -0.157 -3.217 -3.694 -3.486 -2.718 4.54 1.67 -2.686 1.264 0.211 -3.512 -3.084 -1.082 -2.192 -1.292 2.853
72 Y -1.82 -1.785 -2.133 -3.029 -1.759 -1.791 -2.371 -2.939 2.097 -0.811 -0.917 -1.88 -0.689 3.341 -3.34 -2.444 -2.097 2.301 6.67 -0.987
73 C -0.455 -3.346 -2.972 -3.426 9.687 -3.466 -3.932 -2.171 -2.957 -0.739 -1.069 -3.12 -1.086 -2.034 -3.214 -1.677 -1.324 -3.242 -2.804 -0.417
74 L -1.465 -2.615 -3.319 -3.399 -0.157 -2.918 -3.497 -3.438 -2.513 3.54 3.098 -2.584 1.727 0.535 -3.561 -3.124 -1.324 -1.912 -1.175 2.107
75 G 0.083 -2.365 -0.447 -1.33 -1.327 -2.203 -2.629 5.816 -1.484 -3.223 -3.468 -1.658 -2.674 -2.685 -2.787 -1.009 -1.926 -2.447 -3.155 -2.872
76 V -0.241 -2.494 -2.936 -3.172 0.333 -2.594 -2.901 -2.962 -2.922 3.022 0.938 -2.395 0.824 -0.406 -3.178 -2.291 -0.458 -2.394 -1.292 4.144
77 E -0.926 -0.129 -0.346 1.511 -2.418 1.339 4.511 -1.957 0.385 -2.771 -2.71 0.67 -1.761 -2.615 -1.889 -0.798 -1.308 -2.394 -1.915 -2.141
78 P -0.844 -2.021 -1.941 -1.571 -1.464 -1.94 -1.629 -1.859 -1.615 -2.325 -2.757 -1.071 -2.41 -3.343 6.67 -1.459 -1.355 -4.556 -2.643 -2.169
79 G 0.083 -2.365 -0.447 -1.33 -1.327 -2.203 -2.629 5.816 -1.484 -3.223 -3.468 -1.658 -2.674 -2.685 -2.787 -1.009 -1.926 -2.447 -3.155 -2.872
80 F -2.069 -2.29 -2.477 -3.172 -1.564 -2.647 -2.876 -2.91 0.989 -0.22 -0.087 -2.508 -0.214 5.352 -3.844 -2.726 -2.234 1.664 5.366 -0.741
81 Y -1.82 -1.785 -2.133 -3.029 -1.759 -1.791 -2.371 -2.939 2.097 -0.811 -0.917 -1.88 -0.689 3.341 -3.34 -2.444 -2.097 2.301 6.67 -0.987
82 F -2.341 -2.903 -2.867 -3.321 -1.381 -3.871 -3.489 -2.882 -0.835 0.27 0.558 -3.311 0.194 6.526 -4.455 -3.038 -2.378 0.845 2.924 -0.515
83 L -1.465 -2.615 -3.319 -3.399 -0.157 -2.918 -3.497 -3.438 -2.513 3.54 3.098 -2.584 1.727 0.535 -3.561 -3.124 -1.324 -1.912 -1.175 2.107
84 N -1.667 -0.422 5.658 1.274 -1.853 -0.534 -0.732 -0.162 0.961 -2.72 -3.159 -0.303 -2.168 -2.381 -2.595 -0.125 -0.458 -2.973 -2.076 -2.567
85 W -2.657 -2.39 -3.173 -3.627 -2.341 -2.831 -2.976 -2.373 -1.141 -1.861 -1.657 -2.798 -1.287 1.121 -5.415 -3.362 -2.702 10.618 2.162 -2.235
86 L -0.821 -2.34 -3.145 -3.39 0.098 -2.621 -3.099 -3.168 -2.606 2.555 2.894 -2.44 1.548 0.275 -3.387 -2.695 -0.968 -2.003 -1.175 3.006
87 F -2.341 -2.903 -2.867 -3.321 -1.381 -3.871 -3.489 -2.882 -0.835 0.27 0.558 -3.311 0.194 6.526 -4.455 -3.038 -2.378 0.845 2.924 -0.515
88 S 1.061 -0.748 0.49 -0.256 0.065 -0.577 -0.562 -0.113 -0.467 -1.918 -2.336 -0.292 -1.194 -1.95 -1.482 3.287 1.004 -2.556 -1.763 -1.3
89 P 0.263 -1.315 -0.477 -0.839 -0.599 -1.179 -1.047 -0.856 -0.984 -2.114 -2.539 -0.655 -1.738 -2.563 4.836 1.796 0.059 -3.386 -2.169 -1.702
90 F -2.341 -2.903 -2.867 -3.321 -1.381 -3.871 -3.489 -2.882 -0.835 0.27 0.558 -3.311 0.194 6.526 -4.455 -3.038 -2.378 0.845 2.924 -0.515
91 Y 2.303 -1.634 -1.892 -2.285 -0.294 -1.55 -1.789 -0.837 0.892 -0.824 -1.116 -1.323 -0.783 1.782 -2.264 -0.65 -1.144 0.81 4.821 -0.374
92 S 1.061 -0.748 0.49 -0.256 0.065 -0.577 -0.562 -0.113 -0.467 -1.918 -2.336 -0.292 -1.194 -1.95 -1.482 3.287 1.004 -2.556 -1.763 -1.3
93 Y -1.82 -1.785 -2.133 -3.029 -1.759 -1.791 -2.371 -2.939 2.097 -0.811 -0.917 -1.88 -0.689 3.341 -3.34 -2.444 -2.097 2.301 6.67 -0.987
94 S 1.061 -0.748 0.49 -0.256 0.065 -0.577 -0.562 -0.113 -0.467 -1.918 -2.336 -0.292 -1.194 -1.95 -1.482 3.287 1.004 -2.556 -1.763 -1.3
95 F -1.823 -3.004 -3.062 -3.254 -0.705 -3.525 -3.59 -3.168 -1.626 3.132 1.167 -2.982 0.778 4.832 -3.945 -3.061 -1.658 -0.291 1.526 1.635
96 F -2.341 -2.903 -2.867 -3.321 -1.381 -3.871 -3.489 -2.882 -0.835 0.27 0.558 -3.311 0.194 6.526 -4.455 -3.038 -2.378 0.845 2.924 -0.515
97 L -1.548 -2.194 -3.37 -3.627 -0.157 -2.647 -3.313 -3.39 -2.321 1.998 4.049 -2.485 2.125 0.826 -3.612 -3.166 -1.588 -1.658 -1.063 1.099
98 F -1.647 -2.049 -2.606 -3.06 -0.716 -2.135 -2.87 -2.732 -0.904 1.008 1.448 -2.239 4.053 4.858 -3.79 -2.486 -1.64 -0.037 1.617 0.33
99 F -1.823 -3.004 -3.062 -3.254 -0.705 -3.525 -3.59 -3.168 -1.626 3.132 1.167 -2.982 0.778 4.832 -3.945 -3.061 -1.658 -0.291 1.526 1.635
100 L -1.548 -2.194 -3.37 -3.627 -0.157 -2.647 -3.313 -3.39 -2.321 1.998 4.049 -2.485 2.125 0.826 -3.612 -3.166 -1.588 -1.658 -1.063 1.099
101 A 3.935 -1.491 -1.669 -1.694 0.673 -1.327 -1.306 0.367 -1.218 -0.837 -1.328 -0.856 -0.881 -1.855 -1.482 0.448 -0.429 -2.447 -1.763 0.131
102 C -0.346 -2.888 -2.954 -3.296 7.798 -2.997 -3.37 -2.539 -2.94 1.716 0.106 -2.735 0.025 -1.107 -3.196 -1.968 -0.859 -2.787 -1.95 2.684
103 L -1.02 -2.428 -3.202 -3.393 0.015 -2.717 -3.226 -3.255 -2.574 2.922 2.964 -2.487 1.608 0.364 -3.444 -2.831 -1.082 -1.972 -1.175 2.736
104 I -1.384 -3.108 -3.27 -3.188 -0.157 -3.217 -3.694 -3.486 -2.718 4.54 1.67 -2.686 1.264 0.211 -3.512 -3.084 -1.082 -2.192 -1.292 2.853
105 I -1.384 -3.108 -3.27 -3.188 -0.157 -3.217 -3.694 -3.486 -2.718 4.54 1.67 -2.686 1.264 0.211 -3.512 -3.084 -1.082 -2.192 -1.292 2.853
106 P -0.844 -2.021 -1.941 -1.571 -1.464 -1.94 -1.629 -1.859 -1.615 -2.325 -2.757 -1.071 -2.41 -3.343 6.67 -1.459 -1.355 -4.556 -2.643 -2.169
107 L -1.465 -2.615 -3.319 -3.399 -0.157 -2.918 -3.497 -3.438 -2.513 3.54 3.098 -2.584 1.727 0.535 -3.561 -3.124 -1.324 -1.912 -1.175 2.107
108 K -0.833 2.086 -0.275 -0.729 -1.985 0.8 0.306 -1.349 -0.25 -2.13 -2.247 4.508 -1.231 -2.813 -1.694 -0.888 -1.089 -2.556 -1.796 -2.006
109 T -0.12 -1.1 -0.146 -1.022 0.114 -1.11 -1.385 -1.336 -1.42 -0.231 -1.064 -0.798 -0.539 -1.588 -1.694 0.698 4.266 -2.192 -1.714 0.222
110 F -1.886 -2.677 -3.092 -3.396 -0.705 -3.301 -3.462 -3.139 -1.53 2.027 2.353 -2.906 1.149 4.878 -3.983 -3.087 -1.853 -0.192 1.555 0.875
111 F -2.341 -2.903 -2.867 -3.321 -1.381 -3.871 -3.489 -2.882 -0.835 0.27 0.558 -3.311 0.194 6.526 -4.455 -3.038 -2.378 0.845 2.924 -0.515
112 F -2.341 -2.903 -2.867 -3.321 -1.381 -3.871 -3.489 -2.882 -0.835 0.27 0.558 -3.311 0.194 6.526 -4.455 -3.038 -2.378 0.845 2.924 -0.515
113 F -2.069 -2.29 -2.477 -3.172 -1.564 -2.647 -2.876 -2.91 0.989 -0.22 -0.087 -2.508 -0.214 5.352 -3.844 -2.726 -2.234 1.664 5.366 -0.741
114 K -0.833 2.086 -0.275 -0.729 -1.985 0.8 0.306 -1.349 -0.25 -2.13 -2.247 4.508 -1.231 -2.813 -1.694 -0.888 -1.089 -2.556 -1.796 -2.006
115 K -0.958 0.843 -1.136 -1.59 -0.94 0.018 -0.729 -1.904 -0.59 0.297 0.701 2.852 3.902 -0.735 -2.368 -1.4 -1.071 -1.868 -1.278 -0.141
116 S 1.061 -0.748 0.49 -0.256 0.065 -0.577 -0.562 -0.113 -0.467 -1.918 -2.336 -0.292 -1.194 -1.95 -1.482 3.287 1.004 -2.556 -1.763 -1.3
117 D -1.323 -0.77 0.524 4.424 -2.399 0.438 3.269 -1.514 -0.042 -2.752 -3.077 0.014 -2.194 -2.767 -2.085 -0.878 -1.363 -2.91 -2.427 -2.483
118 F -2.069 -2.29 -2.477 -3.172 -1.564 -2.647 -2.876 -2.91 0.989 -0.22 -0.087 -2.508 -0.214 5.352 -3.844 -2.726 -2.234 1.664 5.366 -0.741
119 P -0.844 -2.021 -1.941 -1.571 -1.464 -1.94 -1.629 -1.859 -1.615 -2.325 -2.757 -1.071 -2.41 -3.343 6.67 -1.459 -1.355 -4.556 -2.643 -2.169
120 F -2.122 -2.709 -2.985 -3.395 -1.023 -3.513 -3.444 -3.001 -1.141 0.808 1.893 -3.082 0.811 5.826 -4.22 -3.069 -2.159 0.393 2.326 -0.019
121 L -1.465 -2.615 -3.319 -3.399 -0.157 -2.918 -3.497 -3.438 -2.513 3.54 3.098 -2.584 1.727 0.535 -3.561 -3.124 -1.324 -1.912 -1.175 2.107
122 A 3.935 -1.491 -1.669 -1.694 0.673 -1.327 -1.306 0.367 -1.218 -0.837 -1.328 -0.856 -0.881 -1.855 -1.482 0.448 -0.429 -2.447 -1.763 0.131
123 L -1.548 -2.194 -3.37 -3.627 -0.157 -2.647 -3.313 -3.39 -2.321 1.998 4.049 -2.485 2.125 0.826 -3.612 -3.166 -1.588 -1.658 -1.063 1.099
124 L -1.548 -2.194 -3.37 -3.627 -0.157 -2.647 -3.313 -3.39 -2.321 1.998 4.049 -2.485 2.125 0.826 -3.612 -3.166 -1.588 -1.658 -1.063 1.099
125 L -1.548 -2.194 -3.37 -3.627 -0.157 -2.647 -3.313 -3.39 -2.321 1.998 4.049 -2.485 2.125 0.826 -3.612 -3.166 -1.588 -1.658 -1.063 1.099
126 Y -1.82 -1.785 -2.133 -3.029 -1.759 -1.791 -2.371 -2.939 2.097 -0.811 -0.917 -1.88 -0.689 3.341 -3.34 -2.444 -2.097 2.301 6.67 -0.987
127 F -2.341 -2.903 -2.867 -3.321 -1.381 -3.871 -3.489 -2.882 -0.835 0.27 0.558 -3.311 0.194 6.526 -4.455 -3.038 -2.378 0.845 2.924 -0.515
128 C 0.402 -1.764 -0.75 -1.426 7.788 -1.674 -1.781 -0.962 -1.452 -1.269 -1.633 -1.373 -1.139 -1.992 -2.22 1.762 0.069 -2.879 -2.236 -0.824
129 I -1.384 -3.108 -3.27 -3.188 -0.157 -3.217 -3.694 -3.486 -2.718 4.54 1.67 -2.686 1.264 0.211 -3.512 -3.084 -1.082 -2.192 -1.292 2.853
130 L -1.308 -1.764 -2.825 -3.196 -0.166 -1.745 -2.797 -2.962 -1.57 1.804 3.246 -1.927 4.393 0.649 -3.425 -2.538 -1.308 -1.48 -0.949 1.041
131 L -1.043 -2.29 -3.218 -3.467 0.015 -2.63 -3.169 -3.24 -2.508 2.381 3.332 -2.455 1.753 0.471 -3.46 -2.844 -1.16 -1.883 -1.138 2.498
132 F -2.069 -2.29 -2.477 -3.172 -1.564 -2.647 -2.876 -2.91 0.989 -0.22 -0.087 -2.508 -0.214 5.352 -3.844 -2.726 -2.234 1.664 5.366 -0.741
133 D -1.784 -1.595 1.192 5.844 -2.379 -0.879 1.043 -1.131 -0.543 -2.732 -3.499 -0.836 -2.705 -2.927 -2.296 -0.959 -1.42 -3.538 -3.05 -2.872
134 V -0.756 -2.784 -3.098 -3.18 0.098 -2.889 -3.27 -3.212 -2.818 3.88 1.327 -2.537 1.053 -0.081 -3.34 -2.66 -0.753 -2.291 -1.292 3.57
135 F -2.341 -2.903 -2.867 -3.321 -1.381 -3.871 -3.489 -2.882 -0.835 0.27 0.558 -3.311 0.194 6.526 -4.455 -3.038 -2.378 0.845 2.924 -0.515
136 P -0.844 -2.021 -1.941 -1.571 -1.464 -1.94 -1.629 -1.859 -1.615 -2.325 -2.757 -1.071 -2.41 -3.343 6.67 -1.459 -1.355 -4.556 -2.643 -2.169
137 V -0.241 -2.494 -2.936 -3.172 0.333 -2.594 -2.901 -2.962 -2.922 3.022 0.938 -2.395 0.824 -0.406 -3.178 -2.291 -0.458 -2.394 -1.292 4.144
138 R -1.541 5.524 -0.469 -1.571 -2.266 0.511 -0.568 -2.135 0.091 -2.619 -2.035 2.011 -1.231 -2.479 -2.711 -1.413 -1.461 -2.241 -1.779 -2.169
139 Q -0.89 1.0 -0.1 -0.364 -1.918 4.908 1.385 -1.486 0.762 -2.247 -1.998 1.215 -0.41 -2.966 -2.158 -0.762 -0.982 -2.192 -1.292 -1.794
140 S 1.061 -0.748 0.49 -0.256 0.065 -0.577 -0.562 -0.113 -0.467 -1.918 -2.336 -0.292 -1.194 -1.95 -1.482 3.287 1.004 -2.556 -1.763 -1.3
141 L -1.548 -2.194 -3.37 -3.627 -0.157 -2.647 -3.313 -3.39 -2.321 1.998 4.049 -2.485 2.125 0.826 -3.612 -3.166 -1.588 -1.658 -1.063 1.099
142 A 2.842 -1.096 -0.392 -0.886 0.385 -0.928 -0.91 0.137 -0.818 -1.328 -1.788 -0.56 -1.033 -1.902 -1.482 2.203 0.375 -2.501 -1.763 -0.496
143 T 0.531 -0.919 0.189 -0.613 0.09 -0.831 -0.944 -0.66 -0.904 -0.953 -1.63 -0.534 -0.848 -1.763 -1.586 2.273 3.073 -2.368 -1.738 -0.439
144 S 1.061 -0.748 0.49 -0.256 0.065 -0.577 -0.562 -0.113 -0.467 -1.918 -2.336 -0.292 -1.194 -1.95 -1.482 3.287 1.004 -2.556 -1.763 -1.3
145 L -1.548 -2.194 -3.37 -3.627 -0.157 -2.647 -3.313 -3.39 -2.321 1.998 4.049 -2.485 2.125 0.826 -3.612 -3.166 -1.588 -1.658 -1.063 1.099
146 C -0.455 -3.346 -2.972 -3.426 9.687 -3.466 -3.932 -2.171 -2.957 -0.739 -1.069 -3.12 -1.086 -2.034 -3.214 -1.677 -1.324 -3.242 -2.804 -0.417
147 L -1.548 -2.194 -3.37 -3.627 -0.157 -2.647 -3.313 -3.39 -2.321 1.998 4.049 -2.485 2.125 0.826 -3.612 -3.166 -1.588 -1.658 -1.063 1.099
148 L -1.548 -2.194 -3.37 -3.627 -0.157 -2.647 -3.313 -3.39 -2.321 1.998 4.049 -2.485 2.125 0.826 -3.612 -3.166 -1.588 -1.658 -1.063 1.099
149 F -2.069 -2.29 -2.477 -3.172 -1.564 -2.647 -2.876 -2.91 0.989 -0.22 -0.087 -2.508 -0.214 5.352 -3.844 -2.726 -2.234 1.664 5.366 -0.741
150 F -2.069 -2.29 -2.477 -3.172 -1.564 -2.647 -2.876 -2.91 0.989 -0.22 -0.087 -2.508 -0.214 5.352 -3.844 -2.726 -2.234 1.664 5.366 -0.741
151 L -1.548 -2.194 -3.37 -3.627 -0.157 -2.647 -3.313 -3.39 -2.321 1.998 4.049 -2.485 2.125 0.826 -3.612 -3.166 -1.588 -1.658 -1.063 1.099
152 I -1.384 -3.108 -3.27 -3.188 -0.157 -3.217 -3.694 -3.486 -2.718 4.54 1.67 -2.686 1.264 0.211 -3.512 -3.084 -1.082 -2.192 -1.292 2.853
153 Y -1.82 -1.785 -2.133 -3.029 -1.759 -1.791 -2.371 -2.939 2.097 -0.811 -0.917 -1.88 -0.689 3.341 -3.34 -2.444 -2.097 2.301 6.67 -0.987
154 K -0.833 2.086 -0.275 -0.729 -1.985 0.8 0.306 -1.349 -0.25 -2.13 -2.247 4.508 -1.231 -2.813 -1.694 -0.888 -1.089 -2.556 -1.796 -2.006
155 N -1.273 -0.272 3.997 1.395 -2.122 0.552 2.945 -0.922 0.688 -2.745 -2.926 0.224 -1.957 -2.496 -2.22 -0.442 -0.852 -2.669 -1.994 -2.346
156 H -1.715 -0.365 0.452 -0.968 -2.341 -0.172 -0.508 -1.704 8.01 -2.669 -2.602 -0.773 -1.268 -0.86 -2.756 -1.587 -2.234 -1.461 1.66 -3.043
157 K -0.833 2.086 -0.275 -0.729 -1.985 0.8 0.306 -1.349 -0.25 -2.13 -2.247 4.508 -1.231 -2.813 -1.694 -0.888 -1.089 -2.556 -1.796 -2.006
158 K -0.833 2.086 -0.275 -0.729 -1.985 0.8 0.306 -1.349 -0.25 -2.13 -2.247 4.508 -1.231 -2.813 -1.694 -0.888 -1.089 -2.556 -1.796 -2.006
159 L -0.198 -1.451 -0.992 -1.651 -0.035 -1.542 -1.799 -1.573 -1.431 0.811 2.401 -1.292 0.977 -0.205 -2.401 1.013 1.154 -2.018 -1.385 0.338
160 S 1.061 -0.748 0.49 -0.256 0.065 -0.577 -0.562 -0.113 -0.467 -1.918 -2.336 -0.292 -1.194 -1.95 -1.482 3.287 1.004 -2.556 -1.763 -1.3
161 F -1.823 -3.004 -3.062 -3.254 -0.705 -3.525 -3.59 -3.168 -1.626 3.132 1.167 -2.982 0.778 4.832 -3.945 -3.061 -1.658 -0.291 1.526 1.635
162 L 2.337 -1.821 -2.396 -2.502 0.287 -1.912 -2.138 -0.939 -1.717 0.915 2.465 -1.557 0.997 -0.214 -2.355 -0.827 -0.951 -2.026 -1.392 0.655
163 V -0.701 -2.758 -3.087 -3.186 0.118 -2.862 -3.234 -3.191 -2.837 3.804 1.279 -2.528 1.021 -0.122 -3.329 -2.624 -0.726 -2.31 -1.299 3.65
164 A 2.989 -1.714 -2.14 -2.214 0.414 -1.711 -1.84 -0.443 -1.548 0.433 1.666 -1.311 0.489 -0.672 -2.041 -0.344 -0.773 -2.167 -1.517 0.484
165 L -1.499 -2.474 -3.343 -3.48 -0.165 -2.832 -3.441 -3.429 -2.454 3.119 3.459 -2.558 1.859 0.628 -3.585 -3.145 -1.416 -1.832 -1.145 1.801
166 L 1.532 -1.947 -2.693 -2.838 0.139 -2.144 -2.486 -1.557 -1.912 1.316 3.105 -1.842 1.417 0.168 -2.723 -1.425 -1.155 -1.905 -1.285 0.804
167 A 3.952 -1.498 -1.676 -1.702 0.665 -1.334 -1.313 0.359 -1.225 -0.845 -1.336 -0.863 -0.888 -1.863 -1.49 0.44 -0.436 -2.454 -1.77 0.124
168 L -1.555 -2.201 -3.377 -3.634 -0.165 -2.655 -3.32 -3.397 -2.328 1.991 4.061 -2.492 2.118 0.819 -3.619 -3.173 -1.595 -1.665 -1.07 1.092
169 T 0.162 -1.044 -0.262 -1.034 0.029 -0.918 -1.262 -1.075 -0.98 -0.101 -0.247 -0.753 2.249 -1.092 -1.902 1.573 2.744 -2.087 -1.517 0.007
170 V -0.581 -2.691 -3.051 -3.184 0.171 -2.794 -3.149 -3.134 -2.86 3.626 1.196 -2.496 0.971 -0.192 -3.293 -2.539 -0.659 -2.332 -1.299 3.787
171 H -1.722 -0.372 0.445 -0.975 -2.348 -0.179 -0.515 -1.711 8.023 -2.676 -2.609 -0.78 -1.276 -0.867 -2.763 -1.594 -2.241 -1.468 1.653 -3.05
172 Y -1.827 -1.792 -2.14 -3.036 -1.766 -1.798 -2.378 -2.946 2.09 -0.818 -0.924 -1.887 -0.696 3.334 -3.347 -2.451 -2.104 2.294 6.685 -0.994
173 S 0.711 -0.868 0.286 -0.496 0.075 -0.751 -0.818 -0.473 -0.758 -1.248 -1.854 -0.458 -0.966 -1.832 -1.558 2.671 2.544 -2.437 -1.753 -0.706
174 A 3.267 -1.229 -0.766 -1.139 0.477 -1.062 -1.043 0.208 -0.953 -1.162 -1.634 -0.663 -0.989 -1.894 -1.49 1.739 0.124 -2.49 -1.77 -0.279
175 I -1.391 -3.115 -3.277 -3.195 -0.165 -3.224 -3.701 -3.493 -2.725 4.558 1.662 -2.693 1.257 0.204 -3.519 -3.091 -1.089 -2.199 -1.299 2.846
176 I -1.391 -3.115 -3.277 -3.195 -0.165 -3.224 -3.701 -3.493 -2.725 4.558 1.662 -2.693 1.257 0.204 -3.519 -3.091 -1.089 -2.199 -1.299 2.846
177 F -2.349 -2.911 -2.875 -3.329 -1.388 -3.878 -3.497 -2.889 -0.843 0.262 0.55 -3.319 0.187 6.537 -4.462 -3.045 -2.385 0.837 2.917 -0.522
178 F -2.349 -2.911 -2.875 -3.329 -1.388 -3.878 -3.497 -2.889 -0.843 0.262 0.55 -3.319 0.187 6.537 -4.462 -3.045 -2.385 0.837 2.917 -0.522
179 I -0.958 -2.895 -3.162 -3.19 0.008 -3.001 -3.412 -3.308 -2.792 4.13 1.439 -2.593 1.118 0.012 -3.404 -2.802 -0.866 -2.265 -1.299 3.355
180 G 0.44 -1.727 -0.107 -0.933 -0.792 -1.561 -1.773 4.831 -1.111 -2.727 -3.046 -1.135 -2.099 -2.426 -2.291 1.206 -0.601 -2.49 -2.62 -2.255
181 L -1.555 -2.201 -3.377 -3.634 -0.165 -2.655 -3.32 -3.397 -2.328 1.991 4.061 -2.492 2.118 0.819 -3.619 -3.173 -1.595 -1.665 -1.07 1.092
182 L -1.324 -2.202 -2.457 -2.914 -0.489 -2.651 -2.898 -2.642 -1.517 1.226 2.89 -2.369 1.332 4.004 -3.515 -1.238 -1.368 -0.632 0.886 0.428
183 I 1.68 -2.351 -2.577 -2.604 0.244 -2.333 -2.532 -1.525 -2.17 3.206 0.773 -1.895 0.59 -0.488 -2.616 -1.284 -0.716 -2.327 -1.448 2.621
184 C -0.462 -3.353 -2.979 -3.433 9.695 -3.473 -3.939 -2.178 -2.965 -0.746 -1.076 -3.128 -1.093 -2.042 -3.221 -1.685 -1.331 -3.249 -2.811 -0.424
185 S 1.277 -0.945 0.099 -0.636 0.148 -0.83 -0.899 -0.409 -0.841 -1.135 -1.743 -0.519 -0.932 -1.821 -1.558 2.407 2.469 -2.425 -1.753 -0.543
186 T -0.528 2.893 -0.257 -1.201 -0.491 -0.471 -1.093 -1.586 -0.831 -0.838 -1.36 0.458 -0.759 -1.863 -2.002 0.143 3.307 -2.215 -1.743 -0.385
187 K -0.871 1.511 -0.306 0.216 -2.129 0.984 2.453 -1.545 -0.03 -2.336 -2.401 3.712 -1.404 -2.753 -1.765 -0.865 -1.167 -2.508 -1.842 -2.057
188 K -0.841 2.079 -0.282 -0.736 -1.992 0.793 0.299 -1.357 -0.257 -2.137 -2.255 4.526 -1.238 -2.82 -1.701 -0.895 -1.096 -2.563 -1.803 -2.013
189 I -1.391 -3.115 -3.277 -3.195 -0.165 -3.224 -3.701 -3.493 -2.725 4.558 1.662 -2.693 1.257 0.204 -3.519 -3.091 -1.089 -2.199 -1.299 2.846
190 H -1.665 -0.863 -0.365 -1.622 -1.425 -0.794 -1.185 -2.172 6.893 -0.215 1.413 -1.246 0.335 -0.19 -3.021 -2.031 -2.009 -1.532 0.996 -0.955
191 K -0.583 1.352 -0.239 -0.831 -1.112 0.285 -0.163 -1.352 -0.597 -1.357 -1.804 3.575 -0.989 -2.351 -1.701 -0.265 1.895 -2.437 -1.775 -1.067
192 G -0.336 -2.599 -1.127 -1.834 -0.89 -2.51 -2.949 4.71 -1.847 1.753 -0.669 -1.969 -0.722 -1.38 -3.016 -1.557 -1.624 -2.367 -2.4 0.377
193 K -0.911 2.74 -0.303 -0.819 -2.022 0.762 0.214 -1.434 -0.217 -2.188 -2.23 4.333 -1.238 -2.781 -1.798 -0.949 -1.135 -2.527 -1.801 -2.031
194 A 1.702 -1.353 2.853 -0.598 -0.094 -1.372 -1.517 -0.604 -0.634 0.814 -0.712 -1.064 -0.488 -1.429 -2.338 -0.445 -0.456 -2.601 -1.699 1.845
195 V -0.581 -2.691 -3.051 -3.184 0.171 -2.794 -3.149 -3.134 -2.86 3.626 1.196 -2.496 0.971 -0.192 -3.293 -2.539 -0.659 -2.332 -1.299 3.787
196 I -0.958 -2.895 -3.162 -3.19 0.008 -3.001 -3.412 -3.308 -2.792 4.13 1.439 -2.593 1.118 0.012 -3.404 -2.802 -0.866 -2.265 -1.299 3.355
197 L -0.199 -1.579 -0.985 -1.62 -0.286 -1.705 -1.797 -1.423 -1.063 0.368 1.74 -1.419 0.585 2.981 -2.589 1.336 -0.251 -1.168 0.226 -0.134
198 L -0.405 -1.635 -1.47 -2.038 -0.088 -1.789 -2.09 -1.859 -1.57 1.17 3.044 -1.564 1.372 0.153 -2.723 0.695 -0.454 -1.934 -1.285 0.49
199 I -1.239 -3.04 -3.238 -3.193 -0.106 -3.148 -3.601 -3.43 -2.747 4.422 1.59 -2.659 1.211 0.141 -3.48 -2.991 -1.013 -2.221 -1.299 3.026
200 F -2.059 -2.654 -3.032 -3.427 -0.92 -3.41 -3.436 -3.048 -1.258 0.96 2.233 -3.016 0.983 5.559 -4.153 -3.087 -2.097 0.218 2.088 0.121
201 I -0.33 -2.1 -1.435 -1.861 -0.088 -2.056 -2.25 -1.896 -1.767 3.537 0.832 -1.659 0.645 -0.354 -2.674 0.709 -0.216 -2.315 -1.448 1.999
202 L -1.643 -2.058 -2.903 -3.421 -0.606 -2.34 -2.971 -3.239 -0.042 1.32 3.136 -2.276 1.446 1.918 -3.525 -2.912 -1.755 0.308 3.883 0.549
203 V 1.013 -2.307 -2.69 -2.874 0.385 -2.348 -2.573 -2.079 -2.566 2.637 0.657 -2.082 0.594 -0.609 -2.824 -1.623 -0.461 -2.41 -1.373 3.776
204 L -0.997 -1.788 -1.871 -2.486 -0.071 -2.047 -2.526 -2.54 -1.995 1.42 3.125 -1.814 1.471 0.214 -2.83 -1.263 1.785 -1.832 -1.271 0.828
205 F -2.059 -2.654 -3.032 -3.427 -0.92 -3.41 -3.436 -3.048 -1.258 0.96 2.233 -3.016 0.983 5.559 -4.153 -3.087 -2.097 0.218 2.088 0.121
206 F -1.405 -2.177 -1.661 -2.345 -0.8 -2.643 -2.614 -2.277 -1.025 0.105 0.104 -2.22 -0.037 5.452 -3.227 -1.219 1.639 0.132 2.022 -0.255
207 L -1.445 -2.777 -3.31 -3.334 -0.165 -3.021 -3.568 -3.461 -2.587 3.927 2.699 -2.625 1.573 0.423 -3.552 -3.118 -1.248 -2.01 -1.221 2.371
208 V -0.581 -2.691 -3.051 -3.184 0.171 -2.794 -3.149 -3.134 -2.86 3.626 1.196 -2.496 0.971 -0.192 -3.293 -2.539 -0.659 -2.332 -1.299 3.787
209 V -0.581 -2.691 -3.051 -3.184 0.171 -2.794 -3.149 -3.134 -2.86 3.626 1.196 -2.496 0.971 -0.192 -3.293 -2.539 -0.659 -2.332 -1.299 3.787
210 K -0.923 1.312 -0.827 -1.281 -1.255 0.295 -0.349 -1.714 -0.479 -0.317 0.001 3.532 2.994 -1.283 -2.133 -1.227 -1.084 -2.087 -1.448 -0.647
211 Y -1.123 -1.421 1.519 -1.289 -1.345 -1.468 -1.764 -1.683 1.361 -1.069 -1.167 -1.361 -0.856 3.162 -2.909 -0.116 -1.055 1.183 5.223 -1.196
212 P -0.851 -2.028 -1.948 -1.578 -1.471 -1.947 -1.637 -1.867 -1.622 -2.332 -2.765 -1.078 -2.417 -3.35 6.677 -1.466 -1.363 -4.563 -2.65 -2.176
213 P -0.851 -2.028 -1.948 -1.578 -1.471 -1.947 -1.637 -1.867 -1.622 -2.332 -2.765 -1.078 -2.417 -3.35 6.677 -1.466 -1.363 -4.563 -2.65 -2.176
214 E -0.933 -0.136 -0.353 1.504 -2.425 1.332 4.527 -1.964 0.378 -2.778 -2.717 0.662 -1.768 -2.622 -1.896 -0.805 -1.315 -2.402 -1.922 -2.148
215 I -1.391 -3.115 -3.277 -3.195 -0.165 -3.224 -3.701 -3.493 -2.725 4.558 1.662 -2.693 1.257 0.204 -3.519 -3.091 -1.089 -2.199 -1.299 2.846
216 L -1.555 -2.201 -3.377 -3.634 -0.165 -2.655 -3.32 -3.397 -2.328 1.991 4.061 -2.492 2.118 0.819 -3.619 -3.173 -1.595 -1.665 -1.07 1.092
217 S 2.368 -0.982 -0.074 -0.668 0.275 -0.813 -0.797 0.048 -0.704 -1.519 -1.967 -0.475 -1.093 -1.926 -1.49 2.631 0.593 -2.527 -1.77 -0.747
218 S 1.054 -0.755 0.483 -0.263 0.058 -0.584 -0.569 -0.121 -0.474 -1.926 -2.343 -0.299 -1.201 -1.958 -1.49 3.311 0.997 -2.563 -1.77 -1.307
219 R -1.548 5.537 -0.476 -1.578 -2.273 0.503 -0.575 -2.142 0.084 -2.626 -2.042 2.004 -1.238 -2.486 -2.718 -1.42 -1.468 -2.248 -1.786 -2.176
220 I -1.239 -3.04 -3.238 -3.193 -0.106 -3.148 -3.601 -3.43 -2.747 4.422 1.59 -2.659 1.211 0.141 -3.48 -2.991 -1.013 -2.221 -1.299 3.026
221 N -1.674 -0.429 5.673 1.267 -1.861 -0.541 -0.74 -0.169 0.954 -2.727 -3.166 -0.31 -2.176 -2.389 -2.602 -0.132 -0.466 -2.981 -2.083 -2.575
222 D -1.791 -1.602 1.185 5.854 -2.387 -0.886 1.036 -1.138 -0.55 -2.74 -3.506 -0.844 -2.712 -2.934 -2.304 -0.966 -1.427 -3.545 -3.058 -2.879
223 Y -1.827 -1.792 -2.14 -3.036 -1.766 -1.798 -2.378 -2.946 2.09 -0.818 -0.924 -1.887 -0.696 3.334 -3.347 -2.451 -2.104 2.294 6.685 -0.994
224 I -1.391 -3.115 -3.277 -3.195 -0.165 -3.224 -3.701 -3.493 -2.725 4.558 1.662 -2.693 1.257 0.204 -3.519 -3.091 -1.089 -2.199 -1.299 2.846
225 L -1.445 -2.777 -3.31 -3.334 -0.165 -3.021 -3.568 -3.461 -2.587 3.927 2.699 -2.625 1.573 0.423 -3.552 -3.118 -1.248 -2.01 -1.221 2.371
226 N -1.674 -0.429 5.673 1.267 -1.861 -0.541 -0.74 -0.169 0.954 -2.727 -3.166 -0.31 -2.176 -2.389 -2.602 -0.132 -0.466 -2.981 -2.083 -2.575
227 Q -0.897 0.993 -0.107 -0.371 -1.925 4.933 1.378 -1.493 0.755 -2.255 -2.005 1.207 -0.417 -2.973 -2.165 -0.769 -0.989 -2.199 -1.299 -1.801
228 K -0.841 2.079 -0.282 -0.736 -1.992 0.793 0.299 -1.357 -0.257 -2.137 -2.255 4.526 -1.238 -2.82 -1.701 -0.895 -1.096 -2.563 -1.803 -2.013
229 V -0.248 -2.501 -2.944 -3.179 0.326 -2.602 -2.908 -2.97 -2.929 3.015 0.931 -2.402 0.817 -0.413 -3.186 -2.298 -0.466 -2.402 -1.299 4.163
230 Y -1.827 -1.792 -2.14 -3.036 -1.766 -1.798 -2.378 -2.946 2.09 -0.818 -0.924 -1.887 -0.696 3.334 -3.347 -2.451 -2.104 2.294 6.685 -0.994
231 S 1.054 -0.755 0.483 -0.263 0.058 -0.584 -0.569 -0.121 -0.474 -1.926 -2.343 -0.299 -1.201 -1.958 -1.49 3.311 0.997 -2.563 -1.77 -1.307
232 D -1.476 -1.027 0.757 4.987 -2.399 0.055 2.707 -1.388 -0.207 -2.752 -3.218 -0.25 -2.362 -2.826 -2.161 -0.912 -1.389 -3.112 -2.628 -2.614
233 D -1.513 -1.678 1.042 5.544 -2.249 -1.007 0.795 1.042 -0.641 -2.79 -3.502 -0.924 -2.709 -2.906 -2.354 -0.972 -1.479 -3.402 -3.069 -2.879
234 I -1.391 -3.115 -3.277 -3.195 -0.165 -3.224 -3.701 -3.493 -2.725 4.558 1.662 -2.693 1.257 0.204 -3.519 -3.091 -1.089 -2.199 -1.299 2.846
235 T -0.127 -1.107 -0.153 -1.029 0.107 -1.117 -1.392 -1.343 -1.427 -0.238 -1.071 -0.805 -0.546 -1.595 -1.701 0.691 4.287 -2.199 -1.721 0.215
236 P -0.93 -1.802 -2.083 -1.938 -0.975 -1.622 -1.86 -2.09 -1.393 -0.384 -0.145 -1.202 2.842 -1.479 5.553 -1.642 -1.258 -3.045 -1.916 -0.713
237 L -0.997 -1.788 -1.871 -2.486 -0.071 -2.047 -2.526 -2.54 -1.995 1.42 3.125 -1.814 1.471 0.214 -2.83 -1.263 1.785 -1.832 -1.271 0.828
238 R -1.548 5.537 -0.476 -1.578 -2.273 0.503 -0.575 -2.142 0.084 -2.626 -2.042 2.004 -1.238 -2.486 -2.718 -1.42 -1.468 -2.248 -1.786 -2.176
239 N -1.674 -0.429 5.673 1.267 -1.861 -0.541 -0.74 -0.169 0.954 -2.727 -3.166 -0.31 -2.176 -2.389 -2.602 -0.132 -0.466 -2.981 -2.083 -2.575
240 L -1.499 -2.474 -3.343 -3.48 -0.165 -2.832 -3.441 -3.429 -2.454 3.119 3.459 -2.558 1.859 0.628 -3.585 -3.145 -1.416 -1.832 -1.145 1.801
241 L -1.555 -2.201 -3.377 -3.634 -0.165 -2.655 -3.32 -3.397 -2.328 1.991 4.061 -2.492 2.118 0.819 -3.619 -3.173 -1.595 -1.665 -1.07 1.092
242 K -0.841 2.079 -0.282 -0.736 -1.992 0.793 0.299 -1.357 -0.257 -2.137 -2.255 4.526 -1.238 -2.82 -1.701 -0.895 -1.096 -2.563 -1.803 -2.013
243 C 0.136 -2.209 -1.326 -1.959 8.575 -2.164 -2.344 -1.319 -1.879 -1.088 -1.439 -1.854 -1.128 -2.013 -2.522 1.016 -0.332 -3.002 -2.421 -0.689
244 L -1.499 -2.474 -3.343 -3.48 -0.165 -2.832 -3.441 -3.429 -2.454 3.119 3.459 -2.558 1.859 0.628 -3.585 -3.145 -1.416 -1.832 -1.145 1.801
245 D -1.791 -1.602 1.185 5.854 -2.387 -0.886 1.036 -1.138 -0.55 -2.74 -3.506 -0.844 -2.712 -2.934 -2.304 -0.966 -1.427 -3.545 -3.058 -2.879
246 Q -0.897 0.993 -0.107 -0.371 -1.925 4.933 1.378 -1.493 0.755 -2.255 -2.005 1.207 -0.417 -2.973 -2.165 -0.769 -0.989 -2.199 -1.299 -1.801
247 I -1.391 -3.115 -3.277 -3.195 -0.165 -3.224 -3.701 -3.493 -2.725 4.558 1.662 -2.693 1.257 0.204 -3.519 -3.091 -1.089 -2.199 -1.299 2.846
248 F -2.059 -2.654 -3.032 -3.427 -0.92 -3.41 -3.436 -3.048 -1.258 0.96 2.233 -3.016 0.983 5.559 -4.153 -3.087 -2.097 0.218 2.088 0.121
249 I -1.391 -3.115 -3.277 -3.195 -0.165 -3.224 -3.701 -3.493 -2.725 4.558 1.662 -2.693 1.257 0.204 -3.519 -3.091 -1.089 -2.199 -1.299 2.846
250 L -1.19 -1.865 -2.645 -2.945 -0.176 -1.622 -2.747 -2.866 -1.455 2.944 1.976 -1.82 4.808 0.373 -3.341 -2.343 -1.07 -1.585 -0.99 1.741
251 F -0.676 -1.937 -1.316 -1.937 -0.686 -2.232 -2.153 -1.683 -0.841 0.003 0.699 -1.869 0.125 5.007 -3.038 0.714 -0.725 -0.172 1.67 -0.511
252 L -1.499 -2.474 -3.343 -3.48 -0.165 -2.832 -3.441 -3.429 -2.454 3.119 3.459 -2.558 1.859 0.628 -3.585 -3.145 -1.416 -1.832 -1.145 1.801
253 C -0.462 -3.353 -2.979 -3.433 9.695 -3.473 -3.939 -2.178 -2.965 -0.746 -1.076 -3.128 -1.093 -2.042 -3.221 -1.685 -1.331 -3.249 -2.811 -0.424
254 W -2.175 -2.617 -3.212 -3.48 -1.425 -2.961 -3.203 -2.706 -1.585 1.952 -0.095 -2.767 -0.176 0.841 -4.64 -3.273 -2.063 9.472 1.391 0.527
255 R -0.9 4.459 -0.469 -1.495 -1.925 -0.152 -1.113 2.997 -0.352 -2.814 -2.445 1.213 -1.644 -2.553 -2.743 -1.279 -1.615 -2.315 -2.176 -2.392
256 L -1.393 -1.907 -3.003 -3.34 -0.171 -2.023 -2.966 -3.105 -1.807 1.863 3.547 -2.108 3.835 0.702 -3.493 -2.74 -1.405 -1.545 -0.994 1.053
257 L -1.24 -1.641 -2.671 -3.073 -0.176 -1.505 -2.651 -2.84 -1.365 1.729 2.921 -1.77 4.904 0.58 -3.372 -2.363 -1.228 -1.431 -0.919 1.015
258 L -0.405 -1.635 -1.47 -2.038 -0.088 -1.789 -2.09 -1.859 -1.57 1.17 3.044 -1.564 1.372 0.153 -2.723 0.695 -0.454 -1.934 -1.285 0.49
259 V -0.432 -0.101 -1.764 -2.119 -0.261 -0.991 -1.412 -2.326 -1.744 2.078 0.204 1.837 0.28 -1.016 -2.602 -1.751 -0.661 -2.454 -1.458 3.158
260 G 0.01 -1.886 -0.35 -1.231 -0.77 -1.798 -2.159 4.771 -1.469 -1.862 -2.436 -1.349 -1.783 -2.278 -2.382 -0.329 1.718 -2.367 -2.598 -1.45
261 C -0.542 -2.811 -1.328 1.311 8.551 -2.643 -2.144 1.496 -2.143 -1.316 -1.68 -2.346 -1.535 -2.276 -2.975 -1.435 -1.439 -3.145 -2.907 -1.035
262 V -0.794 -2.631 -2.92 -3.228 -0.141 -2.968 -3.091 -2.942 -2.055 2.353 0.81 -2.677 0.622 3.844 -3.552 -2.526 -0.975 -0.886 0.846 3.264
263 D -0.499 -1.151 2.036 4.467 -1.282 -0.743 0.416 -0.647 -0.315 -2.441 -3.03 -0.59 -2.063 -2.512 -2.035 1.272 -0.291 -3.119 -2.455 -2.226
264 K -1.058 3.729 -0.346 -0.991 -2.083 0.699 0.036 -1.595 -0.139 -2.291 -2.182 3.903 -1.238 -2.704 -2.002 -1.06 -1.215 -2.454 -1.797 -2.066
265 V 0.524 -1.949 -1.623 -2.123 0.192 -1.975 -2.243 -1.884 -2.099 2.546 0.417 -1.638 0.387 -0.726 -2.453 -0.719 2.006 -2.293 -1.484 2.623
266 I -1.391 -3.115 -3.277 -3.195 -0.165 -3.224 -3.701 -3.493 -2.725 4.558 1.662 -2.693 1.257 0.204 -3.519 -3.091 -1.089 -2.199 -1.299 2.846
267 L -1.555 -2.201 -3.377 -3.634 -0.165 -2.655 -3.32 -3.397 -2.328 1.991 4.061 -2.492 2.118 0.819 -3.619 -3.173 -1.595 -1.665 -1.07 1.092
268 R -1.59 4.544 3.118 -0.295 -2.129 0.195 -0.629 -1.326 0.404 -2.659 -2.37 1.418 -1.518 -2.453 -2.679 -0.924 -1.094 -2.472 -1.882 -2.303
269 L -1.555 -2.201 -3.377 -3.634 -0.165 -2.655 -3.32 -3.397 -2.328 1.991 4.061 -2.492 2.118 0.819 -3.619 -3.173 -1.595 -1.665 -1.07 1.092
270 S 1.054 -0.755 0.483 -0.263 0.058 -0.584 -0.569 -0.121 -0.474 -1.926 -2.343 -0.299 -1.201 -1.958 -1.49 3.311 0.997 -2.563 -1.77 -1.307
271 I -1.391 -3.115 -3.277 -3.195 -0.165 -3.224 -3.701 -3.493 -2.725 4.558 1.662 -2.693 1.257 0.204 -3.519 -3.091 -1.089 -2.199 -1.299 2.846
272 F -2.349 -2.911 -2.875 -3.329 -1.388 -3.878 -3.497 -2.889 -0.843 0.262 0.55 -3.319 0.187 6.537 -4.462 -3.045 -2.385 0.837 2.917 -0.522
273 G 0.075 -2.372 -0.454 -1.337 -1.335 -2.21 -2.636 5.823 -1.491 -3.23 -3.475 -1.665 -2.681 -2.693 -2.794 -1.017 -1.934 -2.454 -3.163 -2.879
274 S 1.054 -0.755 0.483 -0.263 0.058 -0.584 -0.569 -0.121 -0.474 -1.926 -2.343 -0.299 -1.201 -1.958 -1.49 3.311 0.997 -2.563 -1.77 -1.307
275 F -1.993 -2.977 -3.003 -3.283 -0.92 -3.643 -3.563 -3.077 -1.345 2.463 0.971 -3.095 0.589 5.523 -4.113 -3.06 -1.885 0.132 2.063 1.072
276 L -1.499 -2.474 -3.343 -3.48 -0.165 -2.832 -3.441 -3.429 -2.454 3.119 3.459 -2.558 1.859 0.628 -3.585 -3.145 -1.416 -1.832 -1.145 1.801
277 F -2.349 -2.911 -2.875 -3.329 -1.388 -3.878 -3.497 -2.889 -0.843 0.262 0.55 -3.319 0.187 6.537 -4.462 -3.045 -2.385 0.837 2.917 -0.522
278 I -1.391 -3.115 -3.277 -3.195 -0.165 -3.224 -3.701 -3.493 -2.725 4.558 1.662 -2.693 1.257 0.204 -3.519 -3.091 -1.089 -2.199 -1.299 2.846
279 S 0.416 -1.162 -0.331 -1.016 -0.014 -1.124 -1.231 -0.861 -0.971 0.019 1.458 -0.863 0.363 -0.713 -2.041 2.29 0.362 -2.232 -1.517 -0.271
280 A 3.136 -1.761 -1.209 -1.575 0.139 -1.598 -1.69 3.412 -1.311 -1.444 -1.889 -1.106 -1.371 -2.114 -1.862 0.031 -0.855 -2.454 -2.164 -0.576
281 T -0.127 -1.107 -0.153 -1.029 0.107 -1.117 -1.392 -1.343 -1.427 -0.238 -1.071 -0.805 -0.546 -1.595 -1.701 0.691 4.287 -2.199 -1.721 0.215
282 L -1.881 -2.495 -3.143 -3.494 -0.646 -3.136 -3.397 -3.16 -1.573 1.346 2.978 -2.831 1.413 4.656 -3.964 -3.115 -1.92 -0.284 1.364 0.482
283 L -1.555 -2.201 -3.377 -3.634 -0.165 -2.655 -3.32 -3.397 -2.328 1.991 4.061 -2.492 2.118 0.819 -3.619 -3.173 -1.595 -1.665 -1.07 1.092
284 A 3.952 -1.498 -1.676 -1.702 0.665 -1.334 -1.313 0.359 -1.225 -0.845 -1.336 -0.863 -0.888 -1.863 -1.49 0.44 -0.436 -2.454 -1.77 0.124
285 P -0.851 -2.028 -1.948 -1.578 -1.471 -1.947 -1.637 -1.867 -1.622 -2.332 -2.765 -1.078 -2.417 -3.35 6.677 -1.466 -1.363 -4.563 -2.65 -2.176
286 Q -0.897 0.993 -0.107 -0.371 -1.925 4.933 1.378 -1.493 0.755 -2.255 -2.005 1.207 -0.417 -2.973 -2.165 -0.769 -0.989 -2.199 -1.299 -1.801
287 L -1.555 -2.201 -3.377 -3.634 -0.165 -2.655 -3.32 -3.397 -2.328 1.991 4.061 -2.492 2.118 0.819 -3.619 -3.173 -1.595 -1.665 -1.07 1.092
288 A 3.952 -1.498 -1.676 -1.702 0.665 -1.334 -1.313 0.359 -1.225 -0.845 -1.336 -0.863 -0.888 -1.863 -1.49 0.44 -0.436 -2.454 -1.77 0.124
289 R -1.548 5.537 -0.476 -1.578 -2.273 0.503 -0.575 -2.142 0.084 -2.626 -2.042 2.004 -1.238 -2.486 -2.718 -1.42 -1.468 -2.248 -1.786 -2.176
290 L -1.796 -2.418 -3.199 -3.529 -0.518 -3.008 -3.378 -3.217 -1.744 1.521 3.289 -2.742 1.606 4.069 -3.874 -3.129 -1.835 -0.573 0.921 0.647
291 G 0.075 -2.372 -0.454 -1.337 -1.335 -2.21 -2.636 5.823 -1.491 -3.23 -3.475 -1.665 -2.681 -2.693 -2.794 -1.017 -1.934 -2.454 -3.163 -2.879
292 L -1.555 -2.201 -3.377 -3.634 -0.165 -2.655 -3.32 -3.397 -2.328 1.991 4.061 -2.492 2.118 0.819 -3.619 -3.173 -1.595 -1.665 -1.07 1.092
293 F -2.349 -2.911 -2.875 -3.329 -1.388 -3.878 -3.497 -2.889 -0.843 0.262 0.55 -3.319 0.187 6.537 -4.462 -3.045 -2.385 0.837 2.917 -0.522
294 F -2.349 -2.911 -2.875 -3.329 -1.388 -3.878 -3.497 -2.889 -0.843 0.262 0.55 -3.319 0.187 6.537 -4.462 -3.045 -2.385 0.837 2.917 -0.522
295 V -0.248 -2.501 -2.944 -3.179 0.326 -2.602 -2.908 -2.97 -2.929 3.015 0.931 -2.402 0.817 -0.413 -3.186 -2.298 -0.466 -2.402 -1.299 4.163
296 P -0.851 -2.028 -1.948 -1.578 -1.471 -1.947 -1.637 -1.867 -1.622 -2.332 -2.765 -1.078 -2.417 -3.35 6.677 -1.466 -1.363 -4.563 -2.65 -2.176
297 F -2.349 -2.911 -2.875 -3.329 -1.388 -3.878 -3.497 -2.889 -0.843 0.262 0.55 -3.319 0.187 6.537 -4.462 -3.045 -2.385 0.837 2.917 -0.522
298 Q -0.897 0.993 -0.107 -0.371 -1.925 4.933 1.378 -1.493 0.755 -2.255 -2.005 1.207 -0.417 -2.973 -2.165 -0.769 -0.989 -2.199 -1.299 -1.801
299 I -1.391 -3.115 -3.277 -3.195 -0.165 -3.224 -3.701 -3.493 -2.725 4.558 1.662 -2.693 1.257 0.204 -3.519 -3.091 -1.089 -2.199 -1.299 2.846
300 I -1.391 -3.115 -3.277 -3.195 -0.165 -3.224 -3.701 -3.493 -2.725 4.558 1.662 -2.693 1.257 0.204 -3.519 -3.091 -1.089 -2.199 -1.299 2.846
301 T 0.311 -1.105 -0.115 -0.907 0.116 -1.052 -1.212 -0.996 -1.191 -0.004 -1.093 -0.758 -0.548 -1.547 -1.758 1.706 3.189 -2.338 -1.687 0.714
302 L -1.499 -2.474 -3.343 -3.48 -0.165 -2.832 -3.441 -3.429 -2.454 3.119 3.459 -2.558 1.859 0.628 -3.585 -3.145 -1.416 -1.832 -1.145 1.801
303 S 1.054 -0.755 0.483 -0.263 0.058 -0.584 -0.569 -0.121 -0.474 -1.926 -2.343 -0.299 -1.201 -1.958 -1.49 3.311 0.997 -2.563 -1.77 -1.307
304 S 1.054 -0.755 0.483 -0.263 0.058 -0.584 -0.569 -0.121 -0.474 -1.926 -2.343 -0.299 -1.201 -1.958 -1.49 3.311 0.997 -2.563 -1.77 -1.307
305 L -0.457 -1.693 -1.438 -2.017 -0.198 -1.872 -2.103 -1.823 -1.409 0.971 2.703 -1.623 1.162 1.967 -2.784 0.699 -0.506 -1.485 -0.405 0.316
306 L -1.445 -2.777 -3.31 -3.334 -0.165 -3.021 -3.568 -3.461 -2.587 3.927 2.699 -2.625 1.573 0.423 -3.552 -3.118 -1.248 -2.01 -1.221 2.371
307 L -1.555 -2.201 -3.377 -3.634 -0.165 -2.655 -3.32 -3.397 -2.328 1.991 4.061 -2.492 2.118 0.819 -3.619 -3.173 -1.595 -1.665 -1.07 1.092
308 L -1.555 -2.201 -3.377 -3.634 -0.165 -2.655 -3.32 -3.397 -2.328 1.991 4.061 -2.492 2.118 0.819 -3.619 -3.173 -1.595 -1.665 -1.07 1.092
309 F -1.468 -2.767 -2.897 -3.278 -0.698 -3.387 -3.287 -2.916 -1.386 1.493 0.683 -2.98 0.413 5.494 -3.971 -2.774 -1.595 0.103 2.063 1.952
310 S 0.538 -0.048 0.299 -0.299 -0.465 2.51 0.234 -0.51 -0.004 -2.031 -2.226 0.295 -0.915 -2.258 -1.698 2.472 0.473 -2.437 -1.604 -1.462
311 K -0.841 2.079 -0.282 -0.736 -1.992 0.793 0.299 -1.357 -0.257 -2.137 -2.255 4.526 -1.238 -2.82 -1.701 -0.895 -1.096 -2.563 -1.803 -2.013
312 N -1.69 -0.41 4.73 0.694 -2.014 -0.415 -0.663 -0.597 5.313 -2.71 -2.968 -0.458 -1.843 -1.788 -2.655 -0.542 -0.945 -2.384 -0.257 -2.725
313 S 1.054 -0.755 0.483 -0.263 0.058 -0.584 -0.569 -0.121 -0.474 -1.926 -2.343 -0.299 -1.201 -1.958 -1.49 3.311 0.997 -2.563 -1.77 -1.307
314 R -1.293 4.772 -0.41 -1.269 -2.176 0.603 -0.253 -1.856 -0.025 -2.454 -2.111 3.107 -1.238 -2.593 -2.338 -1.235 -1.339 -2.35 -1.792 -2.121
315 L -1.736 -2.715 -3.168 -3.38 -0.518 -3.209 -3.502 -3.247 -1.847 2.809 2.475 -2.814 1.293 4.009 -3.837 -3.102 -1.641 -0.686 0.884 1.46
316 I -1.427 -2.885 -3.299 -3.287 -0.165 -3.087 -3.612 -3.472 -2.632 4.153 2.393 -2.647 1.472 0.352 -3.541 -3.109 -1.194 -2.071 -1.247 2.538
317 A 3.113 -1.362 -1.075 -1.459 0.491 -1.26 -1.339 -0.105 -1.291 -0.628 -1.245 -0.844 -0.769 -1.77 -1.558 0.526 2.066 -2.367 -1.753 0.155
318 Y -1.99 -2.119 -2.365 -3.131 -1.635 -2.34 -2.705 -2.927 1.4 -0.411 -0.345 -2.29 -0.371 4.828 -3.673 -2.636 -2.194 1.885 5.882 -0.828
319 L -1.555 -2.201 -3.377 -3.634 -0.165 -2.655 -3.32 -3.397 -2.328 1.991 4.061 -2.492 2.118 0.819 -3.619 -3.173 -1.595 -1.665 -1.07 1.092
320 I -1.391 -3.115 -3.277 -3.195 -0.165 -3.224 -3.701 -3.493 -2.725 4.558 1.662 -2.693 1.257 0.204 -3.519 -3.091 -1.089 -2.199 -1.299 2.846
321 L -1.499 -2.474 -3.343 -3.48 -0.165 -2.832 -3.441 -3.429 -2.454 3.119 3.459 -2.558 1.859 0.628 -3.585 -3.145 -1.416 -1.832 -1.145 1.801
322 V -0.355 -2.563 -2.979 -3.181 0.275 -2.664 -2.986 -3.023 -2.906 3.233 1.022 -2.433 0.87 -0.337 -3.221 -2.376 -0.529 -2.378 -1.299 4.043
323 V -0.581 -2.691 -3.051 -3.184 0.171 -2.794 -3.149 -3.134 -2.86 3.626 1.196 -2.496 0.971 -0.192 -3.293 -2.539 -0.659 -2.332 -1.299 3.787
324 Y -1.827 -1.792 -2.14 -3.036 -1.766 -1.798 -2.378 -2.946 2.09 -0.818 -0.924 -1.887 -0.696 3.334 -3.347 -2.451 -2.104 2.294 6.685 -0.994
325 A 3.952 -1.498 -1.676 -1.702 0.665 -1.334 -1.313 0.359 -1.225 -0.845 -1.336 -0.863 -0.888 -1.863 -1.49 0.44 -0.436 -2.454 -1.77 0.124
326 A 2.769 -1.318 -0.899 -1.383 0.431 -1.236 -1.348 -0.278 -1.313 -0.559 -1.215 -0.837 -0.731 -1.74 -1.582 0.554 2.575 -2.338 -1.748 0.165
327 I -1.391 -3.115 -3.277 -3.195 -0.165 -3.224 -3.701 -3.493 -2.725 4.558 1.662 -2.693 1.257 0.204 -3.519 -3.091 -1.089 -2.199 -1.299 2.846
328 K -0.841 2.079 -0.282 -0.736 -1.992 0.793 0.299 -1.357 -0.257 -2.137 -2.255 4.526 -1.238 -2.82 -1.701 -0.895 -1.096 -2.563 -1.803 -2.013
329 L -1.555 -2.201 -3.377 -3.634 -0.165 -2.655 -3.32 -3.397 -2.328 1.991 4.061 -2.492 2.118 0.819 -3.619 -3.173 -1.595 -1.665 -1.07 1.092
330 N -1.69 -0.41 4.73 0.694 -2.014 -0.415 -0.663 -0.597 5.313 -2.71 -2.968 -0.458 -1.843 -1.788 -2.655 -0.542 -0.945 -2.384 -0.257 -2.725
331 L -1.555 -2.201 -3.377 -3.634 -0.165 -2.655 -3.32 -3.397 -2.328 1.991 4.061 -2.492 2.118 0.819 -3.619 -3.173 -1.595 -1.665 -1.07 1.092
332 I -1.391 -3.115 -3.277 -3.195 -0.165 -3.224 -3.701 -3.493 -2.725 4.558 1.662 -2.693 1.257 0.204 -3.519 -3.091 -1.089 -2.199 -1.299 2.846
333 I -1.391 -3.115 -3.277 -3.195 -0.165 -3.224 -3.701 -3.493 -2.725 4.558 1.662 -2.693 1.257 0.204 -3.519 -3.091 -1.089 -2.199 -1.299 2.846
334 R -1.115 4.019 -1.005 -1.9 -1.109 -0.352 -1.235 -2.156 -0.59 -0.163 1.505 0.873 0.351 -0.893 -2.807 -0.642 -1.101 -2.071 -1.526 -0.578
335 P -0.851 -2.028 -1.948 -1.578 -1.471 -1.947 -1.637 -1.867 -1.622 -2.332 -2.765 -1.078 -2.417 -3.35 6.677 -1.466 -1.363 -4.563 -2.65 -2.176
336 F -2.349 -2.911 -2.875 -3.329 -1.388 -3.878 -3.497 -2.889 -0.843 0.262 0.55 -3.319 0.187 6.537 -4.462 -3.045 -2.385 0.837 2.917 -0.522
337 Y -1.827 -1.792 -2.14 -3.036 -1.766 -1.798 -2.378 -2.946 2.09 -0.818 -0.924 -1.887 -0.696 3.334 -3.347 -2.451 -2.104 2.294 6.685 -0.994
338 D -1.791 -1.602 1.185 5.854 -2.387 -0.886 1.036 -1.138 -0.55 -2.74 -3.506 -0.844 -2.712 -2.934 -2.304 -0.966 -1.427 -3.545 -3.058 -2.879
339 L -1.555 -2.201 -3.377 -3.634 -0.165 -2.655 -3.32 -3.397 -2.328 1.991 4.061 -2.492 2.118 0.819 -3.619 -3.173 -1.595 -1.665 -1.07 1.092
340 F -2.349 -2.911 -2.875 -3.329 -1.388 -3.878 -3.497 -2.889 -0.843 0.262 0.55 -3.319 0.187 6.537 -4.462 -3.045 -2.385 0.837 2.917 -0.522
341 V -0.248 -2.501 -2.944 -3.179 0.326 -2.602 -2.908 -2.97 -2.929 3.015 0.931 -2.402 0.817 -0.413 -3.186 -2.298 -0.466 -2.402 -1.299 4.163
342 P -0.851 -2.028 -1.948 -1.578 -1.471 -1.947 -1.637 -1.867 -1.622 -2.332 -2.765 -1.078 -2.417 -3.35 6.677 -1.466 -1.363 -4.563 -2.65 -2.176
343 F -2.349 -2.911 -2.875 -3.329 -1.388 -3.878 -3.497 -2.889 -0.843 0.262 0.55 -3.319 0.187 6.537 -4.462 -3.045 -2.385 0.837 2.917 -0.522
344 K -0.841 2.079 -0.282 -0.736 -1.992 0.793 0.299 -1.357 -0.257 -2.137 -2.255 4.526 -1.238 -2.82 -1.701 -0.895 -1.096 -2.563 -1.803 -2.013
345 T -0.49 -1.635 -0.872 -1.587 0.019 -1.664 -1.977 -1.899 -1.799 2.317 0.149 -1.308 0.187 -0.864 -2.19 -0.114 3.333 -2.199 -1.573 1.378
346 F -2.329 -2.891 -2.855 -3.309 -1.369 -3.859 -3.477 -2.87 -0.823 0.282 0.57 -3.299 0.206 6.507 -4.443 -3.026 -2.366 0.857 2.936 -0.503
347 F -2.124 -1.799 -1.31 -2.316 -1.674 -2.076 -2.134 -2.441 5.109 -0.428 -0.173 -2.207 -0.223 5.476 -3.779 -2.476 -2.336 0.253 2.553 -1.146
348 L -1.19 -1.865 -2.645 -2.945 -0.176 -1.622 -2.747 -2.866 -1.455 2.944 1.976 -1.82 4.808 0.373 -3.341 -2.343 -1.07 -1.585 -0.99 1.741