#Seq2Logo.py -f /work3/idamei/wzy_ssn/run/1e-50/run/150/MSAs/0006_196.afa -o /work3/idamei/wzy_ssn/run/1e-50/run/150/logos/0006_196.logo
Last position-specific scoring matrix computed, values are in halfbits
A R N D C Q E G H I L K M F P S T W Y V
0 L -1.059 -1.361 -2.338 -2.792 -0.147 -1.029 -2.331 -2.561 -0.947 1.625 2.157 -1.431 5.499 0.489 -3.221 -1.995 -1.024 -1.284 -0.811 1.011
1 E -0.897 -0.1 -0.317 1.54 -2.389 1.368 4.443 -1.928 0.414 -2.743 -2.681 0.698 -1.732 -2.586 -1.86 -0.769 -1.279 -2.366 -1.886 -2.112
2 A 3.865 -1.462 -1.64 -1.666 0.701 -1.298 -1.277 0.395 -1.189 -0.809 -1.3 -0.827 -0.852 -1.827 -1.454 0.476 -0.401 -2.419 -1.734 0.16
3 N -1.638 -0.393 5.596 1.303 -1.825 -0.505 -0.704 -0.133 0.99 -2.691 -3.13 -0.274 -2.14 -2.353 -2.566 -0.096 -0.43 -2.945 -2.047 -2.539
4 L -0.844 -1.622 -2.492 -2.898 -0.032 -1.365 -2.479 -2.672 -1.346 2.031 1.88 -1.659 4.959 0.274 -3.224 -2.081 -0.885 -1.541 -0.939 2.142
5 R -1.159 4.281 -0.363 -1.112 -2.115 0.666 -0.091 -1.708 -0.067 -2.357 -2.132 3.511 -1.224 -2.634 -2.151 -1.132 -1.262 -2.387 -1.78 -2.079
6 R -0.634 4.788 -0.191 -1.175 -1.478 0.282 -0.559 -1.475 -0.031 -2.42 -2.1 1.592 -1.214 -2.331 -2.345 0.609 -0.615 -2.31 -1.768 -1.919
7 F -1.429 -0.731 -1.491 -1.791 -1.225 2.342 -0.618 -2.388 0.097 1.598 0.086 -0.585 0.225 3.35 -3.07 -1.909 -1.425 -0.281 2.46 0.463
8 R -1.262 4.181 1.447 -0.726 -2.097 0.522 -0.219 -1.507 0.105 -2.43 -2.228 3.069 -1.326 -2.58 -2.267 -1.015 -1.17 -2.434 -1.814 -2.145
9 F -1.816 -2.997 -3.054 -3.247 -0.698 -3.518 -3.583 -3.161 -1.619 3.118 1.174 -2.975 0.786 4.823 -3.938 -3.053 -1.651 -0.284 1.533 1.642
10 E -0.772 -0.323 -0.351 1.283 -2.25 1.079 4.143 0.932 0.215 -2.817 -2.787 0.47 -1.853 -2.617 -1.98 -0.817 -1.371 -2.394 -2.037 -2.216
11 L -1.79 -2.541 -3.152 -3.445 -0.551 -3.116 -3.417 -3.193 -1.701 2.019 2.872 -2.788 1.433 4.267 -3.879 -3.1 -1.777 -0.487 1.097 0.94
12 I -0.977 -2.428 -2.929 -3.081 -0.024 -2.368 -3.099 -3.099 -2.208 3.652 1.639 -2.253 3.03 0.143 -3.352 -2.574 -0.899 -1.984 -1.165 2.912
13 E -0.919 -0.122 -0.338 1.518 -2.411 1.346 4.494 -1.95 0.392 -2.764 -2.703 0.677 -1.754 -2.608 -1.882 -0.791 -1.301 -2.387 -1.908 -2.134
14 L -1.458 -2.607 -3.312 -3.392 -0.15 -2.911 -3.49 -3.43 -2.505 3.529 3.092 -2.577 1.734 0.542 -3.554 -3.117 -1.317 -1.905 -1.168 2.114
15 L -1.541 -2.186 -3.362 -3.62 -0.15 -2.64 -3.306 -3.383 -2.314 2.005 4.037 -2.478 2.132 0.833 -3.604 -3.158 -1.581 -1.65 -1.056 1.106
16 Y -1.812 -1.777 -2.126 -3.022 -1.752 -1.784 -2.363 -2.932 2.105 -0.804 -0.91 -1.873 -0.682 3.348 -3.333 -2.437 -2.089 2.309 6.655 -0.979
17 Y -1.812 -1.777 -2.126 -3.022 -1.752 -1.784 -2.363 -2.932 2.105 -0.804 -0.91 -1.873 -0.682 3.348 -3.333 -2.437 -2.089 2.309 6.655 -0.979
18 I -1.7 -3.022 -3.105 -3.23 -0.551 -3.438 -3.608 -3.237 -1.856 3.537 1.308 -2.898 0.915 4.182 -3.823 -3.059 -1.495 -0.655 1.044 1.998
19 T 0.538 -0.911 0.197 -0.606 0.097 -0.824 -0.937 -0.653 -0.897 -0.946 -1.623 -0.527 -0.841 -1.756 -1.579 2.258 3.059 -2.361 -1.731 -0.432
20 V -0.234 -2.486 -2.929 -3.164 0.34 -2.587 -2.894 -2.955 -2.915 3.03 0.945 -2.388 0.832 -0.398 -3.171 -2.284 -0.451 -2.387 -1.285 4.125
21 A 2.388 -1.433 -1.99 -2.196 0.287 -1.182 -1.778 -0.741 -1.087 0.636 0.896 -1.135 3.901 -0.464 -2.226 -0.524 -0.717 -1.818 -1.257 0.595
22 L -1.72 -2.348 -3.228 -3.541 -0.411 -2.901 -3.349 -3.247 -1.865 1.66 3.482 -2.663 1.757 3.524 -3.793 -3.126 -1.759 -0.795 0.551 0.779
23 S 1.068 -0.741 0.497 -0.249 0.072 -0.57 -0.555 -0.106 -0.46 -1.911 -2.328 -0.285 -1.187 -1.943 -1.475 3.262 1.011 -2.549 -1.756 -1.292
24 V -0.234 -2.486 -2.929 -3.164 0.34 -2.587 -2.894 -2.955 -2.915 3.03 0.945 -2.388 0.832 -0.398 -3.171 -2.284 -0.451 -2.387 -1.285 4.125
25 G 0.09 -2.358 -0.44 -1.323 -1.32 -2.195 -2.622 5.809 -1.476 -3.215 -3.461 -1.651 -2.667 -2.678 -2.779 -1.002 -1.919 -2.44 -3.148 -2.864
26 L -1.301 -1.757 -2.818 -3.189 -0.159 -1.738 -2.79 -2.955 -1.563 1.811 3.24 -1.92 4.367 0.656 -3.418 -2.531 -1.301 -1.473 -0.942 1.048
27 F -2.334 -2.896 -2.86 -3.314 -1.374 -3.864 -3.482 -2.875 -0.828 0.277 0.565 -3.304 0.201 6.515 -4.448 -3.031 -2.371 0.852 2.931 -0.507
28 L -1.541 -2.186 -3.362 -3.62 -0.15 -2.64 -3.306 -3.383 -2.314 2.005 4.037 -2.478 2.132 0.833 -3.604 -3.158 -1.581 -1.65 -1.056 1.106
29 F -0.098 -2.057 -2.494 -2.872 -0.564 -2.175 -2.679 -2.117 -0.926 0.752 1.118 -2.124 3.401 4.805 -3.437 -1.956 -1.528 -0.106 1.581 0.219
30 L -1.813 -2.433 -3.164 -3.502 -0.551 -3.041 -3.371 -3.181 -1.664 1.471 3.159 -2.761 1.549 4.288 -3.893 -3.11 -1.852 -0.447 1.11 0.601
31 N -0.562 -0.693 4.029 0.423 -0.706 -0.735 -0.929 -0.534 0.102 -1.442 -2.097 -0.47 -1.328 -1.999 -2.071 0.857 2.324 -2.598 -1.888 -1.063
32 L -0.797 -2.437 -3.126 -3.329 0.105 -2.678 -3.134 -3.172 -2.65 2.949 2.57 -2.457 1.439 0.197 -3.368 -2.679 -0.906 -2.065 -1.197 3.146
33 N 0.015 -0.573 4.091 0.617 -0.73 -0.548 -0.639 -0.13 0.342 -2.284 -2.711 -0.29 -1.633 -2.151 -1.978 2.041 0.372 -2.75 -1.908 -1.857
34 L -1.541 -2.186 -3.362 -3.62 -0.15 -2.64 -3.306 -3.383 -2.314 2.005 4.037 -2.478 2.132 0.833 -3.604 -3.158 -1.581 -1.65 -1.056 1.106
35 F -2.062 -2.283 -2.47 -3.164 -1.557 -2.64 -2.869 -2.903 0.996 -0.213 -0.079 -2.501 -0.207 5.346 -3.837 -2.719 -2.227 1.671 5.356 -0.734
36 W -1.24 -2.587 -3.098 -3.331 -0.551 -2.822 -3.102 -2.832 -2.074 2.605 0.475 -2.606 0.351 0.405 -3.924 -2.844 -1.286 7.835 0.516 2.542
37 H -1.707 -0.358 0.459 -0.961 -2.334 -0.165 -0.501 -1.697 7.998 -2.662 -2.595 -0.766 -1.261 -0.853 -2.749 -1.579 -2.227 -1.454 1.667 -3.036
38 R -1.534 5.51 -0.462 -1.564 -2.259 0.518 -0.561 -2.128 0.098 -2.612 -2.028 2.018 -1.224 -2.472 -2.704 -1.406 -1.454 -2.234 -1.772 -2.162
39 N -1.66 -0.415 5.643 1.281 -1.846 -0.527 -0.725 -0.155 0.968 -2.712 -3.152 -0.296 -2.161 -2.374 -2.588 -0.118 -0.451 -2.966 -2.069 -2.56
40 L -1.541 -2.186 -3.362 -3.62 -0.15 -2.64 -3.306 -3.383 -2.314 2.005 4.037 -2.478 2.132 0.833 -3.604 -3.158 -1.581 -1.65 -1.056 1.106
41 L -1.541 -2.186 -3.362 -3.62 -0.15 -2.64 -3.306 -3.383 -2.314 2.005 4.037 -2.478 2.132 0.833 -3.604 -3.158 -1.581 -1.65 -1.056 1.106
42 T -0.112 -1.093 -0.139 -1.014 0.122 -1.103 -1.378 -1.329 -1.413 -0.224 -1.057 -0.791 -0.532 -1.58 -1.687 0.705 4.245 -2.185 -1.706 0.229
43 L -1.082 -2.691 -3.2 -3.28 -0.02 -2.896 -3.374 -3.316 -2.654 3.705 2.345 -2.553 1.416 0.25 -3.442 -2.876 -1.017 -2.088 -1.226 2.928
44 L -1.118 -2.467 -3.224 -3.388 -0.02 -2.758 -3.284 -3.293 -2.552 3.086 2.991 -2.504 1.646 0.415 -3.466 -2.895 -1.133 -1.95 -1.168 2.587
45 S 1.068 -0.741 0.497 -0.249 0.072 -0.57 -0.555 -0.106 -0.46 -1.911 -2.328 -0.285 -1.187 -1.943 -1.475 3.262 1.011 -2.549 -1.756 -1.292
46 I -1.48 -3.074 -3.209 -3.197 -0.278 -3.284 -3.66 -3.396 -2.397 4.229 1.559 -2.75 1.157 2.194 -3.607 -3.071 -1.208 -1.58 -0.286 2.6
47 F 1.799 -1.816 -1.531 -1.978 -0.093 -1.965 -1.963 -0.936 -1.108 -0.224 -0.413 -1.528 -0.346 3.948 -2.34 -0.338 1.315 -0.71 0.925 -0.062
48 L -1.076 -2.053 -2.149 -2.633 -0.08 -2.285 -2.763 -2.736 -2.147 2.563 2.808 -1.996 1.433 0.226 -2.973 -1.609 1.264 -1.905 -1.264 1.493
49 L -0.247 -1.719 -1.274 -1.81 -0.065 -1.777 -2.01 -1.712 -1.544 2.199 2.187 -1.486 1.016 -0.114 -2.596 0.915 -0.236 -2.094 -1.359 1.099
50 I -1.722 -2.894 -3.117 -3.282 -0.551 -3.354 -3.559 -3.226 -1.816 3.226 1.785 -2.87 1.053 4.203 -3.837 -3.069 -1.563 -0.612 1.057 1.768
51 L -1.541 -2.186 -3.362 -3.62 -0.15 -2.64 -3.306 -3.383 -2.314 2.005 4.037 -2.478 2.132 0.833 -3.604 -3.158 -1.581 -1.65 -1.056 1.106
52 L -0.96 -1.5 -2.425 -2.855 -0.1 -1.204 -2.415 -2.627 -1.151 1.825 2.011 -1.554 5.303 0.373 -3.233 -2.048 -0.964 -1.421 -0.885 1.623
53 L -1.302 -2.428 -3.28 -3.445 -0.084 -2.765 -3.34 -3.349 -2.479 2.978 3.314 -2.515 1.797 0.556 -3.522 -3.014 -1.285 -1.861 -1.14 2.158
54 P -0.836 -2.014 -1.934 -1.564 -1.457 -1.933 -1.622 -1.852 -1.608 -2.318 -2.75 -1.064 -2.403 -3.336 6.663 -1.452 -1.348 -4.549 -2.636 -2.162
55 L -0.888 -2.183 -2.103 -2.548 -0.015 -2.336 -2.755 -2.7 -2.257 3.058 2.043 -2.007 1.133 -0.025 -2.916 -1.529 1.353 -2.065 -1.324 2.235
56 L -1.541 -2.186 -3.362 -3.62 -0.15 -2.64 -3.306 -3.383 -2.314 2.005 4.037 -2.478 2.132 0.833 -3.604 -3.158 -1.581 -1.65 -1.056 1.106
57 I -1.417 -2.844 -3.287 -3.284 -0.15 -3.056 -3.587 -3.455 -2.606 4.067 2.47 -2.627 1.512 0.384 -3.529 -3.097 -1.193 -2.042 -1.226 2.511
58 L 1.25 -2.192 -2.682 -2.812 0.26 -2.289 -2.563 -1.81 -2.229 2.476 1.875 -1.968 0.976 -0.219 -2.764 -1.526 -0.764 -2.172 -1.334 2.681
59 N -1.66 -0.415 5.643 1.281 -1.846 -0.527 -0.725 -0.155 0.968 -2.712 -3.152 -0.296 -2.161 -2.374 -2.588 -0.118 -0.451 -2.966 -2.069 -2.56
60 A 1.744 2.149 0.946 -1.323 -0.329 -0.937 -1.417 -0.87 -0.725 1.408 -0.469 -0.017 -0.342 -1.341 -2.317 -0.649 -0.814 -2.381 -1.67 0.613
61 R -1.159 4.281 -0.363 -1.112 -2.115 0.666 -0.091 -1.708 -0.067 -2.357 -2.132 3.511 -1.224 -2.634 -2.151 -1.132 -1.262 -2.387 -1.78 -2.079
62 R -1.531 3.303 2.429 -0.669 -1.986 -0.127 -0.819 -1.545 0.911 -2.009 -1.946 1.537 -1.275 0.312 -2.664 -1.156 -1.254 -0.4 3.074 -1.882
63 I -1.377 -3.101 -3.263 -3.181 -0.15 -3.209 -3.687 -3.479 -2.711 4.521 1.677 -2.679 1.271 0.218 -3.505 -3.076 -1.075 -2.185 -1.285 2.86
64 S 1.62 -0.824 0.3 -0.394 0.156 -0.654 -0.638 -0.042 -0.544 -1.752 -2.182 -0.35 -1.146 -1.931 -1.475 3.029 0.866 -2.535 -1.756 -1.07
65 R -1.262 4.181 1.447 -0.726 -2.097 0.522 -0.219 -1.507 0.105 -2.43 -2.228 3.069 -1.326 -2.58 -2.267 -1.015 -1.17 -2.434 -1.814 -2.145
66 S 1.068 -0.741 0.497 -0.249 0.072 -0.57 -0.555 -0.106 -0.46 -1.911 -2.328 -0.285 -1.187 -1.943 -1.475 3.262 1.011 -2.549 -1.756 -1.292
67 A 3.682 -1.38 -1.286 -1.463 0.611 -1.215 -1.194 0.318 -1.106 -0.945 -1.43 -0.772 -0.911 -1.86 -1.475 0.995 -0.199 -2.454 -1.756 -0.006
68 F -2.222 -2.797 -2.918 -3.351 -1.19 -3.68 -3.46 -2.933 -0.977 0.558 1.303 -3.187 0.526 6.186 -4.328 -3.046 -2.259 0.635 2.647 -0.249
69 F -1.839 -2.87 -3.066 -3.299 -0.698 -3.432 -3.534 -3.15 -1.582 2.754 1.672 -2.946 0.93 4.84 -3.952 -3.063 -1.722 -0.246 1.544 1.38
70 F -2.062 -2.283 -2.47 -3.164 -1.557 -2.64 -2.869 -2.903 0.996 -0.213 -0.079 -2.501 -0.207 5.346 -3.837 -2.719 -2.227 1.671 5.356 -0.734
71 G 0.947 -2.233 -0.567 -1.366 -0.98 -2.07 -2.419 5.486 -1.442 -2.785 -3.089 -1.537 -2.372 -2.56 -2.58 -0.775 -1.684 -2.44 -2.933 -2.27
72 I 1.293 -1.808 -1.384 -1.845 0.178 -1.792 -2.02 -1.317 -1.774 2.442 0.245 -1.381 0.22 -0.819 -2.177 -0.302 2.151 -2.246 -1.553 1.495
73 F 1.042 -1.977 -1.651 -2.156 -0.344 -2.242 -2.215 -1.347 -1.059 -0.09 -0.18 -1.802 -0.213 4.677 -2.671 -0.692 1.216 -0.316 1.454 -0.141
74 L -1.789 -2.234 -2.882 -3.383 -0.769 -2.64 -3.079 -3.133 -0.208 1.104 2.658 -2.489 1.194 3.894 -3.718 -2.93 -1.886 0.464 3.653 0.33
75 L -0.303 -1.786 -1.241 -1.789 -0.188 -1.871 -2.024 -1.674 -1.364 2.042 1.663 -1.551 0.745 1.985 -2.662 0.919 -0.291 -1.565 -0.36 0.94
76 L -0.577 -2.11 -1.798 -2.199 -0.093 -2.18 -2.468 -2.19 -1.883 3.194 2.027 -1.832 1.104 0.001 -2.869 0.086 -0.489 -2.124 -1.334 1.812
77 C -0.447 -3.339 -2.965 -3.419 9.68 -3.458 -3.925 -2.163 -2.95 -0.732 -1.061 -3.113 -1.079 -2.027 -3.207 -1.67 -1.317 -3.235 -2.796 -0.409
78 V -0.832 -2.754 -3.041 -3.189 -0.011 -2.948 -3.24 -3.13 -2.486 3.5 1.201 -2.597 0.937 2.05 -3.43 -2.648 -0.865 -1.661 -0.286 3.36
79 L -1.001 -2.246 -2.466 -2.778 -0.121 -2.461 -2.895 -2.735 -2.134 3.035 2.921 -2.158 1.552 0.367 -3.202 -1.097 -0.928 -1.944 -1.221 1.734
80 Y -1.352 -1.854 -1.775 -2.55 -1.361 -1.972 -2.282 -2.375 1.339 -0.598 -0.588 -1.891 -0.488 4.307 -3.24 -0.856 -1.521 1.662 5.628 -0.89
81 E -0.001 0.012 0.06 0.525 -1.13 2.357 2.637 -1.021 0.211 -2.29 -2.371 0.516 -1.155 -2.417 -1.784 1.426 -0.149 -2.394 -1.684 -1.708
82 I -0.547 -2.308 -1.783 -2.127 -0.093 -2.293 -2.536 -2.206 -1.964 3.793 1.077 -1.871 0.825 -0.19 -2.849 0.093 -0.396 -2.272 -1.396 2.25
83 L -1.477 -2.26 -2.47 -2.927 -0.348 -2.418 -2.918 -3.153 2.48 3.353 2.603 -2.289 1.432 0.36 -3.434 -2.869 -1.383 -1.878 -0.633 1.914
84 R -1.34 4.96 -0.412 -1.329 -2.186 0.593 -0.316 -1.911 0.017 -2.481 -2.079 2.86 -1.224 -2.552 -2.414 -1.266 -1.356 -2.31 -1.776 -2.12
85 A 3.918 -1.484 -1.662 -1.687 0.68 -1.32 -1.298 0.374 -1.211 -0.83 -1.321 -0.849 -0.874 -1.848 -1.475 0.455 -0.422 -2.44 -1.756 0.139
86 K 1.334 0.874 -0.522 -1.011 -0.541 -0.029 -0.396 -0.806 -0.728 -1.206 -1.665 2.915 -0.949 -2.207 -1.633 -0.058 1.442 -2.427 -1.76 -0.706
87 T -0.062 -0.95 2.605 -0.226 -0.241 -0.946 -1.116 -0.794 -0.509 -0.207 -1.338 -0.673 -0.782 -1.658 -1.985 1.264 2.414 -2.481 -1.747 0.504
88 L -0.318 -1.479 -1.066 -1.736 -0.024 -1.592 -1.885 -1.707 -1.519 0.891 2.417 -1.341 1.013 -0.181 -2.418 0.669 1.586 -1.984 -1.374 0.438
89 Y -1.812 -1.777 -2.126 -3.022 -1.752 -1.784 -2.363 -2.932 2.105 -0.804 -0.91 -1.873 -0.682 3.348 -3.333 -2.437 -2.089 2.309 6.655 -0.979
90 N -0.597 -1.177 3.309 -0.081 -1.077 -1.281 -1.365 1.4 0.001 -1.515 -1.576 -0.968 -1.196 2.9 -2.614 0.779 -0.47 -1.347 0.145 -1.621
91 Y -1.812 -1.777 -2.126 -3.022 -1.752 -1.784 -2.363 -2.932 2.105 -0.804 -0.91 -1.873 -0.682 3.348 -3.333 -2.437 -2.089 2.309 6.655 -0.979
92 S 1.068 -0.741 0.497 -0.249 0.072 -0.57 -0.555 -0.106 -0.46 -1.911 -2.328 -0.285 -1.187 -1.943 -1.475 3.262 1.011 -2.549 -1.756 -1.292
93 V -0.328 -1.988 -1.649 -2.182 -0.141 -2.156 -2.251 -1.962 -1.506 1.575 1.057 -1.871 0.516 3.181 -2.914 0.205 -0.442 -1.14 0.412 2.167
94 I 0.097 -1.686 -0.809 -1.357 -0.037 -1.598 -1.715 -1.326 -1.371 2.816 0.32 -1.24 0.296 -0.665 -2.315 1.566 0.153 -2.361 -1.511 1.474
95 E -1.278 -0.381 3.432 2.495 -2.182 0.531 3.017 -1.052 0.529 -2.74 -2.956 0.18 -2.008 -2.554 -2.179 -0.538 -0.964 -2.721 -2.089 -2.373
96 I -1.48 -2.709 -2.934 -3.14 -0.475 -2.782 -3.295 -3.332 -0.603 3.839 1.215 -2.455 0.893 1.368 -3.461 -2.903 -1.297 -0.278 3.16 2.274
97 F -2.334 -2.896 -2.86 -3.314 -1.374 -3.864 -3.482 -2.875 -0.828 0.277 0.565 -3.304 0.201 6.515 -4.448 -3.031 -2.371 0.852 2.931 -0.507
98 L -1.766 -2.049 -2.625 -3.27 -1.004 -2.289 -2.814 -3.085 0.755 0.684 2.052 -2.241 0.788 3.437 -3.554 -2.761 -1.919 1.155 4.983 0.032
99 A 3.918 -1.484 -1.662 -1.687 0.68 -1.32 -1.298 0.374 -1.211 -0.83 -1.321 -0.849 -0.874 -1.848 -1.475 0.455 -0.422 -2.44 -1.756 0.139
100 I 0.843 -1.802 -1.125 -1.573 0.05 -1.718 -1.841 -1.228 -1.487 2.848 0.379 -1.331 0.321 -0.657 -2.315 1.131 -0.044 -2.348 -1.511 1.562
101 R -1.534 5.51 -0.462 -1.564 -2.259 0.518 -0.561 -2.128 0.098 -2.612 -2.028 2.018 -1.224 -2.472 -2.704 -1.406 -1.454 -2.234 -1.772 -2.162
102 Q -0.883 1.007 -0.093 -0.357 -1.911 4.883 1.392 -1.479 0.769 -2.24 -1.991 1.222 -0.403 -2.959 -2.151 -0.755 -0.975 -2.185 -1.285 -1.787
103 Y -1.812 -1.777 -2.126 -3.022 -1.752 -1.784 -2.363 -2.932 2.105 -0.804 -0.91 -1.873 -0.682 3.348 -3.333 -2.437 -2.089 2.309 6.655 -0.979
104 I -1.005 -2.454 -2.116 -2.469 -0.08 -2.522 -2.915 -2.774 -2.328 3.871 1.197 -2.079 0.915 -0.138 -2.932 -1.585 1.366 -2.185 -1.385 2.393
105 W -2.65 -2.383 -3.166 -3.62 -2.334 -2.824 -2.969 -2.366 -1.134 -1.854 -1.65 -2.791 -1.28 1.128 -5.408 -3.355 -2.695 10.61 2.169 -2.228
106 V -0.749 -2.777 -3.091 -3.173 0.105 -2.882 -3.263 -3.205 -2.811 3.871 1.334 -2.53 1.06 -0.074 -3.333 -2.653 -0.746 -2.284 -1.285 3.561
107 L -1.91 -2.52 -3.1 -3.463 -0.698 -3.188 -3.393 -3.117 -1.476 1.268 2.795 -2.862 1.326 4.892 -3.996 -3.094 -1.949 -0.136 1.577 0.411
108 L -1.541 -2.186 -3.362 -3.62 -0.15 -2.64 -3.306 -3.383 -2.314 2.005 4.037 -2.478 2.132 0.833 -3.604 -3.158 -1.581 -1.65 -1.056 1.106
109 F -2.334 -2.896 -2.86 -3.314 -1.374 -3.864 -3.482 -2.875 -0.828 0.277 0.565 -3.304 0.201 6.515 -4.448 -3.031 -2.371 0.852 2.931 -0.507
110 F -2.222 -2.797 -2.918 -3.351 -1.19 -3.68 -3.46 -2.933 -0.977 0.558 1.303 -3.187 0.526 6.186 -4.328 -3.046 -2.259 0.635 2.647 -0.249
111 V -0.203 -2.07 -1.943 -2.46 0.287 -2.139 -2.434 -2.455 -2.46 2.495 0.56 -1.899 0.546 -0.652 -2.723 -1.203 1.581 -2.335 -1.385 3.534
112 L -1.541 -2.186 -3.362 -3.62 -0.15 -2.64 -3.306 -3.383 -2.314 2.005 4.037 -2.478 2.132 0.833 -3.604 -3.158 -1.581 -1.65 -1.056 1.106
113 I -1.377 -3.101 -3.263 -3.181 -0.15 -3.209 -3.687 -3.479 -2.711 4.521 1.677 -2.679 1.271 0.218 -3.505 -3.076 -1.075 -2.185 -1.285 2.86
114 Y -1.812 -1.777 -2.126 -3.022 -1.752 -1.784 -2.363 -2.932 2.105 -0.804 -0.91 -1.873 -0.682 3.348 -3.333 -2.437 -2.089 2.309 6.655 -0.979
115 L -1.541 -2.186 -3.362 -3.62 -0.15 -2.64 -3.306 -3.383 -2.314 2.005 4.037 -2.478 2.132 0.833 -3.604 -3.158 -1.581 -1.65 -1.056 1.106
116 F -2.334 -2.896 -2.86 -3.314 -1.374 -3.864 -3.482 -2.875 -0.828 0.277 0.565 -3.304 0.201 6.515 -4.448 -3.031 -2.371 0.852 2.931 -0.507
117 G 1.366 0.741 -0.605 -1.085 -0.922 -0.19 -0.581 2.61 -0.74 -1.948 -2.219 2.864 -1.421 -2.505 -1.865 -0.511 -1.078 -2.494 -2.064 -1.45
118 N -1.66 -0.415 5.643 1.281 -1.846 -0.527 -0.725 -0.155 0.968 -2.712 -3.152 -0.296 -2.161 -2.374 -2.588 -0.118 -0.451 -2.966 -2.069 -2.56
119 D -0.875 0.602 2.797 2.849 -1.679 -0.024 0.21 -0.783 0.025 -2.375 -2.741 2.409 -1.754 -2.599 -2.006 0.231 -0.636 -2.872 -2.124 -2.222
120 E -0.999 0.23 -0.008 2.17 -2.209 3.098 3.321 -1.654 0.444 -2.552 -2.494 0.754 -1.254 -2.773 -2.029 -0.797 -1.187 -2.427 -1.768 -2.077
121 K -0.54 1.149 -0.186 0.375 -1.763 0.891 2.574 -1.355 -0.012 -2.318 -2.417 3.129 -1.406 -2.61 -1.73 0.115 -0.792 -2.487 -1.829 -1.949
122 N -1.213 1.104 3.993 0.45 -1.911 0.216 -0.16 -0.688 0.426 -2.403 -2.66 2.993 -1.655 -2.582 -2.102 -0.474 -0.749 -2.75 -1.925 -2.266
123 L -1.134 -1.472 -2.468 -2.903 -0.166 -1.208 -2.456 -2.672 -1.106 1.657 2.454 -1.562 5.347 0.516 -3.285 -2.137 -1.108 -1.347 -0.859 1.004
124 K -1.072 3.869 -0.339 -1.01 -2.08 0.702 0.016 -1.612 -0.11 -2.297 -2.159 3.789 -1.224 -2.676 -2.028 -1.067 -1.216 -2.427 -1.782 -2.059
125 R -1.248 4.641 -0.388 -1.219 -2.15 0.63 -0.201 -1.808 -0.025 -2.419 -2.106 3.204 -1.224 -2.593 -2.28 -1.198 -1.309 -2.348 -1.778 -2.1
126 I -0.894 -2.855 -3.133 -3.175 0.043 -2.96 -3.363 -3.271 -2.786 4.047 1.424 -2.566 1.114 0.002 -3.375 -2.753 -0.825 -2.259 -1.285 3.401
127 L -1.499 -2.389 -3.337 -3.504 -0.15 -2.772 -3.396 -3.406 -2.408 2.866 3.603 -2.527 1.94 0.691 -3.579 -3.138 -1.446 -1.775 -1.112 1.654
128 D -1.777 -1.588 1.199 5.833 -2.372 -0.872 1.05 -1.124 -0.536 -2.725 -3.491 -0.829 -2.698 -2.92 -2.289 -0.952 -1.413 -3.531 -3.043 -2.864
129 N -1.66 -0.415 5.643 1.281 -1.846 -0.527 -0.725 -0.155 0.968 -2.712 -3.152 -0.296 -2.161 -2.374 -2.588 -0.118 -0.451 -2.966 -2.069 -2.56
130 T -0.112 -1.093 -0.139 -1.014 0.122 -1.103 -1.378 -1.329 -1.413 -0.224 -1.057 -0.791 -0.532 -1.58 -1.687 0.705 4.245 -2.185 -1.706 0.229
131 L -1.302 -2.428 -3.28 -3.445 -0.084 -2.765 -3.34 -3.349 -2.479 2.978 3.314 -2.515 1.797 0.556 -3.522 -3.014 -1.285 -1.861 -1.14 2.158
132 N -0.702 -0.493 4.97 0.968 -1.235 -0.537 -0.682 -0.142 0.672 -2.49 -2.923 -0.293 -1.885 -2.26 -2.267 1.159 -0.011 -2.856 -1.987 -2.187
133 I -1.377 -3.101 -3.263 -3.181 -0.15 -3.209 -3.687 -3.479 -2.711 4.521 1.677 -2.679 1.271 0.218 -3.505 -3.076 -1.075 -2.185 -1.285 2.86
134 L -1.813 -2.433 -3.164 -3.502 -0.551 -3.041 -3.371 -3.181 -1.664 1.471 3.159 -2.761 1.549 4.288 -3.893 -3.11 -1.852 -0.447 1.11 0.601
135 L -0.504 -1.467 -1.575 -2.131 -0.1 -1.399 -2.05 -1.941 -1.245 1.234 2.547 -1.417 3.674 0.192 -2.797 0.239 -0.528 -1.707 -1.125 0.617
136 V -1.006 -2.707 -2.942 -3.222 -0.259 -3.085 -3.195 -2.985 -1.93 2.574 0.916 -2.737 0.674 4.11 -3.633 -2.638 -1.119 -0.713 1.044 2.908
137 S 1.068 -0.741 0.497 -0.249 0.072 -0.57 -0.555 -0.106 -0.46 -1.911 -2.328 -0.285 -1.187 -1.943 -1.475 3.262 1.011 -2.549 -1.756 -1.292
138 L -1.541 -2.186 -3.362 -3.62 -0.15 -2.64 -3.306 -3.383 -2.314 2.005 4.037 -2.478 2.132 0.833 -3.604 -3.158 -1.581 -1.65 -1.056 1.106
139 G -0.327 -2.345 -1.484 -2.173 -0.52 -2.397 -2.848 3.935 -1.983 0.928 1.19 -2.015 0.156 -0.834 -3.064 -1.724 -1.401 -2.209 -1.992 1.349
140 I -1.244 -2.766 -3.243 -3.282 -0.084 -2.975 -3.478 -3.384 -2.63 3.892 2.408 -2.59 1.464 0.318 -3.485 -2.984 -1.104 -2.065 -1.226 2.727
141 R -1.534 5.51 -0.462 -1.564 -2.259 0.518 -0.561 -2.128 0.098 -2.612 -2.028 2.018 -1.224 -2.472 -2.704 -1.406 -1.454 -2.234 -1.772 -2.162
142 F 1.793 -1.976 -1.752 -2.105 -0.261 -2.173 -2.048 -0.9 -0.915 -0.317 -0.301 -1.716 -0.317 4.668 -2.595 0.003 -0.943 -0.355 1.45 -0.328
143 F -1.937 -2.971 -3.005 -3.263 -0.853 -3.601 -3.557 -3.087 -1.4 2.626 1.033 -3.054 0.65 5.347 -4.057 -3.048 -1.814 0.044 1.951 1.236
144 S 0.68 -0.868 0.275 -0.513 0.091 -0.758 -0.837 -0.506 -0.782 -1.159 -1.784 -0.464 -0.923 -1.802 -1.553 2.544 2.667 -2.407 -1.737 -0.624
145 W -2.65 -2.383 -3.166 -3.62 -2.334 -2.824 -2.969 -2.366 -1.134 -1.854 -1.65 -2.791 -1.28 1.128 -5.408 -3.355 -2.695 10.61 2.169 -2.228
146 F -0.269 -2.496 -2.791 -3.12 -0.703 -3.087 -3.061 -2.301 -1.184 0.718 1.779 -2.659 0.726 5.345 -3.669 -2.313 -1.846 0.098 1.952 0.063
147 L 0.166 -1.401 -0.806 -1.438 0.027 -1.419 -1.584 -1.275 -1.288 0.9 1.876 -1.171 0.72 -0.421 -2.31 1.583 0.095 -2.16 -1.416 0.954
148 F -2.062 -2.283 -2.47 -3.164 -1.557 -2.64 -2.869 -2.903 0.996 -0.213 -0.079 -2.501 -0.207 5.346 -3.837 -2.719 -2.227 1.671 5.356 -0.734
149 T 0.231 -1.001 0.034 -0.803 0.109 -0.96 -1.149 -0.971 -1.144 -0.562 -1.326 -0.656 -0.682 -1.667 -1.633 1.585 3.712 -2.272 -1.719 -0.083
150 L -1.508 -2.386 -3.173 -3.481 -0.339 -2.894 -3.293 -3.193 -1.923 1.828 3.18 -2.651 1.604 3.474 -3.732 -3.002 -1.581 -0.856 0.535 1.443
151 L -1.91 -2.52 -3.1 -3.463 -0.698 -3.188 -3.393 -3.117 -1.476 1.268 2.795 -2.862 1.326 4.892 -3.996 -3.094 -1.949 -0.136 1.577 0.411
152 K -0.847 1.732 -0.201 -0.58 -1.952 3.036 0.766 -1.393 0.179 -2.166 -2.144 3.644 -0.888 -2.862 -1.852 -0.833 -1.041 -2.407 -1.589 -1.918
153 V 1.254 -2.289 -2.541 -2.75 0.097 -2.451 -2.52 -1.691 -1.81 1.839 0.418 -2.092 0.326 3.129 -2.869 -1.442 -0.817 -1.191 0.395 2.713
154 E -1.077 0.142 2.59 1.086 -2.133 2.482 3.144 -1.283 0.641 -2.612 -2.606 0.62 -1.436 -2.63 -2.111 -0.599 -0.985 -2.467 -1.776 -2.141
155 L -1.541 -2.186 -3.362 -3.62 -0.15 -2.64 -3.306 -3.383 -2.314 2.005 4.037 -2.478 2.132 0.833 -3.604 -3.158 -1.581 -1.65 -1.056 1.106
156 F -2.334 -2.896 -2.86 -3.314 -1.374 -3.864 -3.482 -2.875 -0.828 0.277 0.565 -3.304 0.201 6.515 -4.448 -3.031 -2.371 0.852 2.931 -0.507
157 P -0.836 -2.014 -1.934 -1.564 -1.457 -1.933 -1.622 -1.852 -1.608 -2.318 -2.75 -1.064 -2.403 -3.336 6.663 -1.452 -1.348 -4.549 -2.636 -2.162
158 S 0.147 0.326 2.745 0.122 -0.752 -0.15 -0.351 -0.382 0.017 -2.147 -2.489 1.797 -1.411 -2.245 -1.772 1.961 0.263 -2.648 -1.839 -1.738
159 I -1.377 -3.101 -3.263 -3.181 -0.15 -3.209 -3.687 -3.479 -2.711 4.521 1.677 -2.679 1.271 0.218 -3.505 -3.076 -1.075 -2.185 -1.285 2.86
160 L -1.541 -2.186 -3.362 -3.62 -0.15 -2.64 -3.306 -3.383 -2.314 2.005 4.037 -2.478 2.132 0.833 -3.604 -3.158 -1.581 -1.65 -1.056 1.106
161 R -1.298 3.764 -1.258 -2.122 -1.028 -0.161 -1.32 -2.347 -0.386 0.205 0.747 0.776 3.869 -0.643 -2.961 -1.695 -1.243 -1.733 -1.264 -0.176
162 E -0.919 -0.122 -0.338 1.518 -2.411 1.346 4.494 -1.95 0.392 -2.764 -2.703 0.677 -1.754 -2.608 -1.882 -0.791 -1.301 -2.387 -1.908 -2.134
163 F -2.264 -2.73 -2.757 -3.276 -1.419 -3.506 -3.316 -2.882 -0.253 0.162 0.417 -3.081 0.105 6.264 -4.283 -2.949 -2.334 1.079 3.752 -0.562
164 G 0.09 -2.358 -0.44 -1.323 -1.32 -2.195 -2.622 5.809 -1.476 -3.215 -3.461 -1.651 -2.667 -2.678 -2.779 -1.002 -1.919 -2.44 -3.148 -2.864
165 D -1.25 0.882 1.863 3.544 -2.102 0.121 0.512 -1.085 -0.161 -2.407 -2.763 2.934 -1.813 -2.789 -2.004 -0.799 -1.111 -2.934 -2.237 -2.365
166 L -1.541 -2.186 -3.362 -3.62 -0.15 -2.64 -3.306 -3.383 -2.314 2.005 4.037 -2.478 2.132 0.833 -3.604 -3.158 -1.581 -1.65 -1.056 1.106
167 W -2.65 -2.383 -3.166 -3.62 -2.334 -2.824 -2.969 -2.366 -1.134 -1.854 -1.65 -2.791 -1.28 1.128 -5.408 -3.355 -2.695 10.61 2.169 -2.228
168 Y -1.812 -1.777 -2.126 -3.022 -1.752 -1.784 -2.363 -2.932 2.105 -0.804 -0.91 -1.873 -0.682 3.348 -3.333 -2.437 -2.089 2.309 6.655 -0.979
169 R -1.534 5.51 -0.462 -1.564 -2.259 0.518 -0.561 -2.128 0.098 -2.612 -2.028 2.018 -1.224 -2.472 -2.704 -1.406 -1.454 -2.234 -1.772 -2.162
170 N -1.66 -0.415 5.643 1.281 -1.846 -0.527 -0.725 -0.155 0.968 -2.712 -3.152 -0.296 -2.161 -2.374 -2.588 -0.118 -0.451 -2.966 -2.069 -2.56
171 E -0.919 -0.122 -0.338 1.518 -2.411 1.346 4.494 -1.95 0.392 -2.764 -2.703 0.677 -1.754 -2.608 -1.882 -0.791 -1.301 -2.387 -1.908 -2.134
172 F -0.97 -1.739 -1.132 -1.917 -0.564 -1.961 -2.133 -2.005 -0.479 -0.088 -0.324 -1.649 -0.251 4.191 -2.656 -0.561 2.529 0.047 2.72 -0.163
173 S 1.068 -0.741 0.497 -0.249 0.072 -0.57 -0.555 -0.106 -0.46 -1.911 -2.328 -0.285 -1.187 -1.943 -1.475 3.262 1.011 -2.549 -1.756 -1.292
174 I -0.894 -2.855 -3.133 -3.175 0.043 -2.96 -3.363 -3.271 -2.786 4.047 1.424 -2.566 1.114 0.002 -3.375 -2.753 -0.825 -2.259 -1.285 3.401
175 R -1.534 5.51 -0.462 -1.564 -2.259 0.518 -0.561 -2.128 0.098 -2.612 -2.028 2.018 -1.224 -2.472 -2.704 -1.406 -1.454 -2.234 -1.772 -2.162
176 I -0.894 -2.855 -3.133 -3.175 0.043 -2.96 -3.363 -3.271 -2.786 4.047 1.424 -2.566 1.114 0.002 -3.375 -2.753 -0.825 -2.259 -1.285 3.401
177 D -1.777 -1.588 1.199 5.833 -2.372 -0.872 1.05 -1.124 -0.536 -2.725 -3.491 -0.829 -2.698 -2.92 -2.289 -0.952 -1.413 -3.531 -3.043 -2.864
178 G 0.09 -2.358 -0.44 -1.323 -1.32 -2.195 -2.622 5.809 -1.476 -3.215 -3.461 -1.651 -2.667 -2.678 -2.779 -1.002 -1.919 -2.44 -3.148 -2.864
179 T -0.112 -1.093 -0.139 -1.014 0.122 -1.103 -1.378 -1.329 -1.413 -0.224 -1.057 -0.791 -0.532 -1.58 -1.687 0.705 4.245 -2.185 -1.706 0.229
180 P -0.836 -2.014 -1.934 -1.564 -1.457 -1.933 -1.622 -1.852 -1.608 -2.318 -2.75 -1.064 -2.403 -3.336 6.663 -1.452 -1.348 -4.549 -2.636 -2.162
181 L -1.541 -2.186 -3.362 -3.62 -0.15 -2.64 -3.306 -3.383 -2.314 2.005 4.037 -2.478 2.132 0.833 -3.604 -3.158 -1.581 -1.65 -1.056 1.106
182 I -1.377 -3.101 -3.263 -3.181 -0.15 -3.209 -3.687 -3.479 -2.711 4.521 1.677 -2.679 1.271 0.218 -3.505 -3.076 -1.075 -2.185 -1.285 2.86
183 I 0.2 -1.634 -0.791 -1.356 0.027 -1.549 -1.658 -1.292 -1.387 2.54 0.187 -1.217 0.224 -0.761 -2.286 1.589 0.209 -2.387 -1.511 1.778
184 I -1.377 -3.101 -3.263 -3.181 -0.15 -3.209 -3.687 -3.479 -2.711 4.521 1.677 -2.679 1.271 0.218 -3.505 -3.076 -1.075 -2.185 -1.285 2.86
185 G 2.597 -1.888 -0.987 -1.499 -0.15 -1.725 -1.885 4.218 -1.341 -1.783 -2.197 -1.222 -1.633 -2.233 -2.054 -0.183 -1.075 -2.44 -2.369 -0.989
186 L -1.418 -1.964 -3.077 -3.396 -0.155 -2.154 -3.036 -3.161 -1.914 1.91 3.666 -2.185 3.461 0.746 -3.51 -2.828 -1.437 -1.56 -0.999 1.077
187 L -1.91 -2.52 -3.1 -3.463 -0.698 -3.188 -3.393 -3.117 -1.476 1.268 2.795 -2.862 1.326 4.892 -3.996 -3.094 -1.949 -0.136 1.577 0.411
188 L -1.458 -2.607 -3.312 -3.392 -0.15 -2.911 -3.49 -3.43 -2.505 3.529 3.092 -2.577 1.734 0.542 -3.554 -3.117 -1.317 -1.905 -1.168 2.114
189 S 0.815 -0.825 0.351 -0.422 0.085 -0.694 -0.74 -0.367 -0.67 -1.388 -1.954 -0.403 -1.009 -1.848 -1.527 2.804 2.213 -2.454 -1.743 -0.83
190 F -1.035 -2.042 -1.531 -2.215 -0.495 -2.383 -2.448 -2.202 -1.24 0.654 0.117 -2.007 0.042 4.705 -2.967 -0.987 1.941 -0.297 1.477 0.861
191 F -2.062 -2.283 -2.47 -3.164 -1.557 -2.64 -2.869 -2.903 0.996 -0.213 -0.079 -2.501 -0.207 5.346 -3.837 -2.719 -2.227 1.671 5.356 -0.734
192 F -2.114 -2.702 -2.978 -3.388 -1.016 -3.506 -3.437 -2.993 -1.134 0.815 1.89 -3.074 0.818 5.816 -4.213 -3.062 -2.152 0.4 2.333 -0.012
193 F -2.062 -2.283 -2.47 -3.164 -1.557 -2.64 -2.869 -2.903 0.996 -0.213 -0.079 -2.501 -0.207 5.346 -3.837 -2.719 -2.227 1.671 5.356 -0.734
194 L -1.91 -2.52 -3.1 -3.463 -0.698 -3.188 -3.393 -3.117 -1.476 1.268 2.795 -2.862 1.326 4.892 -3.996 -3.094 -1.949 -0.136 1.577 0.411
195 K -0.826 2.094 -0.268 -0.722 -1.977 0.807 0.313 -1.342 -0.243 -2.123 -2.24 4.49 -1.224 -2.806 -1.687 -0.881 -1.082 -2.549 -1.789 -1.999
196 F -2.062 -2.283 -2.47 -3.164 -1.557 -2.64 -2.869 -2.903 0.996 -0.213 -0.079 -2.501 -0.207 5.346 -3.837 -2.719 -2.227 1.671 5.356 -0.734
197 G -0.418 2.979 -0.448 -1.411 -1.638 -0.866 -1.669 4.562 -0.782 -2.974 -2.837 0.295 -2.038 -2.599 -2.751 -1.147 -1.736 -2.361 -2.553 -2.58
198 N -1.483 -0.584 4.096 3.255 -2.106 0.0 1.905 -0.752 0.51 -2.728 -3.111 -0.133 -2.174 -2.56 -2.322 -0.47 -0.868 -2.934 -2.239 -2.518
199 R -1.341 4.523 -0.646 -1.504 -1.83 0.349 -0.527 -2.031 -0.201 -1.365 -0.206 2.639 -0.523 -1.85 -2.503 -1.426 -1.371 -2.228 -1.676 -1.455
200 K -0.826 2.094 -0.268 -0.722 -1.977 0.807 0.313 -1.342 -0.243 -2.123 -2.24 4.49 -1.224 -2.806 -1.687 -0.881 -1.082 -2.549 -1.789 -1.999
201 Y -1.812 -1.777 -2.126 -3.022 -1.752 -1.784 -2.363 -2.932 2.105 -0.804 -0.91 -1.873 -0.682 3.348 -3.333 -2.437 -2.089 2.309 6.655 -0.979
202 F -2.011 -2.609 -3.038 -3.425 -0.853 -3.343 -3.415 -3.055 -1.3 1.05 2.378 -2.966 1.083 5.39 -4.102 -3.078 -2.048 0.144 1.98 0.207
203 Y -1.812 -1.777 -2.126 -3.022 -1.752 -1.784 -2.363 -2.932 2.105 -0.804 -0.91 -1.873 -0.682 3.348 -3.333 -2.437 -2.089 2.309 6.655 -0.979
204 Y -1.035 -0.004 1.225 -1.042 -1.212 -0.617 -1.045 -1.627 0.835 -1.097 -1.456 1.504 -0.921 1.152 -2.318 -0.7 1.263 0.275 4.07 -0.971
205 L -1.054 -1.961 -2.494 -2.914 -0.121 -2.285 -2.781 -2.706 -2.006 1.724 3.697 -2.094 1.875 0.601 -3.235 -1.113 -1.098 -1.749 -1.135 0.895
206 L -1.679 -2.191 -2.897 -3.287 -0.556 -2.488 -3.096 -2.974 -1.341 1.356 2.643 -2.44 3.107 4.262 -3.788 -2.784 -1.695 -0.387 1.137 0.567
207 F -2.011 -2.609 -3.038 -3.425 -0.853 -3.343 -3.415 -3.055 -1.3 1.05 2.378 -2.966 1.083 5.39 -4.102 -3.078 -2.048 0.144 1.98 0.207
208 I -1.225 -2.116 -2.776 -2.991 -0.159 -1.933 -2.944 -2.996 -1.71 3.416 1.915 -2.001 4.19 0.346 -3.37 -2.498 -1.06 -1.712 -1.05 2.074
209 L -1.398 -2.056 -3.066 -3.342 -0.155 -2.209 -3.077 -3.172 -1.955 2.387 3.427 -2.207 3.401 0.674 -3.497 -2.818 -1.372 -1.62 -1.026 1.367
210 L -1.32 -2.039 -2.923 -3.187 -0.157 -2.041 -2.99 -3.078 -1.81 2.76 2.922 -2.092 3.848 0.553 -3.439 -2.658 -1.243 -1.635 -1.024 1.618
211 F -2.062 -2.283 -2.47 -3.164 -1.557 -2.64 -2.869 -2.903 0.996 -0.213 -0.079 -2.501 -0.207 5.346 -3.837 -2.719 -2.227 1.671 5.356 -0.734
212 I 1.194 -2.463 -2.698 -2.726 0.201 -2.472 -2.714 -1.864 -2.299 3.443 0.969 -2.04 0.746 -0.34 -2.779 -1.581 -0.738 -2.297 -1.396 2.816
213 I -0.559 -2.056 -1.627 -2.167 0.081 -2.111 -2.443 -2.378 -2.195 3.03 0.706 -1.764 0.593 -0.506 -2.618 -0.943 2.148 -2.234 -1.436 2.598
214 F -2.334 -2.896 -2.86 -3.314 -1.374 -3.864 -3.482 -2.875 -0.828 0.277 0.565 -3.304 0.201 6.515 -4.448 -3.031 -2.371 0.852 2.931 -0.507
215 V -0.234 -2.486 -2.929 -3.164 0.34 -2.587 -2.894 -2.955 -2.915 3.03 0.945 -2.388 0.832 -0.398 -3.171 -2.284 -0.451 -2.387 -1.285 4.125
216 N -1.66 -0.415 5.643 1.281 -1.846 -0.527 -0.725 -0.155 0.968 -2.712 -3.152 -0.296 -2.161 -2.374 -2.588 -0.118 -0.451 -2.966 -2.069 -2.56
217 Q -0.883 1.007 -0.093 -0.357 -1.911 4.883 1.392 -1.479 0.769 -2.24 -1.991 1.222 -0.403 -2.959 -2.151 -0.755 -0.975 -2.185 -1.285 -1.787
218 T -0.112 -1.093 -0.139 -1.014 0.122 -1.103 -1.378 -1.329 -1.413 -0.224 -1.057 -0.791 -0.532 -1.58 -1.687 0.705 4.245 -2.185 -1.706 0.229
219 R -1.534 5.51 -0.462 -1.564 -2.259 0.518 -0.561 -2.128 0.098 -2.612 -2.028 2.018 -1.224 -2.472 -2.704 -1.406 -1.454 -2.234 -1.772 -2.162
220 V -0.764 -1.939 -2.666 -2.986 0.035 -1.77 -2.69 -2.82 -1.763 2.692 1.683 -1.912 4.134 0.139 -3.247 -2.231 -0.812 -1.775 -1.05 2.766
221 L -1.541 -2.186 -3.362 -3.62 -0.15 -2.64 -3.306 -3.383 -2.314 2.005 4.037 -2.478 2.132 0.833 -3.604 -3.158 -1.581 -1.65 -1.056 1.106
222 L -1.458 -2.607 -3.312 -3.392 -0.15 -2.911 -3.49 -3.43 -2.505 3.529 3.092 -2.577 1.734 0.542 -3.554 -3.117 -1.317 -1.905 -1.168 2.114
223 F -1.28 -2.642 -2.945 -3.293 -0.465 -3.164 -3.226 -2.964 -1.633 1.81 1.419 -2.823 0.753 4.798 -3.802 -2.742 -1.413 -0.284 1.544 2.234
224 P 0.27 -1.308 -0.47 -0.832 -0.592 -1.172 -1.04 -0.849 -0.977 -2.107 -2.532 -0.648 -1.731 -2.556 4.83 1.777 0.066 -3.379 -2.162 -1.694
225 V -0.674 -0.272 -1.197 -1.433 -0.65 3.082 -0.051 -2.169 -0.509 1.853 -0.015 -0.067 0.351 -1.284 -2.649 -1.484 -0.779 -2.259 -1.285 2.239
226 L -1.499 -2.389 -3.337 -3.504 -0.15 -2.772 -3.396 -3.406 -2.408 2.866 3.603 -2.527 1.94 0.691 -3.579 -3.138 -1.446 -1.775 -1.112 1.654
227 L -1.631 -2.796 -3.18 -3.318 -0.411 -3.199 -3.536 -3.293 -2.028 3.331 2.29 -2.769 1.298 3.413 -3.74 -3.085 -1.479 -0.982 0.487 1.888
228 S 1.068 -0.741 0.497 -0.249 0.072 -0.57 -0.555 -0.106 -0.46 -1.911 -2.328 -0.285 -1.187 -1.943 -1.475 3.262 1.011 -2.549 -1.756 -1.292
229 I -1.225 -2.116 -2.776 -2.991 -0.159 -1.933 -2.944 -2.996 -1.71 3.416 1.915 -2.001 4.19 0.346 -3.37 -2.498 -1.06 -1.712 -1.05 2.074
230 F -2.063 -2.946 -2.956 -3.28 -1.016 -3.686 -3.532 -3.014 -1.196 2.034 0.885 -3.135 0.508 5.791 -4.182 -3.042 -1.988 0.339 2.316 0.763
231 L -1.341 -2.222 -3.305 -3.559 -0.084 -2.634 -3.251 -3.326 -2.382 2.155 3.79 -2.467 1.998 0.705 -3.547 -3.033 -1.413 -1.733 -1.084 1.705
232 L -1.08 -1.383 -2.36 -2.814 -0.168 -1.051 -2.353 -2.583 -0.968 1.603 2.135 -1.452 5.611 0.468 -3.242 -2.016 -1.046 -1.306 -0.832 0.99
233 F -2.062 -2.283 -2.47 -3.164 -1.557 -2.64 -2.869 -2.903 0.996 -0.213 -0.079 -2.501 -0.207 5.346 -3.837 -2.719 -2.227 1.671 5.356 -0.734
234 V -0.642 -2.477 -3.073 -3.274 0.166 -2.672 -3.082 -3.119 -2.728 3.058 2.146 -2.445 1.267 0.037 -3.315 -2.573 -0.772 -2.16 -1.226 3.457
235 Y -1.997 -2.148 -2.38 -3.128 -1.604 -2.401 -2.734 -2.91 1.315 -0.35 -0.266 -2.331 -0.318 4.961 -3.703 -2.646 -2.192 1.844 5.74 -0.793
236 S -0.012 -0.859 0.02 -0.925 -0.791 -0.712 -0.897 -0.983 4.61 -1.744 -1.959 -0.734 -1.07 0.618 -2.148 1.697 -0.158 -0.259 3.381 -1.548
237 R -1.159 4.281 -0.363 -1.112 -2.115 0.666 -0.091 -1.708 -0.067 -2.357 -2.132 3.511 -1.224 -2.634 -2.151 -1.132 -1.262 -2.387 -1.78 -2.079
238 R -1.508 3.988 -0.843 -1.649 -1.944 -0.016 -0.772 -2.067 -0.195 -1.487 -1.17 2.367 -0.796 2.863 -2.727 -1.578 -1.553 -1.157 0.263 -1.616
239 P -0.452 -1.516 -0.899 -1.276 -0.561 -1.488 -1.497 -1.579 -1.509 -1.085 -1.781 -0.924 -1.318 -2.327 4.818 -0.176 2.633 -3.131 -2.134 -0.725
240 Y -0.209 -1.262 -0.63 -1.438 -0.69 -1.188 -1.439 -1.373 1.039 -1.081 -1.385 -1.046 -0.841 1.789 -2.291 1.238 0.799 0.815 4.808 -0.904
241 R -1.298 3.764 -1.258 -2.122 -1.028 -0.161 -1.32 -2.347 -0.386 0.205 0.747 0.776 3.869 -0.643 -2.961 -1.695 -1.243 -1.733 -1.264 -0.176
242 L -1.469 -1.638 -1.55 -2.171 -1.046 -1.741 -1.947 -2.417 4.276 0.276 1.806 -1.656 0.501 1.942 2.916 -2.209 -1.756 -1.56 0.406 -0.434
243 L -1.508 -2.386 -3.173 -3.481 -0.339 -2.894 -3.293 -3.193 -1.923 1.828 3.18 -2.651 1.604 3.474 -3.732 -3.002 -1.581 -0.856 0.535 1.443
244 Y -0.839 -1.415 -0.965 -1.847 -0.666 -1.423 -1.829 -2.02 0.852 -0.499 -0.983 -1.282 -0.606 1.829 -2.394 -0.458 2.549 0.86 4.81 -0.312
245 L -0.33 -1.621 -1.253 -1.852 -0.188 -1.774 -1.967 -1.661 -1.298 0.829 2.46 -1.516 1.031 2.077 -2.68 0.914 -0.381 -1.449 -0.317 0.217
246 L -1.697 -2.454 -3.216 -3.483 -0.411 -2.973 -3.394 -3.258 -1.905 2.177 3.227 -2.689 1.649 3.496 -3.78 -3.116 -1.686 -0.841 0.535 1.099
247 C 0.139 -1.689 -0.731 -1.405 5.937 -1.718 -1.717 -1.061 -1.013 -0.92 -1.028 -1.391 -0.749 2.939 -2.398 1.658 -0.064 -1.361 0.161 -0.845
248 F -1.352 -2.739 -3.034 -3.278 -0.401 -3.177 -3.349 -3.097 -1.852 2.73 1.625 -2.789 0.941 4.168 -3.74 -2.85 -1.364 -0.641 1.057 2.296
249 I -0.894 -2.855 -3.133 -3.175 0.043 -2.96 -3.363 -3.271 -2.786 4.047 1.424 -2.566 1.114 0.002 -3.375 -2.753 -0.825 -2.259 -1.285 3.401
250 V 1.429 -1.701 -1.338 -1.842 0.295 -1.688 -1.895 -1.25 -1.81 1.772 -0.033 -1.333 0.069 -1.024 -2.122 -0.216 2.207 -2.297 -1.553 2.07
251 G 0.608 -2.478 -1.376 -1.941 -0.536 -2.395 -2.749 3.999 -1.84 2.078 -0.303 -1.867 -0.391 -1.165 -2.814 -1.339 -1.363 -2.342 -2.141 0.816
252 I -1.377 -3.101 -3.263 -3.181 -0.15 -3.209 -3.687 -3.479 -2.711 4.521 1.677 -2.679 1.271 0.218 -3.505 -3.076 -1.075 -2.185 -1.285 2.86
253 I 0.018 -1.866 -1.212 -1.714 0.062 -1.815 -1.968 -1.655 -1.687 2.871 0.489 -1.487 0.44 -0.596 -2.507 0.979 0.013 -2.368 -1.453 2.396
254 C 2.095 -2.129 -1.787 -2.139 7.798 -2.054 -2.175 -0.704 -1.816 -0.893 -1.292 -1.659 -1.013 -1.948 -2.213 0.292 -0.579 -2.825 -2.229 -0.281
255 F -2.334 -2.896 -2.86 -3.314 -1.374 -3.864 -3.482 -2.875 -0.828 0.277 0.565 -3.304 0.201 6.515 -4.448 -3.031 -2.371 0.852 2.931 -0.507
256 L -1.107 -2.573 -3.054 -3.312 -0.2 -2.95 -3.228 -3.097 -2.087 2.581 2.087 -2.653 1.143 3.343 -3.599 -2.761 -1.193 -1.031 0.487 2.62
257 F -1.922 -2.258 -2.668 -3.272 -1.136 -2.64 -2.972 -3.016 0.456 0.52 1.603 -2.495 0.578 4.71 -3.777 -2.822 -2.051 1.13 4.628 -0.153
258 G -0.295 -1.947 -0.847 -1.656 -0.592 -1.975 -2.394 3.985 -1.647 -0.316 0.838 -1.581 -0.21 -1.13 -2.631 -0.807 1.151 -2.16 -2.12 -0.563
259 G 0.09 -2.358 -0.44 -1.323 -1.32 -2.195 -2.622 5.809 -1.476 -3.215 -3.461 -1.651 -2.667 -2.678 -2.779 -1.002 -1.919 -2.44 -3.148 -2.864
260 G 0.09 -2.358 -0.44 -1.323 -1.32 -2.195 -2.622 5.809 -1.476 -3.215 -3.461 -1.651 -2.667 -2.678 -2.779 -1.002 -1.919 -2.44 -3.148 -2.864
261 L -0.622 -1.837 -1.82 -2.31 -0.093 -2.02 -2.37 -2.167 -1.766 1.971 3.04 -1.774 1.477 0.266 -2.898 0.076 -0.635 -1.916 -1.245 0.999
262 D -1.537 -1.146 0.884 5.211 -2.382 -0.139 2.36 -1.309 -0.275 -2.735 -3.273 -0.373 -2.431 -2.838 -2.182 -0.911 -1.384 -3.2 -2.715 -2.664
263 Y -1.925 -2.019 -2.638 -3.306 -1.374 -2.218 -2.722 -2.88 0.796 0.031 1.206 -2.227 0.218 2.402 -3.804 -2.817 -2.087 6.955 5.033 -0.509
264 I -1.588 -3.048 -3.157 -3.214 -0.411 -3.36 -3.634 -3.316 -2.114 3.904 1.436 -2.823 1.039 3.355 -3.713 -3.065 -1.348 -1.081 0.455 2.315
265 K -0.906 2.814 -0.292 -0.815 -2.011 0.772 0.217 -1.429 -0.198 -2.18 -2.213 4.275 -1.224 -2.762 -1.796 -0.942 -1.126 -2.508 -1.787 -2.019
266 G 2.054 -1.252 2.454 -0.397 -0.327 -1.177 -1.299 2.819 -0.46 -1.857 -2.29 -0.794 -1.585 -2.179 -2.016 0.627 -0.49 -2.577 -2.129 -1.16
267 Y -2.0 -1.917 -2.353 -3.16 -1.887 -2.011 -2.503 -2.78 1.572 -1.032 -1.078 -2.077 -0.82 2.933 -3.729 -2.641 -2.229 7.061 6.021 -1.245
268 L -1.543 -2.7 -3.245 -3.355 -0.278 -3.051 -3.513 -3.361 -2.257 3.431 2.719 -2.671 1.524 2.32 -3.645 -3.101 -1.396 -1.407 -0.223 2.003
269 N -1.689 -0.666 5.012 3.224 -1.969 -0.609 -0.169 -0.368 0.659 -2.716 -3.233 -0.42 -2.286 -2.501 -2.51 -0.305 -0.663 -3.097 -2.283 -2.633
270 L 1.03 -2.386 -2.793 -2.817 0.081 -2.484 -2.805 -1.933 -2.167 3.25 2.093 -2.059 1.141 0.013 -2.869 -1.733 -1.008 -2.1 -1.334 1.966
271 F -2.32 -2.882 -2.846 -3.3 -1.36 -3.85 -3.468 -2.86 -0.814 0.291 0.579 -3.29 0.216 6.492 -4.434 -3.016 -2.356 0.866 2.945 -0.493
272 D -1.718 -0.942 4.203 4.375 -2.097 -0.694 0.297 -0.599 0.313 -2.719 -3.316 -0.55 -2.417 -2.634 -2.435 -0.505 -0.892 -3.235 -2.515 -2.708
273 N 1.79 -0.858 3.9 0.213 -0.406 -0.872 -1.006 -0.059 0.064 -1.512 -2.049 -0.552 -1.391 -2.061 -2.009 0.218 0.748 -2.655 -1.901 -0.89
274 G 0.09 -2.358 -0.44 -1.323 -1.32 -2.195 -2.622 5.809 -1.476 -3.215 -3.461 -1.651 -2.667 -2.678 -2.779 -1.002 -1.919 -2.44 -3.148 -2.864
275 T 0.103 -1.113 -0.204 -1.01 0.077 -1.106 -1.316 -1.138 -1.233 -0.125 0.145 -0.812 -0.156 -1.218 -1.81 1.382 3.309 -2.197 -1.629 0.057
276 F -0.451 -1.575 -0.91 -1.615 -0.409 -1.668 -1.838 -1.531 -0.88 -0.027 0.008 -1.419 1.444 4.003 -2.572 0.728 1.523 -0.63 0.978 -0.237
277 D -1.777 -1.588 1.199 5.833 -2.372 -0.872 1.05 -1.124 -0.536 -2.725 -3.491 -0.829 -2.698 -2.92 -2.289 -0.952 -1.413 -3.531 -3.043 -2.864
278 L -1.359 -1.858 -2.945 -3.291 -0.157 -1.938 -2.911 -3.056 -1.733 1.861 3.461 -2.05 3.949 0.701 -3.463 -2.676 -1.368 -1.516 -0.97 1.063
279 G 0.09 -2.358 -0.44 -1.323 -1.32 -2.195 -2.622 5.809 -1.476 -3.215 -3.461 -1.651 -2.667 -2.678 -2.779 -1.002 -1.919 -2.44 -3.148 -2.864
280 L -1.541 -2.186 -3.362 -3.62 -0.15 -2.64 -3.306 -3.383 -2.314 2.005 4.037 -2.478 2.132 0.833 -3.604 -3.158 -1.581 -1.65 -1.056 1.106
281 G 0.09 -2.358 -0.44 -1.323 -1.32 -2.195 -2.622 5.809 -1.476 -3.215 -3.461 -1.651 -2.667 -2.678 -2.779 -1.002 -1.919 -2.44 -3.148 -2.864
282 F -2.195 -2.573 -2.658 -3.238 -1.464 -3.188 -3.159 -2.889 0.226 0.042 0.261 -2.875 0.005 5.989 -4.126 -2.87 -2.298 1.29 4.391 -0.618
283 R -1.534 5.51 -0.462 -1.564 -2.259 0.518 -0.561 -2.128 0.098 -2.612 -2.028 2.018 -1.224 -2.472 -2.704 -1.406 -1.454 -2.234 -1.772 -2.162
284 Y -1.812 -1.777 -2.126 -3.022 -1.752 -1.784 -2.363 -2.932 2.105 -0.804 -0.91 -1.873 -0.682 3.348 -3.333 -2.437 -2.089 2.309 6.655 -0.979
285 W -2.65 -2.383 -3.166 -3.62 -2.334 -2.824 -2.969 -2.366 -1.134 -1.854 -1.65 -2.791 -1.28 1.128 -5.408 -3.355 -2.695 10.61 2.169 -2.228
286 E -0.919 -0.122 -0.338 1.518 -2.411 1.346 4.494 -1.95 0.392 -2.764 -2.703 0.677 -1.754 -2.608 -1.882 -0.791 -1.301 -2.387 -1.908 -2.134
287 L -1.541 -2.186 -3.362 -3.62 -0.15 -2.64 -3.306 -3.383 -2.314 2.005 4.037 -2.478 2.132 0.833 -3.604 -3.158 -1.581 -1.65 -1.056 1.106
288 K -0.826 2.094 -0.268 -0.722 -1.977 0.807 0.313 -1.342 -0.243 -2.123 -2.24 4.49 -1.224 -2.806 -1.687 -0.881 -1.082 -2.549 -1.789 -1.999
289 Y -1.812 -1.777 -2.126 -3.022 -1.752 -1.784 -2.363 -2.932 2.105 -0.804 -0.91 -1.873 -0.682 3.348 -3.333 -2.437 -2.089 2.309 6.655 -0.979
290 Y -1.812 -1.777 -2.126 -3.022 -1.752 -1.784 -2.363 -2.932 2.105 -0.804 -0.91 -1.873 -0.682 3.348 -3.333 -2.437 -2.089 2.309 6.655 -0.979
291 L -1.541 -2.186 -3.362 -3.62 -0.15 -2.64 -3.306 -3.383 -2.314 2.005 4.037 -2.478 2.132 0.833 -3.604 -3.158 -1.581 -1.65 -1.056 1.106
292 G 0.367 -1.861 -0.176 -1.014 -0.904 -1.696 -1.951 5.1 -1.187 -2.83 -3.133 -1.244 -2.22 -2.476 -2.394 0.766 -0.867 -2.467 -2.732 -2.384
293 L -1.541 -2.186 -3.362 -3.62 -0.15 -2.64 -3.306 -3.383 -2.314 2.005 4.037 -2.478 2.132 0.833 -3.604 -3.158 -1.581 -1.65 -1.056 1.106
294 L -1.541 -2.186 -3.362 -3.62 -0.15 -2.64 -3.306 -3.383 -2.314 2.005 4.037 -2.478 2.132 0.833 -3.604 -3.158 -1.581 -1.65 -1.056 1.106
295 A 1.876 2.264 1.256 -0.927 -0.255 -0.604 -1.04 -0.563 -0.527 -1.188 -1.59 0.237 -0.998 -1.981 -1.925 0.09 1.48 -2.381 -1.785 -0.524
296 D -1.718 -0.942 4.203 4.375 -2.097 -0.694 0.297 -0.599 0.313 -2.719 -3.316 -0.55 -2.417 -2.634 -2.435 -0.505 -0.892 -3.235 -2.515 -2.708
297 D -1.741 -1.129 3.478 3.618 -2.007 -0.93 -0.174 -1.029 0.875 -2.109 -2.503 -0.828 -1.876 0.272 -2.634 -0.88 -1.148 -0.641 2.995 -2.17
298 V -0.994 2.154 -1.103 -2.05 -0.769 -0.911 -1.53 -2.432 4.302 1.808 -0.09 -0.278 0.056 -0.816 -2.977 -1.936 -1.141 -2.065 -0.301 2.153
299 W -2.65 -2.383 -3.166 -3.62 -2.334 -2.824 -2.969 -2.366 -1.134 -1.854 -1.65 -2.791 -1.28 1.128 -5.408 -3.355 -2.695 10.61 2.169 -2.228
300 K -1.088 0.535 -1.393 -1.697 -0.922 -0.553 -1.043 -2.217 -1.221 2.796 0.337 2.721 0.285 -0.915 -2.455 -1.775 -1.078 -2.361 -1.526 1.352
301 L -1.407 -1.412 2.172 -1.145 -0.813 -1.579 -1.992 -1.873 0.309 0.413 1.81 -1.425 0.537 1.132 -2.965 -1.322 0.265 -0.253 3.132 -0.098
302 G 0.09 -2.358 -0.44 -1.323 -1.32 -2.195 -2.622 5.809 -1.476 -3.215 -3.461 -1.651 -2.667 -2.678 -2.779 -1.002 -1.919 -2.44 -3.148 -2.864
303 L -0.814 -2.332 -3.138 -3.383 0.105 -2.614 -3.092 -3.161 -2.599 2.562 2.887 -2.433 1.555 0.282 -3.38 -2.688 -0.961 -1.995 -1.168 2.993
304 G 0.09 -2.358 -0.44 -1.323 -1.32 -2.195 -2.622 5.809 -1.476 -3.215 -3.461 -1.651 -2.667 -2.678 -2.779 -1.002 -1.919 -2.44 -3.148 -2.864
305 I -1.207 -3.016 -3.219 -3.179 -0.084 -3.124 -3.575 -3.408 -2.736 4.372 1.595 -2.641 1.22 0.148 -3.461 -2.965 -0.989 -2.209 -1.285 3.052
306 L -1.541 -2.186 -3.362 -3.62 -0.15 -2.64 -3.306 -3.383 -2.314 2.005 4.037 -2.478 2.132 0.833 -3.604 -3.158 -1.581 -1.65 -1.056 1.106
307 T -0.112 -1.093 -0.139 -1.014 0.122 -1.103 -1.378 -1.329 -1.413 -0.224 -1.057 -0.791 -0.532 -1.58 -1.687 0.705 4.245 -2.185 -1.706 0.229
308 S 1.068 -0.741 0.497 -0.249 0.072 -0.57 -0.555 -0.106 -0.46 -1.911 -2.328 -0.285 -1.187 -1.943 -1.475 3.262 1.011 -2.549 -1.756 -1.292
309 S 0.332 -0.993 1.538 -0.504 -0.166 -0.959 -1.061 -0.65 -0.573 -0.395 0.831 -0.699 -0.009 -0.999 -2.015 2.195 0.375 -2.342 -1.599 -0.581
310 N -1.66 -0.415 5.643 1.281 -1.846 -0.527 -0.725 -0.155 0.968 -2.712 -3.152 -0.296 -2.161 -2.374 -2.588 -0.118 -0.451 -2.966 -2.069 -2.56
311 I 1.11 -2.339 -2.436 -2.299 -0.173 -2.3 -2.361 -1.643 -1.983 2.861 0.4 -1.69 0.196 -0.831 2.986 -1.398 -0.959 -2.691 -1.69 1.578
312 N -1.66 -0.415 5.643 1.281 -1.846 -0.527 -0.725 -0.155 0.968 -2.712 -3.152 -0.296 -2.161 -2.374 -2.588 -0.118 -0.451 -2.966 -2.069 -2.56
313 S 1.068 -0.741 0.497 -0.249 0.072 -0.57 -0.555 -0.106 -0.46 -1.911 -2.328 -0.285 -1.187 -1.943 -1.475 3.262 1.011 -2.549 -1.756 -1.292
314 F -1.874 -1.384 3.095 -0.66 -1.686 -1.572 -1.822 -1.554 1.15 -1.007 -1.015 -1.408 -0.863 3.815 -3.247 -1.433 -1.415 0.767 4.427 -1.328
315 F -1.0 -2.059 -1.528 -2.17 -0.977 -2.393 -2.315 -1.904 -0.174 -0.268 -0.109 -2.054 -0.195 5.402 -3.26 0.132 -1.069 0.577 3.28 -0.743
316 I -1.377 -3.101 -3.263 -3.181 -0.15 -3.209 -3.687 -3.479 -2.711 4.521 1.677 -2.679 1.271 0.218 -3.505 -3.076 -1.075 -2.185 -1.285 2.86
317 L -1.541 -2.186 -3.362 -3.62 -0.15 -2.64 -3.306 -3.383 -2.314 2.005 4.037 -2.478 2.132 0.833 -3.604 -3.158 -1.581 -1.65 -1.056 1.106
318 F 2.231 -2.104 -2.199 -2.388 -0.168 -2.32 -2.188 -0.816 -1.013 -0.224 -0.227 -1.823 -0.286 4.669 -2.595 -0.791 -1.235 -0.348 1.45 -0.166
319 G 0.09 -2.358 -0.44 -1.323 -1.32 -2.195 -2.622 5.809 -1.476 -3.215 -3.461 -1.651 -2.667 -2.678 -2.779 -1.002 -1.919 -2.44 -3.148 -2.864
320 P -0.836 -2.014 -1.934 -1.564 -1.457 -1.933 -1.622 -1.852 -1.608 -2.318 -2.75 -1.064 -2.403 -3.336 6.663 -1.452 -1.348 -4.549 -2.636 -2.162
321 G 0.496 -1.642 -0.052 -0.872 -0.717 -1.475 -1.666 4.668 -1.052 -2.655 -2.983 -1.06 -2.02 -2.38 -2.219 1.362 -0.456 -2.481 -2.545 -2.171
322 A 2.356 2.197 -1.453 -1.896 -0.05 -0.683 -1.309 -0.677 -0.769 -0.266 -0.106 0.077 2.379 -1.183 -2.123 -0.424 -0.803 -2.065 -1.499 -0.014
323 V -0.234 -2.486 -2.929 -3.164 0.34 -2.587 -2.894 -2.955 -2.915 3.03 0.945 -2.388 0.832 -0.398 -3.171 -2.284 -0.451 -2.387 -1.285 4.125
324 K -0.854 1.601 -0.179 -0.534 -1.944 3.512 0.903 -1.41 0.307 -2.181 -2.113 3.296 -0.784 -2.881 -1.91 -0.817 -1.028 -2.361 -1.526 -1.891
325 L -1.08 -1.383 -2.36 -2.814 -0.168 -1.051 -2.353 -2.583 -0.968 1.603 2.135 -1.452 5.611 0.468 -3.242 -2.016 -1.046 -1.306 -0.832 0.99
326 Y -1.812 -1.777 -2.126 -3.022 -1.752 -1.784 -2.363 -2.932 2.105 -0.804 -0.91 -1.873 -0.682 3.348 -3.333 -2.437 -2.089 2.309 6.655 -0.979
327 L -1.541 -2.186 -3.362 -3.62 -0.15 -2.64 -3.306 -3.383 -2.314 2.005 4.037 -2.478 2.132 0.833 -3.604 -3.158 -1.581 -1.65 -1.056 1.106
328 D -1.777 -1.588 1.199 5.833 -2.372 -0.872 1.05 -1.124 -0.536 -2.725 -3.491 -0.829 -2.698 -2.92 -2.289 -0.952 -1.413 -3.531 -3.043 -2.864
329 D -1.777 -1.588 1.199 5.833 -2.372 -0.872 1.05 -1.124 -0.536 -2.725 -3.491 -0.829 -2.698 -2.92 -2.289 -0.952 -1.413 -3.531 -3.043 -2.864
330 L -1.541 -2.186 -3.362 -3.62 -0.15 -2.64 -3.306 -3.383 -2.314 2.005 4.037 -2.478 2.132 0.833 -3.604 -3.158 -1.581 -1.65 -1.056 1.106
331 G 0.09 -2.358 -0.44 -1.323 -1.32 -2.195 -2.622 5.809 -1.476 -3.215 -3.461 -1.651 -2.667 -2.678 -2.779 -1.002 -1.919 -2.44 -3.148 -2.864
332 F -2.334 -2.896 -2.86 -3.314 -1.374 -3.864 -3.482 -2.875 -0.828 0.277 0.565 -3.304 0.201 6.515 -4.448 -3.031 -2.371 0.852 2.931 -0.507
333 L -1.1 -2.577 -3.212 -3.333 -0.02 -2.826 -3.329 -3.304 -2.603 3.412 2.686 -2.528 1.533 0.334 -3.454 -2.885 -1.075 -2.018 -1.197 2.762
334 E -0.919 -0.122 -0.338 1.518 -2.411 1.346 4.494 -1.95 0.392 -2.764 -2.703 0.677 -1.754 -2.608 -1.882 -0.791 -1.301 -2.387 -1.908 -2.134
335 L -1.541 -2.186 -3.362 -3.62 -0.15 -2.64 -3.306 -3.383 -2.314 2.005 4.037 -2.478 2.132 0.833 -3.604 -3.158 -1.581 -1.65 -1.056 1.106
336 F -2.334 -2.896 -2.86 -3.314 -1.374 -3.864 -3.482 -2.875 -0.828 0.277 0.565 -3.304 0.201 6.515 -4.448 -3.031 -2.371 0.852 2.931 -0.507
337 V -0.234 -2.486 -2.929 -3.164 0.34 -2.587 -2.894 -2.955 -2.915 3.03 0.945 -2.388 0.832 -0.398 -3.171 -2.284 -0.451 -2.387 -1.285 4.125
338 Q -0.883 1.007 -0.093 -0.357 -1.911 4.883 1.392 -1.479 0.769 -2.24 -1.991 1.222 -0.403 -2.959 -2.151 -0.755 -0.975 -2.185 -1.285 -1.787
339 F -2.334 -2.896 -2.86 -3.314 -1.374 -3.864 -3.482 -2.875 -0.828 0.277 0.565 -3.304 0.201 6.515 -4.448 -3.031 -2.371 0.852 2.931 -0.507
340 G 0.09 -2.358 -0.44 -1.323 -1.32 -2.195 -2.622 5.809 -1.476 -3.215 -3.461 -1.651 -2.667 -2.678 -2.779 -1.002 -1.919 -2.44 -3.148 -2.864
341 L -0.927 -2.618 -3.157 -3.278 0.043 -2.819 -3.274 -3.249 -2.678 3.505 2.28 -2.517 1.368 0.181 -3.399 -2.771 -0.933 -2.112 -1.226 3.115
342 L 1.801 -1.935 -2.559 -2.693 0.248 -2.067 -2.343 -1.349 -1.908 1.428 2.57 -1.747 1.152 -0.077 -2.573 -1.186 -0.948 -2.013 -1.329 1.443
343 A 3.426 -1.279 -0.953 -1.255 0.54 -1.113 -1.094 0.261 -1.004 -1.065 -1.542 -0.697 -0.949 -1.872 -1.475 1.449 0.008 -2.467 -1.756 -0.158
344 I -1.7 -3.022 -3.105 -3.23 -0.551 -3.438 -3.608 -3.237 -1.856 3.537 1.308 -2.898 0.915 4.182 -3.823 -3.059 -1.495 -0.655 1.044 1.998
345 F -2.222 -2.797 -2.918 -3.351 -1.19 -3.68 -3.46 -2.933 -0.977 0.558 1.303 -3.187 0.526 6.186 -4.328 -3.046 -2.259 0.635 2.647 -0.249
346 L -1.301 -1.757 -2.818 -3.189 -0.159 -1.738 -2.79 -2.955 -1.563 1.811 3.24 -1.92 4.367 0.656 -3.418 -2.531 -1.301 -1.473 -0.942 1.048
347 Y -1.812 -1.777 -2.126 -3.022 -1.752 -1.784 -2.363 -2.932 2.105 -0.804 -0.91 -1.873 -0.682 3.348 -3.333 -2.437 -2.089 2.309 6.655 -0.979
348 G 0.09 -2.358 -0.44 -1.323 -1.32 -2.195 -2.622 5.809 -1.476 -3.215 -3.461 -1.651 -2.667 -2.678 -2.779 -1.002 -1.919 -2.44 -3.148 -2.864
349 Y -1.812 -1.777 -2.126 -3.022 -1.752 -1.784 -2.363 -2.932 2.105 -0.804 -0.91 -1.873 -0.682 3.348 -3.333 -2.437 -2.089 2.309 6.655 -0.979
350 L -1.458 -2.607 -3.312 -3.392 -0.15 -2.911 -3.49 -3.43 -2.505 3.529 3.092 -2.577 1.734 0.542 -3.554 -3.117 -1.317 -1.905 -1.168 2.114
351 F -1.863 -2.748 -3.077 -3.353 -0.698 -3.348 -3.486 -3.139 -1.547 2.339 2.097 -2.918 1.068 4.857 -3.967 -3.074 -1.796 -0.209 1.555 1.092
352 Y -1.812 -1.777 -2.126 -3.022 -1.752 -1.784 -2.363 -2.932 2.105 -0.804 -0.91 -1.873 -0.682 3.348 -3.333 -2.437 -2.089 2.309 6.655 -0.979
353 K -0.888 1.538 -0.666 -1.12 -1.408 0.442 -0.158 -1.606 -0.408 -0.662 -0.405 3.78 2.325 -1.584 -2.004 -1.126 -1.073 -2.185 -1.518 -0.918
354 L -1.52 -2.286 -3.35 -3.561 -0.15 -2.706 -3.351 -3.394 -2.36 2.468 3.828 -2.502 2.038 0.763 -3.592 -3.148 -1.512 -1.712 -1.084 1.393
355 I -0.712 -2.32 -2.057 -2.466 0.048 -2.389 -2.746 -2.664 -2.371 3.481 1.0 -2.018 0.797 -0.299 -2.861 -1.452 1.439 -2.234 -1.385 2.825
356 N -0.572 0.299 3.414 0.195 -0.977 -0.252 -0.543 -0.678 0.041 -1.662 -2.179 1.739 -1.326 -2.194 -1.962 0.645 1.629 -2.598 -1.865 -1.333
357 L -1.541 -2.186 -3.362 -3.62 -0.15 -2.64 -3.306 -3.383 -2.314 2.005 4.037 -2.478 2.132 0.833 -3.604 -3.158 -1.581 -1.65 -1.056 1.106
358 I -1.377 -3.101 -3.263 -3.181 -0.15 -3.209 -3.687 -3.479 -2.711 4.521 1.677 -2.679 1.271 0.218 -3.505 -3.076 -1.075 -2.185 -1.285 2.86
359 R -1.338 3.699 -1.531 -2.372 -0.927 -0.646 -1.588 -2.643 -0.904 0.781 1.913 0.574 0.71 -0.567 -3.07 -2.063 -1.352 -2.018 -1.423 0.776
360 R -1.534 5.51 -0.462 -1.564 -2.259 0.518 -0.561 -2.128 0.098 -2.612 -2.028 2.018 -1.224 -2.472 -2.704 -1.406 -1.454 -2.234 -1.772 -2.162
361 L -0.806 -1.308 -1.626 -2.249 -0.093 -1.064 -2.077 -2.215 -1.073 1.243 1.607 -1.272 4.893 0.076 -2.768 -1.062 1.375 -1.502 -1.027 0.817
362 K 0.274 1.011 0.14 -0.476 -0.774 0.2 -0.088 -0.659 -0.349 -2.015 -2.284 2.995 -1.205 -2.342 -1.579 1.878 0.15 -2.549 -1.772 -1.624
363 N -0.743 -0.611 4.529 0.678 -0.954 -0.666 -0.852 -0.4 0.363 -1.778 -2.377 -0.41 -1.541 -2.101 -2.183 0.771 1.697 -2.699 -1.934 -1.436
364 D -1.16 0.906 0.365 3.558 -2.173 0.373 1.515 -1.326 -0.259 -2.413 -2.711 2.981 -1.765 -2.822 -1.924 -0.896 -1.229 -2.856 -2.215 -2.312
365 K -0.84 1.858 -0.223 -0.626 -1.961 2.465 0.623 -1.376 0.045 -2.152 -2.176 3.954 -0.996 -2.843 -1.796 -0.849 -1.055 -2.454 -1.654 -1.944
366 Y -1.873 -1.896 -2.208 -3.057 -1.702 -1.975 -2.482 -2.925 1.865 -0.644 -0.679 -2.018 -0.556 3.991 -3.451 -2.505 -2.123 2.162 6.381 -0.916
367 I -1.395 2.95 -1.799 -2.427 -0.777 -1.029 -1.98 -2.791 -1.144 2.935 0.848 0.08 1.846 -0.485 -3.147 -2.212 -1.207 -2.077 -1.394 1.532
368 V -0.767 -2.431 -2.762 -3.243 5.94 -2.55 -3.015 -2.777 -0.64 1.54 0.934 -2.419 0.356 1.002 -3.271 -2.245 -1.144 -0.394 3.103 2.202
369 E -1.212 -0.589 0.337 3.919 -2.396 0.698 3.62 -1.612 0.078 -2.75 -2.974 0.199 -2.072 -2.721 -2.028 -0.85 -1.342 -2.765 -2.283 -2.387
370 R -1.222 4.725 -0.914 -1.928 5.814 -0.08 -1.106 -2.137 -0.415 -2.015 -1.754 1.346 -1.187 -2.354 -2.822 -1.47 -1.419 -2.454 -1.996 -1.614
371 A 2.831 -1.089 -0.385 -0.879 0.392 -0.921 -0.903 0.144 -0.811 -1.32 -1.781 -0.553 -1.026 -1.895 -1.475 2.187 0.383 -2.494 -1.756 -0.489
372 L -1.91 -2.52 -3.1 -3.463 -0.698 -3.188 -3.393 -3.117 -1.476 1.268 2.795 -2.862 1.326 4.892 -3.996 -3.094 -1.949 -0.136 1.577 0.411
373 F -2.334 -2.896 -2.86 -3.314 -1.374 -3.864 -3.482 -2.875 -0.828 0.277 0.565 -3.304 0.201 6.515 -4.448 -3.031 -2.371 0.852 2.931 -0.507
374 I -1.377 -3.101 -3.263 -3.181 -0.15 -3.209 -3.687 -3.479 -2.711 4.521 1.677 -2.679 1.271 0.218 -3.505 -3.076 -1.075 -2.185 -1.285 2.86
375 G 2.597 -1.888 -0.987 -1.499 -0.15 -1.725 -1.885 4.218 -1.341 -1.783 -2.197 -1.222 -1.633 -2.233 -2.054 -0.183 -1.075 -2.44 -2.369 -0.989
376 L -1.541 -2.186 -3.362 -3.62 -0.15 -2.64 -3.306 -3.383 -2.314 2.005 4.037 -2.478 2.132 0.833 -3.604 -3.158 -1.581 -1.65 -1.056 1.106
377 L -1.418 -1.964 -3.077 -3.396 -0.155 -2.154 -3.036 -3.161 -1.914 1.91 3.666 -2.185 3.461 0.746 -3.51 -2.828 -1.437 -1.56 -0.999 1.077
378 T 1.511 -1.332 -0.712 -1.376 0.298 -1.307 -1.508 -0.933 -1.509 0.335 -0.773 -0.964 -0.398 -1.464 -1.779 0.396 3.212 -2.272 -1.662 1.094
379 N -1.66 -0.415 5.643 1.281 -1.846 -0.527 -0.725 -0.155 0.968 -2.712 -3.152 -0.296 -2.161 -2.374 -2.588 -0.118 -0.451 -2.966 -2.069 -2.56
380 L -1.458 -2.607 -3.312 -3.392 -0.15 -2.911 -3.49 -3.43 -2.505 3.529 3.092 -2.577 1.734 0.542 -3.554 -3.117 -1.317 -1.905 -1.168 2.114
381 L -1.458 -2.607 -3.312 -3.392 -0.15 -2.911 -3.49 -3.43 -2.505 3.529 3.092 -2.577 1.734 0.542 -3.554 -3.117 -1.317 -1.905 -1.168 2.114
382 I -1.046 -2.934 -3.176 -3.177 -0.02 -3.041 -3.467 -3.339 -2.761 4.214 1.511 -2.603 1.167 0.076 -3.418 -2.857 -0.906 -2.234 -1.285 3.232
383 T -0.112 -1.093 -0.139 -1.014 0.122 -1.103 -1.378 -1.329 -1.413 -0.224 -1.057 -0.791 -0.532 -1.58 -1.687 0.705 4.245 -2.185 -1.706 0.229
384 A 2.831 -1.089 -0.385 -0.879 0.392 -0.921 -0.903 0.144 -0.811 -1.32 -1.781 -0.553 -1.026 -1.895 -1.475 2.187 0.383 -2.494 -1.756 -0.489
385 I 1.11 -2.339 -2.436 -2.299 -0.173 -2.3 -2.361 -1.643 -1.983 2.861 0.4 -1.69 0.196 -0.831 2.986 -1.398 -0.959 -2.691 -1.69 1.578
386 S 1.068 -0.741 0.497 -0.249 0.072 -0.57 -0.555 -0.106 -0.46 -1.911 -2.328 -0.285 -1.187 -1.943 -1.475 3.262 1.011 -2.549 -1.756 -1.292
387 L -1.541 -2.186 -3.362 -3.62 -0.15 -2.64 -3.306 -3.383 -2.314 2.005 4.037 -2.478 2.132 0.833 -3.604 -3.158 -1.581 -1.65 -1.056 1.106
388 N -1.66 -0.415 5.643 1.281 -1.846 -0.527 -0.725 -0.155 0.968 -2.712 -3.152 -0.296 -2.161 -2.374 -2.588 -0.118 -0.451 -2.966 -2.069 -2.56
389 I -1.377 -3.101 -3.263 -3.181 -0.15 -3.209 -3.687 -3.479 -2.711 4.521 1.677 -2.679 1.271 0.218 -3.505 -3.076 -1.075 -2.185 -1.285 2.86
390 F -2.334 -2.896 -2.86 -3.314 -1.374 -3.864 -3.482 -2.875 -0.828 0.277 0.565 -3.304 0.201 6.515 -4.448 -3.031 -2.371 0.852 2.931 -0.507
391 G 0.09 -2.358 -0.44 -1.323 -1.32 -2.195 -2.622 5.809 -1.476 -3.215 -3.461 -1.651 -2.667 -2.678 -2.779 -1.002 -1.919 -2.44 -3.148 -2.864
392 A 2.831 -1.089 -0.385 -0.879 0.392 -0.921 -0.903 0.144 -0.811 -1.32 -1.781 -0.553 -1.026 -1.895 -1.475 2.187 0.383 -2.494 -1.756 -0.489
393 Q -0.883 1.007 -0.093 -0.357 -1.911 4.883 1.392 -1.479 0.769 -2.24 -1.991 1.222 -0.403 -2.959 -2.151 -0.755 -0.975 -2.185 -1.285 -1.787
394 R -1.534 5.51 -0.462 -1.564 -2.259 0.518 -0.561 -2.128 0.098 -2.612 -2.028 2.018 -1.224 -2.472 -2.704 -1.406 -1.454 -2.234 -1.772 -2.162
395 S 0.623 -1.175 -0.083 -0.75 0.018 -1.038 -1.077 -0.652 -0.88 1.328 -0.711 -0.723 -0.351 -1.234 -1.865 2.537 0.614 -2.454 -1.631 0.411
396 F -2.062 -2.283 -2.47 -3.164 -1.557 -2.64 -2.869 -2.903 0.996 -0.213 -0.079 -2.501 -0.207 5.346 -3.837 -2.719 -2.227 1.671 5.356 -0.734
397 S 1.068 -0.741 0.497 -0.249 0.072 -0.57 -0.555 -0.106 -0.46 -1.911 -2.328 -0.285 -1.187 -1.943 -1.475 3.262 1.011 -2.549 -1.756 -1.292
398 L -1.541 -2.186 -3.362 -3.62 -0.15 -2.64 -3.306 -3.383 -2.314 2.005 4.037 -2.478 2.132 0.833 -3.604 -3.158 -1.581 -1.65 -1.056 1.106
399 A 2.532 -1.942 -2.227 -2.332 0.515 -1.885 -1.987 -0.835 -1.939 1.702 0.029 -1.517 0.103 -1.033 -2.2 -0.601 -0.437 -2.414 -1.511 2.772
400 I -1.417 -2.844 -3.287 -3.284 -0.15 -3.056 -3.587 -3.455 -2.606 4.067 2.47 -2.627 1.512 0.384 -3.529 -3.097 -1.193 -2.042 -1.226 2.511
401 I -0.894 -2.855 -3.133 -3.175 0.043 -2.96 -3.363 -3.271 -2.786 4.047 1.424 -2.566 1.114 0.002 -3.375 -2.753 -0.825 -2.259 -1.285 3.401
402 L -1.72 -2.348 -3.228 -3.541 -0.411 -2.901 -3.349 -3.247 -1.865 1.66 3.482 -2.663 1.757 3.524 -3.793 -3.126 -1.759 -0.795 0.551 0.779
403 A 3.918 -1.484 -1.662 -1.687 0.68 -1.32 -1.298 0.374 -1.211 -0.83 -1.321 -0.849 -0.874 -1.848 -1.475 0.455 -0.422 -2.44 -1.756 0.139
404 L -1.398 -2.056 -3.066 -3.342 -0.155 -2.209 -3.077 -3.172 -1.955 2.387 3.427 -2.207 3.401 0.674 -3.497 -2.818 -1.372 -1.62 -1.026 1.367
405 I -1.046 -2.934 -3.176 -3.177 -0.02 -3.041 -3.467 -3.339 -2.761 4.214 1.511 -2.603 1.167 0.076 -3.418 -2.857 -0.906 -2.234 -1.285 3.232
406 F -2.334 -2.896 -2.86 -3.314 -1.374 -3.864 -3.482 -2.875 -0.828 0.277 0.565 -3.304 0.201 6.515 -4.448 -3.031 -2.371 0.852 2.931 -0.507
407 F -2.062 -2.283 -2.47 -3.164 -1.557 -2.64 -2.869 -2.903 0.996 -0.213 -0.079 -2.501 -0.207 5.346 -3.837 -2.719 -2.227 1.671 5.356 -0.734
408 Y -1.812 -1.777 -2.126 -3.022 -1.752 -1.784 -2.363 -2.932 2.105 -0.804 -0.91 -1.873 -0.682 3.348 -3.333 -2.437 -2.089 2.309 6.655 -0.979
409 D -1.777 -1.588 1.199 5.833 -2.372 -0.872 1.05 -1.124 -0.536 -2.725 -3.491 -0.829 -2.698 -2.92 -2.289 -0.952 -1.413 -3.531 -3.043 -2.864
410 Y -1.812 -1.777 -2.126 -3.022 -1.752 -1.784 -2.363 -2.932 2.105 -0.804 -0.91 -1.873 -0.682 3.348 -3.333 -2.437 -2.089 2.309 6.655 -0.979
411 R -1.102 3.614 -0.248 -0.802 -2.045 3.471 0.663 -1.687 0.418 -2.358 -2.035 2.156 -0.784 -2.748 -2.28 -0.999 -1.159 -2.246 -1.52 -1.949
412 L -1.541 -2.186 -3.362 -3.62 -0.15 -2.64 -3.306 -3.383 -2.314 2.005 4.037 -2.478 2.132 0.833 -3.604 -3.158 -1.581 -1.65 -1.056 1.106
413 K -0.631 1.566 -0.235 -0.792 -1.294 0.435 -0.026 -1.339 -0.494 -1.519 -1.896 3.81 -1.035 -2.447 -1.687 -0.396 1.363 -2.454 -1.768 -1.262
414 N -1.404 2.801 3.39 0.041 -2.037 0.169 -0.365 -1.023 3.181 -2.523 -2.534 2.172 -1.546 -2.251 -2.379 -0.754 -1.024 -2.447 -1.132 -2.36
415 K -0.805 2.115 -0.246 -0.7 -1.956 0.828 0.335 -1.321 -0.221 -2.101 -2.219 4.434 -1.202 -2.784 -1.665 -0.86 -1.06 -2.527 -1.767 -1.977
416 D -1.755 -1.566 1.221 5.8 -2.351 -0.85 1.072 -1.102 -0.515 -2.704 -3.47 -0.808 -2.676 -2.898 -2.268 -0.931 -1.391 -3.509 -3.022 -2.843
417 D -1.711 -0.935 4.192 4.367 -2.09 -0.687 0.304 -0.591 0.32 -2.712 -3.309 -0.543 -2.41 -2.627 -2.427 -0.498 -0.885 -3.228 -2.508 -2.701
418 I -1.174 -0.245 -1.885 -2.105 -0.634 -1.191 -1.68 -2.573 -1.63 3.474 0.863 1.751 0.66 -0.479 -2.757 -2.14 -1.07 -2.294 -1.436 1.954
419 E -1.087 -0.192 2.567 1.461 -2.259 0.98 3.817 -1.386 0.548 -2.751 -2.809 0.463 -1.85 -2.548 -2.042 -0.607 -1.064 -2.521 -1.947 -2.235
420 D -1.752 -1.563 1.224 5.795 -2.347 -0.847 1.075 -1.098 -0.511 -2.7 -3.466 -0.804 -2.672 -2.894 -2.264 -0.927 -1.388 -3.506 -3.018 -2.839
421 Q -0.857 1.032 -0.067 -0.332 -1.886 4.791 1.417 -1.454 0.795 -2.215 -1.966 1.247 -0.378 -2.933 -2.126 -0.729 -0.95 -2.159 -1.26 -1.762
422 V -0.208 -2.461 -2.904 -3.139 0.365 -2.562 -2.868 -2.93 -2.89 3.055 0.971 -2.363 0.857 -0.373 -3.146 -2.259 -0.426 -2.362 -1.26 4.056
423 C -0.422 -3.313 -2.939 -3.393 9.653 -3.433 -3.899 -2.138 -2.925 -0.706 -1.036 -3.088 -1.053 -2.002 -3.181 -1.645 -1.291 -3.21 -2.771 -0.384
424 D -1.752 -1.563 1.224 5.795 -2.347 -0.847 1.075 -1.098 -0.511 -2.7 -3.466 -0.804 -2.672 -2.894 -2.264 -0.927 -1.388 -3.506 -3.018 -2.839
425 G -0.85 2.246 3.343 -0.096 -1.728 -0.692 -1.249 3.43 0.023 -2.864 -2.927 0.15 -2.06 -2.51 -2.687 -0.722 -1.179 -2.57 -2.341 -2.562