#Seq2Logo.py -f /work3/idamei/wzy_ssn/run/1e-50/run/150/MSAs/0006_214.afa -o /work3/idamei/wzy_ssn/run/1e-50/run/150/logos/0006_214.logo
Last position-specific scoring matrix computed, values are in halfbits
A R N D C Q E G H I L K M F P S T W Y V
0 L -1.109 -1.412 -2.388 -2.842 -0.197 -1.08 -2.382 -2.612 -0.997 1.575 2.107 -1.481 5.752 0.439 -3.271 -2.045 -1.074 -1.335 -0.861 0.961
1 K -1.034 1.426 2.426 -0.1 -1.962 2.223 0.38 -1.088 0.277 -2.299 -2.387 3.387 -1.219 -2.765 -1.996 -0.695 -0.935 -2.578 -1.755 -2.093
2 N -1.66 -0.415 5.643 1.281 -1.846 -0.527 -0.725 -0.155 0.968 -2.712 -3.152 -0.296 -2.161 -2.374 -2.588 -0.118 -0.451 -2.966 -2.069 -2.56
3 K -1.172 3.027 2.394 -0.306 -2.036 0.463 -0.101 -1.202 0.116 -2.379 -2.396 3.481 -1.436 -2.658 -2.103 -0.824 -1.032 -2.59 -1.873 -2.18
4 I -1.405 -3.129 -3.291 -3.209 -0.179 -3.238 -3.715 -3.508 -2.74 4.595 1.648 -2.707 1.243 0.189 -3.533 -3.105 -1.103 -2.213 -1.314 2.832
5 S 0.713 0.141 0.315 -0.376 -0.302 -0.231 -0.367 -0.367 -0.439 -1.986 -2.337 1.66 -1.223 -2.142 -1.55 2.816 0.631 -2.578 -1.791 -1.464
6 F -1.742 -0.903 -2.144 -2.511 -1.193 -1.957 -2.172 -2.592 -1.025 1.701 0.437 0.849 0.21 5.029 -3.42 -2.433 -1.753 -0.2 1.661 0.439
7 F -2.061 -2.251 -2.458 -3.177 -1.606 -2.56 -2.837 -2.935 1.114 -0.302 -0.189 -2.453 -0.284 5.204 -3.805 -2.715 -2.24 1.721 5.577 -0.789
8 I -1.426 -2.35 -2.792 -3.089 -0.47 -2.289 -3.049 -3.162 -0.543 3.429 1.366 -2.207 2.822 1.272 -3.435 -2.692 -1.293 -0.344 2.965 1.926
9 V 1.793 -2.08 -2.547 -2.69 0.331 -2.139 -2.357 -1.465 -2.143 1.921 1.589 -1.824 0.738 -0.466 -2.589 -1.201 -0.685 -2.252 -1.407 2.728
10 Y -1.841 -1.806 -2.154 -3.051 -1.78 -1.812 -2.392 -2.961 2.076 -0.832 -0.939 -1.902 -0.711 3.32 -3.362 -2.466 -2.118 2.28 6.714 -1.008
11 I -1.109 -2.981 -3.214 -3.206 -0.062 -3.088 -3.519 -3.383 -2.784 4.309 1.501 -2.64 1.151 0.063 -3.456 -2.909 -0.953 -2.257 -1.314 3.197
12 Y -1.841 -1.806 -2.154 -3.051 -1.78 -1.812 -2.392 -2.961 2.076 -0.832 -0.939 -1.902 -0.711 3.32 -3.362 -2.466 -2.118 2.28 6.714 -1.008
13 I -1.073 -2.547 -2.251 -2.569 -0.116 -2.62 -3.02 -2.873 -2.397 4.02 1.226 -2.169 0.928 -0.125 -3.019 -1.746 1.221 -2.213 -1.402 2.42
14 A 2.617 -1.959 -2.311 -2.354 0.311 -1.951 -2.106 -0.791 -1.745 1.921 1.456 -1.522 0.548 -0.57 -2.251 -0.668 -0.815 -2.219 -1.508 1.156
15 P -0.865 -2.042 -1.962 -1.592 -1.486 -1.962 -1.651 -1.881 -1.636 -2.346 -2.779 -1.093 -2.432 -3.364 6.692 -1.48 -1.377 -4.578 -2.664 -2.19
16 I 1.047 -2.178 -1.937 -2.24 0.086 -2.177 -2.435 -1.704 -2.032 3.264 0.702 -1.732 0.526 -0.515 -2.518 -0.916 1.293 -2.268 -1.503 1.929
17 L -1.63 -2.856 -3.218 -3.331 -0.409 -3.228 -3.581 -3.341 -2.125 3.543 2.23 -2.787 1.267 3.212 -3.741 -3.113 -1.459 -1.122 0.308 1.985
18 L -0.915 -2.344 -3.19 -3.437 0.049 -2.645 -3.144 -3.213 -2.594 2.477 3.07 -2.466 1.596 0.32 -3.432 -2.765 -1.052 -1.984 -1.184 2.879
19 S 1.999 -0.919 0.109 -0.541 0.19 -0.749 -0.733 -0.021 -0.639 -1.662 -2.101 -0.43 -1.143 -1.95 -1.504 2.918 0.72 -2.553 -1.784 -0.936
20 L -1.569 -2.215 -3.391 -3.649 -0.179 -2.669 -3.334 -3.411 -2.342 1.976 4.084 -2.507 2.104 0.804 -3.633 -3.187 -1.609 -1.679 -1.085 1.077
21 Y -1.354 -2.04 -2.561 -3.206 -0.806 -2.152 -2.693 -3.06 0.8 1.143 1.395 -2.137 0.498 2.328 -3.382 -2.575 -1.562 1.062 5.163 1.475
22 L -1.82 -2.208 -2.816 -3.369 -0.891 -2.56 -3.019 -3.138 0.132 0.916 2.451 -2.443 1.008 3.851 -3.702 -2.9 -1.936 0.709 4.228 0.182
23 I -1.405 -3.129 -3.291 -3.209 -0.179 -3.238 -3.715 -3.508 -2.74 4.595 1.648 -2.707 1.243 0.189 -3.533 -3.105 -1.103 -2.213 -1.314 2.832
24 Y 1.351 -1.358 -0.922 -1.573 -0.446 -1.255 -1.442 -0.916 0.842 -1.163 -1.438 -1.059 -0.913 1.512 -2.188 1.198 -0.395 0.551 4.558 -0.81
25 N -0.357 -0.727 3.839 0.327 -0.637 -0.745 -0.914 -0.512 0.016 -1.519 -2.15 -0.478 -1.34 -2.021 -2.027 1.275 2.253 -2.621 -1.902 -1.116
26 T -0.39 -1.509 -0.578 -1.458 -0.528 -1.49 -1.849 2.15 -0.224 -0.839 -1.435 -1.211 -0.954 0.294 -2.242 -0.141 2.877 -0.496 2.818 -0.524
27 G -0.413 -1.585 3.143 -0.203 -1.514 -1.555 -1.872 4.84 -0.444 -3.066 -3.382 -1.154 -2.517 -2.602 -2.743 -0.705 -1.372 -2.634 -2.77 -2.788
28 S -0.214 -0.951 -0.102 -1.06 -0.695 -0.84 -1.067 -1.204 4.332 -1.343 -1.726 -0.83 -0.958 0.432 -2.15 1.302 1.485 -0.427 3.142 -1.101
29 L -1.569 -2.215 -3.391 -3.649 -0.179 -2.669 -3.334 -3.411 -2.342 1.976 4.084 -2.507 2.104 0.804 -3.633 -3.187 -1.609 -1.679 -1.085 1.077
30 L -1.532 -2.395 -3.369 -3.545 -0.179 -2.786 -3.415 -3.432 -2.426 2.796 3.693 -2.55 1.933 0.678 -3.611 -3.168 -1.489 -1.789 -1.134 1.569
31 G 0.061 -2.386 -0.468 -1.351 -1.349 -2.224 -2.651 5.836 -1.505 -3.244 -3.489 -1.679 -2.695 -2.707 -2.808 -1.031 -1.948 -2.469 -3.177 -2.893
32 D -1.806 -1.617 1.17 5.875 -2.401 -0.901 1.022 -1.152 -0.565 -2.754 -3.52 -0.858 -2.726 -2.948 -2.318 -0.981 -1.441 -3.56 -3.072 -2.893
33 F -2.363 -2.925 -2.889 -3.343 -1.403 -3.893 -3.511 -2.903 -0.857 0.248 0.536 -3.333 0.173 6.559 -4.477 -3.059 -2.399 0.823 2.902 -0.536
34 R -1.563 5.563 -0.491 -1.592 -2.288 0.489 -0.589 -2.157 0.07 -2.64 -2.056 1.99 -1.252 -2.501 -2.733 -1.435 -1.482 -2.263 -1.801 -2.19
35 T 0.444 -0.96 0.133 -0.677 0.071 -0.882 -1.012 -0.75 -0.979 -0.885 -1.583 -0.584 -0.833 -1.765 -1.62 2.176 3.279 -2.37 -1.757 -0.379
36 Y -1.841 -1.806 -2.154 -3.051 -1.78 -1.812 -2.392 -2.961 2.076 -0.832 -0.939 -1.902 -0.711 3.32 -3.362 -2.466 -2.118 2.28 6.714 -1.008
37 S 0.603 -0.97 0.058 -0.703 -0.273 -0.827 -0.899 -0.566 0.309 -1.654 -1.976 -0.599 -1.095 0.262 -1.826 2.741 0.526 -0.615 2.862 -1.248
38 Y -1.841 -1.806 -2.154 -3.051 -1.78 -1.812 -2.392 -2.961 2.076 -0.832 -0.939 -1.902 -0.711 3.32 -3.362 -2.466 -2.118 2.28 6.714 -1.008
39 K -0.298 0.51 2.496 -0.128 -0.879 -0.146 -0.445 -0.766 -0.198 -1.667 -2.14 2.255 -1.248 -2.235 -1.841 1.066 1.571 -2.578 -1.851 -1.313
40 L -1.424 -2.183 -3.116 -3.352 -0.183 -2.333 -3.168 -3.233 -2.058 2.733 3.304 -2.285 3.288 0.598 -3.527 -2.875 -1.366 -1.706 -1.082 1.548
41 D -1.49 -1.041 0.743 5.005 -2.414 0.041 2.722 -1.402 -0.221 -2.767 -3.232 -0.264 -2.376 -2.84 -2.175 -0.926 -1.404 -3.126 -2.642 -2.628
42 W -1.827 -2.574 -2.827 -2.909 -1.355 -2.895 -2.865 -2.584 -1.474 1.368 -0.203 -2.404 -0.352 3.124 2.553 -2.725 -1.909 7.564 1.24 0.096
43 V -0.676 -1.31 -1.225 -0.435 -0.541 -0.508 1.848 -2.293 -1.117 2.073 -0.056 -0.763 -0.005 -1.071 -2.414 -0.999 1.257 -2.324 -1.601 1.914
44 D -0.383 -0.948 0.654 4.057 -1.346 -0.157 1.978 -0.915 -0.307 -2.464 -2.91 -0.281 -1.935 -2.521 -1.934 1.267 -0.374 -2.931 -2.327 -2.124
45 L 1.337 -1.619 -1.173 -1.684 -0.11 -1.694 -1.733 -0.956 -1.071 0.052 1.11 -1.351 0.217 2.904 -2.368 1.123 -0.36 -1.24 0.167 -0.151
46 L -0.597 -2.009 -1.855 -2.374 -0.231 -2.239 -2.415 -2.151 -1.567 1.437 2.062 -1.969 0.901 3.074 -3.054 -0.003 -0.687 -1.16 0.268 1.634
47 L -0.798 -1.741 -1.787 -2.396 -0.409 -1.89 -2.282 -2.228 -0.334 0.934 2.697 -1.739 1.114 1.262 -2.956 -0.028 -0.88 -0.332 2.949 0.286
48 F -1.001 -2.015 -1.413 -2.074 -0.392 -2.246 -2.415 -2.207 -1.458 1.795 0.275 -1.851 0.173 3.797 -2.783 -0.818 2.389 -0.819 0.748 0.858
49 L -1.459 -2.564 -3.216 -3.558 5.401 -3.047 -3.498 -3.038 -2.094 1.272 3.038 -2.791 1.329 3.015 -3.709 -2.813 -1.707 -1.188 0.082 0.535
50 L -1.421 -2.36 -3.138 -3.31 -0.197 -2.474 -3.267 -3.283 -2.168 3.287 2.948 -2.357 3.112 0.484 -3.532 -2.903 -1.303 -1.818 -1.141 1.879
51 L -1.541 -1.457 -2.301 -2.541 -0.698 1.007 -1.681 -2.854 -1.204 2.131 2.466 -1.433 1.197 2.935 -3.406 -2.5 -1.518 -1.147 0.195 0.931
52 Y -1.952 -2.012 -2.301 -3.121 -1.715 -2.139 -2.598 -2.963 1.668 -0.595 -0.591 -2.151 -0.525 4.322 -3.567 -2.589 -2.186 2.028 6.283 -0.921
53 L -1.838 -2.67 -3.175 -3.447 -0.622 -3.235 -3.492 -3.229 -1.727 2.3 2.634 -2.867 1.272 4.435 -3.933 -3.133 -1.794 -0.488 1.147 1.052
54 L -1.176 -2.277 -2.383 -2.777 -0.137 -2.49 -2.969 -2.913 -2.294 3.134 2.645 -2.163 1.359 0.182 -3.114 -1.891 0.989 -2.002 -1.311 1.781
55 P -0.879 -2.056 -1.976 -1.606 -1.5 -1.976 -1.665 -1.895 -1.65 -2.36 -2.793 -1.107 -2.446 -3.378 6.706 -1.495 -1.391 -4.592 -2.678 -2.204
56 L -1.583 -2.229 -3.405 -3.663 -0.193 -2.683 -3.348 -3.425 -2.356 1.962 4.106 -2.521 2.09 0.79 -3.647 -3.201 -1.623 -1.693 -1.099 1.063
57 L 0.714 -2.388 -2.941 -3.004 -0.007 -2.558 -2.941 -2.213 -2.239 3.1 2.632 -2.181 1.326 0.154 -3.044 -2.01 -1.157 -2.047 -1.319 1.77
58 I -1.765 -3.06 -3.138 -3.276 -0.622 -3.497 -3.646 -3.265 -1.849 3.548 1.239 -2.956 0.847 4.372 -3.889 -3.101 -1.569 -0.62 1.106 1.888
59 I -1.452 -2.936 -3.325 -3.306 -0.193 -3.129 -3.649 -3.502 -2.67 4.26 2.326 -2.68 1.422 0.309 -3.567 -3.135 -1.212 -2.112 -1.28 2.542
60 F -2.157 -2.438 -2.586 -3.237 -1.562 -2.89 -3.024 -2.94 0.669 -0.151 0.019 -2.687 -0.163 5.667 -3.992 -2.821 -2.298 1.482 5.058 -0.73
61 C -1.14 -2.537 -2.962 -3.454 7.197 -2.77 -3.348 -2.795 -0.919 0.631 2.108 -2.616 0.649 0.866 -3.428 -2.385 -1.606 -0.682 2.636 0.17
62 V -0.76 -2.343 -2.835 -3.162 -0.078 -2.437 -2.924 -2.904 -1.977 2.339 1.118 -2.367 2.647 2.869 -3.443 -2.403 -0.91 -1.25 0.197 3.215
63 V -0.681 -2.759 -3.101 -3.214 0.111 -2.863 -3.228 -3.196 -2.874 3.76 1.218 -2.544 0.973 -0.179 -3.343 -2.618 -0.727 -2.347 -1.328 3.749
64 K -0.869 2.051 -0.311 -0.765 -2.02 0.764 0.271 -1.385 -0.286 -2.166 -2.283 4.596 -1.266 -2.848 -1.73 -0.924 -1.125 -2.592 -1.831 -2.042
65 L -0.408 -1.48 -1.201 -1.813 -0.098 -1.311 -1.92 -1.809 -1.254 1.951 0.977 -1.268 3.7 -0.335 -2.54 0.444 1.354 -1.904 -1.297 1.023
66 F -2.313 -2.875 -2.839 -3.293 -1.353 -3.843 -3.461 -2.853 -0.807 0.298 0.586 -3.283 0.223 6.48 -4.427 -3.009 -2.349 0.873 2.952 -0.486
67 G 0.032 -1.036 -0.135 -0.253 -0.561 -0.514 1.109 2.082 -0.817 -1.443 -2.013 -0.508 -1.27 -2.081 -1.911 1.059 2.434 -2.388 -2.039 -0.949
68 G -0.242 -2.229 -0.072 2.059 -1.545 -1.921 -1.468 5.268 -1.305 -3.153 -3.51 -1.509 -2.716 -2.768 -2.717 -1.035 -1.853 -2.671 -3.17 -2.907
69 K -1.025 1.7 -0.15 -0.811 -2.088 0.594 0.125 -1.453 4.004 -2.266 -2.351 4.061 -1.274 -2.338 -1.913 -1.051 -1.32 -2.337 -0.735 -2.221
70 L -1.256 -2.527 -2.993 -3.27 -0.335 -2.679 -3.184 -3.277 -0.937 3.263 1.93 -2.446 1.059 1.148 -3.462 -2.825 -1.245 -0.57 2.741 2.477
71 L -1.036 0.265 -1.54 -2.011 -0.969 -0.692 -1.194 -2.3 -0.206 0.748 1.029 2.327 0.246 0.556 -2.616 -1.83 -1.248 -0.648 2.695 1.16
72 V -0.934 -2.692 -3.186 -3.299 0.013 -2.874 -3.314 -3.283 -2.747 3.625 2.115 -2.562 1.266 0.089 -3.428 -2.79 -0.938 -2.189 -1.28 3.253
73 D -1.218 -0.383 0.165 3.571 -1.545 -0.671 -0.012 -1.54 0.107 -1.576 -2.067 1.231 -1.459 -0.116 -2.241 -0.774 0.933 -0.914 2.553 -1.482
74 T -0.713 -0.34 -0.134 2.125 -0.964 -0.732 -0.435 -1.428 -1.032 -1.361 -2.008 1.297 -1.38 -2.395 2.599 -0.275 2.272 -2.908 -2.167 -1.064
75 F -1.048 -1.027 -1.644 -2.22 5.304 -1.912 -2.194 1.823 -1.173 -0.846 -0.77 0.729 -0.772 4.115 -3.162 -1.817 -1.805 -0.793 0.834 -1.142
76 E -0.887 2.126 -0.364 0.652 -1.715 0.786 3.383 -1.89 0.006 -2.065 -2.204 0.743 -1.404 -2.388 -2.029 -0.565 0.981 -2.357 -1.882 -1.529
77 G 0.08 -0.824 2.366 0.345 -0.955 -0.323 1.245 2.256 -0.131 -2.5 -2.803 -0.319 -1.778 -2.335 -2.031 1.664 -0.133 -2.614 -2.126 -2.0
78 I -1.207 -0.652 -1.748 -1.099 -0.846 -0.757 0.901 -2.636 -1.297 3.317 0.585 1.105 0.415 -0.673 -2.732 -2.008 -1.163 -2.337 -1.54 1.673
79 K -1.035 2.516 -1.059 -1.691 -1.39 -0.167 -0.789 -2.095 0.131 -0.056 -1.045 2.705 -0.625 0.094 -2.472 -1.545 -1.225 -0.722 2.661 0.754
80 L -1.875 -2.492 -3.194 -3.537 -0.622 -3.112 -3.418 -3.211 -1.668 1.389 3.14 -2.823 1.463 4.466 -3.956 -3.149 -1.914 -0.425 1.167 0.521
81 E -1.255 -0.465 2.381 3.023 -2.324 0.65 3.516 -1.374 0.318 -2.789 -2.976 0.204 -2.044 -2.661 -2.133 -0.716 -1.173 -2.74 -2.178 -2.393
82 K -0.664 0.901 -1.11 -1.54 5.327 -0.235 -0.71 -1.804 -1.087 -0.002 -1.105 3.268 -0.697 -2.042 -2.241 -1.309 -1.03 -2.682 -1.892 0.833
83 F -2.054 -2.714 -2.812 -3.27 -1.192 -3.235 -3.3 -3.04 -0.211 1.689 0.562 -2.877 0.264 5.493 -4.034 -2.953 -2.051 0.812 3.874 0.446
84 L 1.906 -2.194 -2.505 -2.617 -0.013 -2.338 -2.45 -1.281 -1.61 1.856 1.482 -1.899 0.577 2.801 -2.691 -1.181 -1.126 -1.299 0.062 0.969
85 F -2.033 -2.634 -3.093 -3.475 -0.864 -3.354 -3.453 -3.11 -1.377 1.053 2.501 -2.988 1.09 5.354 -4.123 -3.124 -2.071 0.048 1.861 0.206
86 Y -1.376 1.762 -1.294 -2.236 -1.39 -1.075 -1.751 -2.418 1.266 -0.99 -1.175 -0.451 -0.794 2.119 -2.844 -1.348 0.79 1.168 5.368 -0.918
87 L -0.249 -1.562 -1.232 -1.831 -0.102 -1.672 -1.925 -1.658 -1.468 0.945 2.829 -1.438 1.168 -0.029 -2.602 1.17 -0.3 -2.02 -1.359 0.325
88 L -1.802 -2.858 -3.156 -3.36 -0.622 -3.363 -3.568 -3.247 -1.788 2.991 2.02 -2.911 1.067 4.404 -3.911 -3.117 -1.679 -0.553 1.126 1.5
89 L -1.124 -2.421 -3.054 -3.223 -0.092 -2.464 -3.182 -3.196 -2.272 3.438 2.303 -2.339 2.961 0.252 -3.443 -2.725 -1.066 -1.957 -1.186 2.64
90 L -1.802 -2.858 -3.156 -3.36 -0.622 -3.363 -3.568 -3.247 -1.788 2.991 2.02 -2.911 1.067 4.404 -3.911 -3.117 -1.679 -0.553 1.126 1.5
91 T -0.393 -1.697 -1.036 -1.74 0.072 -1.733 -2.035 -1.984 -1.937 2.149 0.101 -1.41 0.17 -0.924 -2.281 -0.266 3.2 -2.267 -1.573 2.056
92 G -0.597 -2.464 -1.278 -2.044 -1.098 -2.595 -2.949 4.459 -1.519 -0.624 0.639 -2.119 -0.44 2.589 -3.249 -1.712 -1.974 -1.334 -0.371 -1.141
93 L -1.27 -2.287 -3.313 -3.566 -0.088 -2.672 -3.261 -3.335 -2.467 2.198 3.691 -2.503 1.872 0.582 -3.555 -3.004 -1.359 -1.826 -1.143 2.035
94 I -1.152 -3.01 -3.236 -3.22 -0.088 -3.117 -3.552 -3.409 -2.793 4.369 1.502 -2.661 1.146 0.062 -3.478 -2.942 -0.982 -2.267 -1.328 3.162
95 T -0.155 -1.135 -0.182 -1.057 0.079 -1.146 -1.421 -1.372 -1.456 -0.267 -1.1 -0.834 -0.575 -1.623 -1.73 0.662 4.369 -2.227 -1.749 0.187
96 L -1.726 -2.358 -3.298 -3.599 -0.4 -2.89 -3.383 -3.316 -1.992 1.69 3.663 -2.668 1.793 3.178 -3.797 -3.175 -1.765 -0.99 0.251 0.805
97 L -1.395 -2.939 -3.179 -3.381 5.401 -3.291 -3.652 -3.071 -2.233 2.925 1.868 -2.877 0.912 2.91 -3.668 -2.784 -1.488 -1.356 0.023 1.51
98 F -2.158 -2.979 -2.979 -3.33 -1.127 -3.763 -3.565 -3.029 -1.162 1.795 0.781 -3.211 0.407 6.014 -4.276 -3.082 -2.103 0.407 2.407 0.507
99 G 0.047 -2.4 -0.483 -1.365 -1.363 -2.238 -2.665 5.849 -1.519 -3.258 -3.503 -1.693 -2.71 -2.721 -2.822 -1.045 -1.962 -2.483 -3.191 -2.907
100 A 4.018 -1.526 -1.705 -1.73 0.637 -1.363 -1.341 0.331 -1.254 -0.873 -1.364 -0.891 -0.916 -1.891 -1.518 0.412 -0.465 -2.483 -1.798 0.096
101 N -1.303 -1.188 4.345 0.149 -0.946 -1.298 -1.537 -1.07 -0.071 1.679 -0.558 -1.039 -0.474 -1.271 -2.906 -0.929 -0.608 -2.717 -1.772 1.432
102 A 2.069 0.53 -0.707 -0.943 -0.639 2.968 0.3 -0.614 -0.134 -1.615 -1.79 1.82 -0.781 -2.479 -1.815 -0.272 -0.803 -2.399 -1.607 -0.931
103 I -1.152 -3.01 -3.236 -3.22 -0.088 -3.117 -3.552 -3.409 -2.793 4.369 1.502 -2.661 1.146 0.062 -3.478 -2.942 -0.982 -2.267 -1.328 3.162
104 G 0.047 -2.4 -0.483 -1.365 -1.363 -2.238 -2.665 5.849 -1.519 -3.258 -3.503 -1.693 -2.71 -2.721 -2.822 -1.045 -1.962 -2.483 -3.191 -2.907
105 H -0.667 0.166 0.216 -0.603 -1.568 2.992 0.359 -1.266 5.714 -2.371 -2.33 0.229 -0.916 -1.804 -2.258 0.484 -0.857 -1.975 0.174 -2.144
106 P -0.274 -1.833 -1.436 -1.52 -0.715 -1.753 -1.613 -1.613 -1.58 -0.211 -1.526 -1.14 -1.241 -2.252 5.317 0.269 -0.577 -3.574 -2.175 0.698
107 A 2.798 -1.05 3.399 -0.167 -0.13 -1.019 -1.098 0.131 -0.179 -1.487 -1.965 -0.657 -1.365 -2.09 -1.913 0.196 -0.477 -2.682 -1.92 -0.708
108 Q -0.742 0.415 -0.619 -0.88 -1.2 4.244 0.736 -1.819 0.16 0.131 -0.971 0.619 -0.077 -2.113 -2.41 -1.103 -0.871 -2.27 -1.321 1.126
109 G 0.139 -1.51 -0.468 -1.25 -0.119 -1.459 -1.679 2.04 -1.477 0.259 -1.054 -1.132 -0.646 -1.582 -2.126 0.935 2.487 -2.388 -1.899 1.158
110 G 0.047 -2.4 -0.483 -1.365 -1.363 -2.238 -2.665 5.849 -1.519 -3.258 -3.503 -1.693 -2.71 -2.721 -2.822 -1.045 -1.962 -2.483 -3.191 -2.907
111 L -1.802 -2.858 -3.156 -3.36 -0.622 -3.363 -3.568 -3.247 -1.788 2.991 2.02 -2.911 1.067 4.404 -3.911 -3.117 -1.679 -0.553 1.126 1.5
112 A 3.02 -1.455 -1.167 -1.357 0.193 -1.302 -1.235 -0.098 -1.158 -1.318 -1.789 -0.81 -1.229 -2.154 2.662 1.097 -0.26 -2.823 -1.954 -0.505
113 G 1.389 -2.203 -0.689 -1.435 -0.837 -2.041 -2.347 5.31 -1.464 -2.598 -2.93 -1.514 -2.251 -2.535 -2.51 -0.689 -1.594 -2.483 -2.853 -2.007
114 L -0.861 -2.309 -2.896 -2.959 -0.189 -2.507 -2.775 -2.89 -2.414 2.006 2.382 -2.145 1.046 -0.205 2.388 -2.438 -1.077 -2.399 -1.451 2.535
115 L -1.421 -2.36 -3.138 -3.31 -0.197 -2.474 -3.267 -3.283 -2.168 3.287 2.948 -2.357 3.112 0.484 -3.532 -2.903 -1.303 -1.818 -1.141 1.879
116 I -1.388 1.55 -2.332 -2.752 -0.513 -1.637 -2.543 -3.014 -1.593 3.539 1.297 -0.832 2.701 -0.139 -3.317 -2.485 -1.183 -2.038 -1.319 1.947
117 K 1.235 1.154 -0.357 -0.827 -0.832 0.191 -0.157 -0.697 -0.5 -1.817 -2.09 3.424 -1.186 -2.449 -1.643 0.795 -0.448 -2.57 -1.818 -1.341
118 I -1.587 -3.101 -3.22 -3.25 -0.4 -3.372 -3.687 -3.39 -2.266 4.14 1.443 -2.836 1.044 2.977 -3.713 -3.11 -1.334 -1.313 0.138 2.39
119 A 2.886 -1.977 -2.195 -2.236 0.421 -1.891 -1.976 -0.634 -1.792 2.003 -0.001 -1.452 0.017 -1.047 -2.126 -0.472 -0.59 -2.42 -1.601 2.028
120 S 0.341 -1.413 -0.48 -1.153 -0.147 -1.392 -1.384 -0.975 -0.933 0.235 -0.728 -1.094 -0.415 2.561 -2.226 2.157 0.26 -1.497 -0.023 0.994
121 K -0.869 2.051 -0.311 -0.765 -2.02 0.764 0.271 -1.385 -0.286 -2.166 -2.283 4.596 -1.266 -2.848 -1.73 -0.924 -1.125 -2.592 -1.831 -2.042
122 L -1.55 -2.39 -3.385 -3.569 -0.193 -2.788 -3.421 -3.444 -2.432 2.729 3.753 -2.56 1.937 0.677 -3.627 -3.185 -1.515 -1.792 -1.143 1.51
123 N -1.703 -0.458 5.732 1.239 -1.889 -0.569 -0.768 -0.197 0.926 -2.755 -3.194 -0.338 -2.204 -2.417 -2.63 -0.161 -0.494 -3.009 -2.111 -2.603
124 P -0.879 -2.056 -1.976 -1.606 -1.5 -1.976 -1.665 -1.895 -1.65 -2.36 -2.793 -1.107 -2.446 -3.378 6.706 -1.495 -1.391 -4.592 -2.678 -2.204
125 L -1.689 -2.058 -2.845 -3.409 -0.732 -2.309 -2.934 -3.237 0.229 1.136 2.948 -2.263 1.263 2.067 -3.536 -2.891 -1.816 0.552 4.372 0.398
126 V 1.103 -2.241 -2.744 -2.92 0.279 -2.338 -2.607 -2.014 -2.414 2.317 1.656 -2.066 0.859 -0.363 -2.856 -1.65 -0.681 -2.277 -1.367 3.265
127 L -1.55 -2.39 -3.385 -3.569 -0.193 -2.788 -3.421 -3.444 -2.432 2.729 3.753 -2.56 1.937 0.677 -3.627 -3.185 -1.515 -1.792 -1.143 1.51
128 L -1.583 -2.229 -3.405 -3.663 -0.193 -2.683 -3.348 -3.425 -2.356 1.962 4.106 -2.521 2.09 0.79 -3.647 -3.201 -1.623 -1.693 -1.099 1.063
129 P -0.787 -2.156 -1.815 -1.861 -1.162 -2.157 -2.124 1.838 -1.75 -0.931 0.32 -1.457 -0.838 -1.849 5.293 -1.66 -1.543 -3.306 -2.369 -1.281
130 L -1.55 -2.39 -3.385 -3.569 -0.193 -2.788 -3.421 -3.444 -2.432 2.729 3.753 -2.56 1.937 0.677 -3.627 -3.185 -1.515 -1.792 -1.143 1.51
131 L -1.55 -2.39 -3.385 -3.569 -0.193 -2.788 -3.421 -3.444 -2.432 2.729 3.753 -2.56 1.937 0.677 -3.627 -3.185 -1.515 -1.792 -1.143 1.51
132 T 1.461 -1.134 -0.278 -1.002 0.19 -1.071 -1.221 -0.69 -1.2 -0.657 -1.368 -0.736 -0.762 -1.745 -1.643 1.421 3.336 -2.347 -1.769 -0.08
133 F -2.377 -2.939 -2.903 -3.357 -1.417 -3.907 -3.525 -2.917 -0.871 0.234 0.522 -3.347 0.159 6.58 -4.491 -3.073 -2.413 0.809 2.888 -0.55
134 S 0.609 -0.919 0.216 -0.574 0.049 -0.814 -0.899 -0.578 -0.847 -1.158 -1.794 -0.52 -0.949 -1.835 -1.601 2.593 2.82 -2.44 -1.779 -0.628
135 N 0.64 -0.642 5.142 0.842 -1.177 -0.712 -0.874 -0.084 0.602 -2.268 -2.724 -0.441 -1.896 -2.304 -2.371 -0.037 -0.488 -2.896 -2.046 -1.825
136 V -0.934 -2.692 -3.186 -3.299 0.013 -2.874 -3.314 -3.283 -2.747 3.625 2.115 -2.562 1.266 0.089 -3.428 -2.79 -0.938 -2.189 -1.28 3.253
137 S 0.51 -0.002 0.194 -0.522 -0.269 -0.368 -0.539 -0.58 -0.622 -1.564 -2.052 1.478 -1.093 -2.059 -1.601 2.465 1.827 -2.515 -1.795 -1.072
138 V 0.971 -1.855 -1.734 -2.316 -0.095 -1.797 -2.053 -1.809 3.721 2.463 0.286 -1.735 0.288 -0.621 -2.762 -1.517 -0.892 -2.189 -0.513 2.693
139 R -1.421 5.149 -0.465 -1.417 -2.243 0.535 -0.406 -1.996 -0.009 -2.55 -2.112 2.724 -1.266 -2.579 -2.513 -1.336 -1.418 -2.337 -1.818 -2.171
140 K -1.025 1.7 -0.15 -0.811 -2.088 0.594 0.125 -1.453 4.004 -2.266 -2.351 4.061 -1.274 -2.338 -1.913 -1.051 -1.32 -2.337 -0.735 -2.221
141 F -2.377 -2.939 -2.903 -3.357 -1.417 -3.907 -3.525 -2.917 -0.871 0.234 0.522 -3.347 0.159 6.58 -4.491 -3.073 -2.413 0.809 2.888 -0.55
142 F 0.707 -2.383 -2.718 -2.974 -0.295 -2.737 -2.803 -1.991 -1.545 1.245 1.544 -2.357 0.629 4.308 -3.246 -1.866 -1.351 -0.603 1.089 1.522
143 F -0.907 -2.289 -1.86 -2.408 -0.677 -2.665 -2.561 -2.124 -1.098 0.791 0.223 -2.286 0.078 5.237 -3.376 -0.157 -0.995 -0.112 1.8 1.151
144 C -0.016 -2.469 -1.674 -2.277 8.913 -2.454 -2.682 -1.525 -2.129 -1.013 -1.358 -2.138 -1.134 -2.035 -2.696 0.567 -0.566 -3.076 -2.528 -0.635
145 V 0.984 -2.343 -2.802 -2.923 0.187 -2.441 -2.733 -2.083 -2.379 2.828 1.781 -2.115 0.95 -0.232 -2.912 -1.762 -0.803 -2.237 -1.367 2.933
146 L 0.683 -2.074 -2.976 -3.159 -0.007 -2.366 -2.82 -2.188 -2.1 1.576 3.569 -2.113 1.69 0.418 -3.077 -2.032 -1.351 -1.835 -1.226 0.894
147 V -0.599 -1.491 -2.187 -2.389 -0.137 1.071 -1.517 -2.722 -1.727 2.945 0.693 -1.3 0.681 -0.651 -3.038 -2.073 -0.71 -2.347 -1.328 3.393
148 C -0.585 -2.771 -3.068 -3.395 7.232 -2.959 -3.394 -2.726 -2.84 1.739 1.444 -2.719 0.549 -0.638 -3.31 -2.207 -1.026 -2.559 -1.785 2.487
149 L -1.484 -2.742 -3.345 -3.391 -0.193 -3.011 -3.571 -3.483 -2.588 3.834 2.884 -2.639 1.604 0.437 -3.587 -3.152 -1.309 -2.002 -1.234 2.237
150 F -2.2 -2.782 -2.997 -3.416 -1.127 -3.617 -3.489 -3.012 -1.113 0.672 1.678 -3.162 0.662 6.032 -4.301 -3.098 -2.237 0.453 2.42 -0.147
151 F -2.053 -2.217 -2.44 -3.178 -1.637 -2.49 -2.803 -2.952 1.212 -0.365 -0.27 -2.407 -0.338 5.072 -3.772 -2.703 -2.241 1.768 5.735 -0.824
152 G 0.308 -1.469 -0.325 -1.091 -0.505 -1.267 -1.616 3.613 -0.975 -1.13 -0.998 -1.035 1.882 -1.53 -2.299 1.495 -0.306 -2.257 -2.032 -1.132
153 Y -1.945 -1.97 -1.222 1.717 -1.826 -1.91 -1.459 -2.501 1.241 -0.865 -0.909 -1.89 -0.809 3.938 -3.31 -2.212 -2.035 1.425 5.541 -1.202
154 L -1.126 -0.502 -1.976 -2.357 -0.489 -0.884 -1.799 -2.474 -1.109 2.169 1.5 1.01 4.61 -0.052 -2.944 -1.96 -1.102 -1.726 -1.133 1.097
155 Q -0.833 0.476 -0.524 -0.804 5.275 4.424 0.818 -1.646 0.275 -1.912 -1.822 0.691 -0.569 -2.789 -2.376 -0.959 -1.083 -2.409 -1.573 -1.497
156 H -1.217 -0.364 2.252 -0.539 -1.461 1.631 -0.382 -1.501 5.683 -0.345 -1.48 -0.411 -0.71 -1.369 -2.706 -1.207 -1.2 -2.075 0.143 0.509
157 S 0.649 -0.716 2.519 0.086 -0.265 -0.604 -0.631 -0.159 -0.155 -2.097 -2.518 -0.33 -1.4 -2.067 -1.709 2.964 0.729 -2.671 -1.858 -1.548
158 L -1.583 -2.229 -3.405 -3.663 -0.193 -2.683 -3.348 -3.425 -2.356 1.962 4.106 -2.521 2.09 0.79 -3.647 -3.201 -1.623 -1.693 -1.099 1.063
159 Q -0.833 0.476 -0.524 -0.804 5.275 4.424 0.818 -1.646 0.275 -1.912 -1.822 0.691 -0.569 -2.789 -2.376 -0.959 -1.083 -2.409 -1.573 -1.497
160 G -0.114 -0.81 -0.447 -1.235 -1.483 -1.338 -1.792 5.264 -1.227 -3.004 -3.215 1.029 -2.357 -2.746 -2.568 -1.02 -1.774 -2.504 -2.863 -2.712
161 I -1.303 -2.431 -2.737 -3.156 -0.606 -2.487 -2.981 -3.186 0.122 3.024 0.68 -2.318 0.493 1.782 -3.409 -2.685 -1.328 0.399 4.352 2.289
162 L -1.837 -2.18 -2.756 -3.35 -0.983 -2.49 -2.964 -3.134 0.383 0.768 2.258 -2.398 0.861 3.806 -3.68 -2.867 -1.968 0.897 4.619 0.069
163 I -1.152 -3.01 -3.236 -3.22 -0.088 -3.117 -3.552 -3.409 -2.793 4.369 1.502 -2.661 1.146 0.062 -3.478 -2.942 -0.982 -2.267 -1.328 3.162
164 L -1.526 -2.172 -3.348 -3.606 -0.136 -2.626 -3.291 -3.368 -2.299 2.019 4.014 -2.464 2.147 0.847 -3.59 -3.144 -1.566 -1.636 -1.042 1.12
165 S 1.776 -0.988 0.003 -0.677 0.171 -0.852 -0.886 -0.245 -0.813 -1.311 -1.859 -0.53 -1.024 -1.891 -1.559 2.569 1.88 -2.494 -1.788 -0.652
166 F -1.498 -2.737 -3.09 -3.357 -0.501 -3.222 -3.4 -3.144 -1.816 2.511 1.905 -2.846 0.98 4.378 -3.832 -2.94 -1.515 -0.575 1.126 2.027
167 F -2.033 -2.634 -3.093 -3.475 -0.864 -3.354 -3.453 -3.11 -1.377 1.053 2.501 -2.988 1.09 5.354 -4.123 -3.124 -2.071 0.048 1.861 0.206
168 C 0.248 -1.931 -1.11 -1.736 7.231 -1.872 -2.008 -1.302 -1.727 0.201 -0.939 -1.586 -0.661 -1.633 -2.424 1.378 -0.065 -2.811 -2.057 1.096
169 L 0.845 1.612 -2.147 -2.559 -0.193 -1.549 -2.131 -1.946 -1.619 2.25 1.494 -0.677 0.658 -0.521 -2.822 -1.598 -0.998 -2.208 -1.46 1.983
170 G -0.218 -2.201 -1.173 -1.921 -0.711 -2.038 -2.66 4.47 -1.637 0.276 -0.42 -1.784 2.0 -1.301 -2.986 -1.45 -1.428 -2.208 -2.163 0.898
171 A 2.137 1.761 -1.249 -1.785 0.046 -1.029 -1.435 -0.877 -1.219 0.329 -0.803 -0.221 -0.48 -1.587 -2.064 -0.23 1.241 -2.378 -1.691 1.335
172 F -2.265 -2.678 -2.74 -3.296 -1.489 -3.354 -3.264 -2.929 0.001 0.048 0.281 -2.998 0.002 6.159 -4.231 -2.944 -2.355 1.165 4.173 -0.639
173 I -1.727 -2.692 -2.868 -3.201 -0.797 -2.939 -3.278 -3.205 -0.328 3.09 0.902 -2.617 0.597 3.815 -3.695 -2.921 -1.622 0.316 3.666 1.561
174 L -1.527 -2.418 -3.366 -3.532 -0.179 -2.801 -3.425 -3.435 -2.436 2.884 3.64 -2.555 1.911 0.662 -3.608 -3.166 -1.474 -1.804 -1.14 1.625
175 L -1.209 -1.72 2.069 -1.427 -0.372 -1.969 -2.364 -2.137 -1.206 1.689 2.627 -1.771 1.139 -0.043 -3.24 -1.912 -0.99 -2.141 -1.367 1.852
176 R -1.398 4.116 2.587 -0.413 -2.108 0.342 -0.382 -1.347 0.238 -2.534 -2.355 2.568 -1.46 -2.555 -2.416 -0.931 -1.109 -2.509 -1.876 -2.242
177 K -0.871 0.848 2.459 -0.455 -1.205 -0.112 -0.52 -1.313 -0.331 0.117 -1.224 2.931 -0.75 -1.934 -2.245 -0.97 -0.778 -2.634 -1.747 1.014
178 N -1.427 2.822 4.032 0.297 -2.006 0.102 -0.419 -0.857 0.468 -2.558 -2.626 2.222 -1.683 -2.53 -2.39 -0.609 -0.857 -2.691 -1.95 -2.338
179 L -1.486 -2.636 -3.341 -3.421 -0.179 -2.939 -3.518 -3.459 -2.534 3.573 3.116 -2.605 1.705 0.513 -3.583 -3.146 -1.345 -1.934 -1.197 2.086
180 N -0.013 -0.602 4.138 0.588 -0.759 -0.577 -0.667 -0.159 0.313 -2.313 -2.739 -0.319 -1.662 -2.179 -2.007 2.109 0.343 -2.779 -1.936 -1.886
181 G -0.578 0.013 2.618 -0.274 -1.155 -0.579 -0.941 2.569 -0.389 -1.856 -2.348 1.641 -1.556 -2.347 -2.17 -0.269 1.409 -2.55 -2.153 -1.545
182 D 1.108 -0.347 -0.574 2.438 -0.71 -0.836 -0.439 -1.117 -1.06 1.409 -0.691 1.502 -0.549 -1.567 -2.167 -0.887 -1.004 -2.662 -1.928 0.384
183 L -0.937 -0.364 -1.386 -1.889 -0.459 -1.126 -1.586 -2.225 -1.537 2.103 1.627 1.367 0.691 -0.524 -2.501 -1.171 1.364 -2.153 -1.472 1.016
184 F -2.143 -2.73 -3.006 -3.416 -1.045 -3.535 -3.466 -3.022 -1.163 0.786 1.901 -3.103 0.789 5.857 -4.242 -3.091 -2.18 0.371 2.304 -0.041
185 I -1.69 -2.153 2.079 -1.339 -0.814 -2.409 -2.611 -2.152 -0.926 2.999 0.688 -2.012 0.407 3.236 -3.465 -2.031 -1.192 -1.228 0.331 1.434
186 L -1.939 -2.548 -3.129 -3.492 -0.726 -3.216 -3.421 -3.146 -1.505 1.24 2.824 -2.89 1.297 4.927 -4.024 -3.122 -1.977 -0.165 1.549 0.382
187 L -1.076 -2.059 -3.002 -3.313 -0.053 -2.171 -2.966 -3.085 -2.063 2.183 3.093 -2.193 3.358 0.447 -3.427 -2.637 -1.154 -1.751 -1.081 2.204
188 L -1.748 -2.377 -3.257 -3.569 -0.44 -2.93 -3.377 -3.275 -1.893 1.631 3.522 -2.692 1.729 3.547 -3.822 -3.154 -1.787 -0.824 0.523 0.751
189 L -1.407 -2.18 -3.083 -3.317 -0.183 -2.294 -3.147 -3.212 -2.025 2.815 3.189 -2.258 3.406 0.571 -3.514 -2.838 -1.337 -1.71 -1.081 1.602
190 L -0.379 -1.842 -1.788 -2.298 0.007 -1.986 -2.288 -2.113 -1.869 1.739 2.659 -1.766 1.229 0.007 -2.846 0.219 -0.471 -2.059 -1.303 1.936
191 P -0.865 -2.042 -1.962 -1.592 -1.486 -1.962 -1.651 -1.881 -1.636 -2.346 -2.779 -1.093 -2.432 -3.364 6.692 -1.48 -1.377 -4.578 -2.664 -2.19
192 L -1.66 -2.824 -3.209 -3.347 -0.44 -3.227 -3.564 -3.321 -2.057 3.38 2.296 -2.797 1.27 3.438 -3.768 -3.114 -1.507 -1.011 0.459 1.859
193 L -1.66 -2.824 -3.209 -3.347 -0.44 -3.227 -3.564 -3.321 -2.057 3.38 2.296 -2.797 1.27 3.438 -3.768 -3.114 -1.507 -1.011 0.459 1.859
194 F -1.891 -2.777 -3.106 -3.381 -0.726 -3.377 -3.515 -3.168 -1.575 2.365 2.105 -2.946 1.04 4.894 -3.995 -3.102 -1.824 -0.238 1.527 1.063
195 L -0.665 -1.423 -0.863 -1.687 -0.524 -1.391 -1.673 -1.849 4.331 1.928 1.502 -1.394 0.59 -0.279 -2.729 0.307 -0.719 -1.956 -0.285 0.701
196 G 0.018 -1.338 0.027 -0.958 -1.124 -1.163 -1.417 4.11 4.388 -2.728 -2.945 -1.056 -1.885 -1.965 -2.416 0.743 -0.946 -2.213 -0.861 -2.448
197 P -1.173 -2.239 -2.167 -1.941 -1.465 -2.337 -2.016 -2.104 -1.421 -1.45 -1.535 -1.511 -1.531 2.824 5.881 -1.802 -1.6 -2.082 -0.054 -1.68
198 L -1.527 -2.418 -3.366 -3.532 -0.179 -2.801 -3.425 -3.435 -2.436 2.884 3.64 -2.555 1.911 0.662 -3.608 -3.166 -1.474 -1.804 -1.14 1.625
199 L -1.618 -2.142 -2.984 -3.351 -0.445 -2.401 -3.104 -3.064 -1.548 1.524 3.051 -2.381 3.299 3.513 -3.721 -2.827 -1.635 -0.756 0.556 0.718
200 D -1.566 -1.175 0.856 5.248 -2.411 -0.167 2.381 -1.338 -0.303 -2.763 -3.302 -0.402 -2.46 -2.867 -2.21 -0.94 -1.413 -3.228 -2.743 -2.692
201 L -1.11 -2.72 -3.228 -3.309 -0.048 -2.925 -3.403 -3.344 -2.683 3.745 2.35 -2.582 1.388 0.222 -3.47 -2.904 -1.046 -2.117 -1.255 2.939
202 L -1.486 -2.636 -3.341 -3.421 -0.179 -2.939 -3.518 -3.459 -2.534 3.573 3.116 -2.605 1.705 0.513 -3.583 -3.146 -1.345 -1.934 -1.197 2.086
203 T -0.034 -1.403 -0.483 -1.209 0.015 -1.368 -1.57 -1.356 -1.421 1.72 -0.316 -1.035 -0.117 -1.115 -2.013 1.205 2.933 -2.3 -1.635 0.89
204 Y -1.806 -1.338 -0.297 2.361 -2.065 -1.098 -0.707 -2.092 4.812 -1.625 -1.801 -1.314 -1.252 1.782 -2.921 -1.811 -1.965 0.81 4.997 -1.828
205 L -1.11 -2.72 -3.228 -3.309 -0.048 -2.925 -3.403 -3.344 -2.683 3.745 2.35 -2.582 1.388 0.222 -3.47 -2.904 -1.046 -2.117 -1.255 2.939
206 Y -1.841 -1.806 -2.154 -3.051 -1.78 -1.812 -2.392 -2.961 2.076 -0.832 -0.939 -1.902 -0.711 3.32 -3.362 -2.466 -2.118 2.28 6.714 -1.008
207 T -0.315 -0.437 -0.156 -0.864 -0.297 1.871 -0.43 -1.394 -0.723 -0.64 -1.292 -0.17 -0.528 -1.897 -1.825 0.375 3.646 -2.213 -1.624 -0.187
208 L -1.527 -2.418 -3.366 -3.532 -0.179 -2.801 -3.425 -3.435 -2.436 2.884 3.64 -2.555 1.911 0.662 -3.608 -3.166 -1.474 -1.804 -1.14 1.625
209 R -1.563 5.563 -0.491 -1.592 -2.288 0.489 -0.589 -2.157 0.07 -2.64 -2.056 1.99 -1.252 -2.501 -2.733 -1.435 -1.482 -2.263 -1.801 -2.19
210 N -0.731 -0.522 5.025 0.94 -1.263 -0.566 -0.71 -0.171 0.644 -2.519 -2.951 -0.322 -1.914 -2.289 -2.295 1.196 -0.039 -2.885 -2.016 -2.216
211 E -0.938 0.176 -0.304 1.122 -2.306 2.746 4.031 -1.853 0.463 -2.653 -2.536 0.794 -1.381 -2.72 -1.975 -0.81 -1.244 -2.364 -1.768 -2.072
212 L 1.149 -1.783 -2.385 -2.595 0.044 -1.562 -2.331 -1.683 -1.41 2.375 1.422 -1.564 4.166 -0.059 -2.77 -1.374 -0.912 -1.793 -1.18 1.4
213 R -1.563 5.563 -0.491 -1.592 -2.288 0.489 -0.589 -2.157 0.07 -2.64 -2.056 1.99 -1.252 -2.501 -2.733 -1.435 -1.482 -2.263 -1.801 -2.19
214 G 0.061 -2.386 -0.468 -1.351 -1.349 -2.224 -2.651 5.836 -1.505 -3.244 -3.489 -1.679 -2.695 -2.707 -2.808 -1.031 -1.948 -2.469 -3.177 -2.893
215 V -0.558 -1.842 2.104 -1.315 -0.1 -1.948 -2.21 -1.993 -1.395 2.299 0.31 -1.736 0.295 -0.809 -3.043 -1.601 -0.48 -2.55 -1.49 3.46
216 A 2.63 -1.021 2.498 -0.34 0.031 -0.937 -0.978 0.104 -0.36 -1.495 -1.962 -0.585 -1.257 -2.024 -1.744 1.388 -0.027 -2.62 -1.859 -0.719
217 F -2.363 -2.925 -2.889 -3.343 -1.403 -3.893 -3.511 -2.903 -0.857 0.248 0.536 -3.333 0.173 6.559 -4.477 -3.059 -2.399 0.823 2.902 -0.536
218 D -0.773 -1.065 3.02 4.303 -1.465 -0.734 0.299 -0.613 -0.093 -2.525 -3.103 -0.576 -2.145 -2.538 -2.158 0.959 -0.413 -3.143 -2.449 -2.346
219 S 0.765 -1.117 -0.082 -0.777 0.113 -0.986 -1.015 -0.627 -0.935 0.249 -1.135 -0.713 -0.564 -1.502 -1.844 2.661 0.68 -2.536 -1.659 1.257
220 D -0.603 -0.695 2.859 3.119 -1.472 -0.037 1.952 -0.766 0.131 -2.534 -2.913 -0.159 -1.925 -2.468 -2.056 0.98 -0.393 -2.854 -2.181 -2.179
221 E -0.938 0.176 -0.304 1.122 -2.306 2.746 4.031 -1.853 0.463 -2.653 -2.536 0.794 -1.381 -2.72 -1.975 -0.81 -1.244 -2.364 -1.768 -2.072
222 I -1.074 -2.963 -3.204 -3.205 -0.048 -3.069 -3.496 -3.367 -2.789 4.271 1.482 -2.632 1.139 0.047 -3.446 -2.886 -0.934 -2.263 -1.314 3.239
223 L -1.576 -2.339 -2.962 -3.246 -0.445 -2.521 -3.188 -3.085 -1.619 2.561 2.393 -2.428 3.173 3.459 -3.695 -2.809 -1.499 -0.846 0.524 1.332
224 S 0.491 -1.177 -0.076 -0.793 -0.256 -1.137 -1.085 -0.618 -0.576 -1.219 -1.322 -0.824 -0.801 2.977 -2.01 2.631 0.436 -1.29 0.243 -1.104
225 L -1.569 -2.215 -3.391 -3.649 -0.179 -2.669 -3.334 -3.411 -2.342 1.976 4.084 -2.507 2.104 0.804 -3.633 -3.187 -1.609 -1.679 -1.085 1.077
226 A 3.483 -1.308 -0.982 -1.284 0.511 -1.142 -1.122 0.232 -1.033 -1.093 -1.571 -0.726 -0.977 -1.9 -1.504 1.48 -0.02 -2.496 -1.784 -0.187
227 L -1.11 -2.72 -3.228 -3.309 -0.048 -2.925 -3.403 -3.344 -2.683 3.745 2.35 -2.582 1.388 0.222 -3.47 -2.904 -1.046 -2.117 -1.255 2.939
228 G 0.061 -2.386 -0.468 -1.351 -1.349 -2.224 -2.651 5.836 -1.505 -3.244 -3.489 -1.679 -2.695 -2.707 -2.808 -1.031 -1.948 -2.469 -3.177 -2.893
229 R -1.563 5.563 -0.491 -1.592 -2.288 0.489 -0.589 -2.157 0.07 -2.64 -2.056 1.99 -1.252 -2.501 -2.733 -1.435 -1.482 -2.263 -1.801 -2.19
230 I -1.405 -3.129 -3.291 -3.209 -0.179 -3.238 -3.715 -3.508 -2.74 4.595 1.648 -2.707 1.243 0.189 -3.533 -3.105 -1.103 -2.213 -1.314 2.832
231 S 1.039 -0.77 0.468 -0.277 0.044 -0.598 -0.584 -0.135 -0.489 -1.94 -2.357 -0.314 -1.215 -1.972 -1.504 3.359 0.982 -2.578 -1.784 -1.321
232 T 1.743 -1.119 -0.288 -0.975 0.231 -1.039 -1.159 -0.528 -1.125 -0.749 -1.425 -0.698 -0.797 -1.762 -1.608 1.569 2.978 -2.364 -1.759 -0.136
233 L -0.736 -1.78 -1.338 -1.994 -0.04 -1.896 -2.273 -2.221 -1.936 2.253 1.72 -1.576 0.789 -0.357 -2.501 -0.643 2.707 -2.07 -1.453 1.295
234 S 1.039 -0.77 0.468 -0.277 0.044 -0.598 -0.584 -0.135 -0.489 -1.94 -2.357 -0.314 -1.215 -1.972 -1.504 3.359 0.982 -2.578 -1.784 -1.321
235 S 1.039 -0.77 0.468 -0.277 0.044 -0.598 -0.584 -0.135 -0.489 -1.94 -2.357 -0.314 -1.215 -1.972 -1.504 3.359 0.982 -2.578 -1.784 -1.321
236 L -1.702 -2.003 -2.707 -3.334 -0.87 -2.209 -2.825 -3.177 0.641 0.901 2.55 -2.188 1.027 2.328 -3.494 -2.804 -1.852 0.932 4.901 0.219
237 L -1.486 -2.636 -3.341 -3.421 -0.179 -2.939 -3.518 -3.459 -2.534 3.573 3.116 -2.605 1.705 0.513 -3.583 -3.146 -1.345 -1.934 -1.197 2.086
238 Y -1.59 -1.295 -1.594 -1.115 -1.931 -0.662 1.248 -2.682 1.734 -1.212 -1.293 -1.025 -0.944 2.609 -2.925 -1.958 -1.9 1.633 5.932 -1.256
239 I -1.034 -2.482 -2.144 -2.498 -0.108 -2.551 -2.944 -2.803 -2.356 3.939 1.169 -2.108 0.886 -0.166 -2.961 -1.613 1.414 -2.213 -1.413 2.364
240 L -1.333 2.563 -1.505 -2.061 -0.997 -0.629 -1.345 -2.471 -1.065 1.918 1.545 1.876 0.59 -0.658 -2.797 -1.985 -1.318 -2.165 -1.487 0.692
241 D -0.611 -0.679 0.476 2.907 -1.571 0.042 1.975 -1.157 4.506 -2.522 -2.777 -0.263 -1.694 -1.996 -2.089 0.78 -0.735 -2.416 -0.681 -2.275
242 N -0.841 -0.984 3.996 0.215 -1.161 -1.111 -1.184 -0.647 0.247 -1.506 -1.584 -0.831 -1.183 2.941 -2.62 0.893 -0.357 -1.417 0.168 -1.624
243 L -0.657 -1.443 2.347 -0.77 -0.454 -1.523 -1.754 -1.361 -0.773 1.926 1.472 -1.241 0.487 -0.53 -2.688 0.542 -0.379 -2.325 -1.543 0.735
244 T -0.098 -1.078 -0.124 -1.0 0.136 -1.089 -1.363 -1.314 -1.399 -0.21 -1.043 -0.776 -0.517 -1.566 -1.673 0.719 4.201 -2.17 -1.692 0.244
245 F -1.392 -1.414 -0.882 -1.904 -1.212 -1.469 -1.752 -2.15 4.596 -0.69 -0.815 -1.541 -0.549 3.651 -2.913 -1.233 1.1 0.401 3.87 -0.875
246 N -1.348 -1.075 3.953 0.07 -1.143 -1.26 -1.414 -0.961 0.085 -1.05 -1.293 -0.973 -1.007 2.958 -2.696 -0.376 1.45 -1.353 0.174 -1.115
247 F -0.583 -1.765 -0.973 -1.682 -0.574 -1.99 -1.966 -1.584 -0.891 -0.299 -0.355 -1.622 -0.301 4.715 -2.699 0.735 1.514 -0.357 1.425 -0.498
248 E -0.121 -0.15 -0.029 0.11 -0.842 2.239 1.96 -1.16 -0.089 -1.645 -1.981 0.284 -0.948 -2.251 -1.817 1.162 1.706 -2.351 -1.683 -1.123
249 G 0.339 -1.89 -0.204 -1.043 -0.933 -1.724 -1.98 5.125 -1.215 -2.859 -3.162 -1.273 -2.248 -2.505 -2.423 0.813 -0.895 -2.496 -2.761 -2.413
250 V -0.262 -2.515 -2.958 -3.193 0.311 -2.616 -2.922 -2.984 -2.943 3.001 0.917 -2.417 0.803 -0.427 -3.2 -2.313 -0.48 -2.416 -1.314 4.2
251 S 1.039 -0.77 0.468 -0.277 0.044 -0.598 -0.584 -0.135 -0.489 -1.94 -2.357 -0.314 -1.215 -1.972 -1.504 3.359 0.982 -2.578 -1.784 -1.321
252 D -1.555 -0.72 0.898 5.153 -2.278 1.934 1.111 -1.237 -0.179 -2.625 -3.066 -0.193 -1.961 -2.958 -2.283 -0.93 -1.325 -3.16 -2.522 -2.584
253 Y -1.963 -2.048 -2.321 -3.121 -1.681 -2.209 -2.634 -2.946 1.575 -0.522 -0.494 -2.199 -0.463 4.524 -3.603 -2.603 -2.186 1.979 6.13 -0.883
254 F -2.363 -2.925 -2.889 -3.343 -1.403 -3.893 -3.511 -2.903 -0.857 0.248 0.536 -3.333 0.173 6.559 -4.477 -3.059 -2.399 0.823 2.902 -0.536
255 S 0.765 -1.117 -0.082 -0.777 0.113 -0.986 -1.015 -0.627 -0.935 0.249 -1.135 -0.713 -0.564 -1.502 -1.844 2.661 0.68 -2.536 -1.659 1.257
256 L -1.704 -2.592 -3.233 -3.456 -0.44 -3.075 -3.469 -3.298 -1.974 2.636 2.973 -2.744 1.508 3.493 -3.795 -3.134 -1.644 -0.916 0.491 1.358
257 G 0.061 -2.386 -0.468 -1.351 -1.349 -2.224 -2.651 5.836 -1.505 -3.244 -3.489 -1.679 -2.695 -2.707 -2.808 -1.031 -1.948 -2.469 -3.177 -2.893
258 I -1.445 -2.872 -3.316 -3.313 -0.179 -3.085 -3.615 -3.483 -2.635 4.129 2.474 -2.656 1.483 0.356 -3.558 -3.125 -1.222 -2.07 -1.255 2.483
259 V -0.88 -2.284 -2.788 -3.137 -0.166 -2.377 -2.907 -2.866 -1.762 2.166 1.183 -2.338 2.93 3.31 -3.489 -2.408 -1.011 -1.003 0.493 2.866
260 L -1.351 -1.166 -2.154 -2.355 -0.529 1.506 -1.345 -2.825 -1.279 2.447 2.785 -1.089 1.421 0.047 -3.174 -2.359 -1.318 -1.934 -1.197 1.221
261 E -1.139 -0.453 0.101 3.331 -2.43 0.902 3.999 -1.748 0.158 -2.783 -2.909 0.339 -1.991 -2.711 -2.007 -0.859 -1.357 -2.662 -2.181 -2.328
262 R -1.369 5.006 -0.441 -1.358 -2.215 0.564 -0.345 -1.939 -0.012 -2.51 -2.108 2.876 -1.252 -2.581 -2.443 -1.294 -1.385 -2.338 -1.805 -2.149
263 L -1.569 -2.215 -3.391 -3.649 -0.179 -2.669 -3.334 -3.411 -2.342 1.976 4.084 -2.507 2.104 0.804 -3.633 -3.187 -1.609 -1.679 -1.085 1.077
264 L -0.636 -1.954 -1.841 -2.301 -0.122 -2.101 -2.431 -2.203 -1.833 2.463 2.77 -1.822 1.329 0.151 -2.917 0.146 -0.614 -2.013 -1.303 1.267
265 G 0.061 -2.386 -0.468 -1.351 -1.349 -2.224 -2.651 5.836 -1.505 -3.244 -3.489 -1.679 -2.695 -2.707 -2.808 -1.031 -1.948 -2.469 -3.177 -2.893
266 F -1.463 -2.865 -3.002 -3.271 -0.569 -3.36 -3.399 -3.064 -1.681 2.622 0.946 -2.92 0.634 4.832 -3.866 -2.864 -1.474 -0.338 1.504 2.214
267 S 0.254 -0.75 0.312 -0.623 -0.382 -0.612 -0.754 -0.751 4.429 -1.558 -2.039 -0.55 -1.054 -1.573 -1.83 2.087 1.909 -2.177 -0.477 -1.152
268 L -1.3 -2.674 -3.124 -3.343 -0.297 -3.059 -3.356 -3.19 -2.096 2.871 2.163 -2.719 1.167 3.392 -3.674 -2.894 -1.314 -1.043 0.459 2.415
269 F -2.143 -2.73 -3.006 -3.416 -1.045 -3.535 -3.466 -3.022 -1.163 0.786 1.901 -3.103 0.789 5.857 -4.242 -3.091 -2.18 0.371 2.304 -0.041
270 D -1.746 -0.971 4.248 4.405 -2.126 -0.723 0.268 -0.627 0.285 -2.747 -3.345 -0.579 -2.446 -2.663 -2.463 -0.534 -0.921 -3.263 -2.544 -2.737
271 T -0.409 -1.508 -0.689 -1.452 0.027 -1.532 -1.834 -1.764 -1.715 1.876 -0.125 -1.188 0.006 -1.044 -2.074 0.095 3.641 -2.213 -1.624 1.114
272 V -0.201 -1.735 -1.238 -1.922 0.204 -1.779 -2.066 -2.058 -2.096 1.81 0.086 -1.509 0.201 -0.958 -2.363 -0.447 2.828 -2.313 -1.517 2.844
273 S 1.039 -0.77 0.468 -0.277 0.044 -0.598 -0.584 -0.135 -0.489 -1.94 -2.357 -0.314 -1.215 -1.972 -1.504 3.359 0.982 -2.578 -1.784 -1.321
274 P -0.865 -2.042 -1.962 -1.592 -1.486 -1.962 -1.651 -1.881 -1.636 -2.346 -2.779 -1.093 -2.432 -3.364 6.692 -1.48 -1.377 -4.578 -2.664 -2.19
275 S 1.039 -0.77 0.468 -0.277 0.044 -0.598 -0.584 -0.135 -0.489 -1.94 -2.357 -0.314 -1.215 -1.972 -1.504 3.359 0.982 -2.578 -1.784 -1.321
276 D -1.432 -0.671 2.642 2.759 -1.465 1.816 0.054 -1.357 -0.083 1.238 -0.933 -0.352 -0.594 -1.702 -2.616 -1.065 -0.986 -2.691 -1.864 -0.018
277 V -0.81 -2.575 -3.143 -3.305 0.077 -2.773 -3.205 -3.212 -2.731 3.301 2.221 -2.509 1.289 0.081 -3.385 -2.699 -0.88 -2.165 -1.255 3.332
278 F -2.363 -2.925 -2.889 -3.343 -1.403 -3.893 -3.511 -2.903 -0.857 0.248 0.536 -3.333 0.173 6.559 -4.477 -3.059 -2.399 0.823 2.902 -0.536
279 N -1.688 -0.443 5.703 1.253 -1.875 -0.555 -0.754 -0.183 0.94 -2.741 -3.18 -0.324 -2.19 -2.403 -2.616 -0.146 -0.48 -2.995 -2.097 -2.589
280 K -0.811 0.775 -0.776 -1.332 -0.859 -0.232 -0.702 -1.758 -0.957 -0.111 1.03 2.89 0.136 -1.196 -2.089 -0.778 1.363 -2.238 -1.597 -0.373
281 A 2.347 -1.609 -0.747 2.376 -0.401 -1.334 -0.713 -0.57 0.125 -1.221 -1.634 -1.096 -1.206 0.38 -2.077 -0.422 -1.032 -0.516 3.089 -0.689
282 I -1.284 -2.053 -2.242 -1.175 -0.6 -1.293 1.014 -3.043 -1.603 3.838 1.022 -1.443 0.731 -0.3 -3.034 -2.343 -1.158 -2.263 -1.457 2.167
283 L -1.183 -2.287 -3.276 -3.528 -0.048 -2.656 -3.225 -3.298 -2.481 2.269 3.558 -2.484 1.829 0.542 -3.519 -2.942 -1.283 -1.846 -1.14 2.224
284 G 0.061 -2.386 -0.468 -1.351 -1.349 -2.224 -2.651 5.836 -1.505 -3.244 -3.489 -1.679 -2.695 -2.707 -2.808 -1.031 -1.948 -2.469 -3.177 -2.893
285 A 1.3 -0.819 -1.051 -1.412 -0.197 1.716 -0.712 -1.197 -0.891 1.627 -0.32 -0.474 -0.033 -1.336 -2.134 -0.364 1.5 -2.275 -1.528 0.819
286 D -1.725 -0.949 4.214 4.382 -2.104 -0.701 0.29 -0.606 0.306 -2.726 -3.324 -0.557 -2.424 -2.641 -2.442 -0.512 -0.899 -3.242 -2.522 -2.715
287 A 3.377 -1.409 -1.228 -1.532 0.521 -1.293 -1.347 0.004 -1.289 -0.695 -1.281 -0.863 -0.813 -1.807 -1.555 0.491 1.635 -2.403 -1.772 0.133
288 D -1.763 -1.574 1.213 5.811 -2.358 -0.858 1.065 -1.109 -0.522 -2.711 -3.477 -0.815 -2.683 -2.905 -2.275 -0.938 -1.398 -3.517 -3.029 -2.85
289 Y -1.798 -1.763 -2.111 -3.008 -1.737 -1.769 -2.349 -2.918 2.119 -0.789 -0.896 -1.859 -0.668 3.363 -3.319 -2.423 -2.075 2.323 6.624 -0.965
290 S 1.082 -0.727 0.511 -0.234 0.087 -0.555 -0.541 -0.092 -0.446 -1.897 -2.314 -0.271 -1.172 -1.929 -1.461 3.212 1.025 -2.535 -1.741 -1.278
291 I -1.362 -3.086 -3.248 -3.166 -0.136 -3.195 -3.672 -3.465 -2.697 4.483 1.691 -2.664 1.286 0.232 -3.49 -3.062 -1.06 -2.17 -1.271 2.875
292 F -2.32 -2.882 -2.846 -3.3 -1.36 -3.85 -3.468 -2.86 -0.814 0.291 0.579 -3.29 0.216 6.492 -4.434 -3.016 -2.356 0.866 2.945 -0.493
293 L -1.066 -1.369 -2.345 -2.799 -0.154 -1.037 -2.339 -2.569 -0.954 1.618 2.149 -1.438 5.537 0.482 -3.228 -2.002 -1.031 -1.292 -0.818 1.004
294 G 0.104 -2.343 -0.426 -1.308 -1.306 -2.181 -2.608 5.796 -1.462 -3.201 -3.446 -1.636 -2.652 -2.664 -2.765 -0.988 -1.905 -2.426 -3.134 -2.85
295 L -1.526 -2.172 -3.348 -3.606 -0.136 -2.626 -3.291 -3.368 -2.299 2.019 4.014 -2.464 2.147 0.847 -3.59 -3.144 -1.566 -1.636 -1.042 1.12
296 A 3.883 -1.469 -1.648 -1.673 0.694 -1.306 -1.284 0.388 -1.197 -0.816 -1.307 -0.834 -0.859 -1.834 -1.461 0.469 -0.408 -2.426 -1.741 0.153
297 G 0.104 -2.343 -0.426 -1.308 -1.306 -2.181 -2.608 5.796 -1.462 -3.201 -3.446 -1.636 -2.652 -2.664 -2.765 -0.988 -1.905 -2.426 -3.134 -2.85
298 F -2.32 -2.882 -2.846 -3.3 -1.36 -3.85 -3.468 -2.86 -0.814 0.291 0.579 -3.29 0.216 6.492 -4.434 -3.016 -2.356 0.866 2.945 -0.493
299 L -1.526 -2.172 -3.348 -3.606 -0.136 -2.626 -3.291 -3.368 -2.299 2.019 4.014 -2.464 2.147 0.847 -3.59 -3.144 -1.566 -1.636 -1.042 1.12
300 Y -1.798 -1.763 -2.111 -3.008 -1.737 -1.769 -2.349 -2.918 2.119 -0.789 -0.896 -1.859 -0.668 3.363 -3.319 -2.423 -2.075 2.323 6.624 -0.965
301 F -2.32 -2.882 -2.846 -3.3 -1.36 -3.85 -3.468 -2.86 -0.814 0.291 0.579 -3.29 0.216 6.492 -4.434 -3.016 -2.356 0.866 2.945 -0.493
302 I -1.362 -3.086 -3.248 -3.166 -0.136 -3.195 -3.672 -3.465 -2.697 4.483 1.691 -2.664 1.286 0.232 -3.49 -3.062 -1.06 -2.17 -1.271 2.875
303 K -0.812 2.108 -0.254 -0.708 -1.963 0.821 0.328 -1.328 -0.229 -2.109 -2.226 4.453 -1.209 -2.791 -1.673 -0.867 -1.068 -2.535 -1.774 -1.984
304 D -1.763 -1.574 1.213 5.811 -2.358 -0.858 1.065 -1.109 -0.522 -2.711 -3.477 -0.815 -2.683 -2.905 -2.275 -0.938 -1.398 -3.517 -3.029 -2.85
305 F -2.32 -2.882 -2.846 -3.3 -1.36 -3.85 -3.468 -2.86 -0.814 0.291 0.579 -3.29 0.216 6.492 -4.434 -3.016 -2.356 0.866 2.945 -0.493
306 T -0.098 -1.078 -0.124 -1.0 0.136 -1.089 -1.363 -1.314 -1.399 -0.21 -1.043 -0.776 -0.517 -1.566 -1.673 0.719 4.201 -2.17 -1.692 0.244
307 C -0.433 -3.324 -2.95 -3.404 9.664 -3.444 -3.91 -2.149 -2.936 -0.717 -1.047 -3.099 -1.064 -2.013 -3.192 -1.656 -1.302 -3.22 -2.782 -0.395
308 S 1.082 -0.727 0.511 -0.234 0.087 -0.555 -0.541 -0.092 -0.446 -1.897 -2.314 -0.271 -1.172 -1.929 -1.461 3.212 1.025 -2.535 -1.741 -1.278
309 V -0.219 -2.472 -2.915 -3.15 0.354 -2.573 -2.879 -2.941 -2.9 3.044 0.96 -2.374 0.846 -0.384 -3.157 -2.27 -0.437 -2.373 -1.271 4.086
310 Y -1.798 -1.763 -2.111 -3.008 -1.737 -1.769 -2.349 -2.918 2.119 -0.789 -0.896 -1.859 -0.668 3.363 -3.319 -2.423 -2.075 2.323 6.624 -0.965
311 C -0.433 -3.324 -2.95 -3.404 9.664 -3.444 -3.91 -2.149 -2.936 -0.717 -1.047 -3.099 -1.064 -2.013 -3.192 -1.656 -1.302 -3.22 -2.782 -0.395
312 K -0.812 2.108 -0.254 -0.708 -1.963 0.821 0.328 -1.328 -0.229 -2.109 -2.226 4.453 -1.209 -2.791 -1.673 -0.867 -1.068 -2.535 -1.774 -1.984
313 C -0.433 -3.324 -2.95 -3.404 9.664 -3.444 -3.91 -2.149 -2.936 -0.717 -1.047 -3.099 -1.064 -2.013 -3.192 -1.656 -1.302 -3.22 -2.782 -0.395
314 C -0.433 -3.324 -2.95 -3.404 9.664 -3.444 -3.91 -2.149 -2.936 -0.717 -1.047 -3.099 -1.064 -2.013 -3.192 -1.656 -1.302 -3.22 -2.782 -0.395
315 V -0.219 -2.472 -2.915 -3.15 0.354 -2.573 -2.879 -2.941 -2.9 3.044 0.96 -2.374 0.846 -0.384 -3.157 -2.27 -0.437 -2.373 -1.271 4.086
316 F -2.32 -2.882 -2.846 -3.3 -1.36 -3.85 -3.468 -2.86 -0.814 0.291 0.579 -3.29 0.216 6.492 -4.434 -3.016 -2.356 0.866 2.945 -0.493
317 D -1.763 -1.574 1.213 5.811 -2.358 -0.858 1.065 -1.109 -0.522 -2.711 -3.477 -0.815 -2.683 -2.905 -2.275 -0.938 -1.398 -3.517 -3.029 -2.85
318 L -1.526 -2.172 -3.348 -3.606 -0.136 -2.626 -3.291 -3.368 -2.299 2.019 4.014 -2.464 2.147 0.847 -3.59 -3.144 -1.566 -1.636 -1.042 1.12
319 G 0.104 -2.343 -0.426 -1.308 -1.306 -2.181 -2.608 5.796 -1.462 -3.201 -3.446 -1.636 -2.652 -2.664 -2.765 -0.988 -1.905 -2.426 -3.134 -2.85
320 T -0.098 -1.078 -0.124 -1.0 0.136 -1.089 -1.363 -1.314 -1.399 -0.21 -1.043 -0.776 -0.517 -1.566 -1.673 0.719 4.201 -2.17 -1.692 0.244
321 D -1.763 -1.574 1.213 5.811 -2.358 -0.858 1.065 -1.109 -0.522 -2.711 -3.477 -0.815 -2.683 -2.905 -2.275 -0.938 -1.398 -3.517 -3.029 -2.85
322 S 1.082 -0.727 0.511 -0.234 0.087 -0.555 -0.541 -0.092 -0.446 -1.897 -2.314 -0.271 -1.172 -1.929 -1.461 3.212 1.025 -2.535 -1.741 -1.278
323 Y -1.798 -1.763 -2.111 -3.008 -1.737 -1.769 -2.349 -2.918 2.119 -0.789 -0.896 -1.859 -0.668 3.363 -3.319 -2.423 -2.075 2.323 6.624 -0.965
324 I -1.362 -3.086 -3.248 -3.166 -0.136 -3.195 -3.672 -3.465 -2.697 4.483 1.691 -2.664 1.286 0.232 -3.49 -3.062 -1.06 -2.17 -1.271 2.875
325 L -1.526 -2.172 -3.348 -3.606 -0.136 -2.626 -3.291 -3.368 -2.299 2.019 4.014 -2.464 2.147 0.847 -3.59 -3.144 -1.566 -1.636 -1.042 1.12
326 G 0.104 -2.343 -0.426 -1.308 -1.306 -2.181 -2.608 5.796 -1.462 -3.201 -3.446 -1.636 -2.652 -2.664 -2.765 -0.988 -1.905 -2.426 -3.134 -2.85
327 A 3.883 -1.469 -1.648 -1.673 0.694 -1.306 -1.284 0.388 -1.197 -0.816 -1.307 -0.834 -0.859 -1.834 -1.461 0.469 -0.408 -2.426 -1.741 0.153
328 N -1.645 -0.4 5.612 1.296 -1.832 -0.512 -0.711 -0.14 0.983 -2.698 -3.137 -0.281 -2.147 -2.36 -2.573 -0.104 -0.437 -2.952 -2.054 -2.546
329 A 3.883 -1.469 -1.648 -1.673 0.694 -1.306 -1.284 0.388 -1.197 -0.816 -1.307 -0.834 -0.859 -1.834 -1.461 0.469 -0.408 -2.426 -1.741 0.153
330 D -1.214 -1.791 0.84 5.123 -2.1 -1.179 0.449 2.517 -0.773 -2.869 -3.512 -1.042 -2.718 -2.886 -2.433 -0.993 -1.56 -3.246 -3.098 -2.893
331 Y -1.841 -1.806 -2.154 -3.051 -1.78 -1.812 -2.392 -2.961 2.076 -0.832 -0.939 -1.902 -0.711 3.32 -3.362 -2.466 -2.118 2.28 6.714 -1.008
332 S 1.039 -0.77 0.468 -0.277 0.044 -0.598 -0.584 -0.135 -0.489 -1.94 -2.357 -0.314 -1.215 -1.972 -1.504 3.359 0.982 -2.578 -1.784 -1.321
333 I -1.405 -3.129 -3.291 -3.209 -0.179 -3.238 -3.715 -3.508 -2.74 4.595 1.648 -2.707 1.243 0.189 -3.533 -3.105 -1.103 -2.213 -1.314 2.832
334 F -2.363 -2.925 -2.889 -3.343 -1.403 -3.893 -3.511 -2.903 -0.857 0.248 0.536 -3.333 0.173 6.559 -4.477 -3.059 -2.399 0.823 2.902 -0.536
335 L -1.33 -1.785 -2.846 -3.217 -0.188 -1.766 -2.819 -2.984 -1.592 1.782 3.261 -1.948 4.469 0.628 -3.446 -2.56 -1.329 -1.502 -0.971 1.02
336 G 0.061 -2.386 -0.468 -1.351 -1.349 -2.224 -2.651 5.836 -1.505 -3.244 -3.489 -1.679 -2.695 -2.707 -2.808 -1.031 -1.948 -2.469 -3.177 -2.893
337 L -1.407 -2.18 -3.083 -3.317 -0.183 -2.294 -3.147 -3.212 -2.025 2.815 3.189 -2.258 3.406 0.571 -3.514 -2.838 -1.337 -1.71 -1.081 1.602
338 N 1.09 -1.029 3.908 0.151 -0.933 -1.046 -1.096 -0.365 -0.009 -2.059 -2.516 -0.635 -1.861 -2.464 3.064 -0.257 -0.671 -3.16 -2.144 -1.569
339 G 0.061 -2.386 -0.468 -1.351 -1.349 -2.224 -2.651 5.836 -1.505 -3.244 -3.489 -1.679 -2.695 -2.707 -2.808 -1.031 -1.948 -2.469 -3.177 -2.893
340 F -2.363 -2.925 -2.889 -3.343 -1.403 -3.893 -3.511 -2.903 -0.857 0.248 0.536 -3.333 0.173 6.559 -4.477 -3.059 -2.399 0.823 2.902 -0.536
341 L -1.704 -2.592 -3.233 -3.456 -0.44 -3.075 -3.469 -3.298 -1.974 2.636 2.973 -2.744 1.508 3.493 -3.795 -3.134 -1.644 -0.916 0.491 1.358
342 L 1.171 -1.987 -2.472 -2.807 -0.113 -2.057 -2.392 -1.794 -0.378 1.313 1.548 -1.849 0.59 1.105 -2.793 -1.517 -1.076 -0.288 3.196 1.807
343 F 0.861 -2.221 -2.36 -2.779 -0.808 -2.504 -2.537 -1.703 0.134 -0.247 -0.181 -2.17 -0.275 5.06 -3.178 -1.625 -1.717 0.806 4.046 -0.465
344 L -1.569 -2.215 -3.391 -3.649 -0.179 -2.669 -3.334 -3.411 -2.342 1.976 4.084 -2.507 2.104 0.804 -3.633 -3.187 -1.609 -1.679 -1.085 1.077
345 L -1.685 -2.036 -2.667 -3.205 -0.803 -2.182 -2.858 -2.958 -0.037 0.944 2.043 -2.224 2.985 3.881 -3.648 -2.652 -1.755 0.479 3.698 0.264
346 K -0.869 1.829 -0.252 -0.655 -1.989 2.511 0.594 -1.404 0.017 -2.18 -2.204 4.016 -1.024 -2.872 -1.825 -0.878 -1.083 -2.482 -1.683 -1.973
347 G 0.551 -1.191 0.104 -0.699 -0.233 -1.067 -1.191 2.67 -0.939 -1.645 -2.196 -0.73 -1.323 -2.038 -1.836 2.131 1.928 -2.455 -2.061 -1.129
348 S 0.548 -0.959 0.661 2.753 -0.401 -0.671 -0.091 -0.358 -0.507 -2.123 -2.607 -0.44 -1.525 -2.187 -1.687 2.735 0.54 -2.794 -2.056 -1.641
349 I -0.945 -2.667 -2.821 -2.709 -0.311 -2.714 -2.87 -2.889 -2.466 3.424 0.81 -2.148 0.543 -0.547 2.941 -2.42 -0.997 -2.705 -1.597 2.67
350 L 1.368 -1.788 -1.768 -2.207 0.235 -1.855 -2.112 -1.457 -1.912 1.388 1.533 -1.543 0.614 -0.574 -2.37 -0.641 1.513 -2.177 -1.464 1.946
351 V -0.063 -1.725 -1.031 -1.642 0.073 -1.702 -1.9 -1.684 -1.727 2.395 0.19 -1.386 0.235 -0.823 -2.353 0.789 1.782 -2.351 -1.528 2.229
352 F -1.542 -2.78 -2.069 -2.702 -1.389 -3.377 -3.271 2.227 -1.006 -0.309 -0.065 -2.823 -0.322 5.767 -3.961 -2.404 -2.28 0.285 2.187 -0.97
353 L -1.367 -2.38 -3.06 -3.213 -0.183 -2.409 -3.232 -3.234 -2.109 3.519 2.566 -2.303 3.285 0.417 -3.489 -2.819 -1.214 -1.836 -1.137 2.066
354 F -1.463 -2.865 -3.002 -3.271 -0.569 -3.36 -3.399 -3.064 -1.681 2.622 0.946 -2.92 0.634 4.832 -3.866 -2.864 -1.474 -0.338 1.504 2.214
355 N -1.688 -0.443 5.703 1.253 -1.875 -0.555 -0.754 -0.183 0.94 -2.741 -3.18 -0.324 -2.19 -2.403 -2.616 -0.146 -0.48 -2.995 -2.097 -2.589
356 V 1.366 -2.358 -2.655 -2.751 0.289 -2.369 -2.584 -1.812 -2.371 3.001 0.726 -2.008 0.592 -0.542 -2.74 -1.477 -0.616 -2.377 -1.424 3.237
357 L 1.231 -1.898 -1.82 -2.21 0.117 -1.965 -2.246 -1.529 -1.875 2.195 1.696 -1.595 0.738 -0.399 -2.429 -0.74 1.442 -2.129 -1.464 1.279
358 V -1.012 -2.967 -3.029 -3.296 5.964 -3.271 -3.499 -2.858 -2.23 2.527 0.663 -2.877 0.405 3.201 -3.568 -2.484 -1.252 -1.299 0.261 2.224
359 I -1.445 -2.872 -3.316 -3.313 -0.179 -3.085 -3.615 -3.483 -2.635 4.129 2.474 -2.656 1.483 0.356 -3.558 -3.125 -1.222 -2.07 -1.255 2.483
360 L -0.636 -1.954 -1.841 -2.301 -0.122 -2.101 -2.431 -2.203 -1.833 2.463 2.77 -1.822 1.329 0.151 -2.917 0.146 -0.614 -2.013 -1.303 1.267
361 L -1.748 -2.377 -3.257 -3.569 -0.44 -2.93 -3.377 -3.275 -1.893 1.631 3.522 -2.692 1.729 3.547 -3.822 -3.154 -1.787 -0.824 0.523 0.751
362 V -0.508 -2.657 -3.038 -3.197 0.196 -2.759 -3.101 -3.106 -2.891 3.489 1.118 -2.487 0.919 -0.26 -3.28 -2.491 -0.623 -2.364 -1.314 3.914
363 L -1.748 -2.377 -3.257 -3.569 -0.44 -2.93 -3.377 -3.275 -1.893 1.631 3.522 -2.692 1.729 3.547 -3.822 -3.154 -1.787 -0.824 0.523 0.751
364 L -1.146 -2.495 -3.252 -3.416 -0.048 -2.787 -3.313 -3.321 -2.58 3.1 3.017 -2.532 1.617 0.386 -3.494 -2.923 -1.162 -1.979 -1.197 2.603
365 L -0.351 -2.02 -1.773 -2.225 0.007 -2.09 -2.351 -2.128 -1.949 2.712 1.891 -1.804 0.965 -0.181 -2.827 0.225 -0.379 -2.201 -1.363 2.353
366 I -1.405 -3.129 -3.291 -3.209 -0.179 -3.238 -3.715 -3.508 -2.74 4.595 1.648 -2.707 1.243 0.189 -3.533 -3.105 -1.103 -2.213 -1.314 2.832
367 Y -1.963 -2.048 -2.321 -3.121 -1.681 -2.209 -2.634 -2.946 1.575 -0.522 -0.494 -2.199 -0.463 4.524 -3.603 -2.603 -2.186 1.979 6.13 -0.883
368 L -1.418 -0.653 2.273 -0.846 -0.915 1.712 -0.826 -1.798 -0.331 0.532 2.36 -0.604 0.906 -0.441 -2.945 -1.503 -1.136 -2.093 -1.367 -0.113
369 L -1.447 -1.992 -3.106 -3.425 -0.183 -2.182 -3.065 -3.19 -1.943 1.881 3.702 -2.214 3.523 0.717 -3.538 -2.856 -1.466 -1.589 -1.027 1.049
370 I -1.445 -2.872 -3.316 -3.313 -0.179 -3.085 -3.615 -3.483 -2.635 4.129 2.474 -2.656 1.483 0.356 -3.558 -3.125 -1.222 -2.07 -1.255 2.483
371 P -0.865 -2.042 -1.962 -1.592 -1.486 -1.962 -1.651 -1.881 -1.636 -2.346 -2.779 -1.093 -2.432 -3.364 6.692 -1.48 -1.377 -4.578 -2.664 -2.19
372 Y -0.945 -2.139 -2.528 -3.121 -0.549 -2.186 -2.645 -2.972 0.543 1.679 0.136 -2.148 0.144 2.016 -3.28 -2.388 -1.184 0.798 4.888 2.639
373 F -2.048 -1.834 2.149 -1.334 -1.607 -2.182 -2.306 -1.96 0.6 -0.541 -0.416 -1.941 -0.492 5.049 -3.623 -1.903 -1.728 0.767 4.036 -1.056
374 N -1.643 -1.216 4.045 2.939 -1.451 -1.126 -0.607 -0.984 -0.015 1.206 -1.102 -0.907 -0.965 -1.6 -2.736 -0.875 -0.847 -2.9 -2.079 -0.11
375 R -1.023 3.922 -0.825 -1.526 -1.322 2.139 -0.306 -2.154 -0.223 0.061 -0.977 1.137 -0.404 -1.917 -2.688 -1.441 -1.082 -2.288 -1.547 1.05
376 K -1.214 3.127 2.605 -0.255 -2.04 0.421 -0.153 -1.182 0.161 -2.408 -2.413 3.312 -1.46 -2.636 -2.155 -0.813 -1.023 -2.592 -1.881 -2.2
377 Y 1.165 -1.547 -1.417 -2.083 -0.499 -1.511 -1.834 -1.393 0.847 -0.682 -1.073 -1.327 -0.718 1.781 -2.353 -0.578 1.31 0.81 4.863 -0.368
378 R -1.563 5.563 -0.491 -1.592 -2.288 0.489 -0.589 -2.157 0.07 -2.64 -2.056 1.99 -1.252 -2.501 -2.733 -1.435 -1.482 -2.263 -1.801 -2.19
379 L -0.773 -2.15 -2.102 -2.575 0.019 -2.301 -2.702 -2.674 -2.307 2.824 1.981 -2.005 1.05 -0.13 -2.909 -1.492 1.438 -2.117 -1.352 2.49
380 P -0.276 -1.297 -0.641 -1.328 -0.673 -1.179 -1.269 -1.497 4.346 0.125 -1.243 -1.056 -0.785 -1.455 3.04 0.54 -0.528 -2.564 -0.525 1.039
381 L 1.243 -1.876 -2.536 -2.758 0.169 -1.839 -2.389 -1.733 -1.774 1.728 2.069 -1.74 3.039 -0.095 -2.774 -1.436 -0.865 -1.934 -1.241 2.062
382 F -2.363 -2.925 -2.889 -3.343 -1.403 -3.893 -3.511 -2.903 -0.857 0.248 0.536 -3.333 0.173 6.559 -4.477 -3.059 -2.399 0.823 2.902 -0.536
383 F -2.363 -2.925 -2.889 -3.343 -1.403 -3.893 -3.511 -2.903 -0.857 0.248 0.536 -3.333 0.173 6.559 -4.477 -3.059 -2.399 0.823 2.902 -0.536
384 L -1.569 -2.215 -3.391 -3.649 -0.179 -2.669 -3.334 -3.411 -2.342 1.976 4.084 -2.507 2.104 0.804 -3.633 -3.187 -1.609 -1.679 -1.085 1.077
385 I -1.074 -2.963 -3.204 -3.205 -0.048 -3.069 -3.496 -3.367 -2.789 4.271 1.482 -2.632 1.139 0.047 -3.446 -2.886 -0.934 -2.263 -1.314 3.239
386 L -1.217 -1.593 -2.608 -3.024 -0.192 -1.403 -2.592 -2.792 -1.279 1.68 2.741 -1.705 5.181 0.535 -3.357 -2.291 -1.199 -1.417 -0.915 0.99
387 Y -1.841 -1.806 -2.154 -3.051 -1.78 -1.812 -2.392 -2.961 2.076 -0.832 -0.939 -1.902 -0.711 3.32 -3.362 -2.466 -2.118 2.28 6.714 -1.008
388 L -1.447 -1.992 -3.106 -3.425 -0.183 -2.182 -3.065 -3.19 -1.943 1.881 3.702 -2.214 3.523 0.717 -3.538 -2.856 -1.466 -1.589 -1.027 1.049
389 P -0.259 -1.668 -1.138 -1.203 -1.021 -1.556 -1.345 -1.336 -1.304 -2.239 -2.667 -0.877 -2.076 -2.948 5.917 0.643 -0.584 -3.934 -2.418 -1.947
390 F -1.755 -2.508 -2.846 -3.177 -0.732 -2.768 -3.229 -2.963 -1.264 2.282 1.29 -2.608 2.919 4.873 -3.888 -2.781 -1.67 -0.183 1.55 1.034
391 L -1.569 -2.215 -3.391 -3.649 -0.179 -2.669 -3.334 -3.411 -2.342 1.976 4.084 -2.507 2.104 0.804 -3.633 -3.187 -1.609 -1.679 -1.085 1.077
392 S 1.039 -0.77 0.468 -0.277 0.044 -0.598 -0.584 -0.135 -0.489 -1.94 -2.357 -0.314 -1.215 -1.972 -1.504 3.359 0.982 -2.578 -1.784 -1.321
393 F -1.074 -2.218 -1.624 -2.225 -0.968 -2.66 -2.46 -1.927 -0.76 -0.163 0.039 -2.237 -0.117 5.778 -3.404 0.17 -1.121 0.275 2.256 -0.713
394 D -1.806 -1.617 1.17 5.875 -2.401 -0.901 1.022 -1.152 -0.565 -2.754 -3.52 -0.858 -2.726 -2.948 -2.318 -0.981 -1.441 -3.56 -3.072 -2.893
395 I -1.074 -2.963 -3.204 -3.205 -0.048 -3.069 -3.496 -3.367 -2.789 4.271 1.482 -2.632 1.139 0.047 -3.446 -2.886 -0.934 -2.263 -1.314 3.239
396 W -2.678 -2.411 -3.195 -3.649 -2.363 -2.853 -2.997 -2.394 -1.163 -1.882 -1.679 -2.819 -1.309 1.1 -5.437 -3.383 -2.723 10.639 2.141 -2.256
397 E -0.947 -0.15 -0.367 1.489 -2.44 1.318 4.56 -1.978 0.364 -2.793 -2.731 0.648 -1.782 -2.636 -1.91 -0.819 -1.329 -2.416 -1.936 -2.162
398 I -1.445 -2.872 -3.316 -3.313 -0.179 -3.085 -3.615 -3.483 -2.635 4.129 2.474 -2.656 1.483 0.356 -3.558 -3.125 -1.222 -2.07 -1.255 2.483
399 S 1.039 -0.77 0.468 -0.277 0.044 -0.598 -0.584 -0.135 -0.489 -1.94 -2.357 -0.314 -1.215 -1.972 -1.504 3.359 0.982 -2.578 -1.784 -1.321
400 I -1.328 -2.595 -3.038 -3.113 -0.183 -2.53 -3.32 -3.256 -2.196 4.084 1.77 -2.348 3.159 0.254 -3.465 -2.801 -1.096 -1.967 -1.193 2.465
401 L 1.212 -2.284 -2.747 -2.842 0.173 -2.381 -2.67 -1.879 -2.237 2.777 1.96 -2.027 1.004 -0.168 -2.827 -1.622 -0.872 -2.177 -1.363 2.48
402 F -2.143 -2.73 -3.006 -3.416 -1.045 -3.535 -3.466 -3.022 -1.163 0.786 1.901 -3.103 0.789 5.857 -4.242 -3.091 -2.18 0.371 2.304 -0.041
403 Q -0.911 0.979 -0.121 -0.385 -1.94 4.983 1.364 -1.508 0.741 -2.269 -2.019 1.193 -0.432 -2.987 -2.179 -0.783 -1.004 -2.213 -1.314 -1.815
404 T 0.202 -1.029 0.005 -0.832 0.081 -0.989 -1.178 -1.0 -1.172 -0.591 -1.355 -0.684 -0.711 -1.696 -1.661 1.613 3.785 -2.3 -1.747 -0.111
405 V -0.81 -2.575 -3.143 -3.305 0.077 -2.773 -3.205 -3.212 -2.731 3.301 2.221 -2.509 1.289 0.081 -3.385 -2.699 -0.88 -2.165 -1.255 3.332
406 I -1.074 -2.963 -3.204 -3.205 -0.048 -3.069 -3.496 -3.367 -2.789 4.271 1.482 -2.632 1.139 0.047 -3.446 -2.886 -0.934 -2.263 -1.314 3.239
407 L -1.146 -2.495 -3.252 -3.416 -0.048 -2.787 -3.313 -3.321 -2.58 3.1 3.017 -2.532 1.617 0.386 -3.494 -2.923 -1.162 -1.979 -1.197 2.603
408 W -1.972 -2.748 -3.243 -3.421 -1.069 -3.039 -3.334 -2.897 -1.845 2.886 0.44 -2.763 0.24 0.68 -4.331 -3.241 -1.801 8.673 0.902 1.288
409 R -1.625 3.902 4.022 0.168 -2.074 0.014 -0.67 -1.004 0.538 -2.69 -2.564 1.059 -1.683 -2.451 -2.674 -0.719 -0.938 -2.606 -1.945 -2.383
410 I -1.074 -2.963 -3.204 -3.205 -0.048 -3.069 -3.496 -3.367 -2.789 4.271 1.482 -2.632 1.139 0.047 -3.446 -2.886 -0.934 -2.263 -1.314 3.239
411 L -1.18 -2.639 -2.231 -2.733 -0.716 -2.939 -3.274 2.184 -1.768 2.111 1.771 -2.495 0.682 3.285 -3.553 -2.438 -1.726 -1.051 0.267 0.822
412 L -1.939 -2.548 -3.129 -3.492 -0.726 -3.216 -3.421 -3.146 -1.505 1.24 2.824 -2.89 1.297 4.927 -4.024 -3.122 -1.977 -0.165 1.549 0.382
413 L -1.809 -2.263 -3.341 -3.649 -0.59 -2.714 -3.246 -3.121 -1.999 1.388 3.381 -2.582 1.554 0.881 -3.989 -3.235 -1.85 6.758 0.113 0.535
414 L -1.748 -2.377 -3.257 -3.569 -0.44 -2.93 -3.377 -3.275 -1.893 1.631 3.522 -2.692 1.729 3.547 -3.822 -3.154 -1.787 -0.824 0.523 0.751
415 F -2.054 -2.276 -2.462 -3.157 -1.55 -2.633 -2.862 -2.896 1.003 -0.206 -0.072 -2.494 -0.2 5.339 -3.83 -2.711 -2.219 1.678 5.346 -0.727
416 R -0.541 2.797 2.684 -0.149 -1.369 0.094 -0.38 -0.841 0.116 -2.349 -2.435 2.223 -1.45 -2.411 -2.092 0.914 -0.36 -2.592 -1.872 -1.995
417 G 0.104 -2.343 -0.426 -1.308 -1.306 -2.181 -2.608 5.796 -1.462 -3.201 -3.446 -1.636 -2.652 -2.664 -2.765 -0.988 -1.905 -2.426 -3.134 -2.85
418 A 3.883 -1.469 -1.648 -1.673 0.694 -1.306 -1.284 0.388 -1.197 -0.816 -1.307 -0.834 -0.859 -1.834 -1.461 0.469 -0.408 -2.426 -1.741 0.153
419 Y -1.798 -1.763 -2.111 -3.008 -1.737 -1.769 -2.349 -2.918 2.119 -0.789 -0.896 -1.859 -0.668 3.363 -3.319 -2.423 -2.075 2.323 6.624 -0.965
420 V -0.219 -2.472 -2.915 -3.15 0.354 -2.573 -2.879 -2.941 -2.9 3.044 0.96 -2.374 0.846 -0.384 -3.157 -2.27 -0.437 -2.373 -1.271 4.086
421 F -2.32 -2.882 -2.846 -3.3 -1.36 -3.85 -3.468 -2.86 -0.814 0.291 0.579 -3.29 0.216 6.492 -4.434 -3.016 -2.356 0.866 2.945 -0.493
422 F -2.32 -2.882 -2.846 -3.3 -1.36 -3.85 -3.468 -2.86 -0.814 0.291 0.579 -3.29 0.216 6.492 -4.434 -3.016 -2.356 0.866 2.945 -0.493
423 F -2.32 -2.882 -2.846 -3.3 -1.36 -3.85 -3.468 -2.86 -0.814 0.291 0.579 -3.29 0.216 6.492 -4.434 -3.016 -2.356 0.866 2.945 -0.493
424 N -1.242 1.075 4.042 0.422 -1.94 0.188 -0.188 -0.716 0.397 -2.431 -2.689 3.049 -1.683 -2.61 -2.131 -0.503 -0.778 -2.779 -1.954 -2.295
425 L -1.485 2.006 -2.318 -2.8 -0.579 -1.683 -2.5 -3.085 -1.67 3.222 2.053 -0.648 1.071 -0.09 -3.334 -2.605 -1.316 -2.082 -1.367 1.719
426 S 0.544 -0.996 0.002 -0.761 -0.316 -0.857 -0.941 -0.625 0.395 -1.621 -1.932 -0.636 -1.081 0.45 -1.868 2.654 0.463 -0.442 3.137 -1.239
427 L -1.059 -1.361 -2.338 -2.792 -0.147 -1.029 -2.331 -2.561 -0.947 1.625 2.157 -1.431 5.499 0.489 -3.221 -1.995 -1.024 -1.284 -0.811 1.011
428 I -1.355 -3.079 -3.241 -3.159 -0.129 -3.188 -3.665 -3.457 -2.689 4.463 1.698 -2.657 1.293 0.239 -3.483 -3.055 -1.053 -2.163 -1.263 2.882
429 F -2.313 -2.875 -2.839 -3.293 -1.353 -3.843 -3.461 -2.853 -0.807 0.298 0.586 -3.283 0.223 6.48 -4.427 -3.009 -2.349 0.873 2.952 -0.486
430 K -0.805 2.115 -0.246 -0.7 -1.956 0.828 0.335 -1.321 -0.221 -2.101 -2.219 4.434 -1.202 -2.784 -1.665 -0.86 -1.06 -2.527 -1.767 -1.977
431 D -1.755 -1.566 1.221 5.8 -2.351 -0.85 1.072 -1.102 -0.515 -2.704 -3.47 -0.808 -2.676 -2.898 -2.268 -0.931 -1.391 -3.509 -3.022 -2.843
432 F -1.891 -2.777 -3.106 -3.381 -0.726 -3.377 -3.515 -3.168 -1.575 2.365 2.105 -2.946 1.04 4.894 -3.995 -3.102 -1.824 -0.238 1.527 1.063
433 G -0.263 2.147 -0.653 -1.427 -0.797 -1.044 -1.588 2.429 -0.979 1.242 -0.829 -0.118 -0.612 -1.493 -2.549 0.557 -0.648 -2.377 -1.941 0.096
434 R -1.747 3.274 1.895 -1.22 -1.505 -0.768 -1.477 -1.948 -0.241 -0.475 0.825 0.32 -0.073 2.613 -3.169 -1.642 -1.439 -1.342 -0.028 -0.941
435 I -1.283 -0.513 -1.59 -1.083 -1.172 -0.606 0.967 -2.549 -0.089 2.416 0.047 1.154 0.012 0.546 -2.706 -1.913 -1.342 -0.676 2.679 0.961