#Seq2Logo.py -f /work3/idamei/wzy_ssn/run/1e-50/run/150/MSAs/0006_148.afa -o /work3/idamei/wzy_ssn/run/1e-50/run/150/logos/0006_148.logo
Last position-specific scoring matrix computed, values are in halfbits
A R N D C Q E G H I L K M F P S T W Y V
0 L -1.094 -1.397 -2.374 -2.828 -0.182 -1.065 -2.367 -2.597 -0.982 1.589 2.121 -1.467 5.683 0.453 -3.256 -2.031 -1.06 -1.32 -0.846 0.975
1 K -0.525 0.62 -1.313 -1.703 -0.603 -0.428 -0.877 -2.048 -1.291 1.466 -0.239 2.769 -0.028 -1.369 -2.345 -1.509 -0.76 -2.478 -1.537 2.476
2 K -1.099 0.524 -1.404 -1.708 -0.932 -0.563 -1.054 -2.228 -1.232 2.821 0.327 2.746 0.275 -0.926 -2.466 -1.786 -1.089 -2.372 -1.537 1.341
3 F -0.169 -1.633 -0.729 -1.403 -0.572 -1.781 -1.673 -1.181 -0.649 -0.625 -0.544 -1.427 -0.421 4.68 -2.605 1.603 -0.221 -0.385 1.439 -0.884
4 T 0.527 -0.922 0.186 -0.617 0.086 -0.835 -0.948 -0.664 -0.908 -0.957 -1.634 -0.538 -0.851 -1.767 -1.59 2.281 3.081 -2.372 -1.742 -0.443
5 T -0.105 -1.085 -0.132 -1.007 0.129 -1.096 -1.371 -1.322 -1.406 -0.217 -1.05 -0.784 -0.525 -1.573 -1.68 0.712 4.223 -2.177 -1.699 0.237
6 L -1.533 -2.179 -3.355 -3.613 -0.143 -2.633 -3.298 -3.375 -2.306 2.012 4.026 -2.471 2.14 0.84 -3.597 -3.151 -1.573 -1.643 -1.049 1.113
7 K -1.179 1.274 0.059 -0.829 -2.132 0.422 -0.015 -1.496 5.777 -2.349 -2.394 3.221 -1.247 -1.812 -2.103 -1.167 -1.525 -2.035 0.191 -2.406
8 S 1.061 -0.748 0.49 -0.256 0.065 -0.577 -0.562 -0.113 -0.467 -1.918 -2.336 -0.292 -1.194 -1.95 -1.482 3.287 1.004 -2.556 -1.763 -1.3
9 R -0.136 4.145 -0.019 -0.933 -1.034 0.094 -0.565 -1.093 -0.135 -2.298 -2.16 1.236 -1.215 -2.241 -2.12 1.512 -0.144 -2.372 -1.772 -1.764
10 L -0.75 -1.599 -1.333 -2.043 -0.022 -1.781 -2.194 -2.187 -1.839 1.09 2.507 -1.524 1.087 -0.139 -2.5 -0.634 2.632 -1.916 -1.374 0.69
11 L -1.468 -2.618 -3.323 -3.403 -0.161 -2.922 -3.501 -3.441 -2.516 3.546 3.101 -2.587 1.723 0.531 -3.565 -3.128 -1.327 -1.916 -1.179 2.104
12 H -1.297 -0.248 0.077 0.526 -2.383 0.678 2.984 -1.831 6.214 -2.723 -2.659 0.034 -1.508 -1.61 -2.294 -1.169 -1.737 -1.894 0.39 -2.56
13 F -1.827 -3.007 -3.065 -3.257 -0.709 -3.529 -3.593 -3.172 -1.629 3.139 1.163 -2.985 0.775 4.837 -3.949 -3.064 -1.661 -0.295 1.522 1.631
14 G 2.615 -1.898 -0.997 -1.51 -0.161 -1.735 -1.896 4.225 -1.351 -1.794 -2.208 -1.233 -1.644 -2.244 -2.065 -0.194 -1.085 -2.451 -2.379 -0.999
15 L -1.537 -2.183 -3.359 -3.617 -0.147 -2.637 -3.302 -3.379 -2.31 2.008 4.031 -2.474 2.136 0.836 -3.601 -3.155 -1.577 -1.647 -1.053 1.109
16 L -1.468 -2.618 -3.323 -3.403 -0.161 -2.922 -3.501 -3.441 -2.516 3.546 3.101 -2.587 1.723 0.531 -3.565 -3.128 -1.327 -1.916 -1.179 2.104
17 L -1.551 -2.197 -3.373 -3.631 -0.161 -2.651 -3.316 -3.393 -2.324 1.994 4.055 -2.489 2.122 0.822 -3.615 -3.169 -1.591 -1.661 -1.067 1.095
18 F -2.345 -2.907 -2.871 -3.325 -1.385 -3.875 -3.493 -2.885 -0.839 0.266 0.554 -3.315 0.191 6.531 -4.459 -3.041 -2.381 0.841 2.92 -0.518
19 L -1.921 -2.53 -3.111 -3.474 -0.709 -3.199 -3.403 -3.128 -1.487 1.258 2.806 -2.872 1.315 4.905 -4.006 -3.105 -1.959 -0.147 1.567 0.4
20 V -0.76 -2.788 -3.102 -3.183 0.095 -2.892 -3.274 -3.216 -2.822 3.884 1.323 -2.541 1.049 -0.085 -3.344 -2.664 -0.757 -2.295 -1.296 3.574
21 L -0.824 -2.343 -3.149 -3.394 0.095 -2.624 -3.103 -3.172 -2.609 2.552 2.897 -2.443 1.544 0.272 -3.391 -2.699 -0.972 -2.006 -1.179 3.012
22 L -1.551 -2.197 -3.373 -3.631 -0.161 -2.651 -3.316 -3.393 -2.324 1.994 4.055 -2.489 2.122 0.822 -3.615 -3.169 -1.591 -1.661 -1.067 1.095
23 F -0.169 -1.633 -0.729 -1.403 -0.572 -1.781 -1.673 -1.181 -0.649 -0.625 -0.544 -1.427 -0.421 4.68 -2.605 1.603 -0.221 -0.385 1.439 -0.884
24 G -0.343 0.642 -0.363 -1.018 -1.641 -0.331 -0.807 4.05 -0.805 -2.629 -2.797 2.838 -1.867 -2.752 -2.193 -0.952 -1.481 -2.505 -2.4 -2.41
25 N -1.671 -0.426 5.666 1.271 -1.857 -0.537 -0.736 -0.165 0.958 -2.723 -3.162 -0.306 -2.172 -2.385 -2.598 -0.129 -0.462 -2.977 -2.079 -2.571
26 F -1.108 -2.695 -2.905 -3.249 -0.402 -3.166 -3.184 -2.925 -1.698 1.959 0.751 -2.821 0.523 4.781 -3.75 -2.644 -1.265 -0.346 1.522 2.675
27 F -2.345 -2.907 -2.871 -3.325 -1.385 -3.875 -3.493 -2.885 -0.839 0.266 0.554 -3.315 0.191 6.531 -4.459 -3.041 -2.381 0.841 2.92 -0.518
28 H -1.694 -0.397 4.104 0.362 -2.091 -0.351 -0.621 -0.835 6.256 -2.698 -2.871 -0.532 -1.687 -1.525 -2.678 -0.768 -1.215 -2.123 0.355 -2.799
29 L -1.468 -2.618 -3.323 -3.403 -0.161 -2.922 -3.501 -3.441 -2.516 3.546 3.101 -2.587 1.723 0.531 -3.565 -3.128 -1.327 -1.916 -1.179 2.104
30 V -0.76 -2.788 -3.102 -3.183 0.095 -2.892 -3.274 -3.216 -2.822 3.884 1.323 -2.541 1.049 -0.085 -3.344 -2.664 -0.757 -2.295 -1.296 3.574
31 P -0.847 -2.024 -1.944 -1.574 -1.468 -1.944 -1.633 -1.863 -1.618 -2.328 -2.761 -1.075 -2.414 -3.346 6.674 -1.463 -1.359 -4.56 -2.646 -2.172
32 N -1.224 1.093 4.012 0.439 -1.922 0.206 -0.17 -0.698 0.415 -2.413 -2.671 3.014 -1.665 -2.593 -2.113 -0.485 -0.76 -2.761 -1.936 -2.277
33 N -1.645 -0.4 5.612 1.296 -1.832 -0.512 -0.711 -0.14 0.983 -2.698 -3.137 -0.281 -2.147 -2.36 -2.573 -0.104 -0.437 -2.952 -2.054 -2.546
34 F -2.32 -2.882 -2.846 -3.3 -1.36 -3.85 -3.468 -2.86 -0.814 0.291 0.579 -3.29 0.216 6.492 -4.434 -3.016 -2.356 0.866 2.945 -0.493
35 T -0.098 -1.078 -0.124 -1.0 0.136 -1.089 -1.363 -1.314 -1.399 -0.21 -1.043 -0.776 -0.517 -1.566 -1.673 0.719 4.201 -2.17 -1.692 0.244
36 I -1.388 -3.111 -3.273 -3.191 -0.161 -3.22 -3.697 -3.49 -2.722 4.549 1.666 -2.689 1.26 0.207 -3.515 -3.087 -1.085 -2.195 -1.296 2.849
37 A 3.944 -1.494 -1.673 -1.698 0.669 -1.331 -1.309 0.363 -1.222 -0.841 -1.332 -0.859 -0.884 -1.859 -1.486 0.444 -0.433 -2.451 -1.766 0.128
38 L -1.921 -2.53 -3.111 -3.474 -0.709 -3.199 -3.403 -3.128 -1.487 1.258 2.806 -2.872 1.315 4.905 -4.006 -3.105 -1.959 -0.147 1.567 0.4
39 L -1.921 -2.53 -3.111 -3.474 -0.709 -3.199 -3.403 -3.128 -1.487 1.258 2.806 -2.872 1.315 4.905 -4.006 -3.105 -1.959 -0.147 1.567 0.4
40 T -0.098 -1.078 -0.124 -1.0 0.136 -1.089 -1.363 -1.314 -1.399 -0.21 -1.043 -0.776 -0.517 -1.566 -1.673 0.719 4.201 -2.17 -1.692 0.244
41 S 1.082 -0.727 0.511 -0.234 0.087 -0.555 -0.541 -0.092 -0.446 -1.897 -2.314 -0.271 -1.172 -1.929 -1.461 3.212 1.025 -2.535 -1.741 -1.278
42 A 2.847 -1.099 -0.396 -0.89 0.381 -0.931 -0.914 0.133 -0.822 -1.331 -1.792 -0.564 -1.037 -1.906 -1.486 2.211 0.372 -2.505 -1.766 -0.5
43 D -1.788 -1.599 1.188 5.849 -2.383 -0.883 1.039 -1.134 -0.547 -2.736 -3.502 -0.84 -2.708 -2.93 -2.3 -0.963 -1.423 -3.542 -3.054 -2.875
44 F 2.253 -2.115 -2.21 -2.398 -0.179 -2.331 -2.199 -0.826 -1.024 -0.235 -0.238 -1.833 -0.297 4.685 -2.605 -0.802 -1.246 -0.359 1.439 -0.177
45 N -1.746 -1.027 3.852 -0.144 -1.809 -1.098 -1.44 -1.232 1.581 -1.614 -1.829 -0.989 -1.339 1.71 -2.947 -1.061 -1.166 0.728 4.813 -1.674
46 L -1.551 -2.197 -3.373 -3.631 -0.161 -2.651 -3.316 -3.393 -2.324 1.994 4.055 -2.489 2.122 0.822 -3.615 -3.169 -1.591 -1.661 -1.067 1.095
47 L -1.312 -1.768 -2.829 -3.2 -0.17 -1.748 -2.801 -2.966 -1.574 1.8 3.248 -1.931 4.406 0.645 -3.428 -2.542 -1.312 -1.484 -0.953 1.038
48 L -1.468 -2.618 -3.323 -3.403 -0.161 -2.922 -3.501 -3.441 -2.516 3.546 3.101 -2.587 1.723 0.531 -3.565 -3.128 -1.327 -1.916 -1.179 2.104
49 F -1.827 -3.007 -3.065 -3.257 -0.709 -3.529 -3.593 -3.172 -1.629 3.139 1.163 -2.985 0.775 4.837 -3.949 -3.064 -1.661 -0.295 1.522 1.631
50 I 0.086 -1.697 -0.82 -1.368 -0.047 -1.609 -1.726 -1.336 -1.382 2.84 0.309 -1.251 0.286 -0.676 -2.326 1.599 0.142 -2.372 -1.521 1.463
51 V -0.76 -2.788 -3.102 -3.183 0.095 -2.892 -3.274 -3.216 -2.822 3.884 1.323 -2.541 1.049 -0.085 -3.344 -2.664 -0.757 -2.295 -1.296 3.574
52 F -1.827 -3.007 -3.065 -3.257 -0.709 -3.529 -3.593 -3.172 -1.629 3.139 1.163 -2.985 0.775 4.837 -3.949 -3.064 -1.661 -0.295 1.522 1.631
53 I -1.235 -2.127 -2.787 -3.002 -0.17 -1.944 -2.954 -3.007 -1.721 3.434 1.904 -2.012 4.232 0.335 -3.381 -2.509 -1.071 -1.723 -1.06 2.063
54 F -1.025 -1.866 -1.201 -1.952 -0.541 -2.176 -2.253 -2.01 -1.117 0.026 -0.144 -1.793 -0.153 4.699 -2.76 -0.607 2.55 -0.295 1.447 -0.126
55 V -0.244 -2.497 -2.94 -3.175 0.329 -2.598 -2.904 -2.966 -2.926 3.019 0.935 -2.399 0.821 -0.409 -3.182 -2.295 -0.462 -2.398 -1.296 4.153
56 V -0.244 -2.497 -2.94 -3.175 0.329 -2.598 -2.904 -2.966 -2.926 3.019 0.935 -2.399 0.821 -0.409 -3.182 -2.295 -0.462 -2.398 -1.296 4.153
57 N -1.746 -1.027 3.852 -0.144 -1.809 -1.098 -1.44 -1.232 1.581 -1.614 -1.829 -0.989 -1.339 1.71 -2.947 -1.061 -1.166 0.728 4.813 -1.674
58 L -1.468 -2.618 -3.323 -3.403 -0.161 -2.922 -3.501 -3.441 -2.516 3.546 3.101 -2.587 1.723 0.531 -3.565 -3.128 -1.327 -1.916 -1.179 2.104
59 G -0.343 0.642 -0.363 -1.018 -1.641 -0.331 -0.807 4.05 -0.805 -2.629 -2.797 2.838 -1.867 -2.752 -2.193 -0.952 -1.481 -2.505 -2.4 -2.41
60 Y -1.597 -2.375 -2.649 -3.111 -0.852 -2.42 -2.961 -3.203 0.592 2.967 0.653 -2.259 0.446 2.178 -3.428 -2.75 -1.548 0.85 4.854 1.526
61 Y -0.038 -1.224 -0.537 -1.325 -0.709 -1.124 -1.331 -1.197 1.088 -1.315 -1.544 -0.982 -0.934 1.765 -2.268 1.668 -0.152 0.789 4.828 -1.142
62 D -1.729 -0.953 4.22 4.386 -2.108 -0.705 0.286 -0.609 0.302 -2.73 -3.327 -0.561 -2.428 -2.645 -2.445 -0.516 -0.903 -3.246 -2.526 -2.719
63 R -1.169 4.293 -0.374 -1.123 -2.126 0.655 -0.101 -1.719 -0.078 -2.368 -2.143 3.527 -1.234 -2.645 -2.162 -1.142 -1.273 -2.398 -1.791 -2.09
64 K 0.263 1.0 0.129 -0.486 -0.785 0.189 -0.099 -0.669 -0.36 -2.026 -2.295 3.016 -1.216 -2.353 -1.59 1.906 0.14 -2.56 -1.783 -1.635
65 G -0.02 -1.667 -0.296 -1.175 -0.521 -1.609 -1.944 4.051 -1.455 -1.359 -2.026 -1.2 -1.417 -2.088 -2.193 -0.035 2.594 -2.32 -2.349 -0.932
66 K -0.837 2.083 -0.279 -0.733 -1.988 0.796 0.303 -1.353 -0.254 -2.134 -2.251 4.517 -1.234 -2.816 -1.698 -0.892 -1.093 -2.56 -1.799 -2.01
67 W -2.211 -2.075 -2.61 -3.316 -2.039 -2.268 -2.661 -2.646 0.907 -1.292 -1.267 -2.306 -0.976 2.436 -4.199 -2.87 -2.387 8.778 5.225 -1.547
68 Q -0.893 0.996 -0.103 -0.368 -1.922 4.921 1.381 -1.49 0.759 -2.251 -2.002 1.211 -0.414 -2.969 -2.162 -0.765 -0.986 -2.195 -1.296 -1.798
69 F -2.072 -2.294 -2.48 -3.175 -1.567 -2.651 -2.88 -2.914 0.985 -0.224 -0.09 -2.512 -0.217 5.355 -3.848 -2.729 -2.237 1.66 5.372 -0.744
70 G -0.62 3.711 -0.462 -1.451 -1.762 -0.542 -1.422 3.997 -0.594 -2.909 -2.667 0.721 -1.867 -2.584 -2.752 -1.208 -1.688 -2.346 -2.39 -2.502
71 W -2.498 -2.639 -3.02 -3.474 -1.825 -3.308 -3.225 -2.62 -0.988 -0.607 -0.346 -3.047 -0.456 4.943 -4.899 -3.199 -2.539 8.717 2.564 -1.252
72 Y -0.038 -1.224 -0.537 -1.325 -0.709 -1.124 -1.331 -1.197 1.088 -1.315 -1.544 -0.982 -0.934 1.765 -2.268 1.668 -0.152 0.789 4.828 -1.142
73 F -1.827 -3.007 -3.065 -3.257 -0.709 -3.529 -3.593 -3.172 -1.629 3.139 1.163 -2.985 0.775 4.837 -3.949 -3.064 -1.661 -0.295 1.522 1.631
74 L -1.468 -2.618 -3.323 -3.403 -0.161 -2.922 -3.501 -3.441 -2.516 3.546 3.101 -2.587 1.723 0.531 -3.565 -3.128 -1.327 -1.916 -1.179 2.104
75 F -2.072 -2.294 -2.48 -3.175 -1.567 -2.651 -2.88 -2.914 0.985 -0.224 -0.09 -2.512 -0.217 5.355 -3.848 -2.729 -2.237 1.66 5.372 -0.744
76 L -0.75 -1.599 -1.333 -2.043 -0.022 -1.781 -2.194 -2.187 -1.839 1.09 2.507 -1.524 1.087 -0.139 -2.5 -0.634 2.632 -1.916 -1.374 0.69
77 L -1.468 -2.618 -3.323 -3.403 -0.161 -2.922 -3.501 -3.441 -2.516 3.546 3.101 -2.587 1.723 0.531 -3.565 -3.128 -1.327 -1.916 -1.179 2.104
78 V -0.76 -2.788 -3.102 -3.183 0.095 -2.892 -3.274 -3.216 -2.822 3.884 1.323 -2.541 1.049 -0.085 -3.344 -2.664 -0.757 -2.295 -1.296 3.574
79 F -0.169 -1.633 -0.729 -1.403 -0.572 -1.781 -1.673 -1.181 -0.649 -0.625 -0.544 -1.427 -0.421 4.68 -2.605 1.603 -0.221 -0.385 1.439 -0.884
80 L -0.824 -2.343 -3.149 -3.394 0.095 -2.624 -3.103 -3.172 -2.609 2.552 2.897 -2.443 1.544 0.272 -3.391 -2.699 -0.972 -2.006 -1.179 3.012
81 L -1.921 -2.53 -3.111 -3.474 -0.709 -3.199 -3.403 -3.128 -1.487 1.258 2.806 -2.872 1.315 4.905 -4.006 -3.105 -1.959 -0.147 1.567 0.4
82 Y -0.927 -2.121 -2.51 -3.103 -0.531 -2.168 -2.627 -2.954 0.561 1.697 0.153 -2.13 0.162 2.034 -3.262 -2.37 -1.166 0.815 4.854 2.602
83 A 2.847 -1.099 -0.396 -0.89 0.381 -0.931 -0.914 0.133 -0.822 -1.331 -1.792 -0.564 -1.037 -1.906 -1.486 2.211 0.372 -2.505 -1.766 -0.5
84 A 2.574 -1.292 -0.812 -1.342 0.403 -1.22 -1.349 -0.364 -1.321 -0.522 -1.197 -0.83 -0.708 -1.722 -1.59 0.572 2.792 -2.32 -1.742 0.174
85 Y -1.597 -2.375 -2.649 -3.111 -0.852 -2.42 -2.961 -3.203 0.592 2.967 0.653 -2.259 0.446 2.178 -3.428 -2.75 -1.548 0.85 4.854 1.526
86 N -1.256 0.372 4.032 0.566 -1.889 3.326 0.513 -0.752 0.86 -2.477 -2.524 0.551 -1.161 -2.662 -2.372 -0.429 -0.712 -2.56 -1.661 -2.159
87 E 0.232 -0.426 0.099 0.757 -0.921 0.534 2.976 -0.894 -0.013 -2.317 -2.52 0.225 -1.467 -2.267 -1.682 1.923 0.07 -2.478 -1.841 -1.693
88 Y -1.288 0.753 -1.061 -1.659 -1.873 -0.218 -0.736 -2.04 1.152 -1.399 -1.51 2.815 -0.951 1.661 -2.405 -1.566 -1.553 0.789 4.826 -1.455
89 L -1.61 -1.177 3.789 -0.245 -0.886 -1.405 -1.747 -1.35 -0.24 0.508 2.282 -1.196 0.709 -0.357 -3.062 -1.266 -0.972 -2.245 -1.529 -0.191
90 L -1.468 -2.618 -3.323 -3.403 -0.161 -2.922 -3.501 -3.441 -2.516 3.546 3.101 -2.587 1.723 0.531 -3.565 -3.128 -1.327 -1.916 -1.179 2.104
91 Y -0.038 -1.224 -0.537 -1.325 -0.709 -1.124 -1.331 -1.197 1.088 -1.315 -1.544 -0.982 -0.934 1.765 -2.268 1.668 -0.152 0.789 4.828 -1.142
92 G 0.079 -2.368 -0.451 -1.333 -1.331 -2.206 -2.633 5.819 -1.487 -3.226 -3.471 -1.661 -2.678 -2.689 -2.79 -1.013 -1.93 -2.451 -3.159 -2.875
93 Q -0.893 0.996 -0.103 -0.368 -1.922 4.921 1.381 -1.49 0.759 -2.251 -2.002 1.211 -0.414 -2.969 -2.162 -0.765 -0.986 -2.195 -1.296 -1.798
94 P 0.259 -1.318 -0.48 -0.843 -0.603 -1.182 -1.05 -0.86 -0.988 -2.118 -2.542 -0.659 -1.742 -2.567 4.839 1.806 0.055 -3.39 -2.173 -1.705
95 L -1.921 -2.53 -3.111 -3.474 -0.709 -3.199 -3.403 -3.128 -1.487 1.258 2.806 -2.872 1.315 4.905 -4.006 -3.105 -1.959 -0.147 1.567 0.4
96 L -1.468 -2.618 -3.323 -3.403 -0.161 -2.922 -3.501 -3.441 -2.516 3.546 3.101 -2.587 1.723 0.531 -3.565 -3.128 -1.327 -1.916 -1.179 2.104
97 L -1.551 -2.197 -3.373 -3.631 -0.161 -2.651 -3.316 -3.393 -2.324 1.994 4.055 -2.489 2.122 0.822 -3.615 -3.169 -1.591 -1.661 -1.067 1.095
98 G 0.079 -2.368 -0.451 -1.333 -1.331 -2.206 -2.633 5.819 -1.487 -3.226 -3.471 -1.661 -2.678 -2.689 -2.79 -1.013 -1.93 -2.451 -3.159 -2.875
99 L -1.468 -2.618 -3.323 -3.403 -0.161 -2.922 -3.501 -3.441 -2.516 3.546 3.101 -2.587 1.723 0.531 -3.565 -3.128 -1.327 -1.916 -1.179 2.104
100 L -1.548 3.722 -1.573 -2.423 -1.027 -0.66 -1.629 -2.698 -0.873 0.525 2.385 0.559 0.906 -0.381 -3.13 -2.162 -1.527 -1.938 -1.403 -0.099
101 P 2.446 -1.747 -1.805 -1.636 -0.206 -1.621 -1.467 -0.54 -1.413 -1.49 -1.959 -0.965 -1.549 -2.508 4.839 -0.355 -0.859 -3.317 -2.173 -0.799
102 Q -0.893 0.996 -0.103 -0.368 -1.922 4.921 1.381 -1.49 0.759 -2.251 -2.002 1.211 -0.414 -2.969 -2.162 -0.765 -0.986 -2.195 -1.296 -1.798
103 R -1.545 5.53 -0.473 -1.574 -2.27 0.507 -0.571 -2.139 0.088 -2.622 -2.039 2.008 -1.234 -2.483 -2.715 -1.417 -1.465 -2.245 -1.783 -2.172
104 E -0.911 0.487 -0.224 0.72 -2.161 3.652 3.357 -1.715 0.576 -2.501 -2.336 0.951 -1.011 -2.789 -2.024 -0.783 -1.144 -2.295 -1.59 -1.966
105 F -2.345 -2.907 -2.871 -3.325 -1.385 -3.875 -3.493 -2.885 -0.839 0.266 0.554 -3.315 0.191 6.531 -4.459 -3.041 -2.381 0.841 2.92 -0.518
106 L -1.921 -2.53 -3.111 -3.474 -0.709 -3.199 -3.403 -3.128 -1.487 1.258 2.806 -2.872 1.315 4.905 -4.006 -3.105 -1.959 -0.147 1.567 0.4
107 L -1.468 -2.618 -3.323 -3.403 -0.161 -2.922 -3.501 -3.441 -2.516 3.546 3.101 -2.587 1.723 0.531 -3.565 -3.128 -1.327 -1.916 -1.179 2.104
108 C -0.953 -2.716 -3.167 -3.528 7.784 -3.031 -3.609 -2.72 -2.625 0.939 2.506 -2.789 0.942 -0.267 -3.409 -2.33 -1.456 -2.346 -1.808 0.436
109 L -1.551 -2.197 -3.373 -3.631 -0.161 -2.651 -3.316 -3.393 -2.324 1.994 4.055 -2.489 2.122 0.822 -3.615 -3.169 -1.591 -1.661 -1.067 1.095
110 L -1.312 -1.768 -2.829 -3.2 -0.17 -1.748 -2.801 -2.966 -1.574 1.8 3.248 -1.931 4.406 0.645 -3.428 -2.542 -1.312 -1.484 -0.953 1.038
111 T 0.527 -0.922 0.186 -0.617 0.086 -0.835 -0.948 -0.664 -0.908 -0.957 -1.634 -0.538 -0.851 -1.767 -1.59 2.281 3.081 -2.372 -1.742 -0.443
112 Y -1.823 -1.788 -2.136 -3.033 -1.762 -1.794 -2.374 -2.943 2.094 -0.814 -0.921 -1.884 -0.693 3.338 -3.344 -2.448 -2.1 2.298 6.677 -0.99
113 F -2.345 -2.907 -2.871 -3.325 -1.385 -3.875 -3.493 -2.885 -0.839 0.266 0.554 -3.315 0.191 6.531 -4.459 -3.041 -2.381 0.841 2.92 -0.518
114 P -0.847 -2.024 -1.944 -1.574 -1.468 -1.944 -1.633 -1.863 -1.618 -2.328 -2.761 -1.075 -2.414 -3.346 6.674 -1.463 -1.359 -4.56 -2.646 -2.172
115 L -1.551 -2.197 -3.373 -3.631 -0.161 -2.651 -3.316 -3.393 -2.324 1.994 4.055 -2.489 2.122 0.822 -3.615 -3.169 -1.591 -1.661 -1.067 1.095
116 R -1.545 5.53 -0.473 -1.574 -2.27 0.507 -0.571 -2.139 0.088 -2.622 -2.039 2.008 -1.234 -2.483 -2.715 -1.417 -1.465 -2.245 -1.783 -2.172
117 K -0.837 2.083 -0.279 -0.733 -1.988 0.796 0.303 -1.353 -0.254 -2.134 -2.251 4.517 -1.234 -2.816 -1.698 -0.892 -1.093 -2.56 -1.799 -2.01
118 Y -1.597 -2.375 -2.649 -3.111 -0.852 -2.42 -2.961 -3.203 0.592 2.967 0.653 -2.259 0.446 2.178 -3.428 -2.75 -1.548 0.85 4.854 1.526
119 F -1.108 -2.695 -2.905 -3.249 -0.402 -3.166 -3.184 -2.925 -1.698 1.959 0.751 -2.821 0.523 4.781 -3.75 -2.644 -1.265 -0.346 1.522 2.675
120 E -0.911 0.487 -0.224 0.72 -2.161 3.652 3.357 -1.715 0.576 -2.501 -2.336 0.951 -1.011 -2.789 -2.024 -0.783 -1.144 -2.295 -1.59 -1.966
121 Y -1.342 -0.843 -1.107 0.051 -2.073 0.176 2.772 -2.41 1.363 -1.631 -1.68 -0.336 -1.179 1.682 -2.528 -1.509 -1.679 0.815 4.821 -1.51
122 Y -1.321 -0.072 -0.944 -1.403 -1.841 3.189 0.076 -2.126 1.503 -1.444 -1.411 0.06 -0.55 1.645 -2.693 -1.486 -1.489 0.85 4.854 -1.366
123 N -1.276 -0.275 4.004 1.391 -2.126 0.548 2.952 -0.925 0.684 -2.749 -2.929 0.221 -1.961 -2.499 -2.224 -0.446 -0.856 -2.673 -1.998 -2.35
124 V -0.76 -2.788 -3.102 -3.183 0.095 -2.892 -3.274 -3.216 -2.822 3.884 1.323 -2.541 1.049 -0.085 -3.344 -2.664 -0.757 -2.295 -1.296 3.574
125 D -0.028 -1.144 0.859 4.177 -0.909 -0.728 0.347 -0.581 -0.509 -2.3 -2.862 -0.555 -1.855 -2.401 -1.864 1.892 0.036 -3.009 -2.339 -1.983
126 L -1.921 -2.53 -3.111 -3.474 -0.709 -3.199 -3.403 -3.128 -1.487 1.258 2.806 -2.872 1.315 4.905 -4.006 -3.105 -1.959 -0.147 1.567 0.4
127 E -0.883 1.183 -0.314 0.599 -2.197 1.078 3.121 -1.641 0.081 -2.437 -2.473 3.192 -1.487 -2.716 -1.793 -0.846 -1.2 -2.478 -1.858 -2.076
128 N -1.224 1.093 4.012 0.439 -1.922 0.206 -0.17 -0.698 0.415 -2.413 -2.671 3.014 -1.665 -2.593 -2.113 -0.485 -0.76 -2.761 -1.936 -2.277
129 L -1.551 -2.197 -3.373 -3.631 -0.161 -2.651 -3.316 -3.393 -2.324 1.994 4.055 -2.489 2.122 0.822 -3.615 -3.169 -1.591 -1.661 -1.067 1.095
130 L -1.684 -1.985 -2.689 -3.316 -0.852 -2.191 -2.807 -3.159 0.659 0.919 2.528 -2.17 1.045 2.346 -3.476 -2.786 -1.835 0.95 4.868 0.237
131 E -0.567 -1.079 -1.363 0.027 -0.73 -0.007 2.731 -2.42 -0.822 1.382 -0.348 -0.477 -0.191 -1.307 -2.466 -1.453 -0.856 -2.398 -1.59 2.462
132 G -0.665 -1.236 3.993 0.253 -1.582 -1.253 -1.531 4.161 -0.013 -2.964 -3.313 -0.905 -2.414 -2.533 -2.693 -0.537 -1.104 -2.702 -2.569 -2.719
133 L -1.468 -2.618 -3.323 -3.403 -0.161 -2.922 -3.501 -3.441 -2.516 3.546 3.101 -2.587 1.723 0.531 -3.565 -3.128 -1.327 -1.916 -1.179 2.104
134 L -1.312 -1.768 -2.829 -3.2 -0.17 -1.748 -2.801 -2.966 -1.574 1.8 3.248 -1.931 4.406 0.645 -3.428 -2.542 -1.312 -1.484 -0.953 1.038
135 R -1.607 3.875 3.99 0.185 -2.056 0.032 -0.653 -0.986 0.555 -2.672 -2.546 1.077 -1.665 -2.433 -2.656 -0.701 -0.92 -2.588 -1.927 -2.365
136 L -1.551 -2.197 -3.373 -3.631 -0.161 -2.651 -3.316 -3.393 -2.324 1.994 4.055 -2.489 2.122 0.822 -3.615 -3.169 -1.591 -1.661 -1.067 1.095
137 G 0.079 -2.368 -0.451 -1.333 -1.331 -2.206 -2.633 5.819 -1.487 -3.226 -3.471 -1.661 -2.678 -2.689 -2.79 -1.013 -1.93 -2.451 -3.159 -2.875
138 A 2.847 -1.099 -0.396 -0.89 0.381 -0.931 -0.914 0.133 -0.822 -1.331 -1.792 -0.564 -1.037 -1.906 -1.486 2.211 0.372 -2.505 -1.766 -0.5
139 L -1.736 -2.715 -3.168 -3.38 -0.518 -3.209 -3.502 -3.247 -1.847 2.809 2.475 -2.814 1.293 4.009 -3.837 -3.102 -1.641 -0.686 0.884 1.46
140 S 2.368 -0.982 -0.074 -0.668 0.275 -0.813 -0.797 0.048 -0.704 -1.519 -1.967 -0.475 -1.093 -1.926 -1.49 2.631 0.593 -2.527 -1.77 -0.747
141 A 2.155 -1.104 -0.315 -0.938 0.29 -0.994 -1.067 -0.283 -1.012 -0.921 -1.533 -0.645 -0.866 -1.801 -1.558 1.794 2.314 -2.402 -1.753 -0.244
142 L -1.555 -2.201 -3.377 -3.634 -0.165 -2.655 -3.32 -3.397 -2.328 1.991 4.061 -2.492 2.118 0.819 -3.619 -3.173 -1.595 -1.665 -1.07 1.092
143 I -1.676 -3.045 -3.136 -3.239 -0.518 -3.426 -3.631 -3.277 -1.953 3.697 1.337 -2.887 0.942 3.947 -3.8 -3.075 -1.46 -0.804 0.846 2.093
144 F -2.164 -2.488 -2.608 -3.228 -1.509 -3.008 -3.074 -2.908 0.491 -0.055 0.137 -2.759 -0.078 5.807 -4.041 -2.833 -2.288 1.409 4.764 -0.671
145 L -1.422 -2.013 -2.557 -3.016 -0.613 -1.897 -2.751 -2.989 0.153 2.582 1.227 -1.972 3.325 1.706 -3.372 -2.492 -1.379 0.287 3.884 1.351
146 L -0.405 -1.635 -1.47 -2.038 -0.088 -1.789 -2.09 -1.859 -1.57 1.17 3.044 -1.564 1.372 0.153 -2.723 0.695 -0.454 -1.934 -1.285 0.49
147 Q -0.617 0.447 -0.122 -0.574 -1.079 3.935 0.713 -1.442 0.193 -1.416 -1.659 0.679 -0.46 -2.437 -2.002 -0.196 1.921 -2.199 -1.433 -0.963
148 K -0.841 2.079 -0.282 -0.736 -1.992 0.793 0.299 -1.357 -0.257 -2.137 -2.255 4.526 -1.238 -2.82 -1.701 -0.895 -1.096 -2.563 -1.803 -2.013
149 L -1.281 -1.539 -1.969 -0.769 -0.741 -0.751 1.694 -2.863 -1.206 2.538 2.12 -1.067 0.951 -0.195 -2.897 -2.134 -1.326 -2.071 -1.409 1.243
150 V -0.621 -2.397 -3.081 -3.323 0.171 -2.619 -3.039 -3.105 -2.715 2.712 2.381 -2.432 1.319 0.058 -3.323 -2.561 -0.795 -2.135 -1.221 3.452
151 I -1.529 -2.604 -2.846 -3.141 -0.606 -2.666 -3.19 -3.299 -0.157 3.604 1.028 -2.399 0.74 1.654 -3.461 -2.862 -1.389 0.139 3.857 2.034
152 L -1.736 -2.715 -3.168 -3.38 -0.518 -3.209 -3.502 -3.247 -1.847 2.809 2.475 -2.814 1.293 4.009 -3.837 -3.102 -1.641 -0.686 0.884 1.46
153 P 1.593 -1.764 -1.915 -2.034 -0.641 -1.681 -1.742 -1.146 0.264 -1.25 -1.573 -1.244 -1.238 0.84 3.756 -0.903 -1.22 -0.15 3.771 -0.865
154 G -0.02 -1.667 -0.296 -1.175 -0.521 -1.609 -1.944 4.051 -1.455 -1.359 -2.026 -1.2 -1.417 -2.088 -2.193 -0.035 2.594 -2.32 -2.349 -0.932
155 G 0.079 -2.368 -0.451 -1.333 -1.331 -2.206 -2.633 5.819 -1.487 -3.226 -3.471 -1.661 -2.678 -2.689 -2.79 -1.013 -1.93 -2.451 -3.159 -2.875
156 T 0.527 -0.922 0.186 -0.617 0.086 -0.835 -0.948 -0.664 -0.908 -0.957 -1.634 -0.538 -0.851 -1.767 -1.59 2.281 3.081 -2.372 -1.742 -0.443
157 N -1.256 0.372 4.032 0.566 -1.889 3.326 0.513 -0.752 0.86 -2.477 -2.524 0.551 -1.161 -2.662 -2.372 -0.429 -0.712 -2.56 -1.661 -2.159
158 F -2.349 -2.911 -2.875 -3.329 -1.388 -3.878 -3.497 -2.889 -0.843 0.262 0.55 -3.319 0.187 6.537 -4.462 -3.045 -2.385 0.837 2.917 -0.522
159 L -1.004 -2.581 -3.193 -3.329 0.008 -2.813 -3.291 -3.277 -2.65 3.383 2.544 -2.527 1.449 0.247 -3.435 -2.826 -1.013 -2.071 -1.221 2.962
160 D -1.403 0.438 3.343 3.454 -2.071 -0.117 0.288 -0.84 0.125 -2.521 -2.926 2.207 -1.976 -2.704 -2.178 -0.639 -0.968 -3.002 -2.266 -2.466
161 V -0.248 -2.501 -2.944 -3.179 0.326 -2.602 -2.908 -2.97 -2.929 3.015 0.931 -2.402 0.817 -0.413 -3.186 -2.298 -0.466 -2.402 -1.299 4.163
162 I 1.598 -2.035 -2.435 -2.528 0.135 -1.892 -2.388 -1.458 -1.684 2.871 1.117 -1.666 2.845 -0.258 -2.623 -1.222 -0.848 -2.029 -1.322 1.721
163 V -0.108 -1.593 -1.143 -1.824 -0.323 -1.541 -1.77 -1.679 0.252 0.908 -0.468 -1.385 -0.228 1.202 -2.545 0.851 -0.255 0.058 3.832 1.789
164 N 0.004 -0.584 4.109 0.606 -0.741 -0.559 -0.65 -0.141 0.331 -2.295 -2.721 -0.301 -1.644 -2.161 -1.989 2.067 0.361 -2.761 -1.919 -1.868
165 F -2.072 -2.294 -2.48 -3.175 -1.567 -2.651 -2.88 -2.914 0.985 -0.224 -0.09 -2.512 -0.217 5.355 -3.848 -2.729 -2.237 1.66 5.372 -0.744
166 A 2.847 -1.099 -0.396 -0.89 0.381 -0.931 -0.914 0.133 -0.822 -1.331 -1.792 -0.564 -1.037 -1.906 -1.486 2.211 0.372 -2.505 -1.766 -0.5
167 G 0.079 -2.368 -0.451 -1.333 -1.331 -2.206 -2.633 5.819 -1.487 -3.226 -3.471 -1.661 -2.678 -2.689 -2.79 -1.013 -1.93 -2.451 -3.159 -2.875
168 Y -0.85 -1.425 -0.975 -1.858 -0.676 -1.434 -1.839 -2.031 0.841 -0.51 -0.993 -1.292 -0.617 1.818 -2.405 -0.469 2.577 0.85 4.831 -0.323
169 F -2.345 -2.907 -2.871 -3.325 -1.385 -3.875 -3.493 -2.885 -0.839 0.266 0.554 -3.315 0.191 6.531 -4.459 -3.041 -2.381 0.841 2.92 -0.518
170 S 1.057 -0.752 0.486 -0.259 0.062 -0.581 -0.566 -0.117 -0.471 -1.922 -2.339 -0.296 -1.197 -1.954 -1.486 3.299 1.0 -2.56 -1.766 -1.303
171 G -0.347 -2.191 -1.102 -1.451 -1.399 -2.072 -2.09 4.014 -1.552 -2.742 -3.094 -1.353 -2.543 -2.999 4.78 -1.229 -1.63 -3.317 -2.891 -2.502
172 Y -1.823 -1.788 -2.136 -3.033 -1.762 -1.794 -2.374 -2.943 2.094 -0.814 -0.921 -1.884 -0.693 3.338 -3.344 -2.448 -2.1 2.298 6.677 -0.99
173 R -1.545 5.53 -0.473 -1.574 -2.27 0.507 -0.571 -2.139 0.088 -2.622 -2.039 2.008 -1.234 -2.483 -2.715 -1.417 -1.465 -2.245 -1.783 -2.172
174 L -1.312 -1.768 -2.829 -3.2 -0.17 -1.748 -2.801 -2.966 -1.574 1.8 3.248 -1.931 4.406 0.645 -3.428 -2.542 -1.312 -1.484 -0.953 1.038
175 Y -1.823 -1.788 -2.136 -3.033 -1.762 -1.794 -2.374 -2.943 2.094 -0.814 -0.921 -1.884 -0.693 3.338 -3.344 -2.448 -2.1 2.298 6.677 -0.99
176 V -0.244 -2.497 -2.94 -3.175 0.329 -2.598 -2.904 -2.966 -2.926 3.019 0.935 -2.399 0.821 -0.409 -3.182 -2.295 -0.462 -2.398 -1.296 4.153
177 G -0.381 -1.039 -0.399 0.423 -1.825 0.077 2.751 4.008 -0.404 -2.992 -3.068 -0.269 -2.185 -2.654 -2.306 -0.905 -1.604 -2.424 -2.473 -2.487
178 S 1.057 -0.752 0.486 -0.259 0.062 -0.581 -0.566 -0.117 -0.471 -1.922 -2.339 -0.296 -1.197 -1.954 -1.486 3.299 1.0 -2.56 -1.766 -1.303
179 S 1.057 -0.752 0.486 -0.259 0.062 -0.581 -0.566 -0.117 -0.471 -1.922 -2.339 -0.296 -1.197 -1.954 -1.486 3.299 1.0 -2.56 -1.766 -1.303
180 L -1.551 -2.197 -3.373 -3.631 -0.161 -2.651 -3.316 -3.393 -2.324 1.994 4.055 -2.489 2.122 0.822 -3.615 -3.169 -1.591 -1.661 -1.067 1.095
181 I -1.388 -3.111 -3.273 -3.191 -0.161 -3.22 -3.697 -3.49 -2.722 4.549 1.666 -2.689 1.26 0.207 -3.515 -3.087 -1.085 -2.195 -1.296 2.849
182 D -1.581 -2.257 -0.255 3.972 -1.063 -1.821 -0.45 -2.078 -1.434 2.771 0.111 -1.619 -0.089 -0.955 -2.844 -1.834 -1.25 -2.791 -2.043 1.221
183 L -1.551 -2.197 -3.373 -3.631 -0.161 -2.651 -3.316 -3.393 -2.324 1.994 4.055 -2.489 2.122 0.822 -3.615 -3.169 -1.591 -1.661 -1.067 1.095
184 A 2.408 -1.444 -2.001 -2.207 0.276 -1.193 -1.789 -0.752 -1.098 0.625 0.885 -1.145 3.949 -0.475 -2.236 -0.535 -0.728 -1.829 -1.268 0.585
185 T -0.567 -1.245 -1.051 -1.787 -0.03 -1.088 -1.835 -1.899 -1.193 0.821 0.949 -1.113 3.982 -0.389 -2.372 -0.357 2.699 -1.723 -1.247 0.624
186 L -1.551 -2.197 -3.373 -3.631 -0.161 -2.651 -3.316 -3.393 -2.324 1.994 4.055 -2.489 2.122 0.822 -3.615 -3.169 -1.591 -1.661 -1.067 1.095
187 I -1.388 -3.111 -3.273 -3.191 -0.161 -3.22 -3.697 -3.49 -2.722 4.549 1.666 -2.689 1.26 0.207 -3.515 -3.087 -1.085 -2.195 -1.296 2.849
188 A 2.847 -1.099 -0.396 -0.89 0.381 -0.931 -0.914 0.133 -0.822 -1.331 -1.792 -0.564 -1.037 -1.906 -1.486 2.211 0.372 -2.505 -1.766 -0.5
189 V -0.183 -1.717 -1.22 -1.904 0.222 -1.761 -2.048 -2.04 -2.078 1.828 0.104 -1.491 0.219 -0.94 -2.345 -0.429 2.787 -2.295 -1.499 2.81
190 Y 2.31 -1.638 -1.895 -2.289 -0.298 -1.553 -1.793 -0.84 0.888 -0.828 -1.119 -1.326 -0.787 1.779 -2.268 -0.654 -1.148 0.807 4.828 -0.377
191 R -1.681 3.75 -1.186 -2.213 -2.005 -0.42 -1.334 -2.513 1.262 -1.579 -1.426 0.674 -0.951 1.698 -3.012 -1.887 -1.765 0.841 4.827 -1.521
192 F -2.072 -2.294 -2.48 -3.175 -1.567 -2.651 -2.88 -2.914 0.985 -0.224 -0.09 -2.512 -0.217 5.355 -3.848 -2.729 -2.237 1.66 5.372 -0.744
193 L -1.312 -1.768 -2.829 -3.2 -0.17 -1.748 -2.801 -2.966 -1.574 1.8 3.248 -1.931 4.406 0.645 -3.428 -2.542 -1.312 -1.484 -0.953 1.038
194 E -0.93 -0.133 -0.349 1.507 -2.422 1.336 4.519 -1.96 0.382 -2.775 -2.714 0.666 -1.764 -2.619 -1.892 -0.802 -1.312 -2.398 -1.919 -2.145
195 L -0.75 -1.599 -1.333 -2.043 -0.022 -1.781 -2.194 -2.187 -1.839 1.09 2.507 -1.524 1.087 -0.139 -2.5 -0.634 2.632 -1.916 -1.374 0.69
196 G -0.623 -2.281 -1.557 -2.259 -0.687 -2.42 -2.954 3.936 -1.875 0.432 2.26 -2.046 0.622 -0.429 -3.173 -1.894 -1.756 -2.029 -1.927 -0.255
197 R -1.169 4.293 -0.374 -1.123 -2.126 0.655 -0.101 -1.719 -0.078 -2.368 -2.143 3.527 -1.234 -2.645 -2.162 -1.142 -1.273 -2.398 -1.791 -2.09
198 L -1.921 -2.53 -3.111 -3.474 -0.709 -3.199 -3.403 -3.128 -1.487 1.258 2.806 -2.872 1.315 4.905 -4.006 -3.105 -1.959 -0.147 1.567 0.4
199 K -0.837 2.083 -0.279 -0.733 -1.988 0.796 0.303 -1.353 -0.254 -2.134 -2.251 4.517 -1.234 -2.816 -1.698 -0.892 -1.093 -2.56 -1.799 -2.01
200 Y -1.823 -1.788 -2.136 -3.033 -1.762 -1.794 -2.374 -2.943 2.094 -0.814 -0.921 -1.884 -0.693 3.338 -3.344 -2.448 -2.1 2.298 6.677 -0.99
201 L -1.551 -2.197 -3.373 -3.631 -0.161 -2.651 -3.316 -3.393 -2.324 1.994 4.055 -2.489 2.122 0.822 -3.615 -3.169 -1.591 -1.661 -1.067 1.095
202 C -0.953 -2.716 -3.167 -3.528 7.784 -3.031 -3.609 -2.72 -2.625 0.939 2.506 -2.789 0.942 -0.267 -3.409 -2.33 -1.456 -2.346 -1.808 0.436
203 H -0.888 -1.241 -0.774 -1.868 -0.709 -1.14 -1.467 -2.269 6.081 1.395 -0.324 -1.475 -0.04 -0.627 -2.963 -1.921 -1.215 -1.894 0.542 2.382
204 L -1.684 -1.985 -2.689 -3.316 -0.852 -2.191 -2.807 -3.159 0.659 0.919 2.528 -2.17 1.045 2.346 -3.476 -2.786 -1.835 0.95 4.868 0.237
205 G -0.562 -2.716 -1.53 -2.115 -0.687 -2.669 -3.116 3.932 -2.039 2.738 0.116 -2.13 -0.083 -0.892 -3.13 -1.868 -1.477 -2.32 -2.079 1.221
206 L -1.551 -2.197 -3.373 -3.631 -0.161 -2.651 -3.316 -3.393 -2.324 1.994 4.055 -2.489 2.122 0.822 -3.615 -3.169 -1.591 -1.661 -1.067 1.095
207 G 0.079 -2.368 -0.451 -1.333 -1.331 -2.206 -2.633 5.819 -1.487 -3.226 -3.471 -1.661 -2.678 -2.689 -2.79 -1.013 -1.93 -2.451 -3.159 -2.875
208 W -2.053 -2.294 -3.273 -3.631 -1.051 -2.741 -3.143 -2.84 -1.675 0.667 2.428 -2.641 0.893 0.974 -4.378 -3.266 -2.095 8.662 0.975 -0.115
209 F 2.253 -2.115 -2.21 -2.398 -0.179 -2.331 -2.199 -0.826 -1.024 -0.235 -0.238 -1.833 -0.297 4.685 -2.605 -0.802 -1.246 -0.359 1.439 -0.177
210 T 0.527 -0.922 0.186 -0.617 0.086 -0.835 -0.948 -0.664 -0.908 -0.957 -1.634 -0.538 -0.851 -1.767 -1.59 2.281 3.081 -2.372 -1.742 -0.443
211 Q -0.898 0.877 -0.133 -0.055 -1.98 4.652 2.016 -1.544 0.714 -2.312 -2.082 1.148 -0.552 -2.923 -2.127 -0.77 -1.024 -2.22 -1.367 -1.839
212 I -1.388 -3.111 -3.273 -3.191 -0.161 -3.22 -3.697 -3.49 -2.722 4.549 1.666 -2.689 1.26 0.207 -3.515 -3.087 -1.085 -2.195 -1.296 2.849
213 W -2.66 -2.394 -3.177 -3.631 -2.345 -2.835 -2.98 -2.376 -1.145 -1.864 -1.661 -2.802 -1.291 1.118 -5.419 -3.366 -2.706 10.621 2.159 -2.238
214 I -1.388 -3.111 -3.273 -3.191 -0.161 -3.22 -3.697 -3.49 -2.722 4.549 1.666 -2.689 1.26 0.207 -3.515 -3.087 -1.085 -2.195 -1.296 2.849
215 T 0.527 -0.922 0.186 -0.617 0.086 -0.835 -0.948 -0.664 -0.908 -0.957 -1.634 -0.538 -0.851 -1.767 -1.59 2.281 3.081 -2.372 -1.742 -0.443
216 Q -0.893 0.996 -0.103 -0.368 -1.922 4.921 1.381 -1.49 0.759 -2.251 -2.002 1.211 -0.414 -2.969 -2.162 -0.765 -0.986 -2.195 -1.296 -1.798
217 G 0.079 -2.368 -0.451 -1.333 -1.331 -2.206 -2.633 5.819 -1.487 -3.226 -3.471 -1.661 -2.678 -2.689 -2.79 -1.013 -1.93 -2.451 -3.159 -2.875
218 R -1.545 5.53 -0.473 -1.574 -2.27 0.507 -0.571 -2.139 0.088 -2.622 -2.039 2.008 -1.234 -2.483 -2.715 -1.417 -1.465 -2.245 -1.783 -2.172
219 L -1.468 -2.618 -3.323 -3.403 -0.161 -2.922 -3.501 -3.441 -2.516 3.546 3.101 -2.587 1.723 0.531 -3.565 -3.128 -1.327 -1.916 -1.179 2.104
220 E -0.93 -0.133 -0.349 1.507 -2.422 1.336 4.519 -1.96 0.382 -2.775 -2.714 0.666 -1.764 -2.619 -1.892 -0.802 -1.312 -2.398 -1.919 -2.145
221 L -1.312 -1.768 -2.829 -3.2 -0.17 -1.748 -2.801 -2.966 -1.574 1.8 3.248 -1.931 4.406 0.645 -3.428 -2.542 -1.312 -1.484 -0.953 1.038
222 L -1.468 -2.618 -3.323 -3.403 -0.161 -2.922 -3.501 -3.441 -2.516 3.546 3.101 -2.587 1.723 0.531 -3.565 -3.128 -1.327 -1.916 -1.179 2.104
223 V 0.479 -1.494 -0.746 -1.364 0.199 -1.417 -1.504 -1.203 -1.445 1.497 -0.261 -1.16 -0.015 -1.079 -2.211 1.687 0.361 -2.478 -1.521 2.559
224 L -1.468 -2.618 -3.323 -3.403 -0.161 -2.922 -3.501 -3.441 -2.516 3.546 3.101 -2.587 1.723 0.531 -3.565 -3.128 -1.327 -1.916 -1.179 2.104
225 L -1.551 -2.197 -3.373 -3.631 -0.161 -2.651 -3.316 -3.393 -2.324 1.994 4.055 -2.489 2.122 0.822 -3.615 -3.169 -1.591 -1.661 -1.067 1.095
226 A 2.366 -2.191 -2.363 -2.349 0.284 -2.123 -2.263 -0.963 -1.875 2.963 0.54 -1.632 0.383 -0.645 -2.326 -0.812 -0.741 -2.32 -1.521 1.798
227 G 0.609 -1.448 0.056 -0.747 -0.551 -1.28 -1.418 4.166 -0.934 -2.501 -2.85 -0.899 -1.844 -2.298 -2.065 1.883 -0.108 -2.505 -2.379 -1.983
228 T 0.527 -0.922 0.186 -0.617 0.086 -0.835 -0.948 -0.664 -0.908 -0.957 -1.634 -0.538 -0.851 -1.767 -1.59 2.281 3.081 -2.372 -1.742 -0.443
229 V -0.76 -2.788 -3.102 -3.183 0.095 -2.892 -3.274 -3.216 -2.822 3.884 1.323 -2.541 1.049 -0.085 -3.344 -2.664 -0.757 -2.295 -1.296 3.574
230 L -0.824 -2.343 -3.149 -3.394 0.095 -2.624 -3.103 -3.172 -2.609 2.552 2.897 -2.443 1.544 0.272 -3.391 -2.699 -0.972 -2.006 -1.179 3.012
231 G -0.177 -2.817 -1.445 -2.195 7.753 -2.769 -3.211 3.995 -2.131 -1.725 -2.029 -2.301 -1.775 -2.345 -2.996 -1.328 -1.613 -2.821 -2.978 -1.394
232 V -0.76 -2.788 -3.102 -3.183 0.095 -2.892 -3.274 -3.216 -2.822 3.884 1.323 -2.541 1.049 -0.085 -3.344 -2.664 -0.757 -2.295 -1.296 3.574
233 F -1.827 -3.007 -3.065 -3.257 -0.709 -3.529 -3.593 -3.172 -1.629 3.139 1.163 -2.985 0.775 4.837 -3.949 -3.064 -1.661 -0.295 1.522 1.631
234 L -0.824 -2.343 -3.149 -3.394 0.095 -2.624 -3.103 -3.172 -2.609 2.552 2.897 -2.443 1.544 0.272 -3.391 -2.699 -0.972 -2.006 -1.179 3.012
235 G -0.366 -0.221 -0.272 -0.81 -1.611 3.155 0.022 4.04 -0.151 -2.698 -2.644 0.118 -1.329 -2.826 -2.459 -0.887 -1.419 -2.32 -2.079 -2.286
236 G -0.199 -0.063 -0.396 -1.123 -1.537 -0.835 -1.301 4.77 -1.019 -2.818 -3.008 1.963 -2.116 -2.734 -2.382 -0.976 -1.627 -2.49 -2.635 -2.56
237 R -1.265 3.027 -0.985 -1.492 -1.299 2.463 -0.295 -2.262 -0.285 1.859 -0.229 0.769 0.059 -1.391 -2.748 -1.605 -1.175 -2.215 -1.453 0.595
238 L -1.083 -1.558 2.762 -0.938 -0.425 -1.754 -2.087 -1.798 -0.894 1.601 1.902 -1.548 0.743 -0.378 -3.105 -1.573 -0.795 -2.298 -1.453 2.048
239 G 0.01 -1.886 -0.35 -1.231 -0.77 -1.798 -2.159 4.771 -1.469 -1.862 -2.436 -1.349 -1.783 -2.278 -2.382 -0.329 1.718 -2.367 -2.598 -1.45
240 R -1.551 4.464 -1.162 -2.115 -1.388 -0.22 -1.235 -2.503 -0.52 -0.201 1.514 1.123 0.349 -0.931 -2.989 -1.895 -1.51 -2.04 -1.528 -0.643
241 K -1.058 3.729 -0.346 -0.991 -2.083 0.699 0.036 -1.595 -0.139 -2.291 -2.182 3.903 -1.238 -2.704 -2.002 -1.06 -1.215 -2.454 -1.797 -2.066
242 K -0.841 2.079 -0.282 -0.736 -1.992 0.793 0.299 -1.357 -0.257 -2.137 -2.255 4.526 -1.238 -2.82 -1.701 -0.895 -1.096 -2.563 -1.803 -2.013
243 I -0.958 -2.895 -3.162 -3.19 0.008 -3.001 -3.412 -3.308 -2.792 4.13 1.439 -2.593 1.118 0.012 -3.404 -2.802 -0.866 -2.265 -1.299 3.355
244 L -1.445 -2.777 -3.31 -3.334 -0.165 -3.021 -3.568 -3.461 -2.587 3.927 2.699 -2.625 1.573 0.423 -3.552 -3.118 -1.248 -2.01 -1.221 2.371
245 Y -1.812 -1.777 -2.126 -3.022 -1.752 -1.784 -2.363 -2.932 2.105 -0.804 -0.91 -1.873 -0.682 3.348 -3.333 -2.437 -2.089 2.309 6.655 -0.979
246 W -2.65 -2.383 -3.166 -3.62 -2.334 -2.824 -2.969 -2.366 -1.134 -1.854 -1.65 -2.791 -1.28 1.128 -5.408 -3.355 -2.695 10.61 2.169 -2.228
247 L -1.541 -2.186 -3.362 -3.62 -0.15 -2.64 -3.306 -3.383 -2.314 2.005 4.037 -2.478 2.132 0.833 -3.604 -3.158 -1.581 -1.65 -1.056 1.106
248 L -1.541 -2.186 -3.362 -3.62 -0.15 -2.64 -3.306 -3.383 -2.314 2.005 4.037 -2.478 2.132 0.833 -3.604 -3.158 -1.581 -1.65 -1.056 1.106
249 T -0.167 -1.501 -0.821 -1.584 0.182 -1.533 -1.815 -1.791 -1.847 1.286 -0.24 -1.246 -0.017 -1.145 -2.117 -0.008 3.383 -2.265 -1.573 2.18
250 L -1.445 -2.777 -3.31 -3.334 -0.165 -3.021 -3.568 -3.461 -2.587 3.927 2.699 -2.625 1.573 0.423 -3.552 -3.118 -1.248 -2.01 -1.221 2.371
251 L -1.796 -2.418 -3.199 -3.529 -0.518 -3.008 -3.378 -3.217 -1.744 1.521 3.289 -2.742 1.606 4.069 -3.874 -3.129 -1.835 -0.573 0.921 0.647
252 G 0.01 -1.886 -0.35 -1.231 -0.77 -1.798 -2.159 4.771 -1.469 -1.862 -2.436 -1.349 -1.783 -2.278 -2.382 -0.329 1.718 -2.367 -2.598 -1.45
253 L -1.555 -2.201 -3.377 -3.634 -0.165 -2.655 -3.32 -3.397 -2.328 1.991 4.061 -2.492 2.118 0.819 -3.619 -3.173 -1.595 -1.665 -1.07 1.092
254 W -2.245 -2.33 -3.244 -3.634 -1.425 -2.776 -3.091 -2.681 -1.491 0.039 1.592 -2.697 0.328 1.019 -4.689 -3.302 -2.288 9.475 1.422 -0.669
255 L -1.455 -1.819 -2.532 -2.986 -0.531 -1.737 -2.697 -2.691 -0.935 1.211 1.686 -1.962 4.72 3.994 -3.605 -2.331 -1.438 -0.41 0.998 0.557
256 I -1.391 -3.115 -3.277 -3.195 -0.165 -3.224 -3.701 -3.493 -2.725 4.558 1.662 -2.693 1.257 0.204 -3.519 -3.091 -1.089 -2.199 -1.299 2.846
257 T 0.323 -0.985 0.075 -0.75 0.091 -0.928 -1.091 -0.876 -1.073 -0.699 -1.436 -0.627 -0.748 -1.711 -1.629 1.848 3.545 -2.315 -1.737 -0.209
258 L -1.051 -2.297 -3.225 -3.474 0.008 -2.637 -3.176 -3.247 -2.515 2.374 3.341 -2.462 1.746 0.463 -3.467 -2.851 -1.167 -1.89 -1.145 2.507
259 P -0.349 -1.382 -0.637 -1.201 -0.33 -1.368 -1.471 -1.507 -1.491 -0.783 -1.533 -0.893 -1.046 -2.07 3.808 0.134 3.314 -2.794 -1.999 -0.385
260 P -0.636 -2.177 -2.243 -2.02 -0.741 -2.149 -2.001 -2.19 -1.995 0.632 -0.964 -1.456 -0.904 -2.013 5.554 -1.718 -1.032 -3.651 -2.126 1.572
261 I -1.529 -2.604 -2.846 -3.141 -0.606 -2.666 -3.19 -3.299 -0.157 3.604 1.028 -2.399 0.74 1.654 -3.461 -2.862 -1.389 0.139 3.857 2.034
262 F -2.349 -2.911 -2.875 -3.329 -1.388 -3.878 -3.497 -2.889 -0.843 0.262 0.55 -3.319 0.187 6.537 -4.462 -3.045 -2.385 0.837 2.917 -0.522
263 E -0.11 -0.328 -0.047 1.026 -1.343 0.823 3.594 -1.211 0.121 -2.465 -2.587 0.376 -1.566 -2.383 -1.754 1.273 -0.325 -2.454 -1.871 -1.84
264 N -0.457 -0.534 4.732 0.841 -1.071 -0.555 -0.682 -0.153 0.552 -2.434 -2.865 -0.306 -1.813 -2.238 -2.182 1.509 0.108 -2.835 -1.975 -2.087
265 I -1.482 -1.922 2.752 -0.879 -0.627 -2.032 -2.35 -1.926 -0.935 3.502 0.751 -1.665 0.496 -0.432 -3.18 -1.742 -0.866 -2.437 -1.538 1.888
266 V -0.794 -2.631 -2.92 -3.228 -0.141 -2.968 -3.091 -2.942 -2.055 2.353 0.81 -2.677 0.622 3.844 -3.552 -2.526 -0.975 -0.886 0.846 3.264
267 G -0.214 -0.779 -0.334 -0.978 -1.518 2.212 -0.627 4.765 -0.535 -2.867 -2.898 -0.366 -1.716 -2.783 -2.569 -0.932 -1.583 -2.367 -2.4 -2.473
268 A 3.267 -1.229 -0.766 -1.139 0.477 -1.062 -1.043 0.208 -0.953 -1.162 -1.634 -0.663 -0.989 -1.894 -1.49 1.739 0.124 -2.49 -1.77 -0.279
269 I -1.676 -3.045 -3.136 -3.239 -0.518 -3.426 -3.631 -3.277 -1.953 3.697 1.337 -2.887 0.942 3.947 -3.8 -3.075 -1.46 -0.804 0.846 2.093
270 L -1.796 -2.418 -3.199 -3.529 -0.518 -3.008 -3.378 -3.217 -1.744 1.521 3.289 -2.742 1.606 4.069 -3.874 -3.129 -1.835 -0.573 0.921 0.647
271 K -0.871 1.511 -0.306 0.216 -2.129 0.984 2.453 -1.545 -0.03 -2.336 -2.401 3.712 -1.404 -2.753 -1.765 -0.865 -1.167 -2.508 -1.842 -2.057
272 V -0.621 -2.397 -3.081 -3.323 0.171 -2.619 -3.039 -3.105 -2.715 2.712 2.381 -2.432 1.319 0.058 -3.323 -2.561 -0.795 -2.135 -1.221 3.452
273 D -1.71 -1.788 0.297 4.738 -1.443 -1.364 0.168 -1.714 -1.031 -0.233 1.282 -1.296 -0.133 -1.097 -2.679 -1.533 -1.482 -2.774 -2.234 -0.899
274 G -0.336 -2.599 -1.127 -1.834 -0.89 -2.51 -2.949 4.71 -1.847 1.753 -0.669 -1.969 -0.722 -1.38 -3.016 -1.557 -1.624 -2.367 -2.4 0.377
275 G 1.941 -2.088 -1.516 -1.97 0.008 -1.999 -2.198 3.174 -1.791 0.769 -0.754 -1.575 -0.576 -1.499 -2.395 -0.743 -0.866 -2.437 -1.975 1.824
276 G -0.199 -0.063 -0.396 -1.123 -1.537 -0.835 -1.301 4.77 -1.019 -2.818 -3.008 1.963 -2.116 -2.734 -2.382 -0.976 -1.627 -2.49 -2.635 -2.56
277 R -0.402 4.526 -0.12 -1.07 -1.273 0.184 -0.573 -1.301 -0.09 -2.373 -2.139 1.42 -1.226 -2.299 -2.248 1.087 -0.396 -2.35 -1.781 -1.856
278 G 0.075 -2.372 -0.454 -1.337 -1.335 -2.21 -2.636 5.823 -1.491 -3.23 -3.475 -1.665 -2.681 -2.693 -2.794 -1.017 -1.934 -2.454 -3.163 -2.879
279 G 0.763 -1.201 0.203 -0.579 -0.336 -1.031 -1.109 3.308 -0.775 -2.298 -2.673 -0.687 -1.615 -2.182 -1.862 2.447 0.307 -2.527 -2.164 -1.742
280 D -1.791 -1.602 1.185 5.854 -2.387 -0.886 1.036 -1.138 -0.55 -2.74 -3.506 -0.844 -2.712 -2.934 -2.304 -0.966 -1.427 -3.545 -3.058 -2.879
281 S 0.711 -0.868 0.286 -0.496 0.075 -0.751 -0.818 -0.473 -0.758 -1.248 -1.854 -0.458 -0.966 -1.832 -1.558 2.671 2.544 -2.437 -1.753 -0.706
282 L -1.555 -2.201 -3.377 -3.634 -0.165 -2.655 -3.32 -3.397 -2.328 1.991 4.061 -2.492 2.118 0.819 -3.619 -3.173 -1.595 -1.665 -1.07 1.092
283 T -0.127 -1.107 -0.153 -1.029 0.107 -1.117 -1.392 -1.343 -1.427 -0.238 -1.071 -0.805 -0.546 -1.595 -1.701 0.691 4.287 -2.199 -1.721 0.215
284 I -1.391 -3.115 -3.277 -3.195 -0.165 -3.224 -3.701 -3.493 -2.725 4.558 1.662 -2.693 1.257 0.204 -3.519 -3.091 -1.089 -2.199 -1.299 2.846
285 R -1.548 5.537 -0.476 -1.578 -2.273 0.503 -0.575 -2.142 0.084 -2.626 -2.042 2.004 -1.238 -2.486 -2.718 -1.42 -1.468 -2.248 -1.786 -2.176
286 A 2.981 -1.096 2.923 -0.347 0.042 -1.045 -1.109 0.194 -0.304 -1.347 -1.827 -0.667 -1.257 -2.027 -1.815 0.262 -0.446 -2.619 -1.871 -0.529
287 I -1.391 -3.115 -3.277 -3.195 -0.165 -3.224 -3.701 -3.493 -2.725 4.558 1.662 -2.693 1.257 0.204 -3.519 -3.091 -1.089 -2.199 -1.299 2.846
288 G 0.075 -2.372 -0.454 -1.337 -1.335 -2.21 -2.636 5.823 -1.491 -3.23 -3.475 -1.665 -2.681 -2.693 -2.794 -1.017 -1.934 -2.454 -3.163 -2.879
289 R -1.548 5.537 -0.476 -1.578 -2.273 0.503 -0.575 -2.142 0.084 -2.626 -2.042 2.004 -1.238 -2.486 -2.718 -1.42 -1.468 -2.248 -1.786 -2.176
290 L -1.1 0.264 -0.846 -1.109 -1.212 3.866 0.478 -2.0 0.043 -0.089 1.522 0.412 0.693 -1.11 -2.573 -1.371 -1.177 -2.01 -1.221 -0.49
291 L -1.555 -2.201 -3.377 -3.634 -0.165 -2.655 -3.32 -3.397 -2.328 1.991 4.061 -2.492 2.118 0.819 -3.619 -3.173 -1.595 -1.665 -1.07 1.092
292 Y -1.827 -1.792 -2.14 -3.036 -1.766 -1.798 -2.378 -2.946 2.09 -0.818 -0.924 -1.887 -0.696 3.334 -3.347 -2.451 -2.104 2.294 6.685 -0.994
293 W -2.343 -2.107 -0.932 2.892 -2.361 -2.032 -0.971 -1.904 -0.935 -2.13 -2.158 -1.994 -1.694 0.279 -3.979 -2.331 -2.216 9.466 1.213 -2.439
294 E -1.112 0.032 0.187 3.068 -2.24 2.853 3.068 -1.581 0.313 -2.584 -2.622 0.568 -1.417 -2.812 -2.083 -0.832 -1.229 -2.573 -1.925 -2.187
295 Q -0.897 0.993 -0.107 -0.371 -1.925 4.933 1.378 -1.493 0.755 -2.255 -2.005 1.207 -0.417 -2.973 -2.165 -0.769 -0.989 -2.199 -1.299 -1.801
296 L -1.555 -2.201 -3.377 -3.634 -0.165 -2.655 -3.32 -3.397 -2.328 1.991 4.061 -2.492 2.118 0.819 -3.619 -3.173 -1.595 -1.665 -1.07 1.092
297 N -1.674 -0.429 5.673 1.267 -1.861 -0.541 -0.74 -0.169 0.954 -2.727 -3.166 -0.31 -2.176 -2.389 -2.602 -0.132 -0.466 -2.981 -2.083 -2.575
298 E -0.686 -0.731 -0.988 0.605 -1.195 0.509 3.465 -2.262 -0.366 0.532 -0.947 -0.048 -0.63 -1.685 -2.265 -1.223 -1.003 -2.402 -1.699 1.577
299 T -0.556 -0.863 3.183 -0.047 -0.412 -0.912 -1.158 -0.896 -0.4 -0.856 -1.616 -0.631 -0.994 -1.836 -1.971 0.441 3.383 -2.437 -1.837 -0.453
300 T -0.753 -1.476 -0.857 -1.666 -0.504 -1.585 -1.832 -1.649 -1.331 -0.686 -1.256 -1.331 -0.775 -0.389 -2.499 -0.146 3.242 7.522 0.197 -0.397
301 S 0.416 -1.162 -0.331 -1.016 -0.014 -1.124 -1.231 -0.861 -0.971 0.019 1.458 -0.863 0.363 -0.713 -2.041 2.29 0.362 -2.232 -1.517 -0.271
302 K -0.583 1.352 -0.239 -0.831 -1.112 0.285 -0.163 -1.352 -0.597 -1.357 -1.804 3.575 -0.989 -2.351 -1.701 -0.265 1.895 -2.437 -1.775 -1.067
303 L -1.796 -2.418 -3.199 -3.529 -0.518 -3.008 -3.378 -3.217 -1.744 1.521 3.289 -2.742 1.606 4.069 -3.874 -3.129 -1.835 -0.573 0.921 0.647
304 L -1.499 -2.474 -3.343 -3.48 -0.165 -2.832 -3.441 -3.429 -2.454 3.119 3.459 -2.558 1.859 0.628 -3.585 -3.145 -1.416 -1.832 -1.145 1.801
305 F -2.349 -2.911 -2.875 -3.329 -1.388 -3.878 -3.497 -2.889 -0.843 0.262 0.55 -3.319 0.187 6.537 -4.462 -3.045 -2.385 0.837 2.917 -0.522
306 G 0.075 -2.372 -0.454 -1.337 -1.335 -2.21 -2.636 5.823 -1.491 -3.23 -3.475 -1.665 -2.681 -2.693 -2.794 -1.017 -1.934 -2.454 -3.163 -2.879
307 T -0.127 -1.107 -0.153 -1.029 0.107 -1.117 -1.392 -1.343 -1.427 -0.238 -1.071 -0.805 -0.546 -1.595 -1.701 0.691 4.287 -2.199 -1.721 0.215
308 G 0.075 -2.372 -0.454 -1.337 -1.335 -2.21 -2.636 5.823 -1.491 -3.23 -3.475 -1.665 -2.681 -2.693 -2.794 -1.017 -1.934 -2.454 -3.163 -2.879
309 Y -1.827 -1.792 -2.14 -3.036 -1.766 -1.798 -2.378 -2.946 2.09 -0.818 -0.924 -1.887 -0.696 3.334 -3.347 -2.451 -2.104 2.294 6.685 -0.994
310 P -0.851 -2.028 -1.948 -1.578 -1.471 -1.947 -1.637 -1.867 -1.622 -2.332 -2.765 -1.078 -2.417 -3.35 6.677 -1.466 -1.363 -4.563 -2.65 -2.176
311 N -1.674 -0.429 5.673 1.267 -1.861 -0.541 -0.74 -0.169 0.954 -2.727 -3.166 -0.31 -2.176 -2.389 -2.602 -0.132 -0.466 -2.981 -2.083 -2.575
312 Y -1.561 -1.654 -2.216 -2.965 -1.137 -1.533 -2.374 -2.825 1.379 0.223 0.475 -1.74 3.085 2.652 -3.317 -2.304 -1.712 1.51 5.619 -0.179
313 N -1.391 0.126 4.691 0.817 -1.882 2.52 0.15 -0.547 0.889 -2.561 -2.725 0.289 -1.464 -2.571 -2.449 -0.329 -0.63 -2.696 -1.797 -2.293
314 Y -1.827 -1.792 -2.14 -3.036 -1.766 -1.798 -2.378 -2.946 2.09 -0.818 -0.924 -1.887 -0.696 3.334 -3.347 -2.451 -2.104 2.294 6.685 -0.994
315 A 3.036 -0.969 -1.165 -0.206 -0.048 -0.152 2.034 -0.228 -0.587 -1.357 -1.727 -0.26 -1.152 -2.094 -1.619 0.082 -0.701 -2.437 -1.82 -0.454
316 L -1.301 -2.142 -2.818 -2.776 -0.538 -2.399 -2.644 -2.792 -2.073 1.126 3.023 -1.94 1.233 -0.03 3.666 -2.486 -1.515 -2.35 -1.507 0.353
317 A 3.267 -1.229 -0.766 -1.139 0.477 -1.062 -1.043 0.208 -0.953 -1.162 -1.634 -0.663 -0.989 -1.894 -1.49 1.739 0.124 -2.49 -1.77 -0.279
318 F -1.993 -2.977 -3.003 -3.283 -0.92 -3.643 -3.563 -3.077 -1.345 2.463 0.971 -3.095 0.589 5.523 -4.113 -3.06 -1.885 0.132 2.063 1.072
319 Q -1.175 0.326 -0.64 -1.019 -1.871 3.9 0.576 -1.901 1.272 -1.692 -1.598 0.493 -0.507 0.749 -2.508 -1.229 -1.315 0.139 3.857 -1.506
320 R -1.548 5.537 -0.476 -1.578 -2.273 0.503 -0.575 -2.142 0.084 -2.626 -2.042 2.004 -1.238 -2.486 -2.718 -1.42 -1.468 -2.248 -1.786 -2.176
321 T -0.127 -1.107 -0.153 -1.029 0.107 -1.117 -1.392 -1.343 -1.427 -0.238 -1.071 -0.805 -0.546 -1.595 -1.701 0.691 4.287 -2.199 -1.721 0.215
322 G 0.075 -2.372 -0.454 -1.337 -1.335 -2.21 -2.636 5.823 -1.491 -3.23 -3.475 -1.665 -2.681 -2.693 -2.794 -1.017 -1.934 -2.454 -3.163 -2.879
323 F -2.059 -2.654 -3.032 -3.427 -0.92 -3.41 -3.436 -3.048 -1.258 0.96 2.233 -3.016 0.983 5.559 -4.153 -3.087 -2.097 0.218 2.088 0.121
324 D -0.618 -1.625 0.056 3.116 -1.063 -1.453 -0.468 -1.169 -0.618 -1.177 -1.242 -1.222 -1.006 3.616 -2.504 0.981 -0.573 -1.112 0.555 -1.412
325 K -0.063 1.404 -0.004 -0.57 -1.137 0.402 0.037 -0.883 -0.328 -2.065 -2.284 3.615 -1.226 -2.503 -1.629 1.244 -0.219 -2.563 -1.792 -1.758
326 N -1.203 -0.109 3.02 -0.193 -1.204 2.464 -0.172 -1.249 0.363 -0.434 -0.08 0.019 3.006 -1.222 -2.64 -0.874 -0.826 -2.087 -1.365 -0.708
327 I -1.529 -2.604 -2.846 -3.141 -0.606 -2.666 -3.19 -3.299 -0.157 3.604 1.028 -2.399 0.74 1.654 -3.461 -2.862 -1.389 0.139 3.857 2.034
328 F -2.349 -2.911 -2.875 -3.329 -1.388 -3.878 -3.497 -2.889 -0.843 0.262 0.55 -3.319 0.187 6.537 -4.462 -3.045 -2.385 0.837 2.917 -0.522
329 L -1.796 -2.418 -3.199 -3.529 -0.518 -3.008 -3.378 -3.217 -1.744 1.521 3.289 -2.742 1.606 4.069 -3.874 -3.129 -1.835 -0.573 0.921 0.647
330 N -0.041 -0.751 3.256 0.154 -0.432 -0.736 -0.879 -0.492 -0.148 -1.438 -2.063 -0.462 -1.232 -1.962 -1.892 1.683 2.311 -2.563 -1.853 -0.998
331 D -1.708 2.816 0.73 4.792 -2.348 -0.345 0.592 -1.435 -0.323 -2.701 -2.931 0.441 -2.133 -2.777 -2.435 -1.11 -1.441 -3.045 -2.569 -2.625
332 N -1.391 0.126 4.691 0.817 -1.882 2.52 0.15 -0.547 0.889 -2.561 -2.725 0.289 -1.464 -2.571 -2.449 -0.329 -0.63 -2.696 -1.797 -2.293
333 G -0.584 -2.38 -1.112 -1.92 -1.635 -2.405 -2.747 4.736 -1.372 -2.701 -2.738 -1.997 -2.141 -0.82 -3.435 -1.61 -2.17 7.516 -0.221 -2.65
334 F -1.993 -2.977 -3.003 -3.283 -0.92 -3.643 -3.563 -3.077 -1.345 2.463 0.971 -3.095 0.589 5.523 -4.113 -3.06 -1.885 0.132 2.063 1.072
335 Y -1.561 -1.654 -2.216 -2.965 -1.137 -1.533 -2.374 -2.825 1.379 0.223 0.475 -1.74 3.085 2.652 -3.317 -2.304 -1.712 1.51 5.619 -0.179
336 A 2.574 -1.292 -0.812 -1.342 0.403 -1.22 -1.349 -0.364 -1.321 -0.522 -1.197 -0.83 -0.708 -1.722 -1.59 0.572 2.792 -2.32 -1.742 0.174
337 F -1.968 -1.884 -0.496 2.958 -1.863 -1.754 -0.808 -2.098 2.507 -0.967 -0.958 -1.736 -0.885 4.133 -3.187 -1.947 -1.954 0.396 3.787 -1.439
338 I -1.443 2.641 -2.019 -2.55 -0.712 -1.403 -2.253 -2.97 -1.462 3.506 0.867 -0.21 0.638 -0.448 -3.227 -2.421 -1.21 -2.215 -1.453 1.919
339 Y -1.827 -1.792 -2.14 -3.036 -1.766 -1.798 -2.378 -2.946 2.09 -0.818 -0.924 -1.887 -0.696 3.334 -3.347 -2.451 -2.104 2.294 6.685 -0.994
340 I -1.391 -3.115 -3.277 -3.195 -0.165 -3.224 -3.701 -3.493 -2.725 4.558 1.662 -2.693 1.257 0.204 -3.519 -3.091 -1.089 -2.199 -1.299 2.846
341 F -2.12 -2.391 -2.545 -3.203 -1.54 -2.826 -2.977 -2.913 0.747 -0.14 0.024 -2.634 -0.149 5.592 -3.945 -2.783 -2.264 1.535 5.087 -0.709
342 G 0.075 -2.372 -0.454 -1.337 -1.335 -2.21 -2.636 5.823 -1.491 -3.23 -3.475 -1.665 -2.681 -2.693 -2.794 -1.017 -1.934 -2.454 -3.163 -2.879
343 I -0.905 -2.281 -1.831 -2.281 -0.071 -2.34 -2.712 -2.587 -2.225 3.65 1.004 -1.918 0.771 -0.281 -2.779 -1.235 1.897 -2.199 -1.433 2.204
344 V -0.621 -2.397 -3.081 -3.323 0.171 -2.619 -3.039 -3.105 -2.715 2.712 2.381 -2.432 1.319 0.058 -3.323 -2.561 -0.795 -2.135 -1.221 3.452
345 G 1.994 -2.05 -0.807 -1.454 -0.504 -1.888 -2.125 4.862 -1.399 -2.201 -2.574 -1.372 -1.953 -2.389 -2.291 -0.445 -1.344 -2.454 -2.62 -1.504
346 S 0.416 -1.162 -0.331 -1.016 -0.014 -1.124 -1.231 -0.861 -0.971 0.019 1.458 -0.863 0.363 -0.713 -2.041 2.29 0.362 -2.232 -1.517 -0.271
347 S 0.416 -1.162 -0.331 -1.016 -0.014 -1.124 -1.231 -0.861 -0.971 0.019 1.458 -0.863 0.363 -0.713 -2.041 2.29 0.362 -2.232 -1.517 -0.271
348 I -0.958 -2.895 -3.162 -3.19 0.008 -3.001 -3.412 -3.308 -2.792 4.13 1.439 -2.593 1.118 0.012 -3.404 -2.802 -0.866 -2.265 -1.299 3.355
349 L -1.19 -1.865 -2.645 -2.945 -0.176 -1.622 -2.747 -2.866 -1.455 2.944 1.976 -1.82 4.808 0.373 -3.341 -2.343 -1.07 -1.585 -0.99 1.741
350 G -0.373 -2.314 -1.143 -1.92 -0.89 -2.351 -2.847 4.711 -1.744 -0.362 1.286 -1.915 -0.124 -1.009 -3.043 -1.573 -1.816 -2.167 -2.286 -0.899
351 L -1.643 -2.058 -2.903 -3.421 -0.606 -2.34 -2.971 -3.239 -0.042 1.32 3.136 -2.276 1.446 1.918 -3.525 -2.912 -1.755 0.308 3.883 0.549
352 L -1.499 -2.474 -3.343 -3.48 -0.165 -2.832 -3.441 -3.429 -2.454 3.119 3.459 -2.558 1.859 0.628 -3.585 -3.145 -1.416 -1.832 -1.145 1.801
353 F -1.468 -2.767 -2.897 -3.278 -0.698 -3.387 -3.287 -2.916 -1.386 1.493 0.683 -2.98 0.413 5.494 -3.971 -2.774 -1.595 0.103 2.063 1.952
354 L -1.051 -2.297 -3.225 -3.474 0.008 -2.637 -3.176 -3.247 -2.515 2.374 3.341 -2.462 1.746 0.463 -3.467 -2.851 -1.167 -1.89 -1.145 2.507
355 K -0.841 2.079 -0.282 -0.736 -1.992 0.793 0.299 -1.357 -0.257 -2.137 -2.255 4.526 -1.238 -2.82 -1.701 -0.895 -1.096 -2.563 -1.803 -2.013
356 Y 1.472 -1.69 -1.977 -2.52 -0.712 -1.635 -1.977 -1.39 1.345 -0.827 -1.055 -1.504 -0.759 2.393 -2.588 -1.141 -1.435 1.39 5.591 -0.571
357 L -1.796 -2.418 -3.199 -3.529 -0.518 -3.008 -3.378 -3.217 -1.744 1.521 3.289 -2.742 1.606 4.069 -3.874 -3.129 -1.835 -0.573 0.921 0.647
358 K -1.133 1.264 -0.779 -1.32 -1.915 0.158 -0.35 -1.796 0.752 -1.627 -1.74 3.509 -1.046 0.778 -2.153 -1.327 -1.395 0.036 3.805 -1.632
359 N -1.634 -0.908 4.565 0.35 -1.179 -1.089 -1.373 -0.902 0.213 -0.229 1.328 -0.872 0.024 -0.892 -2.903 -0.839 -0.795 -2.472 -1.705 -0.793
360 G 0.763 -1.201 0.203 -0.579 -0.336 -1.031 -1.109 3.308 -0.775 -2.298 -2.673 -0.687 -1.615 -2.182 -1.862 2.447 0.307 -2.527 -2.164 -1.742
361 I -1.756 -2.855 -3.244 -3.334 -0.726 -3.089 -3.441 -3.073 -2.099 3.54 0.915 -2.73 0.629 0.54 -4.025 -3.181 -1.535 7.522 0.349 1.913
362 K -1.093 1.458 3.156 0.095 -1.947 0.413 -0.007 -0.904 0.205 -2.321 -2.528 3.615 -1.518 -2.669 -1.971 -0.618 -0.87 -2.696 -1.893 -2.188
363 Y -1.2 -2.009 -2.384 -3.083 -0.89 -2.042 -2.544 -2.954 1.163 1.072 -0.166 -2.049 -0.099 2.533 -3.293 -2.4 -1.449 1.395 5.604 1.826
364 D 1.475 -1.628 -0.476 3.008 -0.844 -1.316 -0.52 -0.939 0.481 -1.339 -1.721 -1.159 -1.301 0.874 -2.282 -0.757 -1.24 -0.064 3.757 -1.0
365 R -1.548 5.537 -0.476 -1.578 -2.273 0.503 -0.575 -2.142 0.084 -2.626 -2.042 2.004 -1.238 -2.486 -2.718 -1.42 -1.468 -2.248 -1.786 -2.176
366 Q -0.878 1.402 -0.164 -0.488 -1.947 4.088 1.061 -1.447 0.455 -2.215 -2.086 2.772 -0.666 -2.921 -2.002 -0.81 -1.025 -2.315 -1.458 -1.87
367 S 0.549 0.522 0.25 -0.412 -0.478 -0.049 -0.25 -0.477 -0.4 -1.994 -2.313 2.277 -1.213 -2.217 -1.558 2.459 0.452 -2.563 -1.781 -1.523
368 A 3.136 -1.761 -1.209 -1.575 0.139 -1.598 -1.69 3.412 -1.311 -1.444 -1.889 -1.106 -1.371 -2.114 -1.862 0.031 -0.855 -2.454 -2.164 -0.576
369 D -1.752 -1.156 3.519 4.964 -2.2 -0.767 0.556 -0.777 0.043 -2.735 -3.388 -0.655 -2.522 -2.74 -2.4 -0.661 -1.07 -3.345 -2.695 -2.774
370 P -1.011 -1.593 -2.225 -2.349 -0.552 -1.331 -2.103 -2.333 -1.18 0.768 1.205 -1.331 4.598 -0.354 3.686 -1.83 -1.157 -2.056 -1.332 0.253
371 I -1.391 -3.115 -3.277 -3.195 -0.165 -3.224 -3.701 -3.493 -2.725 4.558 1.662 -2.693 1.257 0.204 -3.519 -3.091 -1.089 -2.199 -1.299 2.846
372 P -1.269 -2.293 -2.225 -2.052 -1.443 -2.459 -2.134 -2.169 -1.338 -1.189 -1.203 -1.651 -1.269 3.549 5.538 -1.903 -1.665 -1.558 0.483 -1.514
373 L -1.555 -2.201 -3.377 -3.634 -0.165 -2.655 -3.32 -3.397 -2.328 1.991 4.061 -2.492 2.118 0.819 -3.619 -3.173 -1.595 -1.665 -1.07 1.092
374 L -1.094 -1.397 -2.374 -2.828 -0.182 -1.065 -2.367 -2.597 -0.982 1.589 2.121 -1.467 5.683 0.453 -3.256 -2.031 -1.06 -1.32 -0.846 0.975
375 Y -1.827 -1.792 -2.14 -3.036 -1.766 -1.798 -2.378 -2.946 2.09 -0.818 -0.924 -1.887 -0.696 3.334 -3.347 -2.451 -2.104 2.294 6.685 -0.994
376 I -1.676 -3.045 -3.136 -3.239 -0.518 -3.426 -3.631 -3.277 -1.953 3.697 1.337 -2.887 0.942 3.947 -3.8 -3.075 -1.46 -0.804 0.846 2.093
377 L -1.445 -2.777 -3.31 -3.334 -0.165 -3.021 -3.568 -3.461 -2.587 3.927 2.699 -2.625 1.573 0.423 -3.552 -3.118 -1.248 -2.01 -1.221 2.371
378 S 0.499 -0.954 -0.196 -0.894 -0.02 -0.736 -1.054 -0.736 -0.634 -0.24 -0.026 -0.638 3.0 -0.915 -1.968 2.359 0.459 -2.087 -1.428 -0.332
379 L -1.499 -2.474 -3.343 -3.48 -0.165 -2.832 -3.441 -3.429 -2.454 3.119 3.459 -2.558 1.859 0.628 -3.585 -3.145 -1.416 -1.832 -1.145 1.801
380 L -0.405 -1.635 -1.47 -2.038 -0.088 -1.789 -2.09 -1.859 -1.57 1.17 3.044 -1.564 1.372 0.153 -2.723 0.695 -0.454 -1.934 -1.285 0.49
381 I -0.958 -2.895 -3.162 -3.19 0.008 -3.001 -3.412 -3.308 -2.792 4.13 1.439 -2.593 1.118 0.012 -3.404 -2.802 -0.866 -2.265 -1.299 3.355
382 V -0.503 -2.084 -2.741 -3.057 0.166 -1.994 -2.716 -2.84 -2.126 2.613 1.384 -2.056 3.422 -0.094 -3.209 -2.206 -0.65 -1.994 -1.14 3.435
383 A 3.136 -1.761 -1.209 -1.575 0.139 -1.598 -1.69 3.412 -1.311 -1.444 -1.889 -1.106 -1.371 -2.114 -1.862 0.031 -0.855 -2.454 -2.164 -0.576
384 Y -1.482 -0.543 -1.293 -1.855 -1.818 2.275 -0.538 -2.377 1.71 -1.222 -1.242 -0.458 -0.6 2.322 -2.897 -1.776 -1.683 1.413 5.604 -1.239
385 N -1.674 -0.429 5.673 1.267 -1.861 -0.541 -0.74 -0.169 0.954 -2.727 -3.166 -0.31 -2.176 -2.389 -2.602 -0.132 -0.466 -2.981 -2.083 -2.575
386 I -1.391 -3.115 -3.277 -3.195 -0.165 -3.224 -3.701 -3.493 -2.725 4.558 1.662 -2.693 1.257 0.204 -3.519 -3.091 -1.089 -2.199 -1.299 2.846
387 I -1.391 -3.115 -3.277 -3.195 -0.165 -3.224 -3.701 -3.493 -2.725 4.558 1.662 -2.693 1.257 0.204 -3.519 -3.091 -1.089 -2.199 -1.299 2.846
388 L -1.796 -2.418 -3.199 -3.529 -0.518 -3.008 -3.378 -3.217 -1.744 1.521 3.289 -2.742 1.606 4.069 -3.874 -3.129 -1.835 -0.573 0.921 0.647
389 W -2.664 -2.397 -3.18 -3.634 -2.348 -2.838 -2.983 -2.38 -1.148 -1.868 -1.665 -2.805 -1.294 1.114 -5.422 -3.369 -2.709 10.625 2.155 -2.242
390 Y -1.827 -1.792 -2.14 -3.036 -1.766 -1.798 -2.378 -2.946 2.09 -0.818 -0.924 -1.887 -0.696 3.334 -3.347 -2.451 -2.104 2.294 6.685 -0.994
391 W -2.664 -2.397 -3.18 -3.634 -2.348 -2.838 -2.983 -2.38 -1.148 -1.868 -1.665 -2.805 -1.294 1.114 -5.422 -3.369 -2.709 10.625 2.155 -2.242
392 N -1.69 -0.41 4.73 0.694 -2.014 -0.415 -0.663 -0.597 5.313 -2.71 -2.968 -0.458 -1.843 -1.788 -2.655 -0.542 -0.945 -2.384 -0.257 -2.725
393 A 2.981 -1.096 2.923 -0.347 0.042 -1.045 -1.109 0.194 -0.304 -1.347 -1.827 -0.667 -1.257 -2.027 -1.815 0.262 -0.446 -2.619 -1.871 -0.529
394 D -1.791 -1.602 1.185 5.854 -2.387 -0.886 1.036 -1.138 -0.55 -2.74 -3.506 -0.844 -2.712 -2.934 -2.304 -0.966 -1.427 -3.545 -3.058 -2.879
395 G 1.994 -2.05 -0.807 -1.454 -0.504 -1.888 -2.125 4.862 -1.399 -2.201 -2.574 -1.372 -1.953 -2.389 -2.291 -0.445 -1.344 -2.454 -2.62 -1.504
396 T -0.415 -1.201 -0.722 -1.514 0.014 -1.1 -1.682 -1.704 -1.271 0.507 0.416 -1.009 3.112 -0.74 -2.133 0.034 3.335 -1.875 -1.399 0.491
397 F -2.059 -2.654 -3.032 -3.427 -0.92 -3.41 -3.436 -3.048 -1.258 0.96 2.233 -3.016 0.983 5.559 -4.153 -3.087 -2.097 0.218 2.088 0.121
398 L -1.445 -2.777 -3.31 -3.334 -0.165 -3.021 -3.568 -3.461 -2.587 3.927 2.699 -2.625 1.573 0.423 -3.552 -3.118 -1.248 -2.01 -1.221 2.371
399 L -1.555 -2.201 -3.377 -3.634 -0.165 -2.655 -3.32 -3.397 -2.328 1.991 4.061 -2.492 2.118 0.819 -3.619 -3.173 -1.595 -1.665 -1.07 1.092
400 V -0.621 -2.397 -3.081 -3.323 0.171 -2.619 -3.039 -3.105 -2.715 2.712 2.381 -2.432 1.319 0.058 -3.323 -2.561 -0.795 -2.135 -1.221 3.452
401 I -1.391 -3.115 -3.277 -3.195 -0.165 -3.224 -3.701 -3.493 -2.725 4.558 1.662 -2.693 1.257 0.204 -3.519 -3.091 -1.089 -2.199 -1.299 2.846
402 L -1.094 -1.397 -2.374 -2.828 -0.182 -1.065 -2.367 -2.597 -0.982 1.589 2.121 -1.467 5.683 0.453 -3.256 -2.031 -1.06 -1.32 -0.846 0.975
403 I -0.958 -2.895 -3.162 -3.19 0.008 -3.001 -3.412 -3.308 -2.792 4.13 1.439 -2.593 1.118 0.012 -3.404 -2.802 -0.866 -2.265 -1.299 3.355
404 C -0.389 -3.04 -2.967 -3.346 8.58 -3.152 -3.553 -2.418 -2.953 1.097 -0.242 -2.865 -0.307 -1.391 -3.209 -1.875 -1.013 -2.938 -2.215 1.98
405 A 2.94 -1.897 -2.023 -2.149 0.129 -1.961 -1.875 -0.377 -1.092 -0.427 -0.562 -1.475 -0.483 3.665 -2.186 -0.328 -0.952 -0.907 0.705 -0.075
406 L -1.555 -2.201 -3.377 -3.634 -0.165 -2.655 -3.32 -3.397 -2.328 1.991 4.061 -2.492 2.118 0.819 -3.619 -3.173 -1.595 -1.665 -1.07 1.092
407 E -0.933 -0.136 -0.353 1.504 -2.425 1.332 4.527 -1.964 0.378 -2.778 -2.717 0.662 -1.768 -2.622 -1.896 -0.805 -1.315 -2.402 -1.922 -2.148
408 H -1.756 -0.772 -0.189 -1.514 -2.141 -0.625 -1.013 -2.067 7.032 -1.916 -1.933 -1.104 -1.069 1.269 -2.945 -1.852 -2.194 0.376 4.38 -2.192
409 G -0.223 -1.421 -0.42 -0.056 -1.654 -0.507 1.803 4.748 -0.725 -3.071 -3.2 -0.667 -2.344 -2.669 -2.462 -0.944 -1.712 -2.437 -2.687 -2.614
410 E -1.078 -0.833 -1.041 0.604 -1.462 0.445 3.439 -2.389 -0.337 1.81 -0.459 -0.089 -0.38 -1.35 -2.342 -1.386 -1.238 -2.332 -1.699 0.551
411 Q -0.909 0.663 -0.187 0.397 -2.083 4.15 2.839 -1.642 0.635 -2.419 -2.224 1.037 -0.801 -2.851 -2.073 -0.781 -1.094 -2.265 -1.492 -1.912
412 K -0.812 2.108 -0.254 -0.708 -1.963 0.821 0.328 -1.328 -0.229 -2.109 -2.226 4.453 -1.209 -2.791 -1.673 -0.867 -1.068 -2.535 -1.774 -1.984
413 L -1.051 -2.297 -3.225 -3.474 0.008 -2.637 -3.176 -3.247 -2.515 2.374 3.341 -2.462 1.746 0.463 -3.467 -2.851 -1.167 -1.89 -1.145 2.507
414 L -1.553 2.737 -2.062 -2.776 -0.712 -1.188 -2.093 -2.916 -1.284 1.098 3.06 -0.152 1.367 0.074 -3.286 -2.464 -1.552 -1.846 -1.29 0.353
415 H -1.706 -0.391 3.319 -0.022 -2.176 -0.295 -0.588 -1.101 6.975 -2.693 -2.783 -0.615 -1.545 -1.291 -2.709 -1.02 -1.521 -1.89 0.853 -2.883
416 E -0.905 -0.107 -0.324 1.532 -2.397 1.361 4.46 -1.935 0.407 -2.75 -2.688 0.691 -1.739 -2.593 -1.867 -0.777 -1.286 -2.373 -1.893 -2.12
417 Q -0.909 0.663 -0.187 0.397 -2.083 4.15 2.839 -1.642 0.635 -2.419 -2.224 1.037 -0.801 -2.851 -2.073 -0.781 -1.094 -2.265 -1.492 -1.912
418 R -1.328 4.562 -0.435 -0.157 -2.323 0.807 2.204 -2.082 0.185 -2.676 -2.25 1.622 -1.404 -2.531 -2.417 -1.2 -1.416 -2.298 -1.831 -2.167
419 N -1.634 -0.908 4.565 0.35 -1.179 -1.089 -1.373 -0.902 0.213 -0.229 1.328 -0.872 0.024 -0.892 -2.903 -0.839 -0.795 -2.472 -1.705 -0.793
420 G 0.075 -2.372 -0.454 -1.337 -1.335 -2.21 -2.636 5.823 -1.491 -3.23 -3.475 -1.665 -2.681 -2.693 -2.794 -1.017 -1.934 -2.454 -3.163 -2.879
421 V -0.685 -2.245 -2.65 -3.131 -0.219 -2.308 -2.72 -2.962 -0.211 2.204 0.434 -2.22 0.395 1.421 -3.239 -2.349 -0.916 0.08 3.857 3.225