#Seq2Logo.py -f /work3/idamei/wzy_ssn/run/1e-50/run/150/MSAs/0006_122.afa -o /work3/idamei/wzy_ssn/run/1e-50/run/150/logos/0006_122.logo
Last position-specific scoring matrix computed, values are in halfbits
A R N D C Q E G H I L K M F P S T W Y V
0 L -1.094 -1.397 -2.374 -2.828 -0.182 -1.065 -2.367 -2.597 -0.982 1.589 2.121 -1.467 5.683 0.453 -3.256 -2.031 -1.06 -1.32 -0.846 0.975
1 I 1.57 -2.47 -2.64 -2.607 0.139 -2.448 -2.67 -1.591 -2.135 3.602 0.963 -1.947 0.702 -0.336 -2.674 -1.395 -0.855 -2.282 -1.448 2.189
2 D -1.468 1.284 3.339 3.44 -2.094 -0.149 0.224 -0.888 0.151 -2.564 -2.903 1.875 -1.976 -2.676 -2.263 -0.676 -0.996 -2.97 -2.265 -2.482
3 K -1.093 1.458 3.156 0.095 -1.947 0.413 -0.007 -0.904 0.205 -2.321 -2.528 3.615 -1.518 -2.669 -1.971 -0.618 -0.87 -2.696 -1.893 -2.188
4 Q -0.868 1.022 -0.078 -0.342 -1.897 4.831 1.406 -1.465 0.784 -2.226 -1.976 1.236 -0.389 -2.944 -2.137 -0.74 -0.961 -2.17 -1.271 -1.773
5 R -0.429 2.986 3.225 0.041 -1.17 -0.162 -0.627 -0.67 0.249 -2.404 -2.479 0.684 -1.504 -2.268 -2.215 1.306 -0.133 -2.582 -1.876 -1.97
6 N -1.882 -1.045 4.577 0.377 -1.694 -1.29 -1.402 -0.825 0.47 -1.36 -1.352 -1.012 -1.158 3.617 -3.099 -0.819 -0.975 -1.101 0.62 -1.718
7 F -1.993 -2.977 -3.003 -3.283 -0.92 -3.643 -3.563 -3.077 -1.345 2.463 0.971 -3.095 0.589 5.523 -4.113 -3.06 -1.885 0.132 2.063 1.072
8 Y -2.08 -1.98 -2.447 -3.222 -1.947 -2.105 -2.566 -2.745 1.355 -1.127 -1.151 -2.162 -0.882 2.765 -3.888 -2.726 -2.292 7.76 5.801 -1.353
9 L -1.553 2.737 -2.062 -2.776 -0.712 -1.188 -2.093 -2.916 -1.284 1.098 3.06 -0.152 1.367 0.074 -3.286 -2.464 -1.552 -1.846 -1.29 0.353
10 F -1.574 -3.051 -2.909 -3.363 6.646 -3.737 -3.637 -2.632 -1.393 -0.036 0.103 -3.254 -0.18 5.44 -3.987 -2.517 -1.989 -0.002 1.938 -0.489
11 Y -1.733 -1.922 -2.496 -3.222 -1.128 -2.056 -2.659 -3.089 1.217 0.445 1.768 -2.075 0.57 2.712 -3.435 -2.672 -1.924 1.469 5.612 -0.121
12 Y -1.674 -2.169 -2.472 -3.088 -1.128 -2.2 -2.755 -3.117 1.18 2.168 0.214 -2.132 0.11 2.615 -3.404 -2.649 -1.724 1.413 5.604 0.9
13 L -1.796 -2.418 -3.199 -3.529 -0.518 -3.008 -3.378 -3.217 -1.744 1.521 3.289 -2.742 1.606 4.069 -3.874 -3.129 -1.835 -0.573 0.921 0.647
14 W -1.171 -2.054 -2.813 -3.195 -0.525 -2.056 -2.74 -2.639 -1.563 1.532 0.85 -2.169 3.212 0.452 -3.786 -2.511 -1.266 7.532 0.439 2.045
15 C 0.631 -1.391 -0.282 -0.988 6.722 -1.267 -1.322 -0.658 -1.092 -1.477 -1.856 -0.973 -1.165 -1.985 -1.96 2.386 0.408 -2.774 -2.077 -0.981
16 V -0.248 -2.501 -2.944 -3.179 0.326 -2.602 -2.908 -2.97 -2.929 3.015 0.931 -2.402 0.817 -0.413 -3.186 -2.298 -0.466 -2.402 -1.299 4.163
17 P -1.269 -2.293 -2.225 -2.052 -1.443 -2.459 -2.134 -2.169 -1.338 -1.189 -1.203 -1.651 -1.269 3.549 5.538 -1.903 -1.665 -1.558 0.483 -1.514
18 C 0.136 -2.209 -1.326 -1.959 8.575 -2.164 -2.344 -1.319 -1.879 -1.088 -1.439 -1.854 -1.128 -2.013 -2.522 1.016 -0.332 -3.002 -2.421 -0.689
19 G 0.075 -2.372 -0.454 -1.337 -1.335 -2.21 -2.636 5.823 -1.491 -3.23 -3.475 -1.665 -2.681 -2.693 -2.794 -1.017 -1.934 -2.454 -3.163 -2.879
20 F -1.867 -2.314 -2.698 -3.152 -0.928 -2.613 -3.069 -2.788 -0.888 0.775 1.174 -2.562 3.265 5.537 -4.002 -2.666 -1.873 0.281 2.114 0.068
21 Y -1.827 -1.792 -2.14 -3.036 -1.766 -1.798 -2.378 -2.946 2.09 -0.818 -0.924 -1.887 -0.696 3.334 -3.347 -2.451 -2.104 2.294 6.685 -0.994
22 I -1.391 -3.115 -3.277 -3.195 -0.165 -3.224 -3.701 -3.493 -2.725 4.558 1.662 -2.693 1.257 0.204 -3.519 -3.091 -1.089 -2.199 -1.299 2.846
23 F -2.164 -2.488 -2.608 -3.228 -1.509 -3.008 -3.074 -2.908 0.491 -0.055 0.137 -2.759 -0.078 5.807 -4.041 -2.833 -2.288 1.409 4.764 -0.671
24 G 0.075 -2.372 -0.454 -1.337 -1.335 -2.21 -2.636 5.823 -1.491 -3.23 -3.475 -1.665 -2.681 -2.693 -2.794 -1.017 -1.934 -2.454 -3.163 -2.879
25 F -2.349 -2.911 -2.875 -3.329 -1.388 -3.878 -3.497 -2.889 -0.843 0.262 0.55 -3.319 0.187 6.537 -4.462 -3.045 -2.385 0.837 2.917 -0.522
26 F -2.349 -2.911 -2.875 -3.329 -1.388 -3.878 -3.497 -2.889 -0.843 0.262 0.55 -3.319 0.187 6.537 -4.462 -3.045 -2.385 0.837 2.917 -0.522
27 P -0.851 -2.028 -1.948 -1.578 -1.471 -1.947 -1.637 -1.867 -1.622 -2.332 -2.765 -1.078 -2.417 -3.35 6.677 -1.466 -1.363 -4.563 -2.65 -2.176
28 A 3.952 -1.498 -1.676 -1.702 0.665 -1.334 -1.313 0.359 -1.225 -0.845 -1.336 -0.863 -0.888 -1.863 -1.49 0.44 -0.436 -2.454 -1.77 0.124
29 P -0.851 -2.028 -1.948 -1.578 -1.471 -1.947 -1.637 -1.867 -1.622 -2.332 -2.765 -1.078 -2.417 -3.35 6.677 -1.466 -1.363 -4.563 -2.65 -2.176
30 Y -1.827 -1.792 -2.14 -3.036 -1.766 -1.798 -2.378 -2.946 2.09 -0.818 -0.924 -1.887 -0.696 3.334 -3.347 -2.451 -2.104 2.294 6.685 -0.994
31 Y -1.827 -1.792 -2.14 -3.036 -1.766 -1.798 -2.378 -2.946 2.09 -0.818 -0.924 -1.887 -0.696 3.334 -3.347 -2.451 -2.104 2.294 6.685 -0.994
32 L -1.051 -2.297 -3.225 -3.474 0.008 -2.637 -3.176 -3.247 -2.515 2.374 3.341 -2.462 1.746 0.463 -3.467 -2.851 -1.167 -1.89 -1.145 2.507
33 C -0.266 -2.103 -1.307 -1.938 6.684 -2.246 -2.253 -1.479 -1.238 -0.667 -0.713 -1.894 -0.63 3.652 -2.799 0.871 -0.548 -1.067 0.579 -0.725
34 F -2.059 -2.654 -3.032 -3.427 -0.92 -3.41 -3.436 -3.048 -1.258 0.96 2.233 -3.016 0.983 5.559 -4.153 -3.087 -2.097 0.218 2.088 0.121
35 L -1.418 -2.608 -3.222 -3.3 -0.166 -2.782 -3.436 -3.375 -2.403 3.728 2.727 -2.503 2.266 0.444 -3.529 -3.012 -1.245 -1.931 -1.181 2.232
36 L 1.532 -1.947 -2.693 -2.838 0.139 -2.144 -2.486 -1.557 -1.912 1.316 3.105 -1.842 1.417 0.168 -2.723 -1.425 -1.155 -1.905 -1.285 0.804
37 G 0.44 -1.727 -0.107 -0.933 -0.792 -1.561 -1.773 4.831 -1.111 -2.727 -3.046 -1.135 -2.099 -2.426 -2.291 1.206 -0.601 -2.49 -2.62 -2.255
38 V -1.201 -2.831 -3.026 -3.233 -0.323 -3.188 -3.349 -3.105 -2.004 3.103 1.085 -2.78 0.787 3.896 -3.673 -2.788 -1.207 -0.845 0.846 2.738
39 F -1.106 -2.197 -2.719 -3.104 -0.33 -2.287 -2.887 -2.814 -1.441 1.838 1.281 -2.298 3.344 3.92 -3.578 -2.427 -1.197 -0.638 0.923 2.217
40 L -1.515 -2.161 -3.337 -3.595 -0.125 -2.615 -3.28 -3.357 -2.288 2.03 3.996 -2.453 2.158 0.858 -3.579 -3.133 -1.555 -1.625 -1.031 1.131
41 S 1.093 -0.716 0.522 -0.223 0.098 -0.545 -0.53 -0.081 -0.435 -1.886 -2.303 -0.26 -1.161 -1.918 -1.45 3.173 1.036 -2.524 -1.73 -1.267
42 F -2.349 -2.911 -2.875 -3.329 -1.388 -3.878 -3.497 -2.889 -0.843 0.262 0.55 -3.319 0.187 6.537 -4.462 -3.045 -2.385 0.837 2.917 -0.522
43 L -1.499 -2.474 -3.343 -3.48 -0.165 -2.832 -3.441 -3.429 -2.454 3.119 3.459 -2.558 1.859 0.628 -3.585 -3.145 -1.416 -1.832 -1.145 1.801
44 T 0.015 -1.489 -0.582 -1.253 0.003 -1.438 -1.613 -1.341 -1.399 2.135 -0.085 -1.097 0.032 -0.953 -2.104 1.334 2.238 -2.315 -1.589 1.101
45 L -1.499 -2.474 -3.343 -3.48 -0.165 -2.832 -3.441 -3.429 -2.454 3.119 3.459 -2.558 1.859 0.628 -3.585 -3.145 -1.416 -1.832 -1.145 1.801
46 P 0.036 -1.854 -1.102 -1.48 6.683 -1.767 -1.737 -1.239 -1.512 -1.587 -1.969 -1.276 -1.511 -2.383 3.76 1.045 -0.34 -3.345 -2.373 -1.214
47 G -0.725 0.324 3.139 -0.043 -1.715 -0.402 -0.787 3.199 -0.095 -2.663 -2.917 2.123 -1.968 -2.628 -2.325 -0.654 -1.104 -2.657 -2.293 -2.466
48 V -0.695 -0.162 -1.817 -2.122 -0.403 -1.072 -1.517 -2.424 -1.709 2.709 0.46 1.821 0.42 -0.812 -2.667 -1.898 -0.815 -2.402 -1.458 2.757
49 K -1.013 1.138 -0.982 -1.349 -1.247 -0.039 -0.531 -1.909 -0.871 1.906 -0.31 3.472 -0.15 -1.433 -2.19 -1.46 -1.094 -2.437 -1.625 0.587
50 K -1.203 0.416 -0.717 -1.519 -1.306 -0.152 -0.784 -1.932 4.493 -0.308 0.027 2.05 3.004 -0.102 -2.539 -1.528 -1.407 -1.101 1.557 -0.72
51 V -0.671 -2.741 -3.078 -3.186 0.131 -2.845 -3.212 -3.176 -2.843 3.76 1.259 -2.52 1.009 -0.14 -3.32 -2.603 -0.709 -2.315 -1.299 3.685
52 D -1.124 -1.428 0.804 4.814 -1.299 -0.961 0.429 -1.205 -0.814 -1.648 -2.45 -0.831 -1.798 -2.415 -2.089 -0.303 1.821 -3.024 -2.54 -1.45
53 P -1.063 0.017 -1.595 -1.747 -1.104 -0.864 -1.18 -2.085 -1.271 -0.082 1.431 1.957 0.157 -1.145 3.737 -1.694 -1.344 -2.696 -1.77 -0.61
54 N -1.117 -0.969 4.575 0.391 -0.936 -1.079 -1.299 -0.838 0.137 0.543 -1.101 -0.854 -0.807 -1.571 -2.784 -0.691 -0.466 -2.774 -1.797 1.504
55 I -0.905 -2.281 -1.831 -2.281 -0.071 -2.34 -2.712 -2.587 -2.225 3.65 1.004 -1.918 0.771 -0.281 -2.779 -1.235 1.897 -2.199 -1.433 2.204
56 L -0.564 -1.812 -1.377 -1.977 -0.432 -2.047 -2.128 -1.752 -1.111 0.527 1.872 -1.743 0.69 3.87 -2.908 0.706 -0.613 -0.755 0.815 -0.068
57 F -2.059 -2.654 -3.032 -3.427 -0.92 -3.41 -3.436 -3.048 -1.258 0.96 2.233 -3.016 0.983 5.559 -4.153 -3.087 -2.097 0.218 2.088 0.121
58 L -1.555 -2.201 -3.377 -3.634 -0.165 -2.655 -3.32 -3.397 -2.328 1.991 4.061 -2.492 2.118 0.819 -3.619 -3.173 -1.595 -1.665 -1.07 1.092
59 L -1.252 -2.523 -3.057 -3.374 -0.323 -2.988 -3.231 -3.077 -1.895 1.967 2.308 -2.709 1.156 3.959 -3.708 -2.812 -1.373 -0.725 0.884 2.243
60 C -0.827 -2.285 -1.684 -2.369 6.686 -2.55 -2.716 -2.067 -1.614 -0.211 -0.425 -2.176 -0.436 3.67 -2.908 -0.926 1.742 -0.991 0.586 -0.225
61 L -0.903 -2.534 -3.165 -3.327 0.05 -2.763 -3.226 -3.233 -2.666 3.23 2.504 -2.503 1.417 0.201 -3.407 -2.758 -0.957 -2.087 -1.221 3.092
62 N -0.08 -1.096 3.067 -0.203 -0.342 -1.096 -1.228 -0.818 -0.41 0.64 -0.95 -0.85 -0.576 -1.456 -2.338 1.206 0.108 -2.638 -1.699 1.63
63 V -0.494 -2.642 -3.023 -3.183 0.211 -2.745 -3.087 -3.092 -2.877 3.485 1.132 -2.472 0.934 -0.246 -3.265 -2.477 -0.609 -2.35 -1.299 3.886
64 I 0.086 -1.697 -0.82 -1.368 -0.047 -1.609 -1.726 -1.336 -1.382 2.84 0.309 -1.251 0.286 -0.676 -2.326 1.599 0.142 -2.372 -1.521 1.463
65 Y -1.823 -1.788 -2.136 -3.033 -1.762 -1.794 -2.374 -2.943 2.094 -0.814 -0.921 -1.884 -0.693 3.338 -3.344 -2.448 -2.1 2.298 6.677 -0.99
66 F -1.867 -2.314 -2.698 -3.152 -0.928 -2.613 -3.069 -2.788 -0.888 0.775 1.174 -2.562 3.265 5.537 -4.002 -2.666 -1.873 0.281 2.114 0.068
67 A 2.083 -1.521 -1.023 -1.481 0.252 -1.448 -1.468 -0.582 -1.227 0.578 -0.63 -1.101 -0.35 0.895 -2.009 1.32 0.019 -2.002 -0.833 1.51
68 L -1.736 -2.715 -3.168 -3.38 -0.518 -3.209 -3.502 -3.247 -1.847 2.809 2.475 -2.814 1.293 4.009 -3.837 -3.102 -1.641 -0.686 0.884 1.46
69 L -1.393 -1.907 -3.003 -3.34 -0.171 -2.023 -2.966 -3.105 -1.807 1.863 3.547 -2.108 3.835 0.702 -3.493 -2.74 -1.405 -1.545 -0.994 1.053
70 L -1.796 -2.418 -3.199 -3.529 -0.518 -3.008 -3.378 -3.217 -1.744 1.521 3.289 -2.742 1.606 4.069 -3.874 -3.129 -1.835 -0.573 0.921 0.647
71 F -1.145 -2.228 -1.745 -2.312 -0.412 -2.487 -2.663 -2.428 -1.563 2.391 0.589 -2.065 0.395 3.823 -2.994 -1.227 1.771 -0.804 0.784 1.229
72 D -1.763 -1.209 3.21 3.328 -1.992 -1.028 -0.364 -1.203 1.026 -1.945 -2.29 -0.942 -1.731 0.811 -2.718 -1.032 -1.253 -0.135 3.743 -2.025
73 S 1.054 -0.755 0.483 -0.263 0.058 -0.584 -0.569 -0.121 -0.474 -1.926 -2.343 -0.299 -1.201 -1.958 -1.49 3.311 0.997 -2.563 -1.77 -1.307
74 K -1.058 3.729 -0.346 -0.991 -2.083 0.699 0.036 -1.595 -0.139 -2.291 -2.182 3.903 -1.238 -2.704 -2.002 -1.06 -1.215 -2.454 -1.797 -2.066
75 I -0.859 -2.843 -3.133 -3.188 0.05 -2.948 -3.344 -3.263 -2.809 4.012 1.38 -2.568 1.082 -0.037 -3.375 -2.734 -0.813 -2.282 -1.299 3.469
76 N -1.674 -0.429 5.673 1.267 -1.861 -0.541 -0.74 -0.169 0.954 -2.727 -3.166 -0.31 -2.176 -2.389 -2.602 -0.132 -0.466 -2.981 -2.083 -2.575
77 V -0.248 -2.501 -2.944 -3.179 0.326 -2.602 -2.908 -2.97 -2.929 3.015 0.931 -2.402 0.817 -0.413 -3.186 -2.298 -0.466 -2.402 -1.299 4.163
78 W -2.664 -2.397 -3.18 -3.634 -2.348 -2.838 -2.983 -2.38 -1.148 -1.868 -1.665 -2.805 -1.294 1.114 -5.422 -3.369 -2.709 10.625 2.155 -2.242
79 S 1.054 -0.755 0.483 -0.263 0.058 -0.584 -0.569 -0.121 -0.474 -1.926 -2.343 -0.299 -1.201 -1.958 -1.49 3.311 0.997 -2.563 -1.77 -1.307
80 Y -1.827 -1.792 -2.14 -3.036 -1.766 -1.798 -2.378 -2.946 2.09 -0.818 -0.924 -1.887 -0.696 3.334 -3.347 -2.451 -2.104 2.294 6.685 -0.994
81 Y -1.827 -1.792 -2.14 -3.036 -1.766 -1.798 -2.378 -2.946 2.09 -0.818 -0.924 -1.887 -0.696 3.334 -3.347 -2.451 -2.104 2.294 6.685 -0.994
82 F -2.059 -2.654 -3.032 -3.427 -0.92 -3.41 -3.436 -3.048 -1.258 0.96 2.233 -3.016 0.983 5.559 -4.153 -3.087 -2.097 0.218 2.088 0.121
83 I -1.391 -3.115 -3.277 -3.195 -0.165 -3.224 -3.701 -3.493 -2.725 4.558 1.662 -2.693 1.257 0.204 -3.519 -3.091 -1.089 -2.199 -1.299 2.846
84 G 0.075 -2.372 -0.454 -1.337 -1.335 -2.21 -2.636 5.823 -1.491 -3.23 -3.475 -1.665 -2.681 -2.693 -2.794 -1.017 -1.934 -2.454 -3.163 -2.879
85 L -1.004 -2.581 -3.193 -3.329 0.008 -2.813 -3.291 -3.277 -2.65 3.383 2.544 -2.527 1.449 0.247 -3.435 -2.826 -1.013 -2.071 -1.221 2.962
86 L -1.796 -2.418 -3.199 -3.529 -0.518 -3.008 -3.378 -3.217 -1.744 1.521 3.289 -2.742 1.606 4.069 -3.874 -3.129 -1.835 -0.573 0.921 0.647
87 T 1.926 -1.231 -0.577 -1.236 0.306 -1.188 -1.365 -0.658 -1.358 -0.427 -1.157 -0.824 -0.656 -1.681 -1.629 0.61 3.385 -2.282 -1.737 0.185
88 F -2.164 -2.488 -2.608 -3.228 -1.509 -3.008 -3.074 -2.908 0.491 -0.055 0.137 -2.759 -0.078 5.807 -4.041 -2.833 -2.288 1.409 4.764 -0.671
89 L -1.827 -2.212 -2.789 -3.347 -0.913 -2.573 -3.009 -3.11 0.169 0.878 2.336 -2.448 0.964 4.015 -3.708 -2.882 -1.943 0.771 4.246 0.149
90 L -1.659 -2.304 -2.843 -3.289 -0.705 -2.537 -3.064 -3.217 -0.011 2.302 2.208 -2.379 1.036 2.726 -3.56 -2.883 -1.671 0.412 4.0 1.097
91 L 1.551 -2.197 -2.666 -2.72 0.139 -2.292 -2.577 -1.574 -2.021 2.68 2.228 -1.894 1.082 -0.073 -2.699 -1.41 -1.001 -2.087 -1.365 1.579
92 I -0.958 -2.895 -3.162 -3.19 0.008 -3.001 -3.412 -3.308 -2.792 4.13 1.439 -2.593 1.118 0.012 -3.404 -2.802 -0.866 -2.265 -1.299 3.355
93 L -0.367 -1.858 -1.452 -1.948 -0.088 -1.92 -2.169 -1.877 -1.667 2.59 2.145 -1.611 1.031 -0.089 -2.699 0.702 -0.332 -2.119 -1.365 1.342
94 L -1.796 -2.418 -3.199 -3.529 -0.518 -3.008 -3.378 -3.217 -1.744 1.521 3.289 -2.742 1.606 4.069 -3.874 -3.129 -1.835 -0.573 0.921 0.647
95 R -0.9 4.459 -0.469 -1.495 -1.925 -0.152 -1.113 2.997 -0.352 -2.814 -2.445 1.213 -1.644 -2.553 -2.743 -1.279 -1.615 -2.315 -2.176 -2.392
96 G 0.026 -1.069 3.227 0.089 -0.928 -1.015 -1.176 3.303 -0.161 -2.577 -2.954 -0.691 -1.953 -2.33 -2.236 1.361 -0.225 -2.657 -2.279 -2.17
97 N -0.457 -0.534 4.732 0.841 -1.071 -0.555 -0.682 -0.153 0.552 -2.434 -2.865 -0.306 -1.813 -2.238 -2.182 1.509 0.108 -2.835 -1.975 -2.087
98 L -1.051 -2.297 -3.225 -3.474 0.008 -2.637 -3.176 -3.247 -2.515 2.374 3.341 -2.462 1.746 0.463 -3.467 -2.851 -1.167 -1.89 -1.145 2.507
99 D -0.063 -1.134 0.556 3.239 -0.531 -0.854 -0.128 -0.816 -0.786 -1.441 -2.137 -0.638 -1.352 -2.109 -1.811 1.552 2.205 -2.715 -2.12 -1.054
100 D -1.651 -1.939 0.81 3.034 -1.288 -1.686 -0.854 -2.043 0.105 1.953 -0.3 -1.548 -0.365 0.776 -2.943 -1.782 -1.364 -0.515 3.076 0.593
101 A 2.971 -1.593 -1.823 -2.082 0.058 -1.481 -1.626 -0.385 0.337 -0.836 -1.192 -1.166 -0.823 0.988 -1.987 -0.243 -0.893 0.066 3.808 -0.203
102 Q -0.878 1.402 -0.164 -0.488 -1.947 4.088 1.061 -1.447 0.455 -2.215 -2.086 2.772 -0.666 -2.921 -2.002 -0.81 -1.025 -2.315 -1.458 -1.87
103 L 1.623 0.11 -1.512 -1.79 -0.298 -0.712 -1.085 -1.077 -1.148 0.201 1.572 1.982 0.42 -0.858 -2.125 -0.854 -1.003 -2.199 -1.528 0.001
104 N -1.281 0.237 2.961 -0.351 -1.212 -0.558 -0.947 -1.37 -0.309 1.862 -0.445 2.044 -0.339 -1.339 -2.513 -1.126 -0.868 -2.563 -1.71 0.517
105 A 1.996 -1.631 -1.081 -1.477 0.208 -1.516 -1.584 -0.656 -1.331 2.054 -0.145 -1.118 -0.058 -1.022 -2.022 1.27 -0.041 -2.402 -1.604 1.079
106 I -1.391 -3.115 -3.277 -3.195 -0.165 -3.224 -3.701 -3.493 -2.725 4.558 1.662 -2.693 1.257 0.204 -3.519 -3.091 -1.089 -2.199 -1.299 2.846
107 I -0.958 -2.895 -3.162 -3.19 0.008 -3.001 -3.412 -3.308 -2.792 4.13 1.439 -2.593 1.118 0.012 -3.404 -2.802 -0.866 -2.265 -1.299 3.355
108 H -1.697 2.912 -0.537 -1.741 -2.117 -0.34 -1.037 -2.222 5.359 -1.903 -1.772 0.263 -1.058 1.064 -2.929 -1.788 -1.917 0.253 4.107 -1.949
109 K -1.106 1.468 -0.019 -0.814 -2.106 0.503 0.052 -1.47 5.163 -2.306 -2.368 3.577 -1.25 -2.013 -2.014 -1.11 -1.43 -2.15 -0.154 -2.319
110 T -0.167 -1.501 -0.821 -1.584 0.182 -1.533 -1.815 -1.791 -1.847 1.286 -0.24 -1.246 -0.017 -1.145 -2.117 -0.008 3.383 -2.265 -1.573 2.18
111 V -0.581 -2.691 -3.051 -3.184 0.171 -2.794 -3.149 -3.134 -2.86 3.626 1.196 -2.496 0.971 -0.192 -3.293 -2.539 -0.659 -2.332 -1.299 3.787
112 L -1.297 -0.011 -1.948 -2.321 -0.655 -1.011 -1.568 -2.547 -1.462 1.147 3.048 1.823 1.367 0.031 -2.83 -2.201 -1.419 -1.934 -1.295 0.376
113 V -1.201 -2.831 -3.026 -3.233 -0.323 -3.188 -3.349 -3.105 -2.004 3.103 1.085 -2.78 0.787 3.896 -3.673 -2.788 -1.207 -0.845 0.846 2.738
114 S 2.368 -0.982 -0.074 -0.668 0.275 -0.813 -0.797 0.048 -0.704 -1.519 -1.967 -0.475 -1.093 -1.926 -1.49 2.631 0.593 -2.527 -1.77 -0.747
115 L -1.004 -2.581 -3.193 -3.329 0.008 -2.813 -3.291 -3.277 -2.65 3.383 2.544 -2.527 1.449 0.247 -3.435 -2.826 -1.013 -2.071 -1.221 2.962
116 L 1.715 -2.035 -2.572 -2.716 0.295 -2.129 -2.378 -1.477 -2.073 1.792 2.045 -1.817 0.934 -0.284 -2.611 -1.245 -0.784 -2.15 -1.365 2.334
117 L -1.499 -2.474 -3.343 -3.48 -0.165 -2.832 -3.441 -3.429 -2.454 3.119 3.459 -2.558 1.859 0.628 -3.585 -3.145 -1.416 -1.832 -1.145 1.801
118 L -0.701 -2.645 -3.093 -3.409 6.724 -2.883 -3.358 -2.803 -2.725 1.806 2.073 -2.657 0.898 -0.317 -3.335 -2.322 -1.089 -2.367 -1.63 2.255
119 F 1.471 -2.414 -2.526 -2.643 -0.176 -2.602 -2.621 -1.477 -1.491 2.317 0.541 -2.095 0.317 3.81 -2.882 -1.386 -1.195 -0.855 0.777 1.208
120 L -1.393 -1.907 -3.003 -3.34 -0.171 -2.023 -2.966 -3.105 -1.807 1.863 3.547 -2.108 3.835 0.702 -3.493 -2.74 -1.405 -1.545 -0.994 1.053
121 D -1.791 -1.602 1.185 5.854 -2.387 -0.886 1.036 -1.138 -0.55 -2.74 -3.506 -0.844 -2.712 -2.934 -2.304 -0.966 -1.427 -3.545 -3.058 -2.879
122 T -0.127 -1.107 -0.153 -1.029 0.107 -1.117 -1.392 -1.343 -1.427 -0.238 -1.071 -0.805 -0.546 -1.595 -1.701 0.691 4.287 -2.199 -1.721 0.215
123 I -1.391 -3.115 -3.277 -3.195 -0.165 -3.224 -3.701 -3.493 -2.725 4.558 1.662 -2.693 1.257 0.204 -3.519 -3.091 -1.089 -2.199 -1.299 2.846
124 Y -1.733 -1.922 -2.496 -3.222 -1.128 -2.056 -2.659 -3.089 1.217 0.445 1.768 -2.075 0.57 2.712 -3.435 -2.672 -1.924 1.469 5.612 -0.121
125 R -1.548 5.537 -0.476 -1.578 -2.273 0.503 -0.575 -2.142 0.084 -2.626 -2.042 2.004 -1.238 -2.486 -2.718 -1.42 -1.468 -2.248 -1.786 -2.176
126 F -2.349 -2.911 -2.875 -3.329 -1.388 -3.878 -3.497 -2.889 -0.843 0.262 0.55 -3.319 0.187 6.537 -4.462 -3.045 -2.385 0.837 2.917 -0.522
127 A 1.954 -1.315 -0.872 -1.448 -0.176 -1.195 -1.327 -0.582 0.499 -1.152 -1.475 -0.944 -0.921 0.976 -1.987 1.322 -0.246 0.051 3.808 -0.658
128 F -2.164 -2.488 -2.608 -3.228 -1.509 -3.008 -3.074 -2.908 0.491 -0.055 0.137 -2.759 -0.078 5.807 -4.041 -2.833 -2.288 1.409 4.764 -0.671
129 P -0.851 -2.028 -1.948 -1.578 -1.471 -1.947 -1.637 -1.867 -1.622 -2.332 -2.765 -1.078 -2.417 -3.35 6.677 -1.466 -1.363 -4.563 -2.65 -2.176
130 R -1.293 4.772 -0.41 -1.269 -2.176 0.603 -0.253 -1.856 -0.025 -2.454 -2.111 3.107 -1.238 -2.593 -2.338 -1.235 -1.339 -2.35 -1.792 -2.121
131 E -0.902 0.804 -0.329 0.931 -2.273 1.163 3.673 -1.747 0.181 -2.549 -2.555 2.572 -1.58 -2.687 -1.829 -0.835 -1.24 -2.454 -1.882 -2.103
132 E 1.661 -0.634 -0.544 1.697 -0.997 0.518 3.294 -0.912 -0.142 -1.979 -2.228 0.122 -1.504 -2.369 -1.784 -0.339 -1.0 -2.499 -1.948 -1.217
133 Y -1.827 -1.792 -2.14 -3.036 -1.766 -1.798 -2.378 -2.946 2.09 -0.818 -0.924 -1.887 -0.696 3.334 -3.347 -2.451 -2.104 2.294 6.685 -0.994
134 L -1.499 -2.474 -3.343 -3.48 -0.165 -2.832 -3.441 -3.429 -2.454 3.119 3.459 -2.558 1.859 0.628 -3.585 -3.145 -1.416 -1.832 -1.145 1.801
135 D -1.403 -1.178 -0.301 3.348 -1.453 -0.282 2.253 -2.022 -0.629 -0.238 1.339 -0.613 0.015 -1.039 -2.517 -1.466 -1.443 -2.437 -1.905 -0.762
136 A 3.044 0.227 -1.133 -1.343 0.019 -0.44 -0.67 -0.108 -0.865 -1.215 -1.611 2.133 -1.0 -2.148 -1.558 0.06 -0.64 -2.49 -1.781 -0.429
137 I -1.391 -3.115 -3.277 -3.195 -0.165 -3.224 -3.701 -3.493 -2.725 4.558 1.662 -2.693 1.257 0.204 -3.519 -3.091 -1.089 -2.199 -1.299 2.846
138 L -1.113 -0.167 -0.949 -0.151 -1.335 2.649 2.331 -2.178 -0.112 -0.165 1.459 0.186 0.437 -1.046 -2.467 -1.386 -1.289 -2.071 -1.409 -0.56
139 E -0.921 0.291 -0.268 1.003 -2.249 3.072 3.805 -1.798 0.509 -2.593 -2.46 0.856 -1.244 -2.734 -1.983 -0.793 -1.202 -2.332 -1.699 -2.028
140 Q -0.897 0.993 -0.107 -0.371 -1.925 4.933 1.378 -1.493 0.755 -2.255 -2.005 1.207 -0.417 -2.973 -2.165 -0.769 -0.989 -2.199 -1.299 -1.801
141 G 0.075 -2.372 -0.454 -1.337 -1.335 -2.21 -2.636 5.823 -1.491 -3.23 -3.475 -1.665 -2.681 -2.693 -2.794 -1.017 -1.934 -2.454 -3.163 -2.879
142 N -1.383 0.679 3.238 0.038 -2.06 0.08 -0.283 -1.001 5.239 -2.501 -2.653 2.214 -1.532 -1.898 -2.316 -0.812 -1.177 -2.265 -0.205 -2.515
143 D -1.087 -2.069 0.753 3.03 -0.648 -1.825 -0.897 -2.018 -1.429 2.432 0.09 -1.637 -0.005 -0.971 -2.883 -1.704 -0.911 -2.725 -1.844 2.325
144 D -1.752 -1.156 3.519 4.964 -2.2 -0.767 0.556 -0.777 0.043 -2.735 -3.388 -0.655 -2.522 -2.74 -2.4 -0.661 -1.07 -3.345 -2.695 -2.774
145 F -1.892 -2.265 -2.752 -3.323 -1.022 -2.655 -3.022 -3.069 0.237 0.714 2.01 -2.508 0.784 4.473 -3.772 -2.872 -2.009 0.911 4.357 0.003
146 L -1.341 -2.154 -2.973 -3.201 -0.171 -2.164 -3.074 -3.134 -1.912 3.033 2.812 -2.166 3.695 0.503 -3.461 -2.716 -1.238 -1.706 -1.066 1.772
147 F -2.349 -2.911 -2.875 -3.329 -1.388 -3.878 -3.497 -2.889 -0.843 0.262 0.55 -3.319 0.187 6.537 -4.462 -3.045 -2.385 0.837 2.917 -0.522
148 Y -1.827 -1.792 -2.14 -3.036 -1.766 -1.798 -2.378 -2.946 2.09 -0.818 -0.924 -1.887 -0.696 3.334 -3.347 -2.451 -2.104 2.294 6.685 -0.994
149 G 1.994 -2.05 -0.807 -1.454 -0.504 -1.888 -2.125 4.862 -1.399 -2.201 -2.574 -1.372 -1.953 -2.389 -2.291 -0.445 -1.344 -2.454 -2.62 -1.504
150 Y -1.827 -1.792 -2.14 -3.036 -1.766 -1.798 -2.378 -2.946 2.09 -0.818 -0.924 -1.887 -0.696 3.334 -3.347 -2.451 -2.104 2.294 6.685 -0.994
151 K -0.841 2.079 -0.282 -0.736 -1.992 0.793 0.299 -1.357 -0.257 -2.137 -2.255 4.526 -1.238 -2.82 -1.701 -0.895 -1.096 -2.563 -1.803 -2.013
152 H -1.722 -0.372 0.445 -0.975 -2.348 -0.179 -0.515 -1.711 8.023 -2.676 -2.609 -0.78 -1.276 -0.867 -2.763 -1.594 -2.241 -1.468 1.653 -3.05
153 S 1.054 -0.755 0.483 -0.263 0.058 -0.584 -0.569 -0.121 -0.474 -1.926 -2.343 -0.299 -1.201 -1.958 -1.49 3.311 0.997 -2.563 -1.77 -1.307
154 F -2.349 -2.911 -2.875 -3.329 -1.388 -3.878 -3.497 -2.889 -0.843 0.262 0.55 -3.319 0.187 6.537 -4.462 -3.045 -2.385 0.837 2.917 -0.522
155 L -1.499 -2.474 -3.343 -3.48 -0.165 -2.832 -3.441 -3.429 -2.454 3.119 3.459 -2.558 1.859 0.628 -3.585 -3.145 -1.416 -1.832 -1.145 1.801
156 F -2.349 -2.911 -2.875 -3.329 -1.388 -3.878 -3.497 -2.889 -0.843 0.262 0.55 -3.319 0.187 6.537 -4.462 -3.045 -2.385 0.837 2.917 -0.522
157 Q -0.897 0.993 -0.107 -0.371 -1.925 4.933 1.378 -1.493 0.755 -2.255 -2.005 1.207 -0.417 -2.973 -2.165 -0.769 -0.989 -2.199 -1.299 -1.801
158 D -1.791 -1.602 1.185 5.854 -2.387 -0.886 1.036 -1.138 -0.55 -2.74 -3.506 -0.844 -2.712 -2.934 -2.304 -0.966 -1.427 -3.545 -3.058 -2.879
159 S 1.054 -0.755 0.483 -0.263 0.058 -0.584 -0.569 -0.121 -0.474 -1.926 -2.343 -0.299 -1.201 -1.958 -1.49 3.311 0.997 -2.563 -1.77 -1.307
160 N -1.674 -0.429 5.673 1.267 -1.861 -0.541 -0.74 -0.169 0.954 -2.727 -3.166 -0.31 -2.176 -2.389 -2.602 -0.132 -0.466 -2.981 -2.083 -2.575
161 F -2.349 -2.911 -2.875 -3.329 -1.388 -3.878 -3.497 -2.889 -0.843 0.262 0.55 -3.319 0.187 6.537 -4.462 -3.045 -2.385 0.837 2.917 -0.522
162 V -0.581 -2.691 -3.051 -3.184 0.171 -2.794 -3.149 -3.134 -2.86 3.626 1.196 -2.496 0.971 -0.192 -3.293 -2.539 -0.659 -2.332 -1.299 3.787
163 G 0.075 -2.372 -0.454 -1.337 -1.335 -2.21 -2.636 5.823 -1.491 -3.23 -3.475 -1.665 -2.681 -2.693 -2.794 -1.017 -1.934 -2.454 -3.163 -2.879
164 L -1.555 -2.201 -3.377 -3.634 -0.165 -2.655 -3.32 -3.397 -2.328 1.991 4.061 -2.492 2.118 0.819 -3.619 -3.173 -1.595 -1.665 -1.07 1.092
165 Y -1.99 -2.119 -2.365 -3.131 -1.635 -2.34 -2.705 -2.927 1.4 -0.411 -0.345 -2.29 -0.371 4.828 -3.673 -2.636 -2.194 1.885 5.882 -0.828
166 L 1.551 -2.197 -2.666 -2.72 0.139 -2.292 -2.577 -1.574 -2.021 2.68 2.228 -1.894 1.082 -0.073 -2.699 -1.41 -1.001 -2.087 -1.365 1.579
167 L -1.555 -2.201 -3.377 -3.634 -0.165 -2.655 -3.32 -3.397 -2.328 1.991 4.061 -2.492 2.118 0.819 -3.619 -3.173 -1.595 -1.665 -1.07 1.092
168 S 1.054 -0.755 0.483 -0.263 0.058 -0.584 -0.569 -0.121 -0.474 -1.926 -2.343 -0.299 -1.201 -1.958 -1.49 3.311 0.997 -2.563 -1.77 -1.307
169 V 1.733 -2.293 -2.547 -2.603 0.295 -2.277 -2.465 -1.493 -2.188 2.986 0.674 -1.869 0.533 -0.568 -2.588 -1.231 -0.648 -2.35 -1.448 2.815
170 F -1.271 -1.844 -1.484 -2.273 -0.897 -2.047 -2.296 -2.292 0.378 -0.231 -0.384 -1.826 -0.325 4.316 -2.945 -1.104 1.663 0.843 4.327 -0.39
171 F -2.349 -2.911 -2.875 -3.329 -1.388 -3.878 -3.497 -2.889 -0.843 0.262 0.55 -3.319 0.187 6.537 -4.462 -3.045 -2.385 0.837 2.917 -0.522
172 L -1.555 -2.201 -3.377 -3.634 -0.165 -2.655 -3.32 -3.397 -2.328 1.991 4.061 -2.492 2.118 0.819 -3.619 -3.173 -1.595 -1.665 -1.07 1.092
173 L -1.252 -2.523 -3.057 -3.374 -0.323 -2.988 -3.231 -3.077 -1.895 1.967 2.308 -2.709 1.156 3.959 -3.708 -2.812 -1.373 -0.725 0.884 2.243
174 R -1.495 4.438 -1.146 -2.023 -1.388 -0.295 -1.294 -2.526 -0.587 1.831 -0.236 1.104 -0.15 -1.291 -2.961 -1.878 -1.336 -2.232 -1.615 0.544
175 N -1.713 -0.77 4.793 3.671 -2.026 -0.652 -0.02 -0.457 0.534 -2.731 -3.275 -0.477 -2.344 -2.559 -2.499 -0.384 -0.752 -3.157 -2.373 -2.672
176 N -1.674 -0.429 5.673 1.267 -1.861 -0.541 -0.74 -0.169 0.954 -2.727 -3.166 -0.31 -2.176 -2.389 -2.602 -0.132 -0.466 -2.981 -2.083 -2.575
177 L -1.339 2.746 -1.799 -2.448 -0.719 -0.883 -1.93 -2.691 -0.988 2.441 1.077 -0.002 3.284 -0.341 -3.145 -2.101 -1.2 -1.89 -1.285 1.204
178 S 0.396 -0.642 3.328 0.342 -0.451 -0.57 -0.625 -0.137 0.084 -2.169 -2.592 -0.303 -1.491 -2.094 -1.815 2.549 0.586 -2.696 -1.871 -1.671
179 L -0.859 -2.536 -2.027 -2.541 -0.504 -2.666 -3.185 2.877 -2.135 2.516 2.078 -2.248 0.848 -0.205 -3.286 -2.243 -1.518 -2.087 -1.705 1.176
180 F -2.059 -2.654 -3.032 -3.427 -0.92 -3.41 -3.436 -3.048 -1.258 0.96 2.233 -3.016 0.983 5.559 -4.153 -3.087 -2.097 0.218 2.088 0.121
181 K -0.063 1.404 -0.004 -0.57 -1.137 0.402 0.037 -0.883 -0.328 -2.065 -2.284 3.615 -1.226 -2.503 -1.629 1.244 -0.219 -2.563 -1.792 -1.758
182 W -2.023 -1.418 2.812 -0.916 -1.981 -1.573 -1.872 -1.569 0.92 -1.698 -1.776 -1.48 -1.326 1.522 -3.565 -1.649 -1.598 7.636 4.173 -1.853
183 K -0.912 2.323 -0.238 -0.668 -1.992 2.876 0.65 -1.46 0.147 -2.214 -2.151 3.593 -0.938 -2.84 -1.924 -0.892 -1.089 -2.41 -1.624 -1.954
184 K -0.841 2.079 -0.282 -0.736 -1.992 0.793 0.299 -1.357 -0.257 -2.137 -2.255 4.526 -1.238 -2.82 -1.701 -0.895 -1.096 -2.563 -1.803 -2.013
185 L -0.463 -1.517 -1.215 -1.913 -0.518 -1.553 -1.857 -1.765 0.326 0.24 1.617 -1.406 0.468 1.48 -2.655 0.765 -0.561 0.175 3.846 -0.195
186 Y -1.787 -1.752 -2.1 -2.997 -1.726 -1.758 -2.338 -2.907 2.13 -0.778 -0.885 -1.848 -0.657 3.374 -3.308 -2.412 -2.064 2.334 6.601 -0.954
187 V -0.208 -2.461 -2.904 -3.139 0.365 -2.562 -2.868 -2.93 -2.89 3.055 0.971 -2.363 0.857 -0.373 -3.146 -2.259 -0.426 -2.362 -1.26 4.056
188 I -1.676 -3.045 -3.136 -3.239 -0.518 -3.426 -3.631 -3.277 -1.953 3.697 1.337 -2.887 0.942 3.947 -3.8 -3.075 -1.46 -0.804 0.846 2.093
189 L -1.499 -2.474 -3.343 -3.48 -0.165 -2.832 -3.441 -3.429 -2.454 3.119 3.459 -2.558 1.859 0.628 -3.585 -3.145 -1.416 -1.832 -1.145 1.801
190 L -1.094 -2.846 -3.206 -3.415 6.708 -3.096 -3.642 -2.958 -2.661 2.69 2.254 -2.759 1.048 -0.104 -3.448 -2.565 -1.331 -2.298 -1.63 1.477
191 L -0.997 -1.788 -1.871 -2.486 -0.071 -2.047 -2.526 -2.54 -1.995 1.42 3.125 -1.814 1.471 0.214 -2.83 -1.263 1.785 -1.832 -1.271 0.828
192 L -1.499 -2.474 -3.343 -3.48 -0.165 -2.832 -3.441 -3.429 -2.454 3.119 3.459 -2.558 1.859 0.628 -3.585 -3.145 -1.416 -1.832 -1.145 1.801
193 I -0.958 -2.895 -3.162 -3.19 0.008 -3.001 -3.412 -3.308 -2.792 4.13 1.439 -2.593 1.118 0.012 -3.404 -2.802 -0.866 -2.265 -1.299 3.355
194 V 1.733 -2.293 -2.547 -2.603 0.295 -2.277 -2.465 -1.493 -2.188 2.986 0.674 -1.869 0.533 -0.568 -2.588 -1.231 -0.648 -2.35 -1.448 2.815
195 L -1.499 -2.474 -3.343 -3.48 -0.165 -2.832 -3.441 -3.429 -2.454 3.119 3.459 -2.558 1.859 0.628 -3.585 -3.145 -1.416 -1.832 -1.145 1.801
196 I -0.958 -2.895 -3.162 -3.19 0.008 -3.001 -3.412 -3.308 -2.792 4.13 1.439 -2.593 1.118 0.012 -3.404 -2.802 -0.866 -2.265 -1.299 3.355
197 L -1.736 -2.715 -3.168 -3.38 -0.518 -3.209 -3.502 -3.247 -1.847 2.809 2.475 -2.814 1.293 4.009 -3.837 -3.102 -1.641 -0.686 0.884 1.46
198 L -1.555 -2.201 -3.377 -3.634 -0.165 -2.655 -3.32 -3.397 -2.328 1.991 4.061 -2.492 2.118 0.819 -3.619 -3.173 -1.595 -1.665 -1.07 1.092
199 T 0.323 -0.985 0.075 -0.75 0.091 -0.928 -1.091 -0.876 -1.073 -0.699 -1.436 -0.627 -0.748 -1.711 -1.629 1.848 3.545 -2.315 -1.737 -0.209
200 F -2.059 -2.654 -3.032 -3.427 -0.92 -3.41 -3.436 -3.048 -1.258 0.96 2.233 -3.016 0.983 5.559 -4.153 -3.087 -2.097 0.218 2.088 0.121
201 S 1.054 -0.755 0.483 -0.263 0.058 -0.584 -0.569 -0.121 -0.474 -1.926 -2.343 -0.299 -1.201 -1.958 -1.49 3.311 0.997 -2.563 -1.77 -1.307
202 R -1.548 5.537 -0.476 -1.578 -2.273 0.503 -0.575 -2.142 0.084 -2.626 -2.042 2.004 -1.238 -2.486 -2.718 -1.42 -1.468 -2.248 -1.786 -2.176
203 A 3.952 -1.498 -1.676 -1.702 0.665 -1.334 -1.313 0.359 -1.225 -0.845 -1.336 -0.863 -0.888 -1.863 -1.49 0.44 -0.436 -2.454 -1.77 0.124
204 A 3.952 -1.498 -1.676 -1.702 0.665 -1.334 -1.313 0.359 -1.225 -0.845 -1.336 -0.863 -0.888 -1.863 -1.49 0.44 -0.436 -2.454 -1.77 0.124
205 I -1.391 -3.115 -3.277 -3.195 -0.165 -3.224 -3.701 -3.493 -2.725 4.558 1.662 -2.693 1.257 0.204 -3.519 -3.091 -1.089 -2.199 -1.299 2.846
206 V -0.581 -2.691 -3.051 -3.184 0.171 -2.794 -3.149 -3.134 -2.86 3.626 1.196 -2.496 0.971 -0.192 -3.293 -2.539 -0.659 -2.332 -1.299 3.787
207 G 2.187 -1.467 -0.418 -1.034 -0.088 -1.301 -1.385 3.361 -1.031 -1.84 -2.255 -0.889 -1.491 -2.148 -1.862 1.485 -0.216 -2.49 -2.164 -1.101
208 L -1.143 -2.536 -3.238 -3.566 6.708 -2.902 -3.512 -2.931 -2.525 1.331 3.124 -2.689 1.387 0.14 -3.48 -2.587 -1.504 -2.103 -1.543 0.669
209 V -0.535 -2.115 -1.76 -2.277 0.096 -2.174 -2.504 -2.451 -2.281 3.045 0.72 -1.842 0.606 -0.509 -2.689 -1.079 1.978 -2.265 -1.433 2.827
210 L -1.796 -2.418 -3.199 -3.529 -0.518 -3.008 -3.378 -3.217 -1.744 1.521 3.289 -2.742 1.606 4.069 -3.874 -3.129 -1.835 -0.573 0.921 0.647
211 G -0.097 -1.922 -0.944 -1.705 -0.212 -1.906 -2.234 3.008 -1.871 0.895 -0.68 -1.55 -0.469 -1.418 -2.49 -0.615 1.893 -2.35 -1.957 1.841
212 E -1.126 -0.675 -1.057 0.567 -1.462 0.503 3.451 -2.367 -0.276 -0.244 1.395 -0.061 0.157 -0.983 -2.364 -1.401 -1.405 -2.135 -1.61 -0.632
213 C -1.299 -3.121 -3.038 -3.317 6.677 -3.512 -3.707 -2.803 -2.012 2.328 0.588 -3.034 0.273 3.801 -3.687 -2.53 -1.549 -0.991 0.654 1.092
214 I 1.57 -2.47 -2.64 -2.607 0.139 -2.448 -2.67 -1.591 -2.135 3.602 0.963 -1.947 0.702 -0.336 -2.674 -1.395 -0.855 -2.282 -1.448 2.189
215 R -1.551 2.842 -0.722 -1.774 -1.407 -0.576 -1.268 -2.355 5.096 1.828 -0.329 0.149 -0.158 -0.848 -2.978 -1.944 -1.561 -1.949 -0.05 0.444
216 L -0.863 -1.532 -1.643 -2.285 -0.077 -1.525 -2.253 -2.32 -1.526 1.264 2.387 -1.507 3.496 0.07 -2.733 -1.032 1.845 -1.706 -1.189 0.786
217 F -1.892 -2.265 -2.752 -3.323 -1.022 -2.655 -3.022 -3.069 0.237 0.714 2.01 -2.508 0.784 4.473 -3.772 -2.872 -2.009 0.911 4.357 0.003
218 C -1.177 -1.741 2.76 -0.975 6.668 -1.947 -2.313 -1.603 -0.9 0.145 1.535 -1.711 0.221 -0.82 -3.117 -1.401 -1.089 -2.545 -1.899 -0.269
219 R -0.767 4.475 -0.378 -1.383 -1.748 -0.064 -0.968 2.376 -0.284 -2.697 -2.366 1.266 -1.533 -2.488 -2.611 -0.483 -1.259 -2.324 -2.072 -2.248
220 I -0.277 -1.714 -1.298 -1.8 -0.093 -1.565 -2.004 -1.749 -1.367 2.787 0.993 -1.404 2.818 -0.276 -2.623 0.794 -0.21 -2.06 -1.322 1.496
221 K -1.115 4.027 -0.362 -1.058 -2.106 0.676 -0.034 -1.658 -0.11 -2.331 -2.164 3.724 -1.238 -2.676 -2.083 -1.103 -1.245 -2.428 -1.796 -2.08
222 V -0.621 -2.397 -3.081 -3.323 0.171 -2.619 -3.039 -3.105 -2.715 2.712 2.381 -2.432 1.319 0.058 -3.323 -2.561 -0.795 -2.135 -1.221 3.452
223 D -1.403 0.438 3.343 3.454 -2.071 -0.117 0.288 -0.84 0.125 -2.521 -2.926 2.207 -1.976 -2.704 -2.178 -0.639 -0.968 -3.002 -2.266 -2.466
224 F -1.33 -2.363 -2.629 -3.179 -0.792 -2.637 -2.891 -2.935 0.161 1.29 0.29 -2.477 0.168 4.378 -3.612 -2.581 -1.521 0.82 4.346 1.89
225 R -1.495 4.438 -1.146 -2.023 -1.388 -0.295 -1.294 -2.526 -0.587 1.831 -0.236 1.104 -0.15 -1.291 -2.961 -1.878 -1.336 -2.232 -1.615 0.544
226 L -0.367 -1.858 -1.452 -1.948 -0.088 -1.92 -2.169 -1.877 -1.667 2.59 2.145 -1.611 1.031 -0.089 -2.699 0.702 -0.332 -2.119 -1.365 1.342
227 K -1.133 1.264 -0.779 -1.32 -1.915 0.158 -0.35 -1.796 0.752 -1.627 -1.74 3.509 -1.046 0.778 -2.153 -1.327 -1.395 0.036 3.805 -1.632
228 V 1.733 -2.293 -2.547 -2.603 0.295 -2.277 -2.465 -1.493 -2.188 2.986 0.674 -1.869 0.533 -0.568 -2.588 -1.231 -0.648 -2.35 -1.448 2.815
229 V -0.62 2.703 -1.871 -2.541 -0.311 -1.166 -1.907 -2.667 -1.548 2.043 0.235 -0.125 0.28 -0.953 -3.021 -1.975 -0.763 -2.35 -1.453 3.149
230 S 0.444 -1.35 -0.32 -0.953 -0.014 -1.227 -1.289 -0.874 -1.049 1.942 -0.339 -0.9 -0.133 -1.046 -2.022 2.294 0.454 -2.437 -1.604 0.796
231 L -1.1 -2.352 -3.182 -3.449 -0.071 -2.721 -3.19 -3.204 -2.347 2.278 3.116 -2.522 1.609 1.801 -3.525 -2.841 -1.218 -1.552 -0.489 2.443
232 L -1.341 -2.154 -2.973 -3.201 -0.171 -2.164 -3.074 -3.134 -1.912 3.033 2.812 -2.166 3.695 0.503 -3.461 -2.716 -1.238 -1.706 -1.066 1.772
233 L -1.621 -2.103 -2.846 -3.244 -0.525 -2.303 -3.017 -2.942 -1.311 1.37 2.598 -2.326 3.564 4.032 -3.736 -2.703 -1.63 -0.49 0.96 0.602
234 L -1.393 -1.907 -3.003 -3.34 -0.171 -2.023 -2.966 -3.105 -1.807 1.863 3.547 -2.108 3.835 0.702 -3.493 -2.74 -1.405 -1.545 -0.994 1.053
235 I -1.352 -3.076 -3.237 -3.156 -0.125 -3.184 -3.662 -3.454 -2.686 4.453 1.702 -2.653 1.296 0.243 -3.479 -3.051 -1.049 -2.159 -1.26 2.885
236 L -1.515 -2.161 -3.337 -3.595 -0.125 -2.615 -3.28 -3.357 -2.288 2.03 3.996 -2.453 2.158 0.858 -3.579 -3.133 -1.555 -1.625 -1.031 1.131
237 F 1.005 -2.367 -2.31 -2.557 -0.234 -2.573 -2.632 -1.687 -1.509 2.335 0.553 -2.088 0.337 3.813 -2.909 -1.345 -0.125 -0.842 0.778 1.213
238 L -1.499 -2.474 -3.343 -3.48 -0.165 -2.832 -3.441 -3.429 -2.454 3.119 3.459 -2.558 1.859 0.628 -3.585 -3.145 -1.416 -1.832 -1.145 1.801
239 P -0.589 -1.687 -1.219 -1.383 -0.844 -1.643 -1.553 -1.681 -1.555 -1.455 -2.084 -0.984 -1.651 -2.64 5.585 -0.557 1.835 -3.545 -2.306 -1.144
240 V -0.325 -1.572 -1.464 -2.076 0.087 -1.457 -2.052 -2.05 -1.566 1.694 0.898 -1.428 3.258 -0.418 -2.596 -0.319 1.593 -1.961 -1.27 2.276
241 L -1.499 -2.474 -3.343 -3.48 -0.165 -2.832 -3.441 -3.429 -2.454 3.119 3.459 -2.558 1.859 0.628 -3.585 -3.145 -1.416 -1.832 -1.145 1.801
242 Y -1.2 -2.009 -2.384 -3.083 -0.89 -2.042 -2.544 -2.954 1.163 1.072 -0.166 -2.049 -0.099 2.533 -3.293 -2.4 -1.449 1.395 5.604 1.826
243 L 1.512 -1.995 -2.657 -2.817 0.064 -2.215 -2.497 -1.533 -1.775 1.175 2.859 -1.89 1.263 1.619 -2.768 -1.419 -1.205 -1.565 -0.601 0.688
244 L -1.555 -2.201 -3.377 -3.634 -0.165 -2.655 -3.32 -3.397 -2.328 1.991 4.061 -2.492 2.118 0.819 -3.619 -3.173 -1.595 -1.665 -1.07 1.092
245 F -2.059 -2.654 -3.032 -3.427 -0.92 -3.41 -3.436 -3.048 -1.258 0.96 2.233 -3.016 0.983 5.559 -4.153 -3.087 -2.097 0.218 2.088 0.121
246 F -1.287 -1.731 2.784 -0.896 -0.814 -2.008 -2.125 -1.694 -0.525 1.057 -0.073 -1.726 -0.133 3.733 -3.317 -1.548 -0.975 -0.991 0.736 1.737
247 T -0.087 -1.067 -0.114 -0.989 0.147 -1.078 -1.353 -1.304 -1.388 -0.199 -1.032 -0.766 -0.507 -1.555 -1.662 0.73 4.168 -2.159 -1.681 0.255
248 I -1.352 -3.076 -3.237 -3.156 -0.125 -3.184 -3.662 -3.454 -2.686 4.453 1.702 -2.653 1.296 0.243 -3.479 -3.051 -1.049 -2.159 -1.26 2.885
249 G 0.115 -2.332 -0.415 -1.298 -1.295 -2.17 -2.597 5.785 -1.451 -3.19 -3.435 -1.626 -2.642 -2.653 -2.754 -0.977 -1.894 -2.415 -3.123 -2.839
250 L -1.499 -2.474 -3.343 -3.48 -0.165 -2.832 -3.441 -3.429 -2.454 3.119 3.459 -2.558 1.859 0.628 -3.585 -3.145 -1.416 -1.832 -1.145 1.801
251 S 1.093 -0.716 0.522 -0.223 0.098 -0.545 -0.53 -0.081 -0.435 -1.886 -2.303 -0.26 -1.161 -1.918 -1.45 3.173 1.036 -2.524 -1.73 -1.267
252 S 1.093 -0.716 0.522 -0.223 0.098 -0.545 -0.53 -0.081 -0.435 -1.886 -2.303 -0.26 -1.161 -1.918 -1.45 3.173 1.036 -2.524 -1.73 -1.267
253 N -1.635 -0.39 5.589 1.307 -1.821 -0.502 -0.7 -0.129 0.994 -2.687 -3.126 -0.27 -2.136 -2.349 -2.562 -0.093 -0.426 -2.941 -2.043 -2.535
254 V -0.208 -2.461 -2.904 -3.139 0.365 -2.562 -2.868 -2.93 -2.89 3.055 0.971 -2.363 0.857 -0.373 -3.146 -2.259 -0.426 -2.362 -1.26 4.056
255 D -1.752 -1.563 1.224 5.795 -2.347 -0.847 1.075 -1.098 -0.511 -2.7 -3.466 -0.804 -2.672 -2.894 -2.264 -0.927 -1.388 -3.506 -3.018 -2.839
256 I -0.958 -2.895 -3.162 -3.19 0.008 -3.001 -3.412 -3.308 -2.792 4.13 1.439 -2.593 1.118 0.012 -3.404 -2.802 -0.866 -2.265 -1.299 3.355
257 N 1.576 -0.918 3.116 -0.036 -0.231 -0.869 -0.945 -0.157 -0.177 -0.932 -1.823 -0.567 -1.151 -1.897 -1.937 1.527 0.114 -2.653 -1.827 -0.111
258 H 1.5 -0.722 3.128 -0.18 -0.859 -0.646 -0.837 -0.382 5.198 -1.942 -2.266 -0.64 -1.397 -1.636 -2.227 -0.309 -0.934 -2.232 -0.199 -1.472
259 I -0.25 -2.06 -1.419 -1.861 -0.045 -2.018 -2.204 -1.869 -1.779 3.392 0.759 -1.642 0.603 -0.411 -2.652 0.729 -0.173 -2.332 -1.448 2.18
260 D -0.515 -1.347 0.155 3.127 -1.17 -1.045 -0.313 -1.179 0.635 -1.719 -2.065 -0.937 -1.417 0.862 -2.282 1.034 -0.521 -0.079 3.757 -1.617
261 D -1.791 -1.602 1.185 5.854 -2.387 -0.886 1.036 -1.138 -0.55 -2.74 -3.506 -0.844 -2.712 -2.934 -2.304 -0.966 -1.427 -3.545 -3.058 -2.879
262 G 0.412 -0.514 -0.337 -0.932 -0.848 2.301 -0.375 3.129 -0.507 -1.705 -2.051 -0.164 -1.078 -2.385 -2.164 -0.29 1.326 -2.303 -1.962 -1.209
263 S 1.054 -0.755 0.483 -0.263 0.058 -0.584 -0.569 -0.121 -0.474 -1.926 -2.343 -0.299 -1.201 -1.958 -1.49 3.311 0.997 -2.563 -1.77 -1.307
264 F -2.349 -2.911 -2.875 -3.329 -1.388 -3.878 -3.497 -2.889 -0.843 0.262 0.55 -3.319 0.187 6.537 -4.462 -3.045 -2.385 0.837 2.917 -0.522
265 E -1.078 -0.833 -1.041 0.604 -1.462 0.445 3.439 -2.389 -0.337 1.81 -0.459 -0.089 -0.38 -1.35 -2.342 -1.386 -1.238 -2.332 -1.699 0.551
266 S 0.711 -0.868 0.286 -0.496 0.075 -0.751 -0.818 -0.473 -0.758 -1.248 -1.854 -0.458 -0.966 -1.832 -1.558 2.671 2.544 -2.437 -1.753 -0.706
267 K -0.841 2.079 -0.282 -0.736 -1.992 0.793 0.299 -1.357 -0.257 -2.137 -2.255 4.526 -1.238 -2.82 -1.701 -0.895 -1.096 -2.563 -1.803 -2.013
268 F -2.059 -2.654 -3.032 -3.427 -0.92 -3.41 -3.436 -3.048 -1.258 0.96 2.233 -3.016 0.983 5.559 -4.153 -3.087 -2.097 0.218 2.088 0.121
269 L -0.735 -1.297 -1.431 -2.097 -0.083 -1.083 -2.004 -2.116 -1.123 1.098 1.392 -1.229 4.675 -0.082 -2.64 -0.817 1.904 -1.585 -1.11 0.743
270 L -1.499 -2.474 -3.343 -3.48 -0.165 -2.832 -3.441 -3.429 -2.454 3.119 3.459 -2.558 1.859 0.628 -3.585 -3.145 -1.416 -1.832 -1.145 1.801
271 L -1.004 -2.581 -3.193 -3.329 0.008 -2.813 -3.291 -3.277 -2.65 3.383 2.544 -2.527 1.449 0.247 -3.435 -2.826 -1.013 -2.071 -1.221 2.962
272 D -1.729 -0.748 3.421 3.436 -2.188 -0.521 0.04 -0.935 5.225 -2.714 -3.07 -0.634 -1.993 -1.926 -2.55 -0.835 -1.287 -2.527 -0.407 -2.828
273 K -1.101 1.294 3.154 0.3 -1.981 0.468 0.768 -0.943 0.255 -2.372 -2.567 3.36 -1.563 -2.653 -1.989 -0.611 -0.887 -2.681 -1.903 -2.2
274 F -2.349 -2.911 -2.875 -3.329 -1.388 -3.878 -3.497 -2.889 -0.843 0.262 0.55 -3.319 0.187 6.537 -4.462 -3.045 -2.385 0.837 2.917 -0.522
275 L -1.486 -2.547 -3.335 -3.443 -0.165 -2.878 -3.473 -3.437 -2.487 3.343 3.287 -2.574 1.79 0.578 -3.577 -3.138 -1.373 -1.875 -1.164 1.955
276 T -0.346 0.377 -0.196 -0.928 -0.438 -0.332 -0.712 -1.348 -0.982 -0.744 -1.414 2.147 -0.759 -1.948 -1.701 0.252 3.332 -2.315 -1.748 -0.355
277 T -0.127 -1.107 -0.153 -1.029 0.107 -1.117 -1.392 -1.343 -1.427 -0.238 -1.071 -0.805 -0.546 -1.595 -1.701 0.691 4.287 -2.199 -1.721 0.215
278 F -1.867 -2.314 -2.698 -3.152 -0.928 -2.613 -3.069 -2.788 -0.888 0.775 1.174 -2.562 3.265 5.537 -4.002 -2.666 -1.873 0.281 2.114 0.068
279 E -0.101 0.126 0.029 0.425 -1.221 2.805 2.54 -1.083 0.264 -2.298 -2.34 0.589 -1.075 -2.486 -1.837 1.279 -0.244 -2.384 -1.651 -1.731
280 E -1.16 -0.23 3.142 1.427 -2.225 0.832 3.581 -1.234 0.583 -2.761 -2.859 0.373 -1.897 -2.542 -2.113 -0.563 -1.003 -2.582 -1.975 -2.283
281 R 1.624 3.315 -0.749 -1.306 -0.874 0.128 -0.454 -0.851 -0.415 -1.768 -1.85 2.661 -1.117 -2.362 -1.922 -0.515 -0.968 -2.419 -1.786 -1.152
282 D -1.752 -1.156 3.519 4.964 -2.2 -0.767 0.556 -0.777 0.043 -2.735 -3.388 -0.655 -2.522 -2.74 -2.4 -0.661 -1.07 -3.345 -2.695 -2.774
283 L -1.736 -2.715 -3.168 -3.38 -0.518 -3.209 -3.502 -3.247 -1.847 2.809 2.475 -2.814 1.293 4.009 -3.837 -3.102 -1.641 -0.686 0.884 1.46
284 G -0.509 -1.71 -0.793 -1.676 -0.882 -1.673 -2.084 3.009 0.249 -1.169 -1.612 -1.414 -1.158 0.932 -2.531 -0.643 1.703 0.103 3.756 -0.955
285 G -0.546 -0.195 -0.301 0.179 -1.861 2.674 2.367 3.047 0.034 -2.727 -2.67 0.309 -1.471 -2.759 -2.261 -0.862 -1.387 -2.35 -2.028 -2.242
286 L -1.004 -2.581 -3.193 -3.329 0.008 -2.813 -3.291 -3.277 -2.65 3.383 2.544 -2.527 1.449 0.247 -3.435 -2.826 -1.013 -2.071 -1.221 2.962
287 L -1.555 -2.201 -3.377 -3.634 -0.165 -2.655 -3.32 -3.397 -2.328 1.991 4.061 -2.492 2.118 0.819 -3.619 -3.173 -1.595 -1.665 -1.07 1.092
288 F -2.349 -2.911 -2.875 -3.329 -1.388 -3.878 -3.497 -2.889 -0.843 0.262 0.55 -3.319 0.187 6.537 -4.462 -3.045 -2.385 0.837 2.917 -0.522
289 G 0.075 -2.372 -0.454 -1.337 -1.335 -2.21 -2.636 5.823 -1.491 -3.23 -3.475 -1.665 -2.681 -2.693 -2.794 -1.017 -1.934 -2.454 -3.163 -2.879
290 W -2.664 -2.397 -3.18 -3.634 -2.348 -2.838 -2.983 -2.38 -1.148 -1.868 -1.665 -2.805 -1.294 1.114 -5.422 -3.369 -2.709 10.625 2.155 -2.242
291 G 0.075 -2.372 -0.454 -1.337 -1.335 -2.21 -2.636 5.823 -1.491 -3.23 -3.475 -1.665 -2.681 -2.693 -2.794 -1.017 -1.934 -2.454 -3.163 -2.879
292 L -1.555 -2.201 -3.377 -3.634 -0.165 -2.655 -3.32 -3.397 -2.328 1.991 4.061 -2.492 2.118 0.819 -3.619 -3.173 -1.595 -1.665 -1.07 1.092
293 D -1.791 -1.602 1.185 5.854 -2.387 -0.886 1.036 -1.138 -0.55 -2.74 -3.506 -0.844 -2.712 -2.934 -2.304 -0.966 -1.427 -3.545 -3.058 -2.879
294 N -1.674 -0.429 5.673 1.267 -1.861 -0.541 -0.74 -0.169 0.954 -2.727 -3.166 -0.31 -2.176 -2.389 -2.602 -0.132 -0.466 -2.981 -2.083 -2.575
295 T -0.127 -1.107 -0.153 -1.029 0.107 -1.117 -1.392 -1.343 -1.427 -0.238 -1.071 -0.805 -0.546 -1.595 -1.701 0.691 4.287 -2.199 -1.721 0.215
296 R -0.402 4.526 -0.12 -1.07 -1.273 0.184 -0.573 -1.301 -0.09 -2.373 -2.139 1.42 -1.226 -2.299 -2.248 1.087 -0.396 -2.35 -1.781 -1.856
297 D 1.585 -0.998 -0.047 3.429 -0.991 -0.047 2.39 -0.75 -0.39 -1.971 -2.377 -0.255 -1.694 -2.437 -1.877 -0.372 -1.025 -2.755 -2.195 -1.337
298 H -1.756 -0.772 -0.189 -1.514 -2.141 -0.625 -1.013 -2.067 7.032 -1.916 -1.933 -1.104 -1.069 1.269 -2.945 -1.852 -2.194 0.376 4.38 -2.192
299 W -2.664 -2.397 -3.18 -3.634 -2.348 -2.838 -2.983 -2.38 -1.148 -1.868 -1.665 -2.805 -1.294 1.114 -5.422 -3.369 -2.709 10.625 2.155 -2.242
300 G 0.075 -2.372 -0.454 -1.337 -1.335 -2.21 -2.636 5.823 -1.491 -3.23 -3.475 -1.665 -2.681 -2.693 -2.794 -1.017 -1.934 -2.454 -3.163 -2.879
301 I -1.391 -3.115 -3.277 -3.195 -0.165 -3.224 -3.701 -3.493 -2.725 4.558 1.662 -2.693 1.257 0.204 -3.519 -3.091 -1.089 -2.199 -1.299 2.846
302 A 3.952 -1.498 -1.676 -1.702 0.665 -1.334 -1.313 0.359 -1.225 -0.845 -1.336 -0.863 -0.888 -1.863 -1.49 0.44 -0.436 -2.454 -1.77 0.124
303 A 3.952 -1.498 -1.676 -1.702 0.665 -1.334 -1.313 0.359 -1.225 -0.845 -1.336 -0.863 -0.888 -1.863 -1.49 0.44 -0.436 -2.454 -1.77 0.124
304 H -1.722 -0.372 0.445 -0.975 -2.348 -0.179 -0.515 -1.711 8.023 -2.676 -2.609 -0.78 -1.276 -0.867 -2.763 -1.594 -2.241 -1.468 1.653 -3.05
305 N -0.457 -0.534 4.732 0.841 -1.071 -0.555 -0.682 -0.153 0.552 -2.434 -2.865 -0.306 -1.813 -2.238 -2.182 1.509 0.108 -2.835 -1.975 -2.087
306 L -1.555 -2.201 -3.377 -3.634 -0.165 -2.655 -3.32 -3.397 -2.328 1.991 4.061 -2.492 2.118 0.819 -3.619 -3.173 -1.595 -1.665 -1.07 1.092
307 F -2.164 -2.488 -2.608 -3.228 -1.509 -3.008 -3.074 -2.908 0.491 -0.055 0.137 -2.759 -0.078 5.807 -4.041 -2.833 -2.288 1.409 4.764 -0.671
308 N -1.882 -1.045 4.577 0.377 -1.694 -1.29 -1.402 -0.825 0.47 -1.36 -1.352 -1.012 -1.158 3.617 -3.099 -0.819 -0.975 -1.101 0.62 -1.718
309 T -0.127 -1.107 -0.153 -1.029 0.107 -1.117 -1.392 -1.343 -1.427 -0.238 -1.071 -0.805 -0.546 -1.595 -1.701 0.691 4.287 -2.199 -1.721 0.215
310 L -1.555 -2.201 -3.377 -3.634 -0.165 -2.655 -3.32 -3.397 -2.328 1.991 4.061 -2.492 2.118 0.819 -3.619 -3.173 -1.595 -1.665 -1.07 1.092
311 L -1.486 -2.547 -3.335 -3.443 -0.165 -2.878 -3.473 -3.437 -2.487 3.343 3.287 -2.574 1.79 0.578 -3.577 -3.138 -1.373 -1.875 -1.164 1.955
312 L -1.555 -2.201 -3.377 -3.634 -0.165 -2.655 -3.32 -3.397 -2.328 1.991 4.061 -2.492 2.118 0.819 -3.619 -3.173 -1.595 -1.665 -1.07 1.092
313 E -0.933 -0.136 -0.353 1.504 -2.425 1.332 4.527 -1.964 0.378 -2.778 -2.717 0.662 -1.768 -2.622 -1.896 -0.805 -1.315 -2.402 -1.922 -2.148
314 T -0.415 -1.201 -0.722 -1.514 0.014 -1.1 -1.682 -1.704 -1.271 0.507 0.416 -1.009 3.112 -0.74 -2.133 0.034 3.335 -1.875 -1.399 0.491
315 G 0.075 -2.372 -0.454 -1.337 -1.335 -2.21 -2.636 5.823 -1.491 -3.23 -3.475 -1.665 -2.681 -2.693 -2.794 -1.017 -1.934 -2.454 -3.163 -2.879
316 L -1.499 -2.474 -3.343 -3.48 -0.165 -2.832 -3.441 -3.429 -2.454 3.119 3.459 -2.558 1.859 0.628 -3.585 -3.145 -1.416 -1.832 -1.145 1.801
317 V -0.794 -2.631 -2.92 -3.228 -0.141 -2.968 -3.091 -2.942 -2.055 2.353 0.81 -2.677 0.622 3.844 -3.552 -2.526 -0.975 -0.886 0.846 3.264
318 G 0.075 -2.372 -0.454 -1.337 -1.335 -2.21 -2.636 5.823 -1.491 -3.23 -3.475 -1.665 -2.681 -2.693 -2.794 -1.017 -1.934 -2.454 -3.163 -2.879
319 F -2.349 -2.911 -2.875 -3.329 -1.388 -3.878 -3.497 -2.889 -0.843 0.262 0.55 -3.319 0.187 6.537 -4.462 -3.045 -2.385 0.837 2.917 -0.522
320 C -0.659 -2.967 -3.063 -3.267 6.724 -3.076 -3.481 -2.829 -2.871 2.995 0.719 -2.726 0.492 -0.605 -3.305 -2.301 -0.938 -2.582 -1.721 2.748
321 L -1.445 -2.777 -3.31 -3.334 -0.165 -3.021 -3.568 -3.461 -2.587 3.927 2.699 -2.625 1.573 0.423 -3.552 -3.118 -1.248 -2.01 -1.221 2.371
322 I -0.958 -2.895 -3.162 -3.19 0.008 -3.001 -3.412 -3.308 -2.792 4.13 1.439 -2.593 1.118 0.012 -3.404 -2.802 -0.866 -2.265 -1.299 3.355
323 L -0.951 -2.024 -1.851 -2.381 -0.071 -2.19 -2.618 -2.563 -2.108 2.745 2.255 -1.866 1.142 -0.023 -2.804 -1.249 1.842 -2.01 -1.351 1.597
324 L -1.213 -1.985 -2.579 -2.943 -0.147 -1.991 -2.846 -2.908 -1.811 2.682 2.711 -1.986 3.647 0.401 -3.261 -2.194 -0.111 -1.706 -1.096 1.555
325 P 0.547 -1.121 -0.125 -0.638 -0.367 -0.971 -0.883 -0.594 -0.809 -2.055 -2.477 -0.536 -1.552 -2.351 3.829 2.404 0.402 -3.089 -2.034 -1.568
326 I -1.676 -3.045 -3.136 -3.239 -0.518 -3.426 -3.631 -3.277 -1.953 3.697 1.337 -2.887 0.942 3.947 -3.8 -3.075 -1.46 -0.804 0.846 2.093
327 L -1.051 -2.297 -3.225 -3.474 0.008 -2.637 -3.176 -3.247 -2.515 2.374 3.341 -2.462 1.746 0.463 -3.467 -2.851 -1.167 -1.89 -1.145 2.507
328 Y -1.99 -2.119 -2.365 -3.131 -1.635 -2.34 -2.705 -2.927 1.4 -0.411 -0.345 -2.29 -0.371 4.828 -3.673 -2.636 -2.194 1.885 5.882 -0.828
329 C -0.849 -2.734 -2.671 -3.295 8.552 -2.801 -3.32 -2.412 -0.22 -0.77 -1.024 -2.653 -0.955 0.944 -3.262 -1.918 -1.566 -0.135 3.722 -0.601
330 W 0.256 -1.206 -0.308 -1.016 -0.545 -1.159 -1.174 -0.697 -0.682 -1.906 -2.098 -0.92 -1.232 -0.542 -2.312 2.28 0.201 7.514 0.18 -1.586
331 C -0.579 -2.305 -2.752 -3.136 6.724 -2.205 -3.0 -2.563 -2.135 1.669 0.94 -2.252 3.227 -0.492 -3.221 -1.994 -0.929 -2.215 -1.538 2.23
332 L -1.246 -0.136 -1.927 -2.222 -0.655 -1.11 -1.634 -2.57 -1.555 2.575 2.151 1.809 1.026 -0.222 -2.804 -2.181 -1.251 -2.119 -1.375 1.258
333 N -1.724 -0.816 4.598 0.405 -1.829 -0.902 -1.19 -0.835 1.384 -1.942 -2.213 -0.746 -1.594 0.866 -2.83 -0.719 -0.916 -0.071 3.779 -1.947
334 K -0.583 1.352 -0.239 -0.831 -1.112 0.285 -0.163 -1.352 -0.597 -1.357 -1.804 3.575 -0.989 -2.351 -1.701 -0.265 1.895 -2.437 -1.775 -1.067
335 R -1.091 3.423 -0.369 0.036 -2.225 0.897 2.331 -1.801 0.08 -2.501 -2.324 2.852 -1.404 -2.64 -2.073 -1.028 -1.289 -2.402 -1.837 -2.112
336 T -0.167 -1.501 -0.821 -1.584 0.182 -1.533 -1.815 -1.791 -1.847 1.286 -0.24 -1.246 -0.017 -1.145 -2.117 -0.008 3.383 -2.265 -1.573 2.18
337 L 1.623 0.11 -1.512 -1.79 -0.298 -0.712 -1.085 -1.077 -1.148 0.201 1.572 1.982 0.42 -0.858 -2.125 -0.854 -1.003 -2.199 -1.528 0.001
338 Y -1.463 -1.868 -2.074 -2.464 -1.664 -1.847 -2.109 -2.54 1.294 -1.24 -1.418 -1.592 -1.165 2.303 3.681 -2.084 -1.835 1.255 5.571 -1.337
339 H -1.42 0.158 0.273 -0.76 -2.2 2.608 0.262 -1.637 6.967 -2.529 -2.394 0.044 -0.96 -1.414 -2.55 -1.292 -1.761 -1.692 0.96 -2.571
340 F 1.639 -2.241 -2.437 -2.638 -0.003 -2.421 -2.419 -1.383 -1.534 1.286 0.205 -2.013 0.122 3.756 -2.789 -1.223 -0.964 -0.896 0.777 2.053
341 L -1.341 -2.154 -2.973 -3.201 -0.171 -2.164 -3.074 -3.134 -1.912 3.033 2.812 -2.166 3.695 0.503 -3.461 -2.716 -1.238 -1.706 -1.066 1.772
342 G 2.187 -1.467 -0.418 -1.034 -0.088 -1.301 -1.385 3.361 -1.031 -1.84 -2.255 -0.889 -1.491 -2.148 -1.862 1.485 -0.216 -2.49 -2.164 -1.101
343 L -1.555 -2.201 -3.377 -3.634 -0.165 -2.655 -3.32 -3.397 -2.328 1.991 4.061 -2.492 2.118 0.819 -3.619 -3.173 -1.595 -1.665 -1.07 1.092
344 G 0.763 -1.201 0.203 -0.579 -0.336 -1.031 -1.109 3.308 -0.775 -2.298 -2.673 -0.687 -1.615 -2.182 -1.862 2.447 0.307 -2.527 -2.164 -1.742
345 I -1.391 -3.115 -3.277 -3.195 -0.165 -3.224 -3.701 -3.493 -2.725 4.558 1.662 -2.693 1.257 0.204 -3.519 -3.091 -1.089 -2.199 -1.299 2.846
346 A 3.952 -1.498 -1.676 -1.702 0.665 -1.334 -1.313 0.359 -1.225 -0.845 -1.336 -0.863 -0.888 -1.863 -1.49 0.44 -0.436 -2.454 -1.77 0.124
347 C -0.266 -2.103 -1.307 -1.938 6.684 -2.246 -2.253 -1.479 -1.238 -0.667 -0.713 -1.894 -0.63 3.652 -2.799 0.871 -0.548 -1.067 0.579 -0.725
348 L -1.796 -2.418 -3.199 -3.529 -0.518 -3.008 -3.378 -3.217 -1.744 1.521 3.289 -2.742 1.606 4.069 -3.874 -3.129 -1.835 -0.573 0.921 0.647
349 S 1.054 -0.755 0.483 -0.263 0.058 -0.584 -0.569 -0.121 -0.474 -1.926 -2.343 -0.299 -1.201 -1.958 -1.49 3.311 0.997 -2.563 -1.77 -1.307
350 F -2.349 -2.911 -2.875 -3.329 -1.388 -3.878 -3.497 -2.889 -0.843 0.262 0.55 -3.319 0.187 6.537 -4.462 -3.045 -2.385 0.837 2.917 -0.522
351 G 0.075 -2.372 -0.454 -1.337 -1.335 -2.21 -2.636 5.823 -1.491 -3.23 -3.475 -1.665 -2.681 -2.693 -2.794 -1.017 -1.934 -2.454 -3.163 -2.879
352 L -1.555 -2.201 -3.377 -3.634 -0.165 -2.655 -3.32 -3.397 -2.328 1.991 4.061 -2.492 2.118 0.819 -3.619 -3.173 -1.595 -1.665 -1.07 1.092
353 I -1.391 -3.115 -3.277 -3.195 -0.165 -3.224 -3.701 -3.493 -2.725 4.558 1.662 -2.693 1.257 0.204 -3.519 -3.091 -1.089 -2.199 -1.299 2.846
354 F -2.349 -2.911 -2.875 -3.329 -1.388 -3.878 -3.497 -2.889 -0.843 0.262 0.55 -3.319 0.187 6.537 -4.462 -3.045 -2.385 0.837 2.917 -0.522
355 T 0.323 -0.985 0.075 -0.75 0.091 -0.928 -1.091 -0.876 -1.073 -0.699 -1.436 -0.627 -0.748 -1.711 -1.629 1.848 3.545 -2.315 -1.737 -0.209
356 P -0.851 -2.028 -1.948 -1.578 -1.471 -1.947 -1.637 -1.867 -1.622 -2.332 -2.765 -1.078 -2.417 -3.35 6.677 -1.466 -1.363 -4.563 -2.65 -2.176
357 V -1.201 -2.831 -3.026 -3.233 -0.323 -3.188 -3.349 -3.105 -2.004 3.103 1.085 -2.78 0.787 3.896 -3.673 -2.788 -1.207 -0.845 0.846 2.738
358 L -1.194 -1.976 -1.764 -2.414 -0.412 -2.329 -2.569 -2.405 -1.469 0.837 1.993 -2.01 0.814 3.887 -3.021 -1.241 1.713 -0.686 0.822 0.337
359 I -1.391 -3.115 -3.277 -3.195 -0.165 -3.224 -3.701 -3.493 -2.725 4.558 1.662 -2.693 1.257 0.204 -3.519 -3.091 -1.089 -2.199 -1.299 2.846
360 P -0.851 -2.028 -1.948 -1.578 -1.471 -1.947 -1.637 -1.867 -1.622 -2.332 -2.765 -1.078 -2.417 -3.35 6.677 -1.466 -1.363 -4.563 -2.65 -2.176
361 L -1.796 -2.418 -3.199 -3.529 -0.518 -3.008 -3.378 -3.217 -1.744 1.521 3.289 -2.742 1.606 4.069 -3.874 -3.129 -1.835 -0.573 0.921 0.647
362 A 3.136 -1.761 -1.209 -1.575 0.139 -1.598 -1.69 3.412 -1.311 -1.444 -1.889 -1.106 -1.371 -2.114 -1.862 0.031 -0.855 -2.454 -2.164 -0.576
363 L -1.555 -2.201 -3.377 -3.634 -0.165 -2.655 -3.32 -3.397 -2.328 1.991 4.061 -2.492 2.118 0.819 -3.619 -3.173 -1.595 -1.665 -1.07 1.092
364 N -1.674 -0.429 5.673 1.267 -1.861 -0.541 -0.74 -0.169 0.954 -2.727 -3.166 -0.31 -2.176 -2.389 -2.602 -0.132 -0.466 -2.981 -2.083 -2.575
365 I -1.391 -3.115 -3.277 -3.195 -0.165 -3.224 -3.701 -3.493 -2.725 4.558 1.662 -2.693 1.257 0.204 -3.519 -3.091 -1.089 -2.199 -1.299 2.846
366 L -1.445 -2.777 -3.31 -3.334 -0.165 -3.021 -3.568 -3.461 -2.587 3.927 2.699 -2.625 1.573 0.423 -3.552 -3.118 -1.248 -2.01 -1.221 2.371
367 S 0.499 -0.954 -0.196 -0.894 -0.02 -0.736 -1.054 -0.736 -0.634 -0.24 -0.026 -0.638 3.0 -0.915 -1.968 2.359 0.459 -2.087 -1.428 -0.332
368 R -1.607 3.875 3.99 0.185 -2.056 0.032 -0.653 -0.986 0.555 -2.672 -2.546 1.077 -1.665 -2.433 -2.656 -0.701 -0.92 -2.588 -1.927 -2.365
369 G 0.104 -2.343 -0.426 -1.308 -1.306 -2.181 -2.608 5.796 -1.462 -3.201 -3.446 -1.636 -2.652 -2.664 -2.765 -0.988 -1.905 -2.426 -3.134 -2.85
370 G 0.104 -2.343 -0.426 -1.308 -1.306 -2.181 -2.608 5.796 -1.462 -3.201 -3.446 -1.636 -2.652 -2.664 -2.765 -0.988 -1.905 -2.426 -3.134 -2.85
371 D -1.327 -0.773 0.521 4.428 -2.402 0.435 3.275 -1.518 -0.045 -2.755 -3.081 0.01 -2.198 -2.77 -2.089 -0.881 -1.367 -2.914 -2.431 -2.487
372 N -0.87 -1.279 3.808 -0.169 -0.562 -1.388 -1.621 -1.238 -0.375 1.388 -0.441 -1.167 -0.304 -1.231 -2.875 -1.013 -0.462 -2.673 -1.661 2.421
373 K 0.263 1.0 0.129 -0.486 -0.785 0.189 -0.099 -0.669 -0.36 -2.026 -2.295 3.016 -1.216 -2.353 -1.59 1.906 0.14 -2.56 -1.783 -1.635
374 N -1.117 -0.969 4.575 0.391 -0.936 -1.079 -1.299 -0.838 0.137 0.543 -1.101 -0.854 -0.807 -1.571 -2.784 -0.691 -0.466 -2.774 -1.797 1.504
375 E -1.124 3.079 -0.393 0.791 -2.374 1.081 3.593 -2.022 0.283 -2.727 -2.474 1.182 -1.58 -2.576 -2.145 -0.996 -1.365 -2.35 -1.876 -2.157
376 N -1.389 0.554 3.243 0.062 -2.054 0.928 -0.153 -1.011 5.254 -2.512 -2.628 1.822 -1.445 -1.907 -2.361 -0.802 -1.168 -2.236 -0.179 -2.493
377 L -1.377 0.057 -1.65 -2.183 -1.187 -0.829 -1.373 -2.428 0.382 0.207 1.625 1.873 0.461 1.404 -2.758 -2.012 -1.569 0.175 3.844 -0.34