#Seq2Logo.py -f /work3/idamei/wzy_ssn/run/1e-50/run/150/MSAs/0006_194.afa -o /work3/idamei/wzy_ssn/run/1e-50/run/150/logos/0006_194.logo
Last position-specific scoring matrix computed, values are in halfbits
A R N D C Q E G H I L K M F P S T W Y V
0 L -1.066 -1.369 -2.345 -2.799 -0.154 -1.037 -2.339 -2.569 -0.954 1.618 2.149 -1.438 5.537 0.482 -3.228 -2.002 -1.031 -1.292 -0.818 1.004
1 T 0.135 -1.017 -0.008 -0.857 0.128 -0.993 -1.209 -1.071 -1.216 -0.431 -1.219 -0.686 -0.617 -1.623 -1.636 1.314 3.861 -2.228 -1.7 0.04
2 I -1.362 -3.086 -3.248 -3.166 -0.136 -3.195 -3.672 -3.465 -2.697 4.483 1.691 -2.664 1.286 0.232 -3.49 -3.062 -1.06 -2.17 -1.271 2.875
3 G 0.104 -2.343 -0.426 -1.308 -1.306 -2.181 -2.608 5.796 -1.462 -3.201 -3.446 -1.636 -2.652 -2.664 -2.765 -0.988 -1.905 -2.426 -3.134 -2.85
4 L -1.526 -2.172 -3.348 -3.606 -0.136 -2.626 -3.291 -3.368 -2.299 2.019 4.014 -2.464 2.147 0.847 -3.59 -3.144 -1.566 -1.636 -1.042 1.12
5 V -0.552 -2.663 -3.022 -3.156 0.2 -2.766 -3.12 -3.105 -2.831 3.607 1.225 -2.467 1.0 -0.164 -3.264 -2.51 -0.63 -2.304 -1.271 3.736
6 F -2.171 -2.751 -2.924 -3.349 -1.116 -3.606 -3.438 -2.939 -1.014 0.661 1.511 -3.135 0.641 6.046 -4.275 -3.037 -2.209 0.573 2.561 -0.154
7 S 0.916 -0.782 0.415 -0.349 0.095 -0.638 -0.663 -0.263 -0.584 -1.538 -2.059 -0.349 -1.052 -1.865 -1.495 2.919 1.858 -2.471 -1.733 -0.962
8 F -2.32 -2.882 -2.846 -3.3 -1.36 -3.85 -3.468 -2.86 -0.814 0.291 0.579 -3.29 0.216 6.492 -4.434 -3.016 -2.356 0.866 2.945 -0.493
9 N -1.645 -0.4 5.612 1.296 -1.832 -0.512 -0.711 -0.14 0.983 -2.698 -3.137 -0.281 -2.147 -2.36 -2.573 -0.104 -0.437 -2.952 -2.054 -2.546
10 L -1.416 -2.748 -3.281 -3.306 -0.136 -2.993 -3.54 -3.432 -2.558 3.87 2.687 -2.596 1.602 0.452 -3.523 -3.089 -1.219 -1.981 -1.192 2.399
11 I -1.311 -2.719 -3.077 -3.102 -0.139 -2.704 -3.403 -3.295 -2.323 4.163 1.773 -2.42 2.57 0.275 -3.445 -2.856 -1.055 -2.004 -1.19 2.636
12 L -1.066 -1.369 -2.345 -2.799 -0.154 -1.037 -2.339 -2.569 -0.954 1.618 2.149 -1.438 5.537 0.482 -3.228 -2.002 -1.031 -1.292 -0.818 1.004
13 L -1.644 -2.279 -3.258 -3.552 -0.307 -2.797 -3.32 -3.277 -1.992 1.794 3.658 -2.586 1.902 2.865 -3.715 -3.122 -1.684 -1.039 0.122 0.907
14 L -1.896 -2.505 -3.086 -3.449 -0.683 -3.173 -3.378 -3.103 -1.462 1.283 2.78 -2.847 1.34 4.873 -3.981 -3.079 -1.934 -0.122 1.592 0.425
15 L -1.416 -2.748 -3.281 -3.306 -0.136 -2.993 -3.54 -3.432 -2.558 3.87 2.687 -2.596 1.602 0.452 -3.523 -3.089 -1.219 -1.981 -1.192 2.399
16 C 0.423 -1.742 -0.729 -1.404 7.767 -1.652 -1.759 -0.941 -1.43 -1.247 -1.611 -1.351 -1.118 -1.971 -2.199 1.702 0.09 -2.857 -2.215 -0.803
17 I -0.178 -2.098 -1.379 -1.857 4.954 -2.054 -2.244 -1.712 -1.766 2.83 0.438 -1.678 0.322 -0.659 -2.607 0.716 -0.216 -2.444 -1.633 1.554
18 L -1.187 -2.649 -3.222 -3.303 -0.048 -2.887 -3.398 -3.339 -2.589 3.626 2.61 -2.546 1.541 0.365 -3.464 -2.94 -1.099 -2.012 -1.192 2.681
19 F -2.32 -2.882 -2.846 -3.3 -1.36 -3.85 -3.468 -2.86 -0.814 0.291 0.579 -3.29 0.216 6.492 -4.434 -3.016 -2.356 0.866 2.945 -0.493
20 S 1.082 -0.727 0.511 -0.234 0.087 -0.555 -0.541 -0.092 -0.446 -1.897 -2.314 -0.271 -1.172 -1.929 -1.461 3.212 1.025 -2.535 -1.741 -1.278
21 A 3.499 -1.4 -1.331 -1.549 0.608 -1.268 -1.297 0.165 -1.229 -0.705 -1.261 -0.825 -0.799 -1.787 -1.495 0.512 1.049 -2.382 -1.733 0.168
22 I 1.628 -2.063 -2.428 -2.524 0.245 -1.961 -2.352 -1.425 -1.822 2.755 0.959 -1.691 2.178 -0.367 -2.568 -1.17 -0.717 -2.114 -1.334 2.245
23 K -1.029 3.707 -0.317 -0.962 -2.054 0.728 0.065 -1.567 -0.11 -2.262 -2.153 3.848 -1.209 -2.676 -1.973 -1.031 -1.186 -2.426 -1.769 -2.038
24 S 1.082 -0.727 0.511 -0.234 0.087 -0.555 -0.541 -0.092 -0.446 -1.897 -2.314 -0.271 -1.172 -1.929 -1.461 3.212 1.025 -2.535 -1.741 -1.278
25 S 0.502 0.027 2.16 0.018 -0.436 -0.269 -0.403 -0.273 -0.119 -2.052 -2.42 1.243 -1.32 -2.126 -1.655 2.42 0.549 -2.6 -1.797 -1.567
26 R -1.144 4.263 -0.349 -1.098 -2.1 0.68 -0.076 -1.694 -0.053 -2.343 -2.118 3.49 -1.209 -2.62 -2.137 -1.117 -1.248 -2.373 -1.766 -2.065
27 V 0.809 -1.717 -2.133 -1.511 0.026 -1.265 0.343 -1.953 -1.672 1.944 1.243 -1.346 0.611 -0.582 -2.621 -1.44 -0.724 -2.245 -1.399 2.715
28 L -1.737 -2.534 -3.155 -3.425 -0.489 -3.078 -3.41 -3.204 -1.766 2.227 2.883 -2.749 1.483 4.01 -3.826 -3.087 -1.708 -0.6 0.931 1.111
29 N -1.645 -0.4 5.612 1.296 -1.832 -0.512 -0.711 -0.14 0.983 -2.698 -3.137 -0.281 -2.147 -2.36 -2.573 -0.104 -0.437 -2.952 -2.054 -2.546
30 F 1.634 -1.761 -1.514 -1.969 -0.32 -1.845 -1.855 -0.919 -0.112 -0.527 -0.586 -1.496 -0.469 3.97 -2.463 0.245 -0.808 0.102 3.026 -0.439
31 V -0.479 -2.536 -2.903 -3.175 0.13 -2.75 -2.969 -2.927 -2.431 2.732 0.9 -2.508 0.75 2.417 -3.334 -2.381 -0.68 -1.517 -0.003 3.676
32 F -2.32 -2.882 -2.846 -3.3 -1.36 -3.85 -3.468 -2.86 -0.814 0.291 0.579 -3.29 0.216 6.492 -4.434 -3.016 -2.356 0.866 2.945 -0.493
33 L -1.526 -2.172 -3.348 -3.606 -0.136 -2.626 -3.291 -3.368 -2.299 2.019 4.014 -2.464 2.147 0.847 -3.59 -3.144 -1.566 -1.636 -1.042 1.12
34 I -1.362 -3.086 -3.248 -3.166 -0.136 -3.195 -3.672 -3.465 -2.697 4.483 1.691 -2.664 1.286 0.232 -3.49 -3.062 -1.06 -2.17 -1.271 2.875
35 I -1.389 -2.912 -3.265 -3.235 -0.136 -3.092 -3.605 -3.448 -2.627 4.192 2.232 -2.63 1.448 0.344 -3.507 -3.075 -1.139 -2.074 -1.231 2.647
36 S 0.444 -1.133 -0.303 -0.987 0.015 -1.095 -1.202 -0.832 -0.942 0.047 1.425 -0.834 0.392 -0.685 -2.012 2.197 0.39 -2.203 -1.489 -0.242
37 S 1.082 -0.727 0.511 -0.234 0.087 -0.555 -0.541 -0.092 -0.446 -1.897 -2.314 -0.271 -1.172 -1.929 -1.461 3.212 1.025 -2.535 -1.741 -1.278
38 F -1.964 -2.948 -2.974 -3.255 -0.892 -3.615 -3.534 -3.048 -1.316 2.42 0.999 -3.066 0.618 5.482 -4.084 -3.031 -1.857 0.161 2.092 1.101
39 I -1.389 -2.912 -3.265 -3.235 -0.136 -3.092 -3.605 -3.448 -2.627 4.192 2.232 -2.63 1.448 0.344 -3.507 -3.075 -1.139 -2.074 -1.231 2.647
40 T -0.098 -1.078 -0.124 -1.0 0.136 -1.089 -1.363 -1.314 -1.399 -0.21 -1.043 -0.776 -0.517 -1.566 -1.673 0.719 4.201 -2.17 -1.692 0.244
41 A 3.055 -1.333 -1.046 -1.431 0.52 -1.231 -1.31 -0.076 -1.262 -0.599 -1.216 -0.815 -0.741 -1.742 -1.53 0.555 2.012 -2.338 -1.725 0.184
42 L -0.998 -2.407 -3.18 -3.372 0.037 -2.695 -3.204 -3.234 -2.553 2.921 2.944 -2.465 1.63 0.386 -3.422 -2.81 -1.06 -1.951 -1.154 2.715
43 Y -1.798 -1.763 -2.111 -3.008 -1.737 -1.769 -2.349 -2.918 2.119 -0.789 -0.896 -1.859 -0.668 3.363 -3.319 -2.423 -2.075 2.323 6.624 -0.965
44 A 3.883 -1.469 -1.648 -1.673 0.694 -1.306 -1.284 0.388 -1.197 -0.816 -1.307 -0.834 -0.859 -1.834 -1.461 0.469 -0.408 -2.426 -1.741 0.153
45 V -0.652 -2.137 -2.762 -3.031 0.114 -2.042 -2.798 -2.889 -2.07 2.979 1.529 -2.068 3.358 0.035 -3.234 -2.292 -0.723 -1.936 -1.112 3.155
46 Q -0.868 1.022 -0.078 -0.342 -1.897 4.831 1.406 -1.465 0.784 -2.226 -1.976 1.236 -0.389 -2.944 -2.137 -0.74 -0.961 -2.17 -1.271 -1.773
47 R -1.52 5.483 -0.448 -1.549 -2.245 0.532 -0.546 -2.114 0.113 -2.597 -2.013 2.033 -1.209 -2.458 -2.69 -1.392 -1.439 -2.22 -1.758 -2.147
48 D -1.763 -1.574 1.213 5.811 -2.358 -0.858 1.065 -1.109 -0.522 -2.711 -3.477 -0.815 -2.683 -2.905 -2.275 -0.938 -1.398 -3.517 -3.029 -2.85
49 F -2.32 -2.882 -2.846 -3.3 -1.36 -3.85 -3.468 -2.86 -0.814 0.291 0.579 -3.29 0.216 6.492 -4.434 -3.016 -2.356 0.866 2.945 -0.493
50 D -1.723 -1.127 3.485 4.928 -2.172 -0.738 0.585 -0.749 0.071 -2.707 -3.359 -0.626 -2.493 -2.712 -2.371 -0.632 -1.041 -3.316 -2.666 -2.745
51 Y -1.798 -1.763 -2.111 -3.008 -1.737 -1.769 -2.349 -2.918 2.119 -0.789 -0.896 -1.859 -0.668 3.363 -3.319 -2.423 -2.075 2.323 6.624 -0.965
52 G 0.104 -2.343 -0.426 -1.308 -1.306 -2.181 -2.608 5.796 -1.462 -3.201 -3.446 -1.636 -2.652 -2.664 -2.765 -0.988 -1.905 -2.426 -3.134 -2.85
53 D -1.763 -1.574 1.213 5.811 -2.358 -0.858 1.065 -1.109 -0.522 -2.711 -3.477 -0.815 -2.683 -2.905 -2.275 -0.938 -1.398 -3.517 -3.029 -2.85
54 T -0.098 -1.078 -0.124 -1.0 0.136 -1.089 -1.363 -1.314 -1.399 -0.21 -1.043 -0.776 -0.517 -1.566 -1.673 0.719 4.201 -2.17 -1.692 0.244
55 G 1.732 -1.969 -1.57 -2.035 -0.136 -1.984 -2.271 3.14 -1.616 0.092 1.449 -1.569 0.227 -0.807 -2.47 -0.865 -1.219 -2.138 -1.848 -0.097
56 N -1.645 -0.4 5.612 1.296 -1.832 -0.512 -0.711 -0.14 0.983 -2.698 -3.137 -0.281 -2.147 -2.36 -2.573 -0.104 -0.437 -2.952 -2.054 -2.546
57 Y -1.798 -1.763 -2.111 -3.008 -1.737 -1.769 -2.349 -2.918 2.119 -0.789 -0.896 -1.859 -0.668 3.363 -3.319 -2.423 -2.075 2.323 6.624 -0.965
58 V -0.219 -2.472 -2.915 -3.15 0.354 -2.573 -2.879 -2.941 -2.9 3.044 0.96 -2.374 0.846 -0.384 -3.157 -2.27 -0.437 -2.373 -1.271 4.086
59 N -1.489 0.199 5.161 1.044 -1.853 -0.243 -0.51 -0.307 0.813 -2.591 -2.964 1.238 -1.968 -2.427 -2.402 -0.218 -0.533 -2.878 -2.006 -2.444
60 F -2.32 -2.882 -2.846 -3.3 -1.36 -3.85 -3.468 -2.86 -0.814 0.291 0.579 -3.29 0.216 6.492 -4.434 -3.016 -2.356 0.866 2.945 -0.493
61 Y -1.798 -1.763 -2.111 -3.008 -1.737 -1.769 -2.349 -2.918 2.119 -0.789 -0.896 -1.859 -0.668 3.363 -3.319 -2.423 -2.075 2.323 6.624 -0.965
62 Q -1.087 2.288 1.937 -0.146 -1.941 3.924 0.874 -1.287 0.718 -2.36 -2.147 1.192 -0.749 -2.754 -2.292 -0.719 -0.938 -2.295 -1.466 -1.949
63 F -2.226 -2.663 -2.71 -3.249 -1.419 -3.382 -3.249 -2.87 -0.07 0.137 0.38 -2.997 0.086 6.155 -4.215 -2.908 -2.307 1.166 3.977 -0.566
64 E -1.031 -0.306 -0.004 2.83 -2.39 1.091 4.107 -1.78 0.271 -2.743 -2.806 0.489 -1.877 -2.643 -1.931 -0.803 -1.305 -2.535 -2.054 -2.229
65 H -1.728 -0.743 -0.16 -1.485 -2.112 -0.596 -0.984 -2.039 6.986 -1.887 -1.904 -1.075 -1.041 1.297 -2.917 -1.824 -2.166 0.404 4.343 -2.163
66 I -0.941 -1.988 1.261 -1.465 -0.214 -2.074 -2.397 -2.147 -1.501 3.23 0.764 -1.723 0.58 -0.441 -2.895 -1.363 0.861 -2.321 -1.456 2.392
67 Y -1.772 -1.486 1.295 -1.699 -1.753 -1.518 -2.003 -2.228 1.958 -1.032 -1.168 -1.529 -0.867 2.915 -3.18 -1.883 -1.729 1.888 6.127 -1.175
68 I -1.389 -2.912 -3.265 -3.235 -0.136 -3.092 -3.605 -3.448 -2.627 4.192 2.232 -2.63 1.448 0.344 -3.507 -3.075 -1.139 -2.074 -1.231 2.647
69 N -1.199 1.118 3.967 0.465 -1.897 0.231 -0.145 -0.673 0.44 -2.388 -2.646 2.964 -1.64 -2.568 -2.088 -0.46 -0.735 -2.736 -1.911 -2.252
70 F -2.171 -2.751 -2.924 -3.349 -1.116 -3.606 -3.438 -2.939 -1.014 0.661 1.511 -3.135 0.641 6.046 -4.275 -3.037 -2.209 0.573 2.561 -0.154
71 E -0.905 -0.107 -0.324 1.532 -2.397 1.361 4.46 -1.935 0.407 -2.75 -2.688 0.691 -1.739 -2.593 -1.867 -0.777 -1.286 -2.373 -1.893 -2.12
72 P -0.822 -1.999 -1.919 -1.549 -1.443 -1.919 -1.608 -1.838 -1.593 -2.303 -2.736 -1.05 -2.389 -3.321 6.648 -1.437 -1.334 -4.535 -2.621 -2.147
73 L -1.443 -2.593 -3.298 -3.378 -0.136 -2.896 -3.475 -3.416 -2.491 3.506 3.08 -2.562 1.748 0.556 -3.54 -3.103 -1.302 -1.891 -1.154 2.129
74 F -2.32 -2.882 -2.846 -3.3 -1.36 -3.85 -3.468 -2.86 -0.814 0.291 0.579 -3.29 0.216 6.492 -4.434 -3.016 -2.356 0.866 2.945 -0.493
75 D -1.763 -1.574 1.213 5.811 -2.358 -0.858 1.065 -1.109 -0.522 -2.711 -3.477 -0.815 -2.683 -2.905 -2.275 -0.938 -1.398 -3.517 -3.029 -2.85
76 F -1.327 -2.206 -2.037 -2.583 -0.958 -2.65 -2.632 -2.162 -0.996 0.177 1.073 -2.328 0.296 4.812 -3.655 -0.675 -1.373 5.773 1.927 -0.463
77 I -1.162 -2.807 -3.206 -3.232 -0.048 -2.982 -3.46 -3.355 -2.659 3.976 2.141 -2.58 1.383 0.254 -3.448 -2.927 -1.022 -2.106 -1.231 2.906
78 A 3.883 -1.469 -1.648 -1.673 0.694 -1.306 -1.284 0.388 -1.197 -0.816 -1.307 -0.834 -0.859 -1.834 -1.461 0.469 -0.408 -2.426 -1.741 0.153
79 R -1.52 5.483 -0.448 -1.549 -2.245 0.532 -0.546 -2.114 0.113 -2.597 -2.013 2.033 -1.209 -2.458 -2.69 -1.392 -1.439 -2.22 -1.758 -2.147
80 L 1.635 -2.107 -2.475 -2.648 0.179 -2.243 -2.37 -1.401 -1.762 1.579 1.265 -1.885 0.585 2.369 -2.67 -1.205 -0.844 -1.427 -0.071 2.156
81 F -2.32 -2.882 -2.846 -3.3 -1.36 -3.85 -3.468 -2.86 -0.814 0.291 0.579 -3.29 0.216 6.492 -4.434 -3.016 -2.356 0.866 2.945 -0.493
82 I -1.362 -3.086 -3.248 -3.166 -0.136 -3.195 -3.672 -3.465 -2.697 4.483 1.691 -2.664 1.286 0.232 -3.49 -3.062 -1.06 -2.17 -1.271 2.875
83 Q -0.974 1.054 1.952 -0.048 -1.897 3.94 0.976 -1.176 0.674 -2.279 -2.183 1.934 -0.749 -2.813 -2.12 -0.644 -0.883 -2.347 -1.469 -1.924
84 L -1.072 -2.674 -3.08 -3.252 -0.124 -2.966 -3.291 -3.161 -2.28 3.221 1.908 -2.622 1.165 2.595 -3.523 -2.778 -1.08 -1.365 0.023 2.826
85 F -1.332 -2.206 -1.844 -2.47 -1.116 -2.62 -2.555 -2.182 -0.02 -0.146 0.034 -2.288 -0.113 5.592 -3.507 -0.595 -1.409 0.849 3.693 -0.686
86 P -0.822 -1.999 -1.919 -1.549 -1.443 -1.919 -1.608 -1.838 -1.593 -2.303 -2.736 -1.05 -2.389 -3.321 6.648 -1.437 -1.334 -4.535 -2.621 -2.147
87 G -0.45 -0.667 0.028 1.795 -1.651 2.191 -0.04 4.029 -0.376 -2.761 -2.873 -0.238 -1.691 -2.794 -2.459 -0.895 -1.474 -2.489 -2.358 -2.444
88 D -1.763 -1.574 1.213 5.811 -2.358 -0.858 1.065 -1.109 -0.522 -2.711 -3.477 -0.815 -2.683 -2.905 -2.275 -0.938 -1.398 -3.517 -3.029 -2.85
89 P -0.822 -1.999 -1.919 -1.549 -1.443 -1.919 -1.608 -1.838 -1.593 -2.303 -2.736 -1.05 -2.389 -3.321 6.648 -1.437 -1.334 -4.535 -2.621 -2.147
90 F -1.846 -2.809 -2.857 -3.274 -0.994 -3.594 -3.361 -2.873 -1.073 0.972 0.646 -3.116 0.331 6.019 -4.178 -2.878 -1.934 0.522 2.55 0.949
91 Y -1.879 -1.922 -2.221 -3.054 -1.671 -2.027 -2.508 -2.908 1.795 -0.579 -0.591 -2.053 -0.5 4.178 -3.477 -2.514 -2.12 2.126 6.255 -0.881
92 F -2.171 -2.751 -2.924 -3.349 -1.116 -3.606 -3.438 -2.939 -1.014 0.661 1.511 -3.135 0.641 6.046 -4.275 -3.037 -2.209 0.573 2.561 -0.154
93 L -1.526 -2.172 -3.348 -3.606 -0.136 -2.626 -3.291 -3.368 -2.299 2.019 4.014 -2.464 2.147 0.847 -3.59 -3.144 -1.566 -1.636 -1.042 1.12
94 F -2.171 -2.751 -2.924 -3.349 -1.116 -3.606 -3.438 -2.939 -1.014 0.661 1.511 -3.135 0.641 6.046 -4.275 -3.037 -2.209 0.573 2.561 -0.154
95 F -1.4 -2.392 -1.944 -2.508 -1.063 -2.972 -2.726 -2.174 -0.749 0.023 0.257 -2.515 0.026 5.997 -3.676 -0.643 -1.445 0.512 2.531 -0.61
96 C -0.433 -3.324 -2.95 -3.404 9.664 -3.444 -3.91 -2.149 -2.936 -0.717 -1.047 -3.099 -1.064 -2.013 -3.192 -1.656 -1.302 -3.22 -2.782 -0.395
97 A 3.883 -1.469 -1.648 -1.673 0.694 -1.306 -1.284 0.388 -1.197 -0.816 -1.307 -0.834 -0.859 -1.834 -1.461 0.469 -0.408 -2.426 -1.741 0.153
98 V 1.725 -2.154 -2.418 -2.59 0.258 -2.235 -2.317 -1.363 -1.838 1.808 0.309 -1.873 0.268 2.269 -2.614 -1.119 -0.67 -1.53 -0.098 2.704
99 I -1.389 -2.912 -3.265 -3.235 -0.136 -3.092 -3.605 -3.448 -2.627 4.192 2.232 -2.63 1.448 0.344 -3.507 -3.075 -1.139 -2.074 -1.231 2.647
100 T -0.098 -1.078 -0.124 -1.0 0.136 -1.089 -1.363 -1.314 -1.399 -0.21 -1.043 -0.776 -0.517 -1.566 -1.673 0.719 4.201 -2.17 -1.692 0.244
101 S 1.082 -0.727 0.511 -0.234 0.087 -0.555 -0.541 -0.092 -0.446 -1.897 -2.314 -0.271 -1.172 -1.929 -1.461 3.212 1.025 -2.535 -1.741 -1.278
102 S 0.444 -1.133 -0.303 -0.987 0.015 -1.095 -1.202 -0.832 -0.942 0.047 1.425 -0.834 0.392 -0.685 -2.012 2.197 0.39 -2.203 -1.489 -0.242
103 L -1.471 -2.446 -3.314 -3.452 -0.136 -2.803 -3.413 -3.4 -2.426 3.09 3.426 -2.529 1.887 0.656 -3.556 -3.116 -1.388 -1.803 -1.116 1.83
104 F -2.32 -2.882 -2.846 -3.3 -1.36 -3.85 -3.468 -2.86 -0.814 0.291 0.579 -3.29 0.216 6.492 -4.434 -3.016 -2.356 0.866 2.945 -0.493
105 F -2.171 -2.751 -2.924 -3.349 -1.116 -3.606 -3.438 -2.939 -1.014 0.661 1.511 -3.135 0.641 6.046 -4.275 -3.037 -2.209 0.573 2.561 -0.154
106 L -1.498 -2.306 -3.331 -3.528 -0.136 -2.713 -3.351 -3.384 -2.362 2.604 3.735 -2.496 2.02 0.753 -3.573 -3.13 -1.475 -1.719 -1.079 1.497
107 A 3.568 -1.331 -1.156 -1.378 0.601 -1.166 -1.146 0.314 -1.057 -0.97 -1.452 -0.732 -0.909 -1.849 -1.461 1.146 -0.114 -2.444 -1.741 -0.041
108 Y -1.798 -1.763 -2.111 -3.008 -1.737 -1.769 -2.349 -2.918 2.119 -0.789 -0.896 -1.859 -0.668 3.363 -3.319 -2.423 -2.075 2.323 6.624 -0.965
109 R -1.144 4.263 -0.349 -1.098 -2.1 0.68 -0.076 -1.694 -0.053 -2.343 -2.118 3.49 -1.209 -2.62 -2.137 -1.117 -1.248 -2.373 -1.766 -2.065
110 N -1.199 1.118 3.967 0.465 -1.897 0.231 -0.145 -0.673 0.44 -2.388 -2.646 2.964 -1.64 -2.568 -2.088 -0.46 -0.735 -2.736 -1.911 -2.252
111 L -1.526 -2.172 -3.348 -3.606 -0.136 -2.626 -3.291 -3.368 -2.299 2.019 4.014 -2.464 2.147 0.847 -3.59 -3.144 -1.566 -1.636 -1.042 1.12
112 V -0.4 -2.42 -2.983 -3.221 0.278 -2.582 -2.944 -3.008 -2.791 2.896 1.747 -2.389 1.108 -0.139 -3.225 -2.398 -0.597 -2.236 -1.231 3.759
113 G 0.104 -2.343 -0.426 -1.308 -1.306 -2.181 -2.608 5.796 -1.462 -3.201 -3.446 -1.636 -2.652 -2.664 -2.765 -0.988 -1.905 -2.426 -3.134 -2.85
114 I -1.389 -2.912 -3.265 -3.235 -0.136 -3.092 -3.605 -3.448 -2.627 4.192 2.232 -2.63 1.448 0.344 -3.507 -3.075 -1.139 -2.074 -1.231 2.647
115 K -0.935 1.814 1.895 -0.262 -1.941 0.638 0.178 -1.093 0.012 -2.199 -2.359 4.037 -1.346 -2.715 -1.804 -0.725 -0.952 -2.6 -1.819 -2.071
116 S 1.082 -0.727 0.511 -0.234 0.087 -0.555 -0.541 -0.092 -0.446 -1.897 -2.314 -0.271 -1.172 -1.929 -1.461 3.212 1.025 -2.535 -1.741 -1.278
117 S 1.082 -0.727 0.511 -0.234 0.087 -0.555 -0.541 -0.092 -0.446 -1.897 -2.314 -0.271 -1.172 -1.929 -1.461 3.212 1.025 -2.535 -1.741 -1.278
118 Y -1.798 -1.763 -2.111 -3.008 -1.737 -1.769 -2.349 -2.918 2.119 -0.789 -0.896 -1.859 -0.668 3.363 -3.319 -2.423 -2.075 2.323 6.624 -0.965
119 L -1.896 -2.505 -3.086 -3.449 -0.683 -3.173 -3.378 -3.103 -1.462 1.283 2.78 -2.847 1.34 4.873 -3.981 -3.079 -1.934 -0.122 1.592 0.425
120 A 2.507 -1.927 -2.212 -2.318 0.529 -1.87 -1.973 -0.821 -1.925 1.716 0.043 -1.503 0.118 -1.019 -2.186 -0.587 -0.422 -2.399 -1.496 2.743
121 Y -1.798 -1.763 -2.111 -3.008 -1.737 -1.769 -2.349 -2.918 2.119 -0.789 -0.896 -1.859 -0.668 3.363 -3.319 -2.423 -2.075 2.323 6.624 -0.965
122 W -2.635 -2.368 -3.152 -3.606 -2.32 -2.81 -2.954 -2.351 -1.12 -1.839 -1.636 -2.776 -1.266 1.143 -5.394 -3.34 -2.68 10.596 2.184 -2.213
123 I -1.362 -3.086 -3.248 -3.166 -0.136 -3.195 -3.672 -3.465 -2.697 4.483 1.691 -2.664 1.286 0.232 -3.49 -3.062 -1.06 -2.17 -1.271 2.875
124 L -1.526 -2.172 -3.348 -3.606 -0.136 -2.626 -3.291 -3.368 -2.299 2.019 4.014 -2.464 2.147 0.847 -3.59 -3.144 -1.566 -1.636 -1.042 1.12
125 L -1.526 -2.172 -3.348 -3.606 -0.136 -2.626 -3.291 -3.368 -2.299 2.019 4.014 -2.464 2.147 0.847 -3.59 -3.144 -1.566 -1.636 -1.042 1.12
126 S 1.779 -0.838 0.246 -0.429 0.197 -0.668 -0.652 -0.006 -0.558 -1.686 -2.12 -0.357 -1.118 -1.913 -1.461 2.9 0.831 -2.516 -1.741 -0.985
127 T -0.098 -1.078 -0.124 -1.0 0.136 -1.089 -1.363 -1.314 -1.399 -0.21 -1.043 -0.776 -0.517 -1.566 -1.673 0.719 4.201 -2.17 -1.692 0.244
128 F -2.32 -2.882 -2.846 -3.3 -1.36 -3.85 -3.468 -2.86 -0.814 0.291 0.579 -3.29 0.216 6.492 -4.434 -3.016 -2.356 0.866 2.945 -0.493
129 S 1.082 -0.727 0.511 -0.234 0.087 -0.555 -0.541 -0.092 -0.446 -1.897 -2.314 -0.271 -1.172 -1.929 -1.461 3.212 1.025 -2.535 -1.741 -1.278
130 F -2.32 -2.882 -2.846 -3.3 -1.36 -3.85 -3.468 -2.86 -0.814 0.291 0.579 -3.29 0.216 6.492 -4.434 -3.016 -2.356 0.866 2.945 -0.493
131 H -1.693 -0.343 0.474 -0.947 -2.32 -0.151 -0.486 -1.683 7.972 -2.647 -2.581 -0.751 -1.247 -0.838 -2.735 -1.565 -2.212 -1.44 1.681 -3.021
132 Y -1.798 -1.763 -2.111 -3.008 -1.737 -1.769 -2.349 -2.918 2.119 -0.789 -0.896 -1.859 -0.668 3.363 -3.319 -2.423 -2.075 2.323 6.624 -0.965
133 L -1.498 -2.306 -3.331 -3.528 -0.136 -2.713 -3.351 -3.384 -2.362 2.604 3.735 -2.496 2.02 0.753 -3.573 -3.13 -1.475 -1.719 -1.079 1.497
134 L -1.526 -2.172 -3.348 -3.606 -0.136 -2.626 -3.291 -3.368 -2.299 2.019 4.014 -2.464 2.147 0.847 -3.59 -3.144 -1.566 -1.636 -1.042 1.12
135 F -2.32 -2.882 -2.846 -3.3 -1.36 -3.85 -3.468 -2.86 -0.814 0.291 0.579 -3.29 0.216 6.492 -4.434 -3.016 -2.356 0.866 2.945 -0.493
136 E -0.905 -0.107 -0.324 1.532 -2.397 1.361 4.46 -1.935 0.407 -2.75 -2.688 0.691 -1.739 -2.593 -1.867 -0.777 -1.286 -2.373 -1.893 -2.12
137 V 0.997 -2.279 -2.661 -2.845 0.414 -2.319 -2.544 -2.05 -2.537 2.665 0.685 -2.053 0.623 -0.58 -2.796 -1.594 -0.432 -2.382 -1.344 3.704
138 I -1.138 -2.974 -3.19 -3.164 -0.048 -3.082 -3.524 -3.37 -2.73 4.287 1.581 -2.614 1.217 0.138 -3.432 -2.914 -0.947 -2.203 -1.271 3.115
139 R -1.52 5.483 -0.448 -1.549 -2.245 0.532 -0.546 -2.114 0.113 -2.597 -2.013 2.033 -1.209 -2.458 -2.69 -1.392 -1.439 -2.22 -1.758 -2.147
140 Q -0.868 1.022 -0.078 -0.342 -1.897 4.831 1.406 -1.465 0.784 -2.226 -1.976 1.236 -0.389 -2.944 -2.137 -0.74 -0.961 -2.17 -1.271 -1.773
141 G 0.104 -2.343 -0.426 -1.308 -1.306 -2.181 -2.608 5.796 -1.462 -3.201 -3.446 -1.636 -2.652 -2.664 -2.765 -0.988 -1.905 -2.426 -3.134 -2.85
142 I -1.311 -2.719 -3.077 -3.102 -0.139 -2.704 -3.403 -3.295 -2.323 4.163 1.773 -2.42 2.57 0.275 -3.445 -2.856 -1.055 -2.004 -1.19 2.636
143 A 3.214 -1.2 -0.737 -1.11 0.506 -1.033 -1.014 0.237 -0.924 -1.133 -1.605 -0.634 -0.96 -1.865 -1.461 1.694 0.153 -2.462 -1.741 -0.25
144 I -0.952 -2.705 -3.149 -3.23 0.037 -2.877 -3.322 -3.264 -2.691 3.741 2.047 -2.531 1.317 0.161 -3.391 -2.785 -0.91 -2.138 -1.231 3.144
145 G 1.178 -2.178 -0.597 -1.366 -0.861 -2.015 -2.34 5.357 -1.416 -2.641 -2.961 -1.486 -2.265 -2.508 -2.503 -0.688 -1.595 -2.426 -2.85 -2.081
146 L -1.644 -2.279 -3.258 -3.552 -0.307 -2.797 -3.32 -3.277 -1.992 1.794 3.658 -2.586 1.902 2.865 -3.715 -3.122 -1.684 -1.039 0.122 0.907
147 L -1.526 -2.172 -3.348 -3.606 -0.136 -2.626 -3.291 -3.368 -2.299 2.019 4.014 -2.464 2.147 0.847 -3.59 -3.144 -1.566 -1.636 -1.042 1.12
148 L -0.799 -2.318 -3.123 -3.369 0.12 -2.599 -3.078 -3.147 -2.584 2.577 2.873 -2.418 1.569 0.297 -3.365 -2.674 -0.947 -1.981 -1.154 2.969
149 L -1.526 -2.172 -3.348 -3.606 -0.136 -2.626 -3.291 -3.368 -2.299 2.019 4.014 -2.464 2.147 0.847 -3.59 -3.144 -1.566 -1.636 -1.042 1.12
150 G 0.104 -2.343 -0.426 -1.308 -1.306 -2.181 -2.608 5.796 -1.462 -3.201 -3.446 -1.636 -2.652 -2.664 -2.765 -0.988 -1.905 -2.426 -3.134 -2.85
151 I -1.26 -2.394 -2.915 -3.039 -0.142 -2.285 -3.156 -3.134 -1.992 3.803 1.852 -2.195 3.456 0.318 -3.4 -2.664 -1.051 -1.847 -1.112 2.375
152 S 1.779 -0.838 0.246 -0.429 0.197 -0.668 -0.652 -0.006 -0.558 -1.686 -2.12 -0.357 -1.118 -1.913 -1.461 2.9 0.831 -2.516 -1.741 -0.985
153 Y -1.798 -1.763 -2.111 -3.008 -1.737 -1.769 -2.349 -2.918 2.119 -0.789 -0.896 -1.859 -0.668 3.363 -3.319 -2.423 -2.075 2.323 6.624 -0.965
154 L -1.526 -2.172 -3.348 -3.606 -0.136 -2.626 -3.291 -3.368 -2.299 2.019 4.014 -2.464 2.147 0.847 -3.59 -3.144 -1.566 -1.636 -1.042 1.12
155 V -0.219 -2.472 -2.915 -3.15 0.354 -2.573 -2.879 -2.941 -2.9 3.044 0.96 -2.374 0.846 -0.384 -3.157 -2.27 -0.437 -2.373 -1.271 4.086
156 K -0.918 3.017 -0.285 -0.832 -2.008 0.775 0.199 -1.445 -0.169 -2.184 -2.189 4.166 -1.209 -2.733 -1.819 -0.948 -1.126 -2.48 -1.772 -2.011
157 D -1.743 -1.342 2.567 5.403 -2.263 -0.797 0.835 -0.923 -0.21 -2.709 -3.418 -0.719 -2.587 -2.807 -2.322 -0.781 -1.214 -3.415 -2.842 -2.797
158 N -1.489 0.199 5.161 1.044 -1.853 -0.243 -0.51 -0.307 0.813 -2.591 -2.964 1.238 -1.968 -2.427 -2.402 -0.218 -0.533 -2.878 -2.006 -2.444
159 N -0.441 -0.677 4.105 2.453 -1.104 -0.582 -0.278 -0.264 0.347 -2.407 -2.884 -0.36 -1.857 -2.289 -2.108 1.387 0.023 -2.888 -2.082 -2.1
160 W -2.635 -2.368 -3.152 -3.606 -2.32 -2.81 -2.954 -2.351 -1.12 -1.839 -1.636 -2.776 -1.266 1.143 -5.394 -3.34 -2.68 10.596 2.184 -2.213
161 I -1.389 -2.912 -3.265 -3.235 -0.136 -3.092 -3.605 -3.448 -2.627 4.192 2.232 -2.63 1.448 0.344 -3.507 -3.075 -1.139 -2.074 -1.231 2.647
162 K -0.812 2.108 -0.254 -0.708 -1.963 0.821 0.328 -1.328 -0.229 -2.109 -2.226 4.453 -1.209 -2.791 -1.673 -0.867 -1.068 -2.535 -1.774 -1.984
163 Y -1.798 -1.763 -2.111 -3.008 -1.737 -1.769 -2.349 -2.918 2.119 -0.789 -0.896 -1.859 -0.668 3.363 -3.319 -2.423 -2.075 2.323 6.624 -0.965
164 Y -1.798 -1.763 -2.111 -3.008 -1.737 -1.769 -2.349 -2.918 2.119 -0.789 -0.896 -1.859 -0.668 3.363 -3.319 -2.423 -2.075 2.323 6.624 -0.965
165 L -1.416 -2.748 -3.281 -3.306 -0.136 -2.993 -3.54 -3.432 -2.558 3.87 2.687 -2.596 1.602 0.452 -3.523 -3.089 -1.219 -1.981 -1.192 2.399
166 C -1.225 -3.095 -2.897 -3.351 7.727 -3.64 -3.681 -2.483 -1.684 -0.169 -0.121 -3.193 -0.354 4.639 -3.747 -2.257 -1.781 -0.507 1.317 -0.444
167 L -1.526 -2.172 -3.348 -3.606 -0.136 -2.626 -3.291 -3.368 -2.299 2.019 4.014 -2.464 2.147 0.847 -3.59 -3.144 -1.566 -1.636 -1.042 1.12
168 F -1.833 -2.814 -3.055 -3.303 -0.683 -3.389 -3.504 -3.132 -1.556 2.603 1.821 -2.922 0.991 4.827 -3.943 -3.052 -1.732 -0.22 1.562 1.301
169 L -1.263 -2.22 -3.271 -3.525 -0.048 -2.617 -3.218 -3.292 -2.391 2.217 3.681 -2.448 1.967 0.675 -3.513 -2.979 -1.345 -1.747 -1.079 1.875
170 A 3.883 -1.469 -1.648 -1.673 0.694 -1.306 -1.284 0.388 -1.197 -0.816 -1.307 -0.834 -0.859 -1.834 -1.461 0.469 -0.408 -2.426 -1.741 0.153
171 I -1.362 -3.086 -3.248 -3.166 -0.136 -3.195 -3.672 -3.465 -2.697 4.483 1.691 -2.664 1.286 0.232 -3.49 -3.062 -1.06 -2.17 -1.271 2.875
172 G 0.104 -2.343 -0.426 -1.308 -1.306 -2.181 -2.608 5.796 -1.462 -3.201 -3.446 -1.636 -2.652 -2.664 -2.765 -0.988 -1.905 -2.426 -3.134 -2.85
173 F -1.907 -2.951 -2.863 -3.317 4.794 -3.778 -3.537 -2.729 -1.076 0.146 0.364 -3.257 0.038 5.996 -4.186 -2.74 -2.152 0.477 2.497 -0.476
174 H -1.693 -0.343 0.474 -0.947 -2.32 -0.151 -0.486 -1.683 7.972 -2.647 -2.581 -0.751 -1.247 -0.838 -2.735 -1.565 -2.212 -1.44 1.681 -3.021
175 Y -1.798 -1.763 -2.111 -3.008 -1.737 -1.769 -2.349 -2.918 2.119 -0.789 -0.896 -1.859 -0.668 3.363 -3.319 -2.423 -2.075 2.323 6.624 -0.965
176 S 1.082 -0.727 0.511 -0.234 0.087 -0.555 -0.541 -0.092 -0.446 -1.897 -2.314 -0.271 -1.172 -1.929 -1.461 3.212 1.025 -2.535 -1.741 -1.278
177 V 0.997 -2.279 -2.661 -2.845 0.414 -2.319 -2.544 -2.05 -2.537 2.665 0.685 -2.053 0.623 -0.58 -2.796 -1.594 -0.432 -2.382 -1.344 3.704
178 A 2.932 -1.798 -2.1 -2.137 0.443 -1.745 -1.847 -0.419 -1.567 1.403 0.957 -1.304 0.291 -0.802 -2.003 -0.31 -0.676 -2.236 -1.532 0.971
179 P -0.822 -1.999 -1.919 -1.549 -1.443 -1.919 -1.608 -1.838 -1.593 -2.303 -2.736 -1.05 -2.389 -3.321 6.648 -1.437 -1.334 -4.535 -2.621 -2.147
180 F -2.32 -2.882 -2.846 -3.3 -1.36 -3.85 -3.468 -2.86 -0.814 0.291 0.579 -3.29 0.216 6.492 -4.434 -3.016 -2.356 0.866 2.945 -0.493
181 L -1.263 -2.22 -3.271 -3.525 -0.048 -2.617 -3.218 -3.292 -2.391 2.217 3.681 -2.448 1.967 0.675 -3.513 -2.979 -1.345 -1.747 -1.079 1.875
182 F -2.32 -2.882 -2.846 -3.3 -1.36 -3.85 -3.468 -2.86 -0.814 0.291 0.579 -3.29 0.216 6.492 -4.434 -3.016 -2.356 0.866 2.945 -0.493
183 L -1.526 -2.172 -3.348 -3.606 -0.136 -2.626 -3.291 -3.368 -2.299 2.019 4.014 -2.464 2.147 0.847 -3.59 -3.144 -1.566 -1.636 -1.042 1.12
184 P -0.822 -1.999 -1.919 -1.549 -1.443 -1.919 -1.608 -1.838 -1.593 -2.303 -2.736 -1.05 -2.389 -3.321 6.648 -1.437 -1.334 -4.535 -2.621 -2.147
185 L -1.498 -2.306 -3.331 -3.528 -0.136 -2.713 -3.351 -3.384 -2.362 2.604 3.735 -2.496 2.02 0.753 -3.573 -3.13 -1.475 -1.719 -1.079 1.497
186 L -1.644 -2.279 -3.258 -3.552 -0.307 -2.797 -3.32 -3.277 -1.992 1.794 3.658 -2.586 1.902 2.865 -3.715 -3.122 -1.684 -1.039 0.122 0.907
187 F -2.32 -2.882 -2.846 -3.3 -1.36 -3.85 -3.468 -2.86 -0.814 0.291 0.579 -3.29 0.216 6.492 -4.434 -3.016 -2.356 0.866 2.945 -0.493
188 L -1.644 -2.279 -3.258 -3.552 -0.307 -2.797 -3.32 -3.277 -1.992 1.794 3.658 -2.586 1.902 2.865 -3.715 -3.122 -1.684 -1.039 0.122 0.907
189 I -1.362 -3.086 -3.248 -3.166 -0.136 -3.195 -3.672 -3.465 -2.697 4.483 1.691 -2.664 1.286 0.232 -3.49 -3.062 -1.06 -2.17 -1.271 2.875
190 K -0.918 3.017 -0.285 -0.832 -2.008 0.775 0.199 -1.445 -0.169 -2.184 -2.189 4.166 -1.209 -2.733 -1.819 -0.948 -1.126 -2.48 -1.772 -2.011
191 R -1.302 3.367 3.094 -0.064 -2.008 0.335 -0.273 -1.078 0.335 -2.456 -2.419 2.686 -1.489 -2.53 -2.275 -0.738 -0.951 -2.553 -1.859 -2.216
192 K -0.812 2.108 -0.254 -0.708 -1.963 0.821 0.328 -1.328 -0.229 -2.109 -2.226 4.453 -1.209 -2.791 -1.673 -0.867 -1.068 -2.535 -1.774 -1.984
193 Y -1.879 -1.922 -2.221 -3.054 -1.671 -2.027 -2.508 -2.908 1.795 -0.579 -0.591 -2.053 -0.5 4.178 -3.477 -2.514 -2.12 2.126 6.255 -0.881
194 Y -1.073 -1.562 -1.474 -2.32 -1.342 -1.528 -1.958 -2.212 1.821 -0.947 -1.089 -1.526 -0.746 2.927 -2.914 -0.411 -1.271 1.902 6.13 -1.015
195 Y -1.798 -1.763 -2.111 -3.008 -1.737 -1.769 -2.349 -2.918 2.119 -0.789 -0.896 -1.859 -0.668 3.363 -3.319 -2.423 -2.075 2.323 6.624 -0.965
196 F -2.32 -2.882 -2.846 -3.3 -1.36 -3.85 -3.468 -2.86 -0.814 0.291 0.579 -3.29 0.216 6.492 -4.434 -3.016 -2.356 0.866 2.945 -0.493
197 L -1.586 -2.563 -3.225 -3.401 -0.307 -2.986 -3.443 -3.308 -2.106 2.937 2.983 -2.654 1.618 2.772 -3.679 -3.095 -1.498 -1.174 0.073 1.664
198 I -1.138 -2.974 -3.19 -3.164 -0.048 -3.082 -3.524 -3.37 -2.73 4.287 1.581 -2.614 1.217 0.138 -3.432 -2.914 -0.947 -2.203 -1.271 3.115
199 F -2.32 -2.882 -2.846 -3.3 -1.36 -3.85 -3.468 -2.86 -0.814 0.291 0.579 -3.29 0.216 6.492 -4.434 -3.016 -2.356 0.866 2.945 -0.493
200 I -0.929 -2.867 -3.133 -3.161 0.037 -2.972 -3.383 -3.279 -2.763 4.078 1.467 -2.564 1.146 0.041 -3.375 -2.773 -0.837 -2.236 -1.271 3.337
201 V -0.735 -2.763 -3.077 -3.158 0.12 -2.867 -3.249 -3.191 -2.797 3.852 1.349 -2.515 1.074 -0.059 -3.319 -2.639 -0.732 -2.27 -1.271 3.544
202 V -0.381 -2.566 -2.968 -3.153 0.278 -2.668 -2.997 -3.022 -2.865 3.339 1.095 -2.42 0.924 -0.272 -3.21 -2.388 -0.532 -2.338 -1.271 3.916
203 G 0.104 -2.343 -0.426 -1.308 -1.306 -2.181 -2.608 5.796 -1.462 -3.201 -3.446 -1.636 -2.652 -2.664 -2.765 -0.988 -1.905 -2.426 -3.134 -2.85
204 V -0.381 -2.566 -2.968 -3.153 0.278 -2.668 -2.997 -3.022 -2.865 3.339 1.095 -2.42 0.924 -0.272 -3.21 -2.388 -0.532 -2.338 -1.271 3.916
205 L -1.896 -2.505 -3.086 -3.449 -0.683 -3.173 -3.378 -3.103 -1.462 1.283 2.78 -2.847 1.34 4.873 -3.981 -3.079 -1.934 -0.122 1.592 0.425
206 G 0.104 -2.343 -0.426 -1.308 -1.306 -2.181 -2.608 5.796 -1.462 -3.201 -3.446 -1.636 -2.652 -2.664 -2.765 -0.988 -1.905 -2.426 -3.134 -2.85
207 K -0.812 2.108 -0.254 -0.708 -1.963 0.821 0.328 -1.328 -0.229 -2.109 -2.226 4.453 -1.209 -2.791 -1.673 -0.867 -1.068 -2.535 -1.774 -1.984
208 F -2.03 -2.625 -3.004 -3.398 -0.892 -3.382 -3.408 -3.02 -1.229 0.988 2.215 -2.987 1.012 5.519 -4.124 -3.058 -2.068 0.246 2.117 0.15
209 L -1.471 -2.446 -3.314 -3.452 -0.136 -2.803 -3.413 -3.4 -2.426 3.09 3.426 -2.529 1.887 0.656 -3.556 -3.116 -1.388 -1.803 -1.116 1.83
210 F -2.171 -2.751 -2.924 -3.349 -1.116 -3.606 -3.438 -2.939 -1.014 0.661 1.511 -3.135 0.641 6.046 -4.275 -3.037 -2.209 0.573 2.561 -0.154
211 L -0.906 -1.526 -2.433 -2.855 -0.063 -1.242 -2.422 -2.627 -1.2 1.91 1.982 -1.574 5.122 0.355 -3.216 -2.045 -0.923 -1.446 -0.888 1.801
212 K -0.812 2.108 -0.254 -0.708 -1.963 0.821 0.328 -1.328 -0.229 -2.109 -2.226 4.453 -1.209 -2.791 -1.673 -0.867 -1.068 -2.535 -1.774 -1.984
213 I -1.162 -2.807 -3.206 -3.232 -0.048 -2.982 -3.46 -3.355 -2.659 3.976 2.141 -2.58 1.383 0.254 -3.448 -2.927 -1.022 -2.106 -1.231 2.906
214 G 0.104 -2.343 -0.426 -1.308 -1.306 -2.181 -2.608 5.796 -1.462 -3.201 -3.446 -1.636 -2.652 -2.664 -2.765 -0.988 -1.905 -2.426 -3.134 -2.85
215 D -1.321 -1.226 3.389 4.258 -1.98 -0.913 0.144 1.852 -0.04 -2.783 -3.354 -0.74 -2.488 -2.673 -2.45 -0.64 -1.11 -3.117 -2.681 -2.745
216 I -1.048 -2.834 -3.064 -3.183 -0.124 -3.064 -3.351 -3.176 -2.342 3.619 1.296 -2.656 0.986 2.544 -3.507 -2.766 -1.003 -1.44 -0.003 3.04
217 I -1.162 -2.807 -3.206 -3.232 -0.048 -2.982 -3.46 -3.355 -2.659 3.976 2.141 -2.58 1.383 0.254 -3.448 -2.927 -1.022 -2.106 -1.231 2.906
218 G 0.104 -2.343 -0.426 -1.308 -1.306 -2.181 -2.608 5.796 -1.462 -3.201 -3.446 -1.636 -2.652 -2.664 -2.765 -0.988 -1.905 -2.426 -3.134 -2.85
219 I 0.428 -2.746 -2.912 -2.857 0.02 -2.781 -3.111 -2.359 -2.386 4.047 1.362 -2.267 1.022 -0.025 -3.037 -2.091 -0.941 -2.211 -1.344 2.565
220 T 0.381 -1.125 0.059 -0.766 -0.077 -1.045 -1.218 1.825 -1.054 -1.06 -1.734 -0.717 -1.003 -1.845 -1.752 1.655 2.872 -2.329 -1.905 -0.572
221 D 0.69 -1.48 -0.132 3.205 -0.923 -0.764 1.169 1.704 -0.863 -0.456 -1.702 -0.808 -1.304 -2.058 -2.247 -0.798 -1.087 -2.726 -2.254 0.35
222 I -1.362 -3.086 -3.248 -3.166 -0.136 -3.195 -3.672 -3.465 -2.697 4.483 1.691 -2.664 1.286 0.232 -3.49 -3.062 -1.06 -2.17 -1.271 2.875
223 S 1.082 -0.727 0.511 -0.234 0.087 -0.555 -0.541 -0.092 -0.446 -1.897 -2.314 -0.271 -1.172 -1.929 -1.461 3.212 1.025 -2.535 -1.741 -1.278
224 Q -0.99 0.834 0.021 -0.435 -1.963 4.405 1.165 -1.5 3.801 -2.292 -2.069 0.986 -0.515 -2.469 -2.228 -0.862 -1.135 -2.035 -0.52 -1.947
225 K -0.812 2.108 -0.254 -0.708 -1.963 0.821 0.328 -1.328 -0.229 -2.109 -2.226 4.453 -1.209 -2.791 -1.673 -0.867 -1.068 -2.535 -1.774 -1.984
226 L -1.526 -2.172 -3.348 -3.606 -0.136 -2.626 -3.291 -3.368 -2.299 2.019 4.014 -2.464 2.147 0.847 -3.59 -3.144 -1.566 -1.636 -1.042 1.12
227 E 0.642 -0.294 -0.507 1.19 -1.596 1.055 4.012 -1.394 0.194 -2.324 -2.407 0.487 -1.573 -2.452 -1.795 -0.528 -1.12 -2.382 -1.868 -1.594
228 V -0.735 -2.763 -3.077 -3.158 0.12 -2.867 -3.249 -3.191 -2.797 3.852 1.349 -2.515 1.074 -0.059 -3.319 -2.639 -0.732 -2.27 -1.271 3.544
229 Y -1.798 -1.763 -2.111 -3.008 -1.737 -1.769 -2.349 -2.918 2.119 -0.789 -0.896 -1.859 -0.668 3.363 -3.319 -2.423 -2.075 2.323 6.624 -0.965
230 S 1.082 -0.727 0.511 -0.234 0.087 -0.555 -0.541 -0.092 -0.446 -1.897 -2.314 -0.271 -1.172 -1.929 -1.461 3.212 1.025 -2.535 -1.741 -1.278
231 E -0.528 -0.679 -0.357 0.857 -1.985 0.585 3.412 2.997 -0.092 -2.893 -2.92 0.102 -2.013 -2.617 -2.137 -0.845 -1.478 -2.39 -2.251 -2.343
232 L -1.066 -1.369 -2.345 -2.799 -0.154 -1.037 -2.339 -2.569 -0.954 1.618 2.149 -1.438 5.537 0.482 -3.228 -2.002 -1.031 -1.292 -0.818 1.004
233 T -0.098 -1.078 -0.124 -1.0 0.136 -1.089 -1.363 -1.314 -1.399 -0.21 -1.043 -0.776 -0.517 -1.566 -1.673 0.719 4.201 -2.17 -1.692 0.244
234 S 1.082 -0.727 0.511 -0.234 0.087 -0.555 -0.541 -0.092 -0.446 -1.897 -2.314 -0.271 -1.172 -1.929 -1.461 3.212 1.025 -2.535 -1.741 -1.278
235 E -0.905 -0.107 -0.324 1.532 -2.397 1.361 4.46 -1.935 0.407 -2.75 -2.688 0.691 -1.739 -2.593 -1.867 -0.777 -1.286 -2.373 -1.893 -2.12
236 S 1.082 -0.727 0.511 -0.234 0.087 -0.555 -0.541 -0.092 -0.446 -1.897 -2.314 -0.271 -1.172 -1.929 -1.461 3.212 1.025 -2.535 -1.741 -1.278
237 Q -0.859 1.233 -0.107 -0.4 -1.908 4.445 1.252 -1.441 0.638 -2.206 -2.016 2.084 -0.51 -2.918 -2.054 -0.761 -0.978 -2.228 -1.349 -1.807
238 T -0.098 -1.078 -0.124 -1.0 0.136 -1.089 -1.363 -1.314 -1.399 -0.21 -1.043 -0.776 -0.517 -1.566 -1.673 0.719 4.201 -2.17 -1.692 0.244
239 I -1.362 -3.086 -3.248 -3.166 -0.136 -3.195 -3.672 -3.465 -2.697 4.483 1.691 -2.664 1.286 0.232 -3.49 -3.062 -1.06 -2.17 -1.271 2.875
240 L -1.526 -2.172 -3.348 -3.606 -0.136 -2.626 -3.291 -3.368 -2.299 2.019 4.014 -2.464 2.147 0.847 -3.59 -3.144 -1.566 -1.636 -1.042 1.12
241 L 1.59 -2.086 -2.59 -2.689 0.247 -2.181 -2.447 -1.496 -2.018 2.261 2.118 -1.827 1.037 -0.147 -2.626 -1.297 -0.862 -2.09 -1.337 1.973
242 R -1.52 5.483 -0.448 -1.549 -2.245 0.532 -0.546 -2.114 0.113 -2.597 -2.013 2.033 -1.209 -2.458 -2.69 -1.392 -1.439 -2.22 -1.758 -2.147
243 N -1.645 -0.4 5.612 1.296 -1.832 -0.512 -0.711 -0.14 0.983 -2.698 -3.137 -0.281 -2.147 -2.36 -2.573 -0.104 -0.437 -2.952 -2.054 -2.546
244 L -1.586 -2.563 -3.225 -3.401 -0.307 -2.986 -3.443 -3.308 -2.106 2.937 2.983 -2.654 1.618 2.772 -3.679 -3.095 -1.498 -1.174 0.073 1.664
245 L -0.906 -1.526 -2.433 -2.855 -0.063 -1.242 -2.422 -2.627 -1.2 1.91 1.982 -1.574 5.122 0.355 -3.216 -2.045 -0.923 -1.446 -0.888 1.801
246 L -1.644 -2.279 -3.258 -3.552 -0.307 -2.797 -3.32 -3.277 -1.992 1.794 3.658 -2.586 1.902 2.865 -3.715 -3.122 -1.684 -1.039 0.122 0.907
247 I -1.362 -3.086 -3.248 -3.166 -0.136 -3.195 -3.672 -3.465 -2.697 4.483 1.691 -2.664 1.286 0.232 -3.49 -3.062 -1.06 -2.17 -1.271 2.875
248 F -0.461 -2.023 -1.268 -1.898 4.868 -2.258 -2.181 -1.534 -0.936 -0.449 -0.38 -1.885 -0.382 4.642 -2.919 0.722 -0.634 -0.408 1.416 -0.714
249 I -1.311 -2.719 -3.077 -3.102 -0.139 -2.704 -3.403 -3.295 -2.323 4.163 1.773 -2.42 2.57 0.275 -3.445 -2.856 -1.055 -2.004 -1.19 2.636
250 T 1.064 -1.14 -0.329 -1.102 0.237 -1.124 -1.35 -0.952 -1.364 -0.302 -1.085 -0.786 -0.572 -1.609 -1.636 0.679 3.79 -2.211 -1.7 0.229
251 P -0.822 -1.999 -1.919 -1.549 -1.443 -1.919 -1.608 -1.838 -1.593 -2.303 -2.736 -1.05 -2.389 -3.321 6.648 -1.437 -1.334 -4.535 -2.621 -2.147
252 L -1.896 -2.505 -3.086 -3.449 -0.683 -3.173 -3.378 -3.103 -1.462 1.283 2.78 -2.847 1.34 4.873 -3.981 -3.079 -1.934 -0.122 1.592 0.425
253 V -0.735 -2.763 -3.077 -3.158 0.12 -2.867 -3.249 -3.191 -2.797 3.852 1.349 -2.515 1.074 -0.059 -3.319 -2.639 -0.732 -2.27 -1.271 3.544
254 Y -1.798 -1.763 -2.111 -3.008 -1.737 -1.769 -2.349 -2.918 2.119 -0.789 -0.896 -1.859 -0.668 3.363 -3.319 -2.423 -2.075 2.323 6.624 -0.965
255 K -1.029 3.707 -0.317 -0.962 -2.054 0.728 0.065 -1.567 -0.11 -2.262 -2.153 3.848 -1.209 -2.676 -1.973 -1.031 -1.186 -2.426 -1.769 -2.038
256 I -1.362 -3.086 -3.248 -3.166 -0.136 -3.195 -3.672 -3.465 -2.697 4.483 1.691 -2.664 1.286 0.232 -3.49 -3.062 -1.06 -2.17 -1.271 2.875
257 S 0.902 -0.954 0.156 -0.557 0.133 -0.808 -0.821 -0.411 -0.735 -0.271 -1.445 -0.531 -0.722 -1.607 -1.683 2.771 0.828 -2.507 -1.657 0.579
258 K -1.064 1.487 3.113 0.124 -1.919 0.441 0.021 -0.875 0.234 -2.292 -2.499 3.55 -1.489 -2.64 -1.943 -0.589 -0.842 -2.667 -1.865 -2.16
259 S 0.493 -0.559 2.155 0.427 -0.476 -0.128 1.102 -0.337 -0.007 -2.147 -2.498 -0.088 -1.405 -2.099 -1.686 2.425 0.529 -2.572 -1.816 -1.587
260 R -1.144 4.263 -0.349 -1.098 -2.1 0.68 -0.076 -1.694 -0.053 -2.343 -2.118 3.49 -1.209 -2.62 -2.137 -1.117 -1.248 -2.373 -1.766 -2.065
261 A 3.135 -1.266 -0.887 -1.266 0.513 -1.131 -1.159 0.085 -1.088 -0.854 -1.404 -0.723 -0.848 -1.803 -1.495 1.18 1.23 -2.399 -1.733 -0.025
262 Y -1.798 -1.763 -2.111 -3.008 -1.737 -1.769 -2.349 -2.918 2.119 -0.789 -0.896 -1.859 -0.668 3.363 -3.319 -2.423 -2.075 2.323 6.624 -0.965
263 F -2.32 -2.882 -2.846 -3.3 -1.36 -3.85 -3.468 -2.86 -0.814 0.291 0.579 -3.29 0.216 6.492 -4.434 -3.016 -2.356 0.866 2.945 -0.493
264 N -1.645 -0.4 5.612 1.296 -1.832 -0.512 -0.711 -0.14 0.983 -2.698 -3.137 -0.281 -2.147 -2.36 -2.573 -0.104 -0.437 -2.952 -2.054 -2.546
265 I -1.138 -2.974 -3.19 -3.164 -0.048 -3.082 -3.524 -3.37 -2.73 4.287 1.581 -2.614 1.217 0.138 -3.432 -2.914 -0.947 -2.203 -1.271 3.115
266 Y -1.798 -1.763 -2.111 -3.008 -1.737 -1.769 -2.349 -2.918 2.119 -0.789 -0.896 -1.859 -0.668 3.363 -3.319 -2.423 -2.075 2.323 6.624 -0.965
267 F -2.32 -2.882 -2.846 -3.3 -1.36 -3.85 -3.468 -2.86 -0.814 0.291 0.579 -3.29 0.216 6.492 -4.434 -3.016 -2.356 0.866 2.945 -0.493
268 L -1.364 -1.879 -2.974 -3.311 -0.142 -1.994 -2.938 -3.076 -1.778 1.891 3.515 -2.08 3.755 0.731 -3.464 -2.711 -1.377 -1.517 -0.965 1.082
269 Y -1.798 -1.763 -2.111 -3.008 -1.737 -1.769 -2.349 -2.918 2.119 -0.789 -0.896 -1.859 -0.668 3.363 -3.319 -2.423 -2.075 2.323 6.624 -0.965
270 V -0.735 -2.763 -3.077 -3.158 0.12 -2.867 -3.249 -3.191 -2.797 3.852 1.349 -2.515 1.074 -0.059 -3.319 -2.639 -0.732 -2.27 -1.271 3.544
271 L -0.863 -2.09 -2.826 -3.099 0.031 -2.049 -2.861 -2.954 -1.988 2.828 2.19 -2.081 3.47 0.249 -3.303 -2.421 -0.9 -1.818 -1.074 2.693
272 L -1.211 -1.612 -2.643 -3.044 -0.148 -1.476 -2.623 -2.811 -1.336 1.758 2.912 -1.741 4.781 0.609 -3.344 -2.335 -1.199 -1.402 -0.891 1.043
273 L -1.526 -2.172 -3.348 -3.606 -0.136 -2.626 -3.291 -3.368 -2.299 2.019 4.014 -2.464 2.147 0.847 -3.59 -3.144 -1.566 -1.636 -1.042 1.12
274 A 3.883 -1.469 -1.648 -1.673 0.694 -1.306 -1.284 0.388 -1.197 -0.816 -1.307 -0.834 -0.859 -1.834 -1.461 0.469 -0.408 -2.426 -1.741 0.153
275 I -1.21 -2.102 -2.762 -2.977 -0.145 -1.919 -2.929 -2.982 -1.696 3.392 1.929 -1.986 4.132 0.36 -3.356 -2.484 -1.046 -1.698 -1.035 2.088
276 T -0.098 -1.078 -0.124 -1.0 0.136 -1.089 -1.363 -1.314 -1.399 -0.21 -1.043 -0.776 -0.517 -1.566 -1.673 0.719 4.201 -2.17 -1.692 0.244
277 L -1.526 -2.172 -3.348 -3.606 -0.136 -2.626 -3.291 -3.368 -2.299 2.019 4.014 -2.464 2.147 0.847 -3.59 -3.144 -1.566 -1.636 -1.042 1.12
278 G 0.104 -2.343 -0.426 -1.308 -1.306 -2.181 -2.608 5.796 -1.462 -3.201 -3.446 -1.636 -2.652 -2.664 -2.765 -0.988 -1.905 -2.426 -3.134 -2.85
279 I -1.362 -3.086 -3.248 -3.166 -0.136 -3.195 -3.672 -3.465 -2.697 4.483 1.691 -2.664 1.286 0.232 -3.49 -3.062 -1.06 -2.17 -1.271 2.875
280 D -1.763 -1.574 1.213 5.811 -2.358 -0.858 1.065 -1.109 -0.522 -2.711 -3.477 -0.815 -2.683 -2.905 -2.275 -0.938 -1.398 -3.517 -3.029 -2.85
281 E -0.905 -0.107 -0.324 1.532 -2.397 1.361 4.46 -1.935 0.407 -2.75 -2.688 0.691 -1.739 -2.593 -1.867 -0.777 -1.286 -2.373 -1.893 -2.12
282 I -1.138 -2.974 -3.19 -3.164 -0.048 -3.082 -3.524 -3.37 -2.73 4.287 1.581 -2.614 1.217 0.138 -3.432 -2.914 -0.947 -2.203 -1.271 3.115
283 N -1.645 -0.4 5.612 1.296 -1.832 -0.512 -0.711 -0.14 0.983 -2.698 -3.137 -0.281 -2.147 -2.36 -2.573 -0.104 -0.437 -2.952 -2.054 -2.546
284 R -1.52 5.483 -0.448 -1.549 -2.245 0.532 -0.546 -2.114 0.113 -2.597 -2.013 2.033 -1.209 -2.458 -2.69 -1.392 -1.439 -2.22 -1.758 -2.147
285 R -1.52 5.483 -0.448 -1.549 -2.245 0.532 -0.546 -2.114 0.113 -2.597 -2.013 2.033 -1.209 -2.458 -2.69 -1.392 -1.439 -2.22 -1.758 -2.147
286 Y -1.798 -1.763 -2.111 -3.008 -1.737 -1.769 -2.349 -2.918 2.119 -0.789 -0.896 -1.859 -0.668 3.363 -3.319 -2.423 -2.075 2.323 6.624 -0.965
287 L -1.526 -2.172 -3.348 -3.606 -0.136 -2.626 -3.291 -3.368 -2.299 2.019 4.014 -2.464 2.147 0.847 -3.59 -3.144 -1.566 -1.636 -1.042 1.12
288 F -2.32 -2.882 -2.846 -3.3 -1.36 -3.85 -3.468 -2.86 -0.814 0.291 0.579 -3.29 0.216 6.492 -4.434 -3.016 -2.356 0.866 2.945 -0.493
289 V -0.381 -2.566 -2.968 -3.153 0.278 -2.668 -2.997 -3.022 -2.865 3.339 1.095 -2.42 0.924 -0.272 -3.21 -2.388 -0.532 -2.338 -1.271 3.916
290 G 0.104 -2.343 -0.426 -1.308 -1.306 -2.181 -2.608 5.796 -1.462 -3.201 -3.446 -1.636 -2.652 -2.664 -2.765 -0.988 -1.905 -2.426 -3.134 -2.85
291 P -0.822 -1.999 -1.919 -1.549 -1.443 -1.919 -1.608 -1.838 -1.593 -2.303 -2.736 -1.05 -2.389 -3.321 6.648 -1.437 -1.334 -4.535 -2.621 -2.147
292 V -0.381 -2.566 -2.968 -3.153 0.278 -2.668 -2.997 -3.022 -2.865 3.339 1.095 -2.42 0.924 -0.272 -3.21 -2.388 -0.532 -2.338 -1.271 3.916
293 F -2.32 -2.882 -2.846 -3.3 -1.36 -3.85 -3.468 -2.86 -0.814 0.291 0.579 -3.29 0.216 6.492 -4.434 -3.016 -2.356 0.866 2.945 -0.493
294 L -1.526 -2.172 -3.348 -3.606 -0.136 -2.626 -3.291 -3.368 -2.299 2.019 4.014 -2.464 2.147 0.847 -3.59 -3.144 -1.566 -1.636 -1.042 1.12
295 I -1.389 -2.912 -3.265 -3.235 -0.136 -3.092 -3.605 -3.448 -2.627 4.192 2.232 -2.63 1.448 0.344 -3.507 -3.075 -1.139 -2.074 -1.231 2.647
296 P -0.822 -1.999 -1.919 -1.549 -1.443 -1.919 -1.608 -1.838 -1.593 -2.303 -2.736 -1.05 -2.389 -3.321 6.648 -1.437 -1.334 -4.535 -2.621 -2.147
297 V -0.381 -2.566 -2.968 -3.153 0.278 -2.668 -2.997 -3.022 -2.865 3.339 1.095 -2.42 0.924 -0.272 -3.21 -2.388 -0.532 -2.338 -1.271 3.916
298 F -1.598 -2.559 -3.016 -3.372 -0.578 -3.163 -3.303 -3.034 -1.53 1.536 2.253 -2.83 1.099 4.832 -3.893 -2.918 -1.684 -0.187 1.577 1.356
299 W -2.635 -2.368 -3.152 -3.606 -2.32 -2.81 -2.954 -2.351 -1.12 -1.839 -1.636 -2.776 -1.266 1.143 -5.394 -3.34 -2.68 10.596 2.184 -2.213
300 N -1.508 -0.349 5.159 1.337 -1.919 -0.103 1.039 -0.372 0.894 -2.707 -3.057 -0.095 -2.075 -2.398 -2.443 -0.205 -0.562 -2.847 -2.027 -2.47
301 Y -1.798 -1.763 -2.111 -3.008 -1.737 -1.769 -2.349 -2.918 2.119 -0.789 -0.896 -1.859 -0.668 3.363 -3.319 -2.423 -2.075 2.323 6.624 -0.965
302 F -2.32 -2.882 -2.846 -3.3 -1.36 -3.85 -3.468 -2.86 -0.814 0.291 0.579 -3.29 0.216 6.492 -4.434 -3.016 -2.356 0.866 2.945 -0.493
303 K -0.397 1.79 -0.111 -0.623 -1.504 0.633 0.2 -1.081 -0.264 -2.072 -2.24 4.037 -1.203 -2.628 -1.636 0.338 -0.596 -2.535 -1.769 -1.854
304 T -0.513 1.562 1.922 -0.538 -0.423 -0.654 -1.097 -1.192 -0.579 -0.818 -1.456 -0.007 -0.845 -1.82 -1.958 0.325 3.268 -2.295 -1.76 -0.39
305 K -0.812 2.108 -0.254 -0.708 -1.963 0.821 0.328 -1.328 -0.229 -2.109 -2.226 4.453 -1.209 -2.791 -1.673 -0.867 -1.068 -2.535 -1.774 -1.984
306 R -1.389 5.131 -0.414 -1.391 -2.196 0.582 -0.381 -1.967 0.059 -2.51 -2.048 2.604 -1.209 -2.511 -2.493 -1.297 -1.374 -2.27 -1.76 -2.12
307 N -1.645 -0.4 5.612 1.296 -1.832 -0.512 -0.711 -0.14 0.983 -2.698 -3.137 -0.281 -2.147 -2.36 -2.573 -0.104 -0.437 -2.952 -2.054 -2.546
308 G 0.104 -2.343 -0.426 -1.308 -1.306 -2.181 -2.608 5.796 -1.462 -3.201 -3.446 -1.636 -2.652 -2.664 -2.765 -0.988 -1.905 -2.426 -3.134 -2.85
309 S 0.902 -0.954 0.156 -0.557 0.133 -0.808 -0.821 -0.411 -0.735 -0.271 -1.445 -0.531 -0.722 -1.607 -1.683 2.771 0.828 -2.507 -1.657 0.579
310 L -1.526 -2.172 -3.348 -3.606 -0.136 -2.626 -3.291 -3.368 -2.299 2.019 4.014 -2.464 2.147 0.847 -3.59 -3.144 -1.566 -1.636 -1.042 1.12
311 L -1.644 -2.279 -3.258 -3.552 -0.307 -2.797 -3.32 -3.277 -1.992 1.794 3.658 -2.586 1.902 2.865 -3.715 -3.122 -1.684 -1.039 0.122 0.907
312 L -1.417 -2.148 -3.139 -3.381 -0.139 -2.37 -3.165 -3.234 -2.084 2.553 3.471 -2.296 2.97 0.694 -3.51 -2.907 -1.382 -1.656 -1.04 1.48
313 I -1.337 -2.566 -3.092 -3.169 -0.139 -2.617 -3.342 -3.279 -2.261 3.837 2.3 -2.389 2.675 0.386 -3.461 -2.869 -1.134 -1.913 -1.152 2.387
314 I -1.138 -2.974 -3.19 -3.164 -0.048 -3.082 -3.524 -3.37 -2.73 4.287 1.581 -2.614 1.217 0.138 -3.432 -2.914 -0.947 -2.203 -1.271 3.115
315 Y -1.879 -1.922 -2.221 -3.054 -1.671 -2.027 -2.508 -2.908 1.795 -0.579 -0.591 -2.053 -0.5 4.178 -3.477 -2.514 -2.12 2.126 6.255 -0.881
316 L -0.88 -1.318 -1.836 -2.411 -0.103 -1.045 -2.152 -2.318 -1.023 1.383 1.808 -1.317 5.081 0.227 -2.903 -1.332 0.752 -1.421 -0.946 0.89
317 F -2.137 -2.915 -2.909 -3.277 -1.116 -3.73 -3.501 -2.953 -1.054 1.548 0.797 -3.176 0.424 6.031 -4.253 -3.024 -2.096 0.535 2.55 0.413
318 L -1.236 -1.977 -2.776 -3.041 -0.145 -1.852 -2.877 -2.968 -1.646 2.958 2.431 -1.959 4.194 0.467 -3.372 -2.495 -1.124 -1.616 -0.999 1.785
319 Y -1.798 -1.763 -2.111 -3.008 -1.737 -1.769 -2.349 -2.918 2.119 -0.789 -0.896 -1.859 -0.668 3.363 -3.319 -2.423 -2.075 2.323 6.624 -0.965
320 F -2.32 -2.882 -2.846 -3.3 -1.36 -3.85 -3.468 -2.86 -0.814 0.291 0.579 -3.29 0.216 6.492 -4.434 -3.016 -2.356 0.866 2.945 -0.493
321 Y -1.798 -1.763 -2.111 -3.008 -1.737 -1.769 -2.349 -2.918 2.119 -0.789 -0.896 -1.859 -0.668 3.363 -3.319 -2.423 -2.075 2.323 6.624 -0.965
322 L -1.416 -2.748 -3.281 -3.306 -0.136 -2.993 -3.54 -3.432 -2.558 3.87 2.687 -2.596 1.602 0.452 -3.523 -3.089 -1.219 -1.981 -1.192 2.399
323 F -2.32 -2.882 -2.846 -3.3 -1.36 -3.85 -3.468 -2.86 -0.814 0.291 0.579 -3.29 0.216 6.492 -4.434 -3.016 -2.356 0.866 2.945 -0.493
324 L -1.526 -2.172 -3.348 -3.606 -0.136 -2.626 -3.291 -3.368 -2.299 2.019 4.014 -2.464 2.147 0.847 -3.59 -3.144 -1.566 -1.636 -1.042 1.12
325 I -1.162 -2.807 -3.206 -3.232 -0.048 -2.982 -3.46 -3.355 -2.659 3.976 2.141 -2.58 1.383 0.254 -3.448 -2.927 -1.022 -2.106 -1.231 2.906
326 N -1.653 -0.391 5.182 1.024 -1.908 -0.449 -0.672 -0.346 3.861 -2.689 -3.037 -0.354 -1.976 -2.044 -2.599 -0.301 -0.667 -2.638 -0.999 -2.62
327 Y -1.798 -1.763 -2.111 -3.008 -1.737 -1.769 -2.349 -2.918 2.119 -0.789 -0.896 -1.859 -0.668 3.363 -3.319 -2.423 -2.075 2.323 6.624 -0.965
328 W -2.635 -2.368 -3.152 -3.606 -2.32 -2.81 -2.954 -2.351 -1.12 -1.839 -1.636 -2.776 -1.266 1.143 -5.394 -3.34 -2.68 10.596 2.184 -2.213
329 S 1.082 -0.727 0.511 -0.234 0.087 -0.555 -0.541 -0.092 -0.446 -1.897 -2.314 -0.271 -1.172 -1.929 -1.461 3.212 1.025 -2.535 -1.741 -1.278
330 L -1.066 -1.369 -2.345 -2.799 -0.154 -1.037 -2.339 -2.569 -0.954 1.618 2.149 -1.438 5.537 0.482 -3.228 -2.002 -1.031 -1.292 -0.818 1.004
331 Y -1.798 -1.763 -2.111 -3.008 -1.737 -1.769 -2.349 -2.918 2.119 -0.789 -0.896 -1.859 -0.668 3.363 -3.319 -2.423 -2.075 2.323 6.624 -0.965
332 G 0.104 -2.343 -0.426 -1.308 -1.306 -2.181 -2.608 5.796 -1.462 -3.201 -3.446 -1.636 -2.652 -2.664 -2.765 -0.988 -1.905 -2.426 -3.134 -2.85
333 L -1.498 -2.306 -3.331 -3.528 -0.136 -2.713 -3.351 -3.384 -2.362 2.604 3.735 -2.496 2.02 0.753 -3.573 -3.13 -1.475 -1.719 -1.079 1.497
334 L -1.526 -2.172 -3.348 -3.606 -0.136 -2.626 -3.291 -3.368 -2.299 2.019 4.014 -2.464 2.147 0.847 -3.59 -3.144 -1.566 -1.636 -1.042 1.12
335 N -1.645 -0.4 5.612 1.296 -1.832 -0.512 -0.711 -0.14 0.983 -2.698 -3.137 -0.281 -2.147 -2.36 -2.573 -0.104 -0.437 -2.952 -2.054 -2.546
336 Y -1.798 -1.763 -2.111 -3.008 -1.737 -1.769 -2.349 -2.918 2.119 -0.789 -0.896 -1.859 -0.668 3.363 -3.319 -2.423 -2.075 2.323 6.624 -0.965
337 K -0.812 2.108 -0.254 -0.708 -1.963 0.821 0.328 -1.328 -0.229 -2.109 -2.226 4.453 -1.209 -2.791 -1.673 -0.867 -1.068 -2.535 -1.774 -1.984
338 P -0.822 -1.999 -1.919 -1.549 -1.443 -1.919 -1.608 -1.838 -1.593 -2.303 -2.736 -1.05 -2.389 -3.321 6.648 -1.437 -1.334 -4.535 -2.621 -2.147
339 L -1.526 -2.172 -3.348 -3.606 -0.136 -2.626 -3.291 -3.368 -2.299 2.019 4.014 -2.464 2.147 0.847 -3.59 -3.144 -1.566 -1.636 -1.042 1.12
340 F -1.162 -2.308 -2.048 -2.528 -0.637 -2.707 -2.728 -2.31 -1.197 1.636 1.454 -2.312 0.669 4.775 -3.419 -0.655 -1.151 -0.249 1.535 0.587
341 E -0.905 -0.107 -0.324 1.532 -2.397 1.361 4.46 -1.935 0.407 -2.75 -2.688 0.691 -1.739 -2.593 -1.867 -0.777 -1.286 -2.373 -1.893 -2.12
342 L -1.443 -2.593 -3.298 -3.378 -0.136 -2.896 -3.475 -3.416 -2.491 3.506 3.08 -2.562 1.748 0.556 -3.54 -3.103 -1.302 -1.891 -1.154 2.129
343 I -1.362 -3.086 -3.248 -3.166 -0.136 -3.195 -3.672 -3.465 -2.697 4.483 1.691 -2.664 1.286 0.232 -3.49 -3.062 -1.06 -2.17 -1.271 2.875