#Seq2Logo.py -f /work3/idamei/wzy_ssn/run/1e-50/run/150/MSAs/0007_67.afa -o /work3/idamei/wzy_ssn/run/1e-50/run/150/logos/0007_67.logo
Last position-specific scoring matrix computed, values are in halfbits
A R N D C Q E G H I L K M F P S T W Y V
0 L -1.123 -1.426 -2.403 -2.857 -0.211 -1.094 -2.396 -2.626 -1.011 1.56 2.092 -1.495 5.818 0.425 -3.285 -2.059 -1.089 -1.349 -0.875 0.947
1 V -0.489 -0.688 -1.553 -1.806 -0.344 2.479 -0.543 -2.339 -0.988 1.911 0.127 -0.512 0.399 -1.146 -2.774 -1.641 -0.665 -2.338 -1.314 3.051
2 K -1.25 0.297 2.356 -0.65 -1.155 -0.575 -0.989 -1.577 -0.528 2.166 -0.248 2.265 -0.188 -1.245 -2.516 -1.292 -0.937 -2.529 -1.681 0.731
3 L -0.62 -2.045 -1.833 -2.264 -0.122 -2.154 -2.464 -2.211 -1.872 2.882 2.426 -1.841 1.205 0.063 -2.907 0.149 -0.566 -2.082 -1.333 1.537
4 K -0.954 3.022 -0.321 -0.868 -2.044 0.739 0.163 -1.481 -0.205 -2.22 -2.225 4.247 -1.245 -2.769 -1.855 -0.984 -1.162 -2.516 -1.807 -2.047
5 T 0.957 1.519 -0.42 -1.225 -0.073 -0.814 -1.233 -1.092 -1.09 -0.632 -1.264 -0.12 -0.714 -1.778 -1.817 0.378 3.365 -2.255 -1.747 -0.093
6 P -0.959 0.684 -1.142 -1.351 -1.441 -0.33 -0.664 -1.794 -0.948 -0.958 0.112 2.881 -0.59 -1.928 3.779 -1.374 -1.269 -2.893 -1.918 -1.255
7 R -1.278 4.751 -0.396 -1.255 -2.162 0.617 -0.239 -1.842 -0.011 -2.439 -2.097 3.094 -1.224 -2.579 -2.324 -1.22 -1.324 -2.335 -1.778 -2.106
8 L -1.541 -2.186 -3.362 -3.62 -0.15 -2.64 -3.306 -3.383 -2.314 2.005 4.037 -2.478 2.132 0.833 -3.604 -3.158 -1.581 -1.65 -1.056 1.106
9 L -0.39 -1.62 -1.455 -2.024 -0.074 -1.775 -2.076 -1.844 -1.556 1.184 3.022 -1.55 1.386 0.167 -2.709 0.657 -0.44 -1.92 -1.271 0.504
10 C -0.447 -3.339 -2.965 -3.419 9.68 -3.458 -3.925 -2.163 -2.95 -0.732 -1.061 -3.113 -1.079 -2.027 -3.207 -1.67 -1.317 -3.235 -2.796 -0.409
11 V -0.234 -2.486 -2.929 -3.164 0.34 -2.587 -2.894 -2.955 -2.915 3.03 0.945 -2.388 0.832 -0.398 -3.171 -2.284 -0.451 -2.387 -1.285 4.125
12 I -1.377 -3.101 -3.263 -3.181 -0.15 -3.209 -3.687 -3.479 -2.711 4.521 1.677 -2.679 1.271 0.218 -3.505 -3.076 -1.075 -2.185 -1.285 2.86
13 R -1.534 5.51 -0.462 -1.564 -2.259 0.518 -0.561 -2.128 0.098 -2.612 -2.028 2.018 -1.224 -2.472 -2.704 -1.406 -1.454 -2.234 -1.772 -2.162
14 K -0.826 2.094 -0.268 -0.722 -1.977 0.807 0.313 -1.342 -0.243 -2.123 -2.24 4.49 -1.224 -2.806 -1.687 -0.881 -1.082 -2.549 -1.789 -1.999
15 E -0.919 -0.122 -0.338 1.518 -2.411 1.346 4.494 -1.95 0.392 -2.764 -2.703 0.677 -1.754 -2.608 -1.882 -0.791 -1.301 -2.387 -1.908 -2.134
16 K -0.826 2.094 -0.268 -0.722 -1.977 0.807 0.313 -1.342 -0.243 -2.123 -2.24 4.49 -1.224 -2.806 -1.687 -0.881 -1.082 -2.549 -1.789 -1.999
17 V -0.193 -1.944 -1.677 -2.258 0.269 -2.004 -2.296 -2.306 -2.323 2.293 0.419 -1.752 0.445 -0.741 -2.588 -0.917 2.031 -2.318 -1.419 3.307
18 G 0.09 -2.358 -0.44 -1.323 -1.32 -2.195 -2.622 5.809 -1.476 -3.215 -3.461 -1.651 -2.667 -2.678 -2.779 -1.002 -1.919 -2.44 -3.148 -2.864
19 L -1.08 -1.383 -2.36 -2.814 -0.168 -1.051 -2.353 -2.583 -0.968 1.603 2.135 -1.452 5.611 0.468 -3.242 -2.016 -1.046 -1.306 -0.832 0.99
20 V -0.434 -0.814 -1.651 -1.902 -0.235 2.117 -0.7 -2.375 -1.121 2.083 0.255 -0.642 0.476 -1.028 -2.79 -1.68 -0.615 -2.318 -1.285 3.135
21 I -1.355 -3.079 -3.241 -3.159 -0.129 -3.188 -3.665 -3.457 -2.689 4.463 1.698 -2.657 1.293 0.239 -3.483 -3.055 -1.053 -2.163 -1.263 2.882
22 L -1.519 -2.165 -3.341 -3.598 -0.129 -2.619 -3.284 -3.361 -2.292 2.027 4.002 -2.456 2.154 0.854 -3.583 -3.137 -1.559 -1.629 -1.035 1.127
23 K -0.805 2.115 -0.246 -0.7 -1.956 0.828 0.335 -1.321 -0.221 -2.101 -2.219 4.434 -1.202 -2.784 -1.665 -0.86 -1.06 -2.527 -1.767 -1.977
24 A 3.865 -1.462 -1.64 -1.666 0.701 -1.298 -1.277 0.395 -1.189 -0.809 -1.3 -0.827 -0.852 -1.827 -1.454 0.476 -0.401 -2.419 -1.734 0.16
25 K -0.805 2.115 -0.246 -0.7 -1.956 0.828 0.335 -1.321 -0.221 -2.101 -2.219 4.434 -1.202 -2.784 -1.665 -0.86 -1.06 -2.527 -1.767 -1.977
26 E -0.919 -0.122 -0.338 1.518 -2.411 1.346 4.494 -1.95 0.392 -2.764 -2.703 0.677 -1.754 -2.608 -1.882 -0.791 -1.301 -2.387 -1.908 -2.134
27 S 0.437 -1.357 -0.327 -0.96 -0.021 -1.234 -1.296 -0.881 -1.056 1.956 -0.346 -0.907 -0.14 -1.053 -2.029 2.317 0.447 -2.444 -1.611 0.789
28 N -0.35 -0.561 4.616 0.769 -1.0 -0.571 -0.689 -0.165 0.483 -2.414 -2.843 -0.32 -1.785 -2.234 -2.147 1.688 0.158 -2.831 -1.976 -2.046
29 R -1.187 4.315 -0.392 -1.141 -2.143 0.637 -0.119 -1.737 -0.096 -2.385 -2.161 3.553 -1.252 -2.663 -2.179 -1.16 -1.29 -2.416 -1.809 -2.108
30 S 0.226 0.235 0.189 -0.331 -0.781 3.372 0.551 -0.74 0.191 -2.1 -2.183 0.537 -0.797 -2.435 -1.822 1.975 0.157 -2.39 -1.539 -1.558
31 S -0.034 -0.904 2.656 -0.219 -0.743 -0.846 -0.988 -0.639 0.716 -1.782 -2.091 -0.639 -1.285 0.406 -2.143 1.921 0.098 -0.489 3.123 -1.5
32 V -0.127 -1.478 -0.876 -1.618 -0.224 -1.443 -1.685 -1.605 -0.099 0.647 -0.622 -1.243 -0.318 0.701 -2.324 0.835 1.702 -0.377 3.162 1.487
33 L -1.568 2.095 -2.353 -2.982 -0.579 -1.505 -2.369 -3.043 -1.526 1.334 3.366 -0.598 1.56 0.265 -3.38 -2.64 -1.577 -1.814 -1.248 0.542
34 F -2.179 -2.079 2.113 -1.373 -1.514 -2.638 -2.54 -1.949 -0.293 -0.259 -0.04 -2.242 -0.262 5.771 -3.888 -2.015 -1.787 0.239 2.237 -0.929
35 I -1.405 -3.129 -3.291 -3.209 -0.179 -3.238 -3.715 -3.508 -2.74 4.595 1.648 -2.707 1.243 0.189 -3.533 -3.105 -1.103 -2.213 -1.314 2.832
36 L -1.519 -2.165 -3.341 -3.598 -0.129 -2.619 -3.284 -3.361 -2.292 2.027 4.002 -2.456 2.154 0.854 -3.583 -3.137 -1.559 -1.629 -1.035 1.127
37 L -1.519 -2.165 -3.341 -3.598 -0.129 -2.619 -3.284 -3.361 -2.292 2.027 4.002 -2.456 2.154 0.854 -3.583 -3.137 -1.559 -1.629 -1.035 1.127
38 C -0.426 -3.317 -2.943 -3.397 9.656 -3.437 -3.903 -2.142 -2.929 -0.71 -1.04 -3.092 -1.057 -2.006 -3.185 -1.649 -1.295 -3.213 -2.775 -0.388
39 C -0.476 -3.367 -2.993 -3.447 9.709 -3.487 -3.953 -2.192 -2.979 -0.76 -1.09 -3.142 -1.107 -2.056 -3.235 -1.699 -1.345 -3.263 -2.825 -0.438
40 S 0.345 -1.024 -0.381 -1.066 -0.064 -0.796 -1.19 -0.905 -0.695 -0.024 0.248 -0.74 3.528 -0.773 -2.102 2.208 0.31 -2.029 -1.393 -0.2
41 L -1.933 -2.398 -2.92 -3.412 -0.923 -2.89 -3.198 -3.122 -0.365 0.914 2.382 -2.678 0.978 4.683 -3.893 -2.993 -2.019 0.503 3.558 0.138
42 L -0.702 -2.081 -2.282 -2.772 0.066 -2.284 -2.701 -2.733 -2.362 2.138 2.457 -2.064 1.198 -0.049 -2.995 -1.662 1.12 -2.075 -1.311 2.676
43 F 0.487 -2.456 -2.705 -3.001 -0.631 -2.959 -2.907 -1.979 -1.192 0.51 1.486 -2.514 0.507 5.281 -3.462 -1.98 -1.756 -0.029 1.816 -0.024
44 F -2.094 -2.534 -2.829 -3.354 -1.192 -3.112 -3.231 -3.024 -0.176 0.513 1.519 -2.834 0.531 5.514 -4.057 -2.968 -2.182 0.853 3.882 -0.224
45 Y -1.295 -1.528 1.704 -1.544 -0.923 -1.504 -2.079 -2.114 0.769 0.716 0.113 -1.527 2.235 1.611 -3.162 -1.747 -1.176 0.426 4.346 1.185
46 L -0.961 -2.513 -3.205 -3.384 0.013 -2.766 -3.244 -3.265 -2.663 3.083 2.711 -2.523 1.457 0.227 -3.447 -2.805 -1.026 -2.075 -1.234 3.017
47 L -1.715 -2.03 1.561 -1.738 -0.689 -2.379 -2.699 -2.365 -1.124 2.112 2.426 -2.085 1.044 2.952 -3.532 -2.254 -1.385 -1.243 0.113 0.878
48 L -0.918 -0.973 -1.025 -1.621 -0.565 1.251 -1.09 -1.997 -0.888 0.187 1.056 -0.843 0.335 2.664 -2.56 -0.681 2.221 -1.229 0.072 -0.037
49 F -2.158 -2.979 -2.979 -3.33 -1.127 -3.763 -3.565 -3.029 -1.162 1.795 0.781 -3.211 0.407 6.014 -4.276 -3.082 -2.103 0.407 2.407 0.507
50 V 1.117 -2.403 -2.727 -2.848 0.279 -2.431 -2.662 -2.025 -2.491 3.004 0.751 -2.099 0.622 -0.533 -2.841 -1.64 -0.602 -2.399 -1.416 3.482
51 L -1.726 -2.358 -3.298 -3.599 -0.4 -2.89 -3.383 -3.316 -1.992 1.69 3.663 -2.668 1.793 3.178 -3.797 -3.175 -1.765 -0.99 0.251 0.805
52 F -1.895 -2.569 -2.903 -3.326 -0.923 -3.003 -3.267 -3.139 -0.402 1.961 1.705 -2.719 0.75 4.654 -3.871 -2.977 -1.895 0.457 3.549 0.737
53 L -1.548 -2.194 -3.37 -3.627 -0.157 -2.647 -3.313 -3.39 -2.321 1.998 4.049 -2.485 2.125 0.826 -3.612 -3.166 -1.588 -1.658 -1.063 1.099
54 S 0.296 -1.312 -0.268 -0.973 -0.348 -1.327 -1.259 -0.785 -0.592 -1.0 -1.032 -1.002 -0.661 3.656 -2.186 2.297 0.242 -0.949 0.705 -1.021
55 F -2.32 -2.882 -2.846 -3.3 -1.36 -3.85 -3.468 -2.86 -0.814 0.291 0.579 -3.29 0.216 6.492 -4.434 -3.016 -2.356 0.866 2.945 -0.493
56 L -1.526 -2.172 -3.348 -3.606 -0.136 -2.626 -3.291 -3.368 -2.299 2.019 4.014 -2.464 2.147 0.847 -3.59 -3.144 -1.566 -1.636 -1.042 1.12
57 A 3.883 -1.469 -1.648 -1.673 0.694 -1.306 -1.284 0.388 -1.197 -0.816 -1.307 -0.834 -0.859 -1.834 -1.461 0.469 -0.408 -2.426 -1.741 0.153
58 S 1.082 -0.727 0.511 -0.234 0.087 -0.555 -0.541 -0.092 -0.446 -1.897 -2.314 -0.271 -1.172 -1.929 -1.461 3.212 1.025 -2.535 -1.741 -1.278
59 L -1.24 -2.451 -3.294 -3.475 -0.088 -2.777 -3.331 -3.353 -2.545 2.911 3.279 -2.541 1.707 0.461 -3.536 -2.988 -1.26 -1.93 -1.188 2.361
60 L -1.191 -2.333 -2.304 -2.857 -0.668 -2.497 -3.058 1.649 -0.715 1.998 2.295 -2.247 0.898 1.063 -3.391 -2.478 -1.67 -0.51 2.685 0.807
61 D -1.246 -1.713 2.388 3.683 -1.528 -1.415 -0.453 2.045 -0.651 0.736 -1.496 -1.187 -1.323 -1.886 -2.7 -1.115 -1.256 -2.921 -2.463 -0.533
62 E -1.114 -0.404 -0.001 3.049 -2.446 0.976 4.149 -1.807 0.186 -2.799 -2.887 0.389 -1.962 -2.71 -2.001 -0.865 -1.366 -2.625 -2.145 -2.309
63 G 0.012 -1.534 -0.08 -1.046 -1.182 -1.36 -1.64 4.559 3.855 -2.838 -3.06 -1.185 -2.044 -2.113 -2.505 0.484 -1.135 -2.277 -1.212 -2.546
64 L 0.817 -2.229 -2.142 -2.578 -0.4 -2.46 -2.722 1.909 -1.61 0.571 2.118 -2.072 0.668 2.827 -3.041 -1.618 -1.542 -1.215 -0.026 0.066
65 F -1.156 -2.942 -2.307 -2.828 5.344 -3.291 -3.447 1.722 -1.664 1.439 0.078 -2.781 -0.171 4.209 -3.643 -2.27 -1.803 -0.752 0.878 0.29
66 S 0.532 -0.895 0.132 0.001 -0.585 -0.331 1.263 2.26 -0.476 -2.336 -2.641 -0.317 -1.585 -2.246 -1.819 2.33 0.185 -2.537 -2.06 -1.752
67 F -1.898 -2.784 -3.113 -3.389 -0.733 -3.384 -3.522 -3.175 -1.582 2.372 2.107 -2.953 1.033 4.902 -4.002 -3.109 -1.831 -0.245 1.52 1.056
68 L 1.368 -1.438 -1.021 -1.553 0.079 -1.445 -1.591 -0.923 -1.277 0.38 1.942 -1.152 0.602 -0.535 -2.194 1.471 -0.125 -2.179 -1.498 0.104
69 F -2.054 -2.714 -2.812 -3.27 -1.192 -3.235 -3.3 -3.04 -0.211 1.689 0.562 -2.877 0.264 5.493 -4.034 -2.953 -2.051 0.812 3.874 0.446
70 F -1.348 -2.768 -2.93 -3.296 -0.606 -3.327 -3.275 -2.949 -1.536 1.659 0.68 -2.945 0.427 5.27 -3.911 -2.751 -1.488 -0.098 1.829 2.317
71 N -1.645 -0.4 5.612 1.296 -1.832 -0.512 -0.711 -0.14 0.983 -2.698 -3.137 -0.281 -2.147 -2.36 -2.573 -0.104 -0.437 -2.952 -2.054 -2.546
72 I -0.907 -2.882 -3.167 -3.217 0.013 -2.987 -3.386 -3.301 -2.834 4.08 1.363 -2.602 1.061 -0.056 -3.409 -2.776 -0.852 -2.307 -1.328 3.471
73 E 0.822 -1.219 -1.54 -0.309 -0.664 -0.314 2.284 -1.752 -0.844 1.513 1.095 -0.621 0.219 -0.873 -2.379 -1.181 -1.151 -2.237 -1.604 0.562
74 A 2.235 -1.691 -1.377 -1.833 5.456 -1.588 -1.718 -0.633 -0.283 -1.032 -1.391 -1.278 -0.976 0.098 -2.109 0.774 -0.501 -0.817 2.605 -0.466
75 L -1.198 -2.529 -3.194 -3.526 5.401 -2.855 -3.3 -2.848 -2.289 1.373 2.25 -2.68 0.866 0.24 -3.738 -2.693 -1.48 6.141 -0.329 1.545
76 L -0.764 -1.717 -1.969 -2.478 -0.151 -1.803 -2.384 -2.282 -1.601 1.409 3.161 -1.735 3.043 0.33 -3.015 -0.157 -0.797 -1.776 -1.178 0.692
77 V 0.057 -1.793 -1.305 -1.904 0.203 -1.792 -1.99 -1.851 -1.977 1.961 0.127 -1.538 0.23 -0.911 -2.469 0.454 1.522 -2.42 -1.498 3.115
78 L -1.24 -2.451 -3.294 -3.475 -0.088 -2.777 -3.331 -3.353 -2.545 2.911 3.279 -2.541 1.707 0.461 -3.536 -2.988 -1.26 -1.93 -1.188 2.361
79 L -1.55 -2.39 -3.385 -3.569 -0.193 -2.788 -3.421 -3.444 -2.432 2.729 3.753 -2.56 1.937 0.677 -3.627 -3.185 -1.515 -1.792 -1.143 1.51
80 C -0.551 -2.363 -1.944 -2.503 7.204 -2.564 -2.752 -1.943 -1.746 0.055 1.033 -2.249 0.073 2.661 -3.058 0.02 -0.908 -1.543 -0.186 -0.233
81 C -0.117 -2.642 -1.908 -2.49 9.105 -2.648 -2.909 -1.661 -2.294 -0.975 -1.317 -2.327 -1.143 -2.053 -2.81 0.256 -0.72 -3.127 -2.599 -0.608
82 L 0.83 -2.129 -2.896 -3.077 0.092 -2.357 -2.747 -2.129 -2.201 1.845 3.06 -2.097 1.439 0.18 -3.002 -1.899 -1.11 -1.975 -1.272 1.915
83 F -0.898 -2.257 -1.685 -2.201 -0.657 -2.543 -2.494 -2.026 -1.116 1.854 0.416 -2.12 0.221 4.783 -3.217 0.166 -0.87 -0.357 1.463 0.622
84 V -0.399 -2.615 -2.323 -2.736 -0.068 -2.658 -3.019 1.68 -2.57 2.918 0.602 -2.32 0.46 -0.625 -3.193 -2.148 -0.858 -2.399 -1.616 3.364
85 V -0.867 -2.46 -2.816 -3.168 -0.226 -2.533 -2.957 -3.107 -0.686 3.007 0.772 -2.353 0.615 1.14 -3.328 -2.538 -0.979 -0.364 3.217 3.168
86 F -1.888 -3.022 -2.924 -3.378 5.313 -3.821 -3.608 -2.76 -1.188 0.059 0.262 -3.308 -0.056 5.972 -4.196 -2.745 -2.169 0.335 2.342 -0.53
87 L -0.024 -1.328 -0.71 -1.426 -0.384 -1.3 -1.499 -1.279 0.124 -0.19 1.04 -1.108 0.111 0.907 -2.338 1.702 -0.107 -0.326 3.184 -0.456
88 E -0.424 0.343 -0.18 0.833 -1.685 0.898 3.469 -1.405 0.075 -2.484 -2.571 1.867 -1.564 -2.541 -1.799 0.634 -0.673 -2.494 -1.896 -1.962
89 L -1.275 2.51 -1.243 -1.811 -1.187 -0.257 -0.92 -2.217 -0.857 0.163 1.91 2.679 0.555 -0.797 -2.574 -1.76 -1.389 -2.141 -1.513 -0.407
90 E -1.068 0.609 2.247 0.761 -2.144 2.271 2.819 -1.337 0.442 -2.55 -2.572 1.943 -1.435 -2.707 -2.064 -0.696 -1.047 -2.526 -1.821 -2.155
91 N -1.076 2.305 3.558 0.02 -1.876 -0.25 -0.762 2.155 0.153 -2.697 -2.793 1.771 -1.873 -2.579 -2.483 -0.703 -1.059 -2.659 -2.171 -2.455
92 G -0.39 2.079 -0.452 -1.279 -1.655 -0.744 -1.378 4.51 -0.871 -2.884 -2.897 1.555 -2.044 -2.703 -2.554 -1.096 -1.681 -2.462 -2.564 -2.567
93 F -2.158 -2.979 -2.979 -3.33 -1.127 -3.763 -3.565 -3.029 -1.162 1.795 0.781 -3.211 0.407 6.014 -4.276 -3.082 -2.103 0.407 2.407 0.507
94 L -1.24 -2.451 -3.294 -3.475 -0.088 -2.777 -3.331 -3.353 -2.545 2.911 3.279 -2.541 1.707 0.461 -3.536 -2.988 -1.26 -1.93 -1.188 2.361
95 N -0.617 -0.646 4.523 0.623 -0.95 -0.685 -0.851 -0.387 0.316 -1.915 -2.483 -0.429 -1.602 -2.154 -2.184 1.112 1.522 -2.752 -1.972 -1.558
96 P -0.879 -2.056 -1.976 -1.606 -1.5 -1.976 -1.665 -1.895 -1.65 -2.36 -2.793 -1.107 -2.446 -3.378 6.706 -1.495 -1.391 -4.592 -2.678 -2.204
97 L -0.908 -2.159 -3.007 -3.303 0.01 -2.269 -2.971 -3.079 -2.233 2.352 2.779 -2.251 3.025 0.278 -3.394 -2.583 -1.021 -1.886 -1.141 2.748
98 G 0.411 -1.191 0.037 -0.779 -0.179 -1.094 -1.247 2.205 -1.047 -1.322 -1.951 -0.762 -1.168 -1.961 -1.825 1.919 2.62 -2.42 -2.007 -0.824
99 F -1.888 -3.022 -2.924 -3.378 5.313 -3.821 -3.608 -2.76 -1.188 0.059 0.262 -3.308 -0.056 5.972 -4.196 -2.745 -2.169 0.335 2.342 -0.53
100 F -1.793 -2.754 -2.76 -3.316 5.306 -3.283 -3.34 -2.771 -0.231 -0.14 -0.002 -2.964 -0.225 5.443 -3.96 -2.63 -2.116 0.75 3.835 -0.618
101 I -1.587 -3.101 -3.22 -3.25 -0.4 -3.372 -3.687 -3.39 -2.266 4.14 1.443 -2.836 1.044 2.977 -3.713 -3.11 -1.334 -1.313 0.138 2.39
102 L -1.484 -2.742 -3.345 -3.391 -0.193 -3.011 -3.571 -3.483 -2.588 3.834 2.884 -2.639 1.604 0.437 -3.587 -3.152 -1.309 -2.002 -1.234 2.237
103 S 1.025 -0.784 0.454 -0.291 0.03 -0.613 -0.598 -0.149 -0.503 -1.954 -2.371 -0.328 -1.229 -1.986 -1.518 3.406 0.968 -2.592 -1.798 -1.335
104 V -0.537 -1.951 -1.515 -2.17 -0.068 -2.11 -2.317 -2.222 -1.816 1.544 0.168 -1.807 0.181 2.675 -2.694 -0.827 2.33 -1.371 0.042 2.439
105 F -1.817 -2.852 -2.917 -3.326 -0.983 -3.602 -3.397 -2.933 -1.184 1.033 0.602 -3.139 0.296 5.999 -4.186 -2.908 -1.914 0.391 2.407 1.226
106 F -1.636 -2.891 -2.993 -3.299 -0.732 -3.473 -3.435 -3.045 -1.511 2.287 0.855 -3.012 0.533 5.289 -3.992 -2.916 -1.651 -0.08 1.829 1.844
107 F -2.377 -2.939 -2.903 -3.357 -1.417 -3.907 -3.525 -2.917 -0.871 0.234 0.522 -3.347 0.159 6.58 -4.491 -3.073 -2.413 0.809 2.888 -0.55
108 I -1.42 -3.143 -3.305 -3.223 -0.193 -3.252 -3.729 -3.522 -2.754 4.631 1.634 -2.721 1.228 0.175 -3.547 -3.119 -1.117 -2.227 -1.328 2.817
109 L -1.421 -2.36 -3.138 -3.31 -0.197 -2.474 -3.267 -3.283 -2.168 3.287 2.948 -2.357 3.112 0.484 -3.532 -2.903 -1.303 -1.818 -1.141 1.879
110 V 1.313 -1.977 -1.718 -2.072 0.227 -1.931 -2.072 -1.404 -1.898 2.491 0.306 -1.594 0.296 -0.791 -2.461 0.348 -0.232 -2.43 -1.507 2.757
111 R -1.577 5.589 -0.505 -1.606 -2.302 0.475 -0.603 -2.171 0.056 -2.654 -2.071 1.976 -1.266 -2.515 -2.747 -1.449 -1.497 -2.277 -1.815 -2.204
112 P -0.879 -2.056 -1.976 -1.606 -1.5 -1.976 -1.665 -1.895 -1.65 -2.36 -2.793 -1.107 -2.446 -3.378 6.706 -1.495 -1.391 -4.592 -2.678 -2.204
113 I -1.181 -2.811 -3.255 -3.303 -0.088 -2.999 -3.477 -3.39 -2.708 3.96 2.223 -2.621 1.345 0.201 -3.497 -2.958 -1.071 -2.15 -1.28 2.919
114 F -2.033 -2.634 -3.093 -3.475 -0.864 -3.354 -3.453 -3.11 -1.377 1.053 2.501 -2.988 1.09 5.354 -4.123 -3.124 -2.071 0.048 1.861 0.206
115 Y -1.077 -1.757 -1.521 -2.3 -1.258 -1.821 -2.105 -2.138 1.249 -0.769 -0.796 -1.724 -0.613 3.959 -3.058 -0.076 -1.23 1.466 5.557 -0.979
116 S 0.342 -1.367 -0.413 -0.938 -0.265 -1.239 -1.221 -0.898 -1.054 0.947 -1.062 -0.831 -0.703 -1.592 2.593 2.196 0.271 -2.811 -1.848 0.006
117 L -1.541 -1.457 -2.301 -2.541 -0.698 1.007 -1.681 -2.854 -1.204 2.131 2.466 -1.433 1.197 2.935 -3.406 -2.5 -1.518 -1.147 0.195 0.931
118 S 0.389 -0.65 3.337 0.335 -0.459 -0.577 -0.632 -0.144 0.077 -2.176 -2.599 -0.31 -1.498 -2.101 -1.822 2.569 0.579 -2.703 -1.878 -1.678
119 I -1.081 -2.97 -3.211 -3.212 -0.055 -3.077 -3.503 -3.375 -2.796 4.285 1.475 -2.639 1.132 0.04 -3.453 -2.893 -0.941 -2.27 -1.321 3.241
120 D 1.179 -1.466 0.333 4.11 -0.691 -1.071 0.061 -0.749 -0.933 -1.447 -2.15 -0.86 -1.563 -2.288 -1.948 -0.12 1.435 -2.892 -2.349 -0.99
121 E -1.195 -0.545 -0.739 0.963 -2.214 0.776 3.99 -2.155 0.143 -1.891 -1.732 0.166 -1.285 2.373 -2.286 -1.163 -1.528 -1.429 -0.145 -1.77
122 N -1.688 -0.443 5.703 1.253 -1.875 -0.555 -0.754 -0.183 0.94 -2.741 -3.18 -0.324 -2.19 -2.403 -2.616 -0.146 -0.48 -2.995 -2.097 -2.589
123 V -0.629 -2.404 -3.088 -3.33 0.164 -2.626 -3.046 -3.112 -2.722 2.705 2.385 -2.439 1.312 0.051 -3.33 -2.569 -0.802 -2.142 -1.228 3.467
124 N -1.142 -0.82 4.984 0.789 -1.734 -0.891 -1.124 2.75 0.495 -2.859 -3.254 -0.608 -2.308 -2.476 -2.663 -0.343 -0.783 -2.854 -2.332 -2.662
125 E -1.114 -0.404 -0.001 3.049 -2.446 0.976 4.149 -1.807 0.186 -2.799 -2.887 0.389 -1.962 -2.71 -2.001 -0.865 -1.366 -2.625 -2.145 -2.309
126 V -0.706 -2.577 -3.119 -3.296 0.111 -2.755 -3.16 -3.179 -2.787 3.245 2.004 -2.505 1.184 -0.028 -3.361 -2.632 -0.81 -2.227 -1.28 3.552
127 I -1.152 -3.01 -3.236 -3.22 -0.088 -3.117 -3.552 -3.409 -2.793 4.369 1.502 -2.661 1.146 0.062 -3.478 -2.942 -0.982 -2.267 -1.328 3.162
128 T -0.008 -0.845 -0.08 -0.209 -0.291 -0.371 1.191 -1.185 -0.807 -0.931 -1.597 -0.378 -0.91 -1.875 -1.723 1.275 3.295 -2.337 -1.798 -0.435
129 A 3.482 -1.785 -1.962 -1.973 0.489 -1.654 -1.686 -0.129 -1.498 1.332 -0.466 -1.176 -0.341 -1.343 -1.825 -0.027 -0.584 -2.43 -1.698 0.883
130 G 0.047 -2.4 -0.483 -1.365 -1.363 -2.238 -2.665 5.849 -1.519 -3.258 -3.503 -1.693 -2.71 -2.721 -2.822 -1.045 -1.962 -2.483 -3.191 -2.907
131 Y -1.701 -2.081 -1.415 1.701 -1.132 -1.99 -1.597 -2.671 0.394 1.64 1.224 -1.914 0.294 1.704 -3.214 -2.337 -1.665 0.375 4.322 0.462
132 G 0.272 -1.181 -0.356 -0.351 -0.517 -0.607 1.09 2.099 -0.824 -0.283 -1.542 -0.631 -0.99 -1.83 -2.119 1.498 -0.133 -2.504 -1.951 0.728
133 V -0.934 -2.692 -3.186 -3.299 0.013 -2.874 -3.314 -3.283 -2.747 3.625 2.115 -2.562 1.266 0.089 -3.428 -2.79 -0.938 -2.189 -1.28 3.253
134 D -1.772 -1.103 3.861 4.781 -2.193 -0.772 0.421 -0.739 0.119 -2.763 -3.393 -0.647 -2.514 -2.732 -2.448 -0.632 -1.032 -3.334 -2.656 -2.782
135 K -1.222 0.737 0.179 2.434 -2.251 0.446 1.807 -1.519 4.024 -2.507 -2.662 2.662 -1.623 -2.322 -2.073 -1.046 -1.434 -2.462 -0.894 -2.415
136 N -1.068 -1.093 3.466 0.373 -1.45 -0.646 1.017 2.073 -0.081 0.734 -1.374 -0.666 -1.121 -1.76 -2.665 -0.887 -1.03 -2.614 -2.079 -0.434
137 Y -1.817 -1.457 2.056 2.082 -1.928 -1.34 -1.04 -1.809 1.472 -1.469 -1.693 -1.312 -1.3 2.064 -2.982 -1.548 -1.592 1.061 5.345 -1.596
138 L -1.12 -1.864 -2.414 -1.586 -0.407 -1.392 0.608 -3.012 -1.718 2.555 2.481 -1.571 1.173 -0.029 -3.114 -2.376 -1.209 -2.075 -1.345 2.101
139 F -1.636 -2.891 -2.993 -3.299 -0.732 -3.473 -3.435 -3.045 -1.511 2.287 0.855 -3.012 0.533 5.289 -3.992 -2.916 -1.651 -0.08 1.829 1.844
140 Y -1.265 -0.609 -1.81 -2.458 -1.273 -1.201 -1.712 -2.583 1.129 0.288 -0.661 0.927 -0.44 2.186 -2.934 -2.067 -1.52 1.138 5.375 0.946
141 S 1.71 -1.142 -0.26 -0.766 -0.074 -0.985 -0.925 -0.311 -0.844 -1.773 -2.213 -0.577 -1.365 -2.195 2.662 2.407 0.36 -2.871 -1.954 -1.123
142 L -1.24 -2.451 -3.294 -3.475 -0.088 -2.777 -3.331 -3.353 -2.545 2.911 3.279 -2.541 1.707 0.461 -3.536 -2.988 -1.26 -1.93 -1.188 2.361
143 F 0.693 -2.706 -2.708 -2.944 5.4 -3.011 -3.037 -1.876 -1.606 1.582 0.256 -2.523 0.029 4.227 -3.235 -1.741 -1.454 -0.752 0.964 0.619
144 V -0.945 -2.686 -2.944 -3.266 -0.272 -3.075 -3.158 -2.965 -1.937 2.172 0.756 -2.763 0.553 4.293 -3.659 -2.603 -1.117 -0.688 1.106 3.107
145 V -0.16 -2.032 -1.944 -2.406 0.152 -2.107 -2.355 -2.22 -2.168 2.256 1.595 -1.885 0.827 -0.374 -2.856 -0.044 -0.306 -2.297 -1.367 3.189
146 N -0.817 -0.693 4.462 0.47 -1.03 -0.676 -0.99 -0.535 0.368 -1.13 -1.032 -0.533 1.871 -1.513 -2.48 0.794 -0.233 -2.515 -1.759 -1.256
147 I -1.621 -2.897 -3.239 -3.333 -0.4 -3.243 -3.608 -3.372 -2.195 3.695 2.177 -2.793 1.25 3.029 -3.734 -3.126 -1.436 -1.229 0.167 2.068
148 C -0.055 -2.159 -1.317 -1.999 8.317 -2.151 -2.392 -1.505 -1.992 -0.858 -1.316 -1.836 -1.024 -1.959 -2.485 0.607 1.29 -2.896 -2.365 -0.461
149 L -0.949 -1.99 -2.049 -2.559 -0.35 -2.303 -2.576 -2.331 -1.566 1.175 2.989 -2.048 1.319 3.018 -3.2 -0.247 -0.995 -1.113 0.172 0.424
150 A 2.987 -1.482 -1.343 -1.64 0.371 -1.404 -1.463 -0.228 -1.266 -0.179 0.739 -1.019 -0.058 -1.134 -1.836 0.99 -0.29 -2.327 -1.644 0.1
151 L -1.366 -2.59 -3.19 -3.416 -0.287 -2.991 -3.365 -3.247 -2.158 2.718 2.673 -2.69 1.366 3.039 -3.68 -2.964 -1.385 -1.174 0.195 2.199
152 T -0.597 -1.781 -1.068 -1.742 -0.027 -1.816 -2.139 -2.052 -1.907 2.687 0.313 -1.449 0.285 -0.766 -2.327 -0.335 3.169 -2.227 -1.573 1.535
153 V -0.952 -2.168 1.578 -1.623 -0.236 -2.275 -2.589 -2.328 -1.606 3.351 0.796 -1.966 0.6 -0.452 -3.211 -1.98 -0.727 -2.451 -1.468 3.052
154 L -1.531 -2.556 -3.108 -3.444 -0.501 -3.1 -3.328 -3.127 -1.755 1.674 2.541 -2.803 1.191 4.41 -3.854 -2.955 -1.623 -0.51 1.147 1.659
155 L 0.014 -1.589 -0.791 -1.481 -0.295 -1.605 -1.832 2.029 -1.329 0.161 1.845 -1.309 0.44 -0.626 -2.472 1.308 -0.34 -2.179 -1.704 -0.294
156 Y -1.791 -1.756 -2.104 -3.001 -1.73 -1.762 -2.342 -2.91 2.126 -0.782 -0.888 -1.852 -0.661 3.37 -3.312 -2.416 -2.068 2.33 6.609 -0.958
157 C -1.033 -2.912 -2.799 -3.357 8.288 -3.146 -3.498 -2.48 -0.757 -0.556 -0.671 -2.895 -0.74 3.05 -3.485 -2.088 -1.69 -0.317 3.01 -0.578
158 L -0.692 -0.603 -1.473 -1.931 -0.427 -1.265 -1.66 -2.03 -1.46 1.973 2.263 0.985 0.952 -0.261 -2.647 -0.011 -0.721 -2.131 -1.413 0.831
159 L -1.398 -2.418 -3.209 -3.504 -0.287 -2.878 -3.295 -3.229 -2.089 1.948 3.173 -2.649 1.551 3.089 -3.701 -2.979 -1.488 -1.094 0.223 1.853
160 L -1.42 -1.313 -2.072 -2.218 -0.96 1.08 -1.399 -2.527 -1.051 0.491 2.105 -1.169 0.743 2.774 2.393 -2.168 -1.579 -1.378 0.065 -0.17
161 R 0.757 3.524 -1.081 -1.732 -0.964 -0.191 -0.898 -1.486 -0.619 -0.657 0.622 2.011 -0.163 -1.432 -2.376 -1.096 -1.209 -2.247 -1.657 -0.714
162 P -0.518 -0.554 -0.876 -1.261 -1.167 -1.075 -1.261 1.962 -1.262 -1.898 -2.378 1.203 -1.765 -2.714 4.263 -0.738 0.956 -3.113 -2.373 -1.615
163 L -1.095 -0.576 -1.716 -2.236 -0.415 -1.325 -1.832 -2.427 -1.637 1.094 2.884 0.938 1.228 -0.066 -2.723 -1.5 0.943 -1.957 -1.356 0.476
164 C -0.487 -2.936 -2.335 -2.82 7.21 -2.979 -3.4 1.751 -2.582 1.896 -0.124 -2.578 -0.246 -1.211 -3.207 -1.902 -1.219 -2.705 -2.19 1.719
165 K -0.632 0.46 -0.138 2.123 -1.137 -0.28 -0.154 -1.324 -0.708 -0.785 0.423 2.499 -0.374 -1.551 -2.097 0.401 -0.697 -2.548 -1.862 -1.091
166 K -0.051 2.651 -0.014 -0.706 -1.059 0.224 -0.22 -0.941 -0.297 -2.168 -2.274 2.888 -1.252 -2.411 -1.815 1.554 -0.15 -2.526 -1.815 -1.767
167 L -1.69 -2.527 -3.278 -3.508 -0.4 -3.003 -3.456 -3.335 -2.058 2.522 3.248 -2.709 1.623 3.129 -3.776 -3.159 -1.651 -1.067 0.223 1.29
168 L 1.315 -1.568 -1.175 -1.718 0.184 -1.571 -1.749 -1.154 -1.58 0.949 1.077 -1.266 0.316 -0.819 -2.189 0.732 1.43 -2.267 -1.54 1.537
169 V -0.538 -2.343 -2.152 -2.455 -0.388 -2.418 -2.651 1.736 -2.222 1.486 1.193 -1.981 0.281 -0.845 2.411 -1.983 -1.131 -2.581 -1.808 2.264
170 N -1.331 0.327 3.486 -0.005 -1.494 1.714 -0.278 -1.128 0.217 -0.893 0.408 1.571 -0.306 -1.565 -2.499 -0.864 -0.92 -2.462 -1.666 -1.216
171 L -1.21 -2.626 -3.274 -3.388 -0.088 -2.886 -3.403 -3.372 -2.626 3.483 2.799 -2.581 1.532 0.334 -3.516 -2.973 -1.164 -2.038 -1.234 2.654
172 P -1.231 -1.959 -2.052 -2.105 -1.614 -1.915 -1.939 -2.28 0.418 -1.657 -1.912 -1.404 -1.631 1.06 5.29 -1.849 -1.665 -0.002 4.26 -1.672
173 D -0.984 -1.44 1.029 5.335 -1.733 -0.852 0.75 -0.932 -0.564 -2.586 -3.261 -0.755 -2.368 -2.739 -2.15 0.569 -0.781 -3.349 -2.778 -2.517
174 L -1.146 -2.426 -2.523 -2.959 -0.392 -2.69 -3.267 1.632 -2.239 2.333 3.074 -2.372 1.396 0.22 -3.443 -2.608 -1.577 -1.939 -1.462 1.114
175 Y -1.664 2.113 -1.43 -2.186 -1.851 -0.79 -1.405 -2.412 0.866 -1.073 -0.966 1.443 -0.716 3.507 -3.002 -1.974 -1.82 0.789 4.584 -1.298
176 F -1.636 -2.891 -2.993 -3.299 -0.732 -3.473 -3.435 -3.045 -1.511 2.287 0.855 -3.012 0.533 5.289 -3.992 -2.916 -1.651 -0.08 1.829 1.844
177 Y -1.778 -1.543 -1.594 -2.609 -1.489 -1.554 -2.064 -2.758 4.401 -0.239 0.848 -1.759 0.019 2.399 -3.299 -2.409 -2.049 1.257 5.487 -0.721
178 N -1.7 2.019 4.55 2.734 -2.068 -0.389 -0.286 -0.687 0.513 -2.737 -2.991 0.217 -2.083 -2.538 -2.591 -0.537 -0.848 -2.946 -2.216 -2.575
179 K -0.678 1.165 -0.358 -0.246 -1.954 0.498 1.565 1.986 -0.345 -2.479 -2.582 3.455 -1.61 -2.782 -1.958 -0.929 -1.319 -2.537 -2.082 -2.223
180 N -0.66 -0.112 3.628 0.763 -1.489 1.924 1.648 -0.71 0.532 -2.491 -2.671 0.234 -1.495 -2.475 -2.147 0.825 -0.359 -2.637 -1.845 -2.068
181 L -1.103 -2.479 -3.123 -3.412 -0.179 -2.867 -3.209 -3.144 -2.19 2.185 2.582 -2.63 1.287 2.997 -3.607 -2.796 -1.236 -1.201 0.195 2.62
182 S 1.025 -0.784 0.454 -0.291 0.03 -0.613 -0.598 -0.149 -0.503 -1.954 -2.371 -0.328 -1.229 -1.986 -1.518 3.406 0.968 -2.592 -1.798 -1.335
183 R -0.642 3.579 -0.515 -1.298 -1.167 0.088 -0.666 -1.558 -0.311 -1.034 -0.692 2.106 2.029 -1.601 -2.327 0.369 -0.678 -2.179 -1.601 -1.077
184 L -1.55 -2.39 -3.385 -3.569 -0.193 -2.788 -3.421 -3.444 -2.432 2.729 3.753 -2.56 1.937 0.677 -3.627 -3.185 -1.515 -1.792 -1.143 1.51
185 F 0.487 -2.456 -2.705 -3.001 -0.631 -2.959 -2.907 -1.979 -1.192 0.51 1.486 -2.514 0.507 5.281 -3.462 -1.98 -1.756 -0.029 1.816 -0.024
186 L -1.359 -2.023 -2.944 -3.23 -0.2 -2.021 -2.991 -3.095 -1.802 2.611 3.01 -2.099 4.097 0.531 -3.478 -2.675 -1.297 -1.645 -1.05 1.47
187 L -1.985 -2.306 -2.979 -3.472 -1.064 -2.719 -3.099 -3.005 -0.414 0.665 2.215 -2.59 0.798 3.533 -4.029 -3.053 -2.073 6.325 3.45 -0.073
188 L -0.547 -1.853 -1.357 -2.009 -0.565 -1.88 -2.299 1.886 -1.184 0.331 1.41 -1.699 2.447 2.79 -2.979 0.066 -0.953 -1.167 0.006 -0.206
189 G 1.532 -1.824 -0.461 -1.18 -0.553 -1.659 -1.851 4.627 -1.234 -2.347 -2.711 -1.203 -1.938 -2.382 -2.228 0.756 -0.815 -2.504 -2.551 -1.716
190 V -0.729 -2.695 -2.312 -2.761 -0.377 -2.874 -3.131 1.683 -2.079 2.53 0.522 -2.475 0.331 2.746 -3.406 -2.275 -1.195 -1.407 -0.032 2.65
191 L 0.651 -2.524 -2.849 -2.953 -0.2 -2.755 -2.971 -2.141 -1.888 2.919 1.851 -2.312 0.933 2.917 -3.166 -1.993 -1.277 -1.264 0.115 1.57
192 F -2.033 -2.634 -3.093 -3.475 -0.864 -3.354 -3.453 -3.11 -1.377 1.053 2.501 -2.988 1.09 5.354 -4.123 -3.124 -2.071 0.048 1.861 0.206
193 T 0.356 -1.208 -0.256 -1.01 0.105 -1.144 -1.279 -1.032 -1.246 0.355 -0.938 -0.858 -0.463 -1.471 -1.878 1.844 2.697 -2.409 -1.679 1.258
194 G 1.002 -2.263 -1.553 -2.132 -0.614 -2.373 -2.6 3.527 -1.464 -0.34 0.786 -1.912 -0.222 2.62 -2.89 -1.27 -1.604 -1.334 -0.239 -0.618
195 V -0.706 -2.577 -3.119 -3.296 0.111 -2.755 -3.16 -3.179 -2.787 3.245 2.004 -2.505 1.184 -0.028 -3.361 -2.632 -0.81 -2.227 -1.28 3.552
196 F -2.377 -2.939 -2.903 -3.357 -1.417 -3.907 -3.525 -2.917 -0.871 0.234 0.522 -3.347 0.159 6.58 -4.491 -3.073 -2.413 0.809 2.888 -0.55
197 L -1.583 -2.229 -3.405 -3.663 -0.193 -2.683 -3.348 -3.425 -2.356 1.962 4.106 -2.521 2.09 0.79 -3.647 -3.201 -1.623 -1.693 -1.099 1.063
198 I -1.586 -2.54 -2.796 -3.159 -0.732 -2.595 -3.126 -3.29 0.136 3.432 0.854 -2.372 0.596 1.845 -3.478 -2.846 -1.482 0.414 4.352 1.812
199 K -0.378 1.665 -0.141 -0.664 -1.477 0.536 0.116 -1.092 -0.328 -2.122 -2.3 4.081 -1.259 -2.654 -1.686 0.602 -0.567 -2.592 -1.825 -1.886
200 S 1.025 -0.784 0.454 -0.291 0.03 -0.613 -0.598 -0.149 -0.503 -1.954 -2.371 -0.328 -1.229 -1.986 -1.518 3.406 0.968 -2.592 -1.798 -1.335
201 Y -1.855 -1.82 -2.168 -3.065 -1.794 -1.826 -2.406 -2.975 2.062 -0.846 -0.953 -1.916 -0.725 3.306 -3.376 -2.48 -2.132 2.266 6.743 -1.022
202 K 0.034 0.968 0.052 -0.494 -1.011 1.983 0.232 -0.848 -0.131 -2.102 -2.266 2.785 -1.069 -2.498 -1.728 1.605 -0.085 -2.515 -1.711 -1.699
203 K 0.887 1.189 2.151 -0.378 -1.237 0.197 -0.185 -0.708 -0.152 -1.954 -2.223 3.424 -1.353 -2.545 -1.843 -0.45 -0.849 -2.648 -1.879 -1.554
204 F -1.226 -2.145 -1.736 -2.386 -1.127 -2.483 -2.46 -2.12 0.058 -0.299 -0.146 -2.181 -0.24 5.444 -3.409 -0.171 -1.309 0.789 3.859 -0.784
205 I -1.452 -2.936 -3.325 -3.306 -0.193 -3.129 -3.649 -3.502 -2.67 4.26 2.326 -2.68 1.422 0.309 -3.567 -3.135 -1.212 -2.112 -1.28 2.542
206 L -1.517 -2.561 -3.365 -3.479 -0.193 -2.897 -3.495 -3.463 -2.509 3.334 3.351 -2.599 1.775 0.56 -3.607 -3.168 -1.41 -1.895 -1.188 1.896
207 L -1.583 -2.229 -3.405 -3.663 -0.193 -2.683 -3.348 -3.425 -2.356 1.962 4.106 -2.521 2.09 0.79 -3.647 -3.201 -1.623 -1.693 -1.099 1.063
208 G 0.047 -2.4 -0.483 -1.365 -1.363 -2.238 -2.665 5.849 -1.519 -3.258 -3.503 -1.693 -2.71 -2.721 -2.822 -1.045 -1.962 -2.483 -3.191 -2.907
209 D -0.831 -0.744 0.803 4.635 -1.655 1.602 0.828 -0.994 -0.252 -2.488 -2.923 -0.231 -1.81 -2.746 -2.123 0.592 -0.707 -3.048 -2.373 -2.297
210 V -0.192 -1.951 -1.764 -2.321 -0.074 -1.948 -2.201 -2.157 -0.673 1.912 0.146 -1.779 0.208 0.631 -2.813 0.01 -0.366 -0.722 2.708 3.043
211 S 1.922 -0.918 0.133 -0.527 0.162 -0.748 -0.732 -0.046 -0.638 -1.703 -2.14 -0.432 -1.164 -1.967 -1.518 3.007 0.733 -2.57 -1.798 -0.987
212 V -0.787 -1.849 1.642 -1.603 -0.381 -1.934 -2.259 -2.176 -0.305 1.875 0.086 -1.782 0.106 0.598 -3.118 -1.769 -0.755 -0.763 2.695 2.998
213 F -2.265 -2.678 -2.74 -3.296 -1.489 -3.354 -3.264 -2.929 0.001 0.048 0.281 -2.998 0.002 6.159 -4.231 -2.944 -2.355 1.165 4.173 -0.639
214 E -1.195 -0.545 -0.739 0.963 -2.214 0.776 3.99 -2.155 0.143 -1.891 -1.732 0.166 -1.285 2.373 -2.286 -1.163 -1.528 -1.429 -0.145 -1.77
215 V 1.103 -2.241 -2.744 -2.92 0.279 -2.338 -2.607 -2.014 -2.414 2.317 1.656 -2.066 0.859 -0.363 -2.856 -1.65 -0.681 -2.277 -1.367 3.265
216 A 3.865 -1.462 -1.64 -1.666 0.701 -1.298 -1.277 0.395 -1.189 -0.809 -1.3 -0.827 -0.852 -1.827 -1.454 0.476 -0.401 -2.419 -1.734 0.16
217 D -1.424 -1.999 0.373 4.536 -1.96 -1.568 -0.032 1.988 -0.803 -1.935 -2.146 -1.391 -1.878 2.339 -2.756 -1.319 -1.723 -1.869 -0.586 -2.257
218 K 0.911 0.984 -0.976 -1.308 -0.891 -0.084 -0.505 -1.223 -0.83 1.025 -0.834 3.334 -0.508 -1.778 -1.965 -0.892 -0.979 -2.494 -1.717 0.095
219 Y -1.646 -1.371 -0.804 2.119 -2.034 -0.722 1.22 -2.318 1.384 -1.475 -1.636 -1.005 -1.237 2.054 -2.807 -1.749 -1.816 1.092 5.347 -1.532
220 G 0.271 -1.996 -0.269 -1.116 -1.025 -1.832 -2.116 5.294 -1.285 -2.946 -3.239 -1.364 -2.347 -2.558 -2.51 0.545 -1.091 -2.504 -2.853 -2.517
221 L -1.726 -2.358 -3.298 -3.599 -0.4 -2.89 -3.383 -3.316 -1.992 1.69 3.663 -2.668 1.793 3.178 -3.797 -3.175 -1.765 -0.99 0.251 0.805
222 H -0.935 -0.485 2.508 -0.267 -1.626 -0.355 -0.598 -1.009 6.726 -2.547 -2.684 -0.609 -1.447 -1.347 -2.458 0.483 -0.942 -1.948 0.66 -2.548
223 D -0.966 -1.181 2.743 4.711 -1.643 -0.781 0.444 -0.727 -0.195 -2.583 -3.196 -0.644 -2.266 -2.63 -2.204 0.679 -0.606 -3.236 -2.577 -2.461
224 D -0.828 -0.858 0.615 3.808 -1.733 -0.138 1.817 -1.17 4.002 -2.581 -2.925 -0.387 -1.887 -2.177 -2.147 0.522 -0.877 -2.625 -1.04 -2.403
225 L -1.602 -2.299 -3.093 -3.444 -0.45 -2.588 -3.201 -3.348 -0.827 2.439 3.157 -2.426 1.53 1.41 -3.571 -3.026 -1.606 -0.42 2.764 1.243
226 F -1.811 -0.775 -1.917 -2.526 -1.679 -1.59 -1.936 -2.559 0.744 -0.55 -0.444 0.79 -0.426 4.782 -3.303 -2.288 -2.001 1.147 4.831 -0.989
227 K -0.812 2.108 -0.254 -0.708 -1.963 0.821 0.328 -1.328 -0.229 -2.109 -2.226 4.453 -1.209 -2.791 -1.673 -0.867 -1.068 -2.535 -1.774 -1.984
228 W -2.443 -2.385 -2.91 -3.472 -2.04 -2.792 -2.971 -2.612 -0.131 -1.125 -0.96 -2.714 -0.845 3.581 -4.717 -3.126 -2.541 9.263 3.903 -1.578
229 F -2.377 -2.939 -2.903 -3.357 -1.417 -3.907 -3.525 -2.917 -0.871 0.234 0.522 -3.347 0.159 6.58 -4.491 -3.073 -2.413 0.809 2.888 -0.55
230 F -0.853 -1.729 -0.99 -1.773 -0.431 -1.962 -2.09 -1.895 -1.207 -0.056 -0.339 -1.598 -0.259 4.178 -2.546 -0.328 3.073 -0.62 1.003 -0.086
231 F -2.094 -2.534 -2.829 -3.354 -1.192 -3.112 -3.231 -3.024 -0.176 0.513 1.519 -2.834 0.531 5.514 -4.057 -2.968 -2.182 0.853 3.882 -0.224
232 A 3.156 -1.206 -0.642 -1.066 0.409 -1.039 -1.021 0.148 -0.93 -1.258 -1.726 -0.653 -1.038 -1.929 -1.518 1.992 0.196 -2.526 -1.798 -0.395
233 K -0.869 2.051 -0.311 -0.765 -2.02 0.764 0.271 -1.385 -0.286 -2.166 -2.283 4.596 -1.266 -2.848 -1.73 -0.924 -1.125 -2.592 -1.831 -2.042
234 Y -1.855 -1.82 -2.168 -3.065 -1.794 -1.826 -2.406 -2.975 2.062 -0.846 -0.953 -1.916 -0.725 3.306 -3.376 -2.48 -2.132 2.266 6.743 -1.022
235 C 0.068 -1.881 -1.152 -1.787 7.223 -1.88 -2.064 -1.346 -1.641 -0.292 0.709 -1.599 -0.163 -1.203 -2.485 1.336 -0.231 -2.625 -1.996 -0.359
236 Y -1.673 -2.279 -2.571 -3.127 -1.045 -2.316 -2.865 -3.181 0.929 2.572 0.368 -2.212 0.219 2.418 -3.443 -2.719 -1.683 1.171 5.384 1.137
237 I -1.452 -2.936 -3.325 -3.306 -0.193 -3.129 -3.649 -3.502 -2.67 4.26 2.326 -2.68 1.422 0.309 -3.567 -3.135 -1.212 -2.112 -1.28 2.542
238 V 0.984 -2.343 -2.802 -2.923 0.187 -2.441 -2.733 -2.083 -2.379 2.828 1.781 -2.115 0.95 -0.232 -2.912 -1.762 -0.803 -2.237 -1.367 2.933
239 S 0.185 -1.155 -0.333 -1.11 -0.569 -1.039 -1.193 -0.978 0.804 -1.459 -1.718 -0.863 -1.017 1.282 -2.126 2.172 0.086 0.331 4.315 -1.206
240 L -1.583 -2.229 -3.405 -3.663 -0.193 -2.683 -3.348 -3.425 -2.356 1.962 4.106 -2.521 2.09 0.79 -3.647 -3.201 -1.623 -1.693 -1.099 1.063
241 L 0.683 -2.074 -2.976 -3.159 -0.007 -2.366 -2.82 -2.188 -2.1 1.576 3.569 -2.113 1.69 0.418 -3.077 -2.032 -1.351 -1.835 -1.226 0.894
242 F -2.033 -2.634 -3.093 -3.475 -0.864 -3.354 -3.453 -3.11 -1.377 1.053 2.501 -2.988 1.09 5.354 -4.123 -3.124 -2.071 0.048 1.861 0.206
243 A 2.605 -1.058 -0.229 -0.784 0.288 -0.89 -0.873 0.053 -0.78 -1.472 -1.925 -0.54 -1.1 -1.948 -1.518 2.544 0.477 -2.548 -1.798 -0.676
244 K -0.816 1.016 0.019 2.179 -1.947 0.056 0.063 2.034 -0.554 -2.472 -2.716 3.365 -1.765 -2.845 -2.036 -0.962 -1.34 -2.74 -2.286 -2.357
245 R -1.661 3.436 3.6 -0.044 -2.144 -0.041 -0.656 -1.149 4.169 -2.704 -2.59 0.757 -1.614 -2.076 -2.708 -0.891 -1.172 -2.357 -0.804 -2.521
246 K -0.378 1.665 -0.141 -0.664 -1.477 0.536 0.116 -1.092 -0.328 -2.122 -2.3 4.081 -1.259 -2.654 -1.686 0.602 -0.567 -2.592 -1.825 -1.886
247 A 3.865 -1.462 -1.64 -1.666 0.701 -1.298 -1.277 0.395 -1.189 -0.809 -1.3 -0.827 -0.852 -1.827 -1.454 0.476 -0.401 -2.419 -1.734 0.16
248 K -0.649 0.646 2.465 2.451 -1.517 -0.021 0.11 -0.8 -0.089 -2.342 -2.687 2.611 -1.678 -2.589 -1.958 0.695 -0.503 -2.847 -2.093 -2.135
249 F -1.226 -2.145 -1.736 -2.386 -1.127 -2.483 -2.46 -2.12 0.058 -0.299 -0.146 -2.181 -0.24 5.444 -3.409 -0.171 -1.309 0.789 3.859 -0.784
250 I -1.507 -2.21 1.548 -1.674 -0.462 -2.385 -2.787 -2.47 -1.498 3.58 1.932 -2.029 1.02 -0.038 -3.357 -2.249 -1.071 -2.247 -1.419 1.946
251 L -1.875 -2.492 -3.194 -3.537 -0.622 -3.112 -3.418 -3.211 -1.668 1.389 3.14 -2.823 1.463 4.466 -3.956 -3.149 -1.914 -0.425 1.167 0.521
252 Y -1.361 -1.927 -1.743 -2.636 -1.703 -1.904 -2.456 1.702 1.619 -1.193 -1.313 -1.87 -1.027 2.75 -3.256 -2.13 -2.097 1.758 6.122 -1.313
253 S 1.082 -0.727 0.511 -0.234 0.087 -0.555 -0.541 -0.092 -0.446 -1.897 -2.314 -0.271 -1.172 -1.929 -1.461 3.212 1.025 -2.535 -1.741 -1.278
254 A 2.605 -1.058 -0.229 -0.784 0.288 -0.89 -0.873 0.053 -0.78 -1.472 -1.925 -0.54 -1.1 -1.948 -1.518 2.544 0.477 -2.548 -1.798 -0.676
255 L -1.55 -2.39 -3.385 -3.569 -0.193 -2.788 -3.421 -3.444 -2.432 2.729 3.753 -2.56 1.937 0.677 -3.627 -3.185 -1.515 -1.792 -1.143 1.51
256 L -1.55 -2.39 -3.385 -3.569 -0.193 -2.788 -3.421 -3.444 -2.432 2.729 3.753 -2.56 1.937 0.677 -3.627 -3.185 -1.515 -1.792 -1.143 1.51
257 I -1.452 -2.936 -3.325 -3.306 -0.193 -3.129 -3.649 -3.502 -2.67 4.26 2.326 -2.68 1.422 0.309 -3.567 -3.135 -1.212 -2.112 -1.28 2.542
258 F 0.419 -2.596 -2.62 -2.95 -0.873 -3.188 -2.936 -1.913 -0.944 0.044 0.231 -2.661 -0.027 5.974 -3.603 -1.963 -1.904 0.387 2.383 -0.409
259 L -1.24 -2.451 -3.294 -3.475 -0.088 -2.777 -3.331 -3.353 -2.545 2.911 3.279 -2.541 1.707 0.461 -3.536 -2.988 -1.26 -1.93 -1.188 2.361
260 A 2.979 -1.594 -1.074 -1.509 0.218 -1.471 -1.579 2.423 -1.345 -1.069 -1.622 -1.023 -1.118 -1.98 -1.78 0.23 1.21 -2.43 -2.017 -0.283
261 S 0.854 -1.043 0.29 -0.477 -0.2 -0.873 -0.909 2.376 -0.679 -2.172 -2.565 -0.554 -1.471 -2.119 -1.736 2.912 0.575 -2.57 -2.028 -1.588
262 I -1.152 -3.01 -3.236 -3.22 -0.088 -3.117 -3.552 -3.409 -2.793 4.369 1.502 -2.661 1.146 0.062 -3.478 -2.942 -0.982 -2.267 -1.328 3.162
263 G 0.047 -2.4 -0.483 -1.365 -1.363 -2.238 -2.665 5.849 -1.519 -3.258 -3.503 -1.693 -2.71 -2.721 -2.822 -1.045 -1.962 -2.483 -3.191 -2.907
264 F -2.053 -2.217 -2.44 -3.178 -1.637 -2.49 -2.803 -2.952 1.212 -0.365 -0.27 -2.407 -0.338 5.072 -3.772 -2.703 -2.241 1.768 5.735 -0.824
265 L -1.389 -2.529 -3.119 -3.227 -0.197 -2.571 -3.337 -3.301 -2.239 3.794 2.403 -2.394 3.005 0.358 -3.512 -2.889 -1.206 -1.921 -1.186 2.222
266 L -1.523 -1.994 -2.869 -3.256 -0.407 -2.098 -2.959 -2.982 -1.443 1.52 2.893 -2.191 4.03 3.117 -3.639 -2.667 -1.528 -0.877 0.309 0.754
267 V -0.515 -2.664 -3.045 -3.204 0.189 -2.766 -3.108 -3.113 -2.898 3.491 1.111 -2.494 0.912 -0.267 -3.287 -2.498 -0.631 -2.371 -1.321 3.928
268 G 0.054 -2.393 -0.476 -1.358 -1.356 -2.231 -2.658 5.843 -1.512 -3.251 -3.496 -1.686 -2.702 -2.714 -2.815 -1.038 -1.955 -2.476 -3.184 -2.9
269 L -1.576 -2.222 -3.398 -3.656 -0.186 -2.676 -3.341 -3.418 -2.349 1.969 4.095 -2.514 2.097 0.797 -3.64 -3.194 -1.616 -1.686 -1.092 1.07
270 R -1.57 5.576 -0.498 -1.599 -2.295 0.482 -0.596 -2.164 0.063 -2.647 -2.063 1.983 -1.259 -2.508 -2.74 -1.442 -1.489 -2.27 -1.808 -2.197
271 G 0.054 -2.393 -0.476 -1.358 -1.356 -2.231 -2.658 5.843 -1.512 -3.251 -3.496 -1.686 -2.702 -2.714 -2.815 -1.038 -1.955 -2.476 -3.184 -2.9
272 Y -1.848 -1.813 -2.161 -3.058 -1.787 -1.819 -2.399 -2.968 2.069 -0.839 -0.946 -1.909 -0.718 3.313 -3.369 -2.473 -2.125 2.273 6.729 -1.015
273 T 1.553 -1.221 -0.487 -1.204 0.236 -1.191 -1.393 -0.836 -1.397 -0.4 -1.156 -0.841 -0.649 -1.681 -1.668 0.609 3.695 -2.282 -1.754 0.171
274 I -1.081 -2.97 -3.211 -3.212 -0.055 -3.077 -3.503 -3.375 -2.796 4.285 1.475 -2.639 1.132 0.04 -3.453 -2.893 -0.941 -2.27 -1.321 3.241
275 A 3.497 -1.315 -0.989 -1.291 0.504 -1.149 -1.13 0.225 -1.04 -1.101 -1.578 -0.733 -0.984 -1.907 -1.511 1.488 -0.028 -2.503 -1.791 -0.194
276 Y -1.848 -1.813 -2.161 -3.058 -1.787 -1.819 -2.399 -2.968 2.069 -0.839 -0.946 -1.909 -0.718 3.313 -3.369 -2.473 -2.125 2.273 6.729 -1.015
277 F 1.122 -2.384 -1.81 -2.302 -0.733 -2.636 -2.61 2.474 -1.109 -0.609 -0.533 -2.115 -0.608 4.701 -3.045 -1.304 -1.686 -0.384 1.322 -0.774
278 F -2.37 -2.932 -2.896 -3.35 -1.41 -3.9 -3.518 -2.91 -0.864 0.241 0.529 -3.34 0.166 6.57 -4.484 -3.066 -2.406 0.816 2.895 -0.543
279 L -1.454 -1.999 -3.113 -3.432 -0.19 -2.189 -3.072 -3.197 -1.95 1.874 3.71 -2.221 3.538 0.71 -3.545 -2.863 -1.473 -1.596 -1.034 1.042
280 L -1.517 -1.899 -2.783 -3.282 -0.516 -1.986 -2.829 -3.086 -0.272 1.368 2.934 -2.073 3.251 1.594 -3.477 -2.686 -1.586 -0.043 3.267 0.64
281 L -1.576 -2.222 -3.398 -3.656 -0.186 -2.676 -3.341 -3.418 -2.349 1.969 4.095 -2.514 2.097 0.797 -3.64 -3.194 -1.616 -1.686 -1.092 1.07
282 F -1.972 -2.653 -2.783 -3.241 -1.131 -3.082 -3.239 -3.065 -0.061 1.952 0.579 -2.764 0.296 5.135 -3.923 -2.917 -1.96 0.82 4.069 0.656
283 F 0.824 -2.509 -2.547 -2.85 -0.744 -3.026 -2.799 -1.701 -0.955 0.002 0.16 -2.505 -0.068 5.79 -3.411 -1.734 -1.783 0.278 2.249 -0.368
284 L -1.642 -2.114 -3.036 -3.494 -0.511 -2.437 -3.075 -3.299 -0.488 1.481 3.428 -2.35 1.608 1.658 -3.57 -2.996 -1.735 -0.095 3.254 0.673
285 D 0.973 -1.597 0.67 5.123 -1.296 -1.013 0.582 -0.706 -0.726 -2.159 -2.814 -0.87 -2.159 -2.648 -2.099 -0.567 -1.167 -3.253 -2.699 -1.812
286 L -1.329 -1.881 -2.266 -1.233 -0.607 -1.221 1.046 -3.029 -1.539 3.23 2.019 -1.417 1.009 -0.111 -3.062 -2.366 -1.286 -2.124 -1.402 1.713
287 R -1.439 4.069 -0.777 -1.642 -2.09 0.142 -0.677 -2.114 0.644 -1.971 -1.787 2.46 -1.114 0.252 -2.581 -1.516 -1.533 -0.371 3.146 -1.816
288 Y -1.776 2.177 -1.647 -2.619 -1.906 -1.051 -1.832 -2.745 1.683 -1.196 -1.187 -0.356 -0.844 2.608 -3.198 -2.179 -1.953 1.636 5.948 -1.268
289 K -0.39 3.11 -0.137 -0.812 -1.403 0.407 -0.125 -1.172 -0.241 -2.217 -2.243 3.325 -1.25 -2.52 -1.887 0.807 -0.506 -2.503 -1.812 -1.878
290 L -1.493 -2.643 -3.348 -3.428 -0.186 -2.946 -3.526 -3.466 -2.541 3.584 3.121 -2.612 1.698 0.506 -3.59 -3.153 -1.352 -1.941 -1.204 2.079
291 K -1.049 1.605 2.63 -0.112 -1.98 0.491 0.051 -1.032 0.075 -2.295 -2.478 3.919 -1.467 -2.727 -1.923 -0.706 -0.947 -2.684 -1.892 -2.165
292 L -1.667 -2.831 -3.216 -3.354 -0.447 -3.234 -3.572 -3.328 -2.064 3.392 2.297 -2.804 1.263 3.444 -3.775 -3.121 -1.514 -1.018 0.452 1.852
293 R 1.124 4.079 -0.7 -1.393 -1.187 0.205 -0.505 -1.145 -0.303 -1.981 -1.918 2.527 -1.168 -2.414 -2.123 -0.738 -1.107 -2.397 -1.808 -1.398
294 Y -1.394 -2.094 -1.827 -2.645 -1.803 -2.152 -2.605 2.251 0.842 -1.548 -1.601 -2.051 -1.259 2.055 -3.595 -2.216 -2.219 6.974 5.05 -1.687
295 L -1.576 -2.222 -3.398 -3.656 -0.186 -2.676 -3.341 -3.418 -2.349 1.969 4.095 -2.514 2.097 0.797 -3.64 -3.194 -1.616 -1.686 -1.092 1.07
296 L -0.673 -1.787 -1.863 -2.383 -0.129 -2.004 -2.373 -2.195 -1.763 1.377 3.366 -1.791 1.556 0.313 -2.944 0.155 -0.721 -1.886 -1.251 0.631
297 L -1.19 -2.294 -3.284 -3.535 -0.055 -2.663 -3.233 -3.305 -2.488 2.261 3.567 -2.491 1.822 0.535 -3.526 -2.949 -1.29 -1.853 -1.147 2.229
298 I -1.269 -2.921 -3.108 -3.245 -0.304 -3.218 -3.454 -3.219 -2.189 3.574 1.22 -2.779 0.89 3.342 -3.655 -2.882 -1.199 -1.15 0.419 2.775
299 A 3.497 -1.315 -0.989 -1.291 0.504 -1.149 -1.13 0.225 -1.04 -1.101 -1.578 -0.733 -0.984 -1.907 -1.511 1.488 -0.028 -2.503 -1.791 -0.194
300 I -1.453 -2.879 -3.323 -3.32 -0.186 -3.092 -3.622 -3.49 -2.642 4.144 2.475 -2.663 1.476 0.349 -3.565 -3.132 -1.229 -2.077 -1.262 2.476
301 L -1.346 -2.46 -3.155 -3.459 -0.304 -2.922 -3.274 -3.175 -2.019 1.952 2.876 -2.675 1.407 3.454 -3.707 -2.92 -1.448 -0.954 0.484 2.015
302 V 1.504 -2.237 -2.592 -2.754 0.393 -2.25 -2.441 -1.74 -2.422 2.406 0.488 -1.955 0.455 -0.734 -2.681 -1.357 -0.48 -2.436 -1.431 3.61
303 L 1.375 -1.795 -1.775 -2.214 0.228 -1.863 -2.119 -1.464 -1.919 1.381 1.537 -1.551 0.607 -0.581 -2.377 -0.648 1.524 -2.184 -1.472 1.952
304 L -1.167 -1.986 -1.942 -2.553 -0.432 -2.108 -2.577 -2.676 -0.4 2.204 1.738 -1.893 0.759 1.221 -2.952 -1.527 1.285 -0.239 3.209 1.113
305 L -1.117 -2.727 -3.235 -3.316 -0.055 -2.932 -3.41 -3.351 -2.69 3.755 2.352 -2.589 1.381 0.215 -3.477 -2.911 -1.053 -2.124 -1.262 2.941
306 S 1.032 -0.777 0.461 -0.284 0.037 -0.606 -0.591 -0.142 -0.496 -1.947 -2.364 -0.321 -1.222 -1.979 -1.511 3.383 0.975 -2.585 -1.791 -1.328
307 S 2.104 -0.945 0.054 -0.582 0.201 -0.776 -0.759 -0.014 -0.666 -1.636 -2.077 -0.452 -1.141 -1.955 -1.511 2.878 0.678 -2.557 -1.791 -0.899
308 L 1.441 -1.621 -1.541 -1.971 0.098 -1.69 -1.897 -1.147 -1.501 0.761 2.445 -1.394 0.93 -0.256 -2.383 0.671 -0.471 -2.077 -1.42 0.382
309 V -0.785 -2.813 -3.127 -3.208 0.07 -2.917 -3.299 -3.241 -2.847 3.916 1.299 -2.565 1.024 -0.11 -3.369 -2.689 -0.782 -2.32 -1.321 3.605
310 L -1.534 -2.425 -3.373 -3.54 -0.186 -2.808 -3.432 -3.442 -2.444 2.888 3.649 -2.563 1.904 0.655 -3.615 -3.173 -1.481 -1.811 -1.147 1.618
311 N -0.59 -0.45 4.099 1.0 -1.376 0.023 1.71 -0.532 0.488 -2.538 -2.848 -0.053 -1.823 -2.35 -2.129 1.11 -0.209 -2.742 -1.983 -2.124
312 Y -1.97 -2.055 -2.328 -3.128 -1.688 -2.216 -2.641 -2.953 1.567 -0.529 -0.501 -2.206 -0.47 4.526 -3.61 -2.61 -2.193 1.972 6.143 -0.89
313 R -1.57 5.576 -0.498 -1.599 -2.295 0.482 -0.596 -2.164 0.063 -2.647 -2.063 1.983 -1.259 -2.508 -2.74 -1.442 -1.489 -2.27 -1.808 -2.197
314 L -1.493 -2.643 -3.348 -3.428 -0.186 -2.946 -3.526 -3.466 -2.541 3.584 3.121 -2.612 1.698 0.506 -3.59 -3.153 -1.352 -1.941 -1.204 2.079
315 G 0.054 -2.393 -0.476 -1.358 -1.356 -2.231 -2.658 5.843 -1.512 -3.251 -3.496 -1.686 -2.702 -2.714 -2.815 -1.038 -1.955 -2.476 -3.184 -2.9
316 I -1.515 -2.745 -2.969 -3.176 -0.511 -2.817 -3.331 -3.368 -0.638 3.925 1.179 -2.491 0.857 1.332 -3.496 -2.938 -1.333 -0.314 3.217 2.238
317 E -1.121 0.342 0.109 3.122 -2.323 0.75 3.238 -1.604 -0.006 -2.616 -2.786 2.046 -1.846 -2.768 -1.962 -0.889 -1.307 -2.712 -2.155 -2.299
318 V -0.515 -2.664 -3.045 -3.204 0.189 -2.766 -3.108 -3.113 -2.898 3.491 1.111 -2.494 0.912 -0.267 -3.287 -2.498 -0.631 -2.371 -1.321 3.928
319 F -2.32 -2.882 -2.846 -3.3 -1.36 -3.85 -3.468 -2.86 -0.814 0.291 0.579 -3.29 0.216 6.492 -4.434 -3.016 -2.356 0.866 2.945 -0.493
320 I -1.362 -3.086 -3.248 -3.166 -0.136 -3.195 -3.672 -3.465 -2.697 4.483 1.691 -2.664 1.286 0.232 -3.49 -3.062 -1.06 -2.17 -1.271 2.875
321 N -1.762 -1.015 4.084 2.949 -1.98 -0.92 -0.475 -0.929 0.987 -2.143 -2.507 -0.792 -1.857 0.261 -2.71 -0.801 -1.057 -0.648 3.074 -2.174
322 D -0.756 2.278 0.648 4.151 -1.556 -0.424 0.321 -1.068 -0.382 -2.508 -2.794 0.252 -1.892 -2.571 -2.19 0.788 -0.635 -2.938 -2.369 -2.256
323 G 0.054 -2.393 -0.476 -1.358 -1.356 -2.231 -2.658 5.843 -1.512 -3.251 -3.496 -1.686 -2.702 -2.714 -2.815 -1.038 -1.955 -2.476 -3.184 -2.9
324 L -1.307 -2.681 -3.131 -3.35 -0.304 -3.066 -3.363 -3.197 -2.103 2.875 2.165 -2.727 1.16 3.399 -3.681 -2.901 -1.321 -1.05 0.452 2.42
325 L -1.567 -2.512 -3.108 -3.459 -0.733 -2.971 -3.188 -2.907 -1.711 1.36 1.721 -2.754 0.689 3.485 -4.072 -2.963 -1.675 6.809 1.237 1.634
326 G -1.002 -1.021 2.778 3.053 -1.988 -0.312 1.802 2.551 -0.054 -2.883 -3.219 -0.436 -2.329 -2.674 -2.4 -0.729 -1.257 -2.831 -2.524 -2.626
327 I -1.013 -2.463 -2.965 -3.116 -0.06 -2.404 -3.135 -3.135 -2.244 3.704 1.604 -2.289 3.125 0.108 -3.387 -2.61 -0.935 -2.02 -1.201 2.926
328 I -1.453 -2.879 -3.323 -3.32 -0.186 -3.092 -3.622 -3.49 -2.642 4.144 2.475 -2.663 1.476 0.349 -3.565 -3.132 -1.229 -2.077 -1.262 2.476
329 F 0.871 -2.228 -2.367 -2.786 -0.815 -2.511 -2.544 -1.71 0.127 -0.254 -0.188 -2.178 -0.282 5.068 -3.185 -1.632 -1.724 0.799 4.052 -0.472
330 N -1.249 1.068 4.055 0.415 -1.947 0.181 -0.195 -0.723 0.39 -2.438 -2.696 3.063 -1.69 -2.618 -2.138 -0.51 -0.785 -2.786 -1.961 -2.302
331 P -0.487 -1.552 -0.935 -1.312 -0.597 -1.524 -1.533 -1.614 -1.544 -1.121 -1.817 -0.96 -1.354 -2.362 4.85 -0.212 2.72 -3.167 -2.169 -0.761
332 L -1.755 -2.384 -3.264 -3.576 -0.447 -2.937 -3.384 -3.283 -1.9 1.624 3.532 -2.699 1.721 3.552 -3.829 -3.162 -1.794 -0.831 0.515 0.743
333 L -1.799 -1.777 -1.804 -2.672 -0.9 -2.025 -2.379 -2.782 4.334 0.886 2.606 -2.135 1.089 3.427 -3.575 -2.684 -1.953 -0.793 1.101 0.051
334 Q -0.918 0.972 -0.128 -0.392 -1.947 5.007 1.356 -1.515 0.734 -2.276 -2.026 1.186 -0.439 -2.994 -2.187 -0.79 -1.011 -2.22 -1.321 -1.823
335 Q -0.918 0.972 -0.128 -0.392 -1.947 5.007 1.356 -1.515 0.734 -2.276 -2.026 1.186 -0.439 -2.994 -2.187 -0.79 -1.011 -2.22 -1.321 -1.823
336 G 0.054 -2.393 -0.476 -1.358 -1.356 -2.231 -2.658 5.843 -1.512 -3.251 -3.496 -1.686 -2.702 -2.714 -2.815 -1.038 -1.955 -2.476 -3.184 -2.9
337 A 4.002 -1.519 -1.698 -1.723 0.644 -1.356 -1.334 0.338 -1.247 -0.866 -1.357 -0.884 -0.909 -1.884 -1.511 0.419 -0.458 -2.476 -1.791 0.103
338 S 0.779 -0.861 0.315 -0.458 0.049 -0.73 -0.776 -0.402 -0.706 -1.424 -1.99 -0.439 -1.044 -1.884 -1.562 2.906 2.249 -2.489 -1.779 -0.866
339 F -2.37 -2.932 -2.896 -3.35 -1.41 -3.9 -3.518 -2.91 -0.864 0.241 0.529 -3.34 0.166 6.57 -4.484 -3.066 -2.406 0.816 2.895 -0.543
340 E -0.955 -0.157 -0.374 1.482 -2.447 1.311 4.575 -1.985 0.357 -2.8 -2.739 0.641 -1.789 -2.644 -1.917 -0.827 -1.337 -2.423 -1.944 -2.17
341 V -0.208 -1.742 -1.245 -1.929 0.197 -1.786 -2.073 -2.065 -2.103 1.803 0.079 -1.516 0.194 -0.965 -2.37 -0.454 2.844 -2.32 -1.524 2.857
342 V -0.545 -2.444 -3.067 -3.307 0.189 -2.636 -3.027 -3.092 -2.788 2.77 2.087 -2.446 1.18 -0.074 -3.309 -2.515 -0.731 -2.22 -1.262 3.694
343 Y -1.97 -2.055 -2.328 -3.128 -1.688 -2.216 -2.641 -2.953 1.567 -0.529 -0.501 -2.206 -0.47 4.526 -3.61 -2.61 -2.193 1.972 6.143 -0.89
344 G 0.054 -2.393 -0.476 -1.358 -1.356 -2.231 -2.658 5.843 -1.512 -3.251 -3.496 -1.686 -2.702 -2.714 -2.815 -1.038 -1.955 -2.476 -3.184 -2.9
345 A 3.383 -1.739 -1.966 -2.028 0.563 -1.624 -1.658 -0.203 -1.588 0.67 -0.604 -1.199 -0.38 -1.448 -1.851 -0.061 -0.465 -2.463 -1.666 1.784
346 L -0.849 -2.368 -3.173 -3.419 0.07 -2.649 -3.128 -3.197 -2.634 2.527 2.921 -2.468 1.519 0.247 -3.415 -2.724 -0.997 -2.031 -1.204 3.054
347 N -1.249 1.068 4.055 0.415 -1.947 0.181 -0.195 -0.723 0.39 -2.438 -2.696 3.063 -1.69 -2.618 -2.138 -0.51 -0.785 -2.786 -1.961 -2.302
348 F -2.097 -2.319 -2.505 -3.2 -1.592 -2.676 -2.905 -2.939 0.96 -0.249 -0.115 -2.537 -0.242 5.378 -3.873 -2.754 -2.262 1.636 5.407 -0.769
349 H -1.244 -0.575 2.788 -0.264 -1.437 -0.501 -0.79 -1.181 6.231 -1.88 -2.273 -0.682 -1.283 -1.385 -2.443 -0.51 1.298 -1.986 0.371 -1.77
350 D -0.461 -0.24 0.343 2.955 -1.493 2.27 2.248 -1.118 0.06 -2.424 -2.612 0.27 -1.427 -2.613 -1.968 0.893 -0.519 -2.655 -1.965 -2.0
351 E -0.29 0.73 -0.067 0.154 -1.417 2.454 2.14 -1.17 0.121 -2.279 -2.34 2.189 -1.136 -2.588 -1.824 0.902 -0.456 -2.449 -1.71 -1.821
352 L -1.153 -2.502 -3.259 -3.423 -0.055 -2.794 -3.32 -3.328 -2.587 3.104 3.023 -2.539 1.61 0.379 -3.501 -2.93 -1.169 -1.986 -1.204 2.607
353 L -1.632 2.141 -0.875 2.284 -1.07 -1.131 -0.965 -2.38 -1.104 0.491 2.356 -0.331 0.741 -0.456 -3.029 -2.032 -1.542 -2.208 -1.662 -0.201
354 S -0.027 -0.594 2.855 0.043 -0.843 -0.488 -0.618 -0.478 4.557 -2.309 -2.618 -0.436 -1.457 -1.756 -2.046 1.992 0.075 -2.358 -0.54 -1.98
355 C -0.483 -3.374 -3.0 -3.454 9.717 -3.494 -3.96 -2.199 -2.986 -0.767 -1.097 -3.149 -1.114 -2.063 -3.242 -1.706 -1.352 -3.271 -2.832 -0.445
356 I -1.412 -3.136 -3.298 -3.216 -0.186 -3.245 -3.722 -3.515 -2.747 4.613 1.641 -2.714 1.235 0.182 -3.54 -3.112 -1.11 -2.22 -1.321 2.825
357 S 0.662 0.23 0.288 -0.396 -0.356 -0.195 -0.348 -0.405 -0.44 -1.998 -2.342 1.842 -1.232 -2.172 -1.562 2.762 0.577 -2.585 -1.799 -1.489
358 Y -1.733 -2.091 -2.406 -3.097 -1.296 -2.115 -2.677 -3.095 1.415 1.692 -0.053 -2.09 -0.093 2.791 -3.411 -2.62 -1.836 1.639 5.957 0.509
359 Y -1.778 -1.91 -2.424 -3.196 -1.296 -2.011 -2.607 -3.074 1.44 0.156 1.309 -2.049 0.28 2.859 -3.434 -2.637 -1.989 1.677 5.962 -0.337
360 D -1.813 -1.624 1.163 5.885 -2.408 -0.908 1.014 -1.159 -0.572 -2.761 -3.527 -0.865 -2.733 -2.955 -2.325 -0.988 -1.448 -3.567 -3.079 -2.9
361 Y -1.848 -1.813 -2.161 -3.058 -1.787 -1.819 -2.399 -2.968 2.069 -0.839 -0.946 -1.909 -0.718 3.313 -3.369 -2.473 -2.125 2.273 6.729 -1.015
362 F -2.37 -2.932 -2.896 -3.35 -1.41 -3.9 -3.518 -2.91 -0.864 0.241 0.529 -3.34 0.166 6.57 -4.484 -3.066 -2.406 0.816 2.895 -0.543
363 F -2.186 -2.086 2.124 -1.38 -1.521 -2.645 -2.547 -1.956 -0.3 -0.266 -0.047 -2.25 -0.269 5.782 -3.895 -2.022 -1.794 0.231 2.23 -0.936
364 S 0.704 -0.875 0.279 -0.503 0.067 -0.758 -0.826 -0.481 -0.766 -1.255 -1.861 -0.465 -0.973 -1.839 -1.566 2.69 2.554 -2.444 -1.761 -0.713
365 G -0.29 -1.482 2.524 -0.47 -0.739 -1.45 -1.652 2.574 -0.642 1.249 -0.992 -1.098 -0.784 -1.482 -2.528 0.766 -0.439 -2.557 -2.023 0.047
366 K -0.724 0.849 -0.664 -1.237 -0.871 -0.02 -0.598 -1.638 -0.71 -0.318 -0.253 2.952 2.508 -1.38 -2.04 -0.637 1.427 -2.136 -1.535 -0.427
367 D -0.801 -1.387 1.003 5.167 -1.578 -0.829 0.689 -0.869 -0.553 -2.535 -3.189 -0.719 -2.275 -2.679 -2.099 0.844 -0.628 -3.288 -2.699 -2.42
368 F -1.852 -3.032 -3.09 -3.282 -0.733 -3.554 -3.618 -3.197 -1.654 3.186 1.138 -3.01 0.75 4.869 -3.974 -3.089 -1.686 -0.32 1.497 1.606
369 G 0.054 -2.393 -0.476 -1.358 -1.356 -2.231 -2.658 5.843 -1.512 -3.251 -3.496 -1.686 -2.702 -2.714 -2.815 -1.038 -1.955 -2.476 -3.184 -2.9
370 S 0.086 -0.387 0.526 2.75 -0.86 2.008 0.435 -0.676 -0.153 -2.214 -2.518 0.028 -1.292 -2.434 -1.859 1.974 0.081 -2.698 -1.926 -1.778
371 C -0.483 -3.374 -3.0 -3.454 9.717 -3.494 -3.96 -2.199 -2.986 -0.767 -1.097 -3.149 -1.114 -2.063 -3.242 -1.706 -1.352 -3.271 -2.832 -0.445
372 V -0.785 -2.813 -3.127 -3.208 0.07 -2.917 -3.299 -3.241 -2.847 3.916 1.299 -2.565 1.024 -0.11 -3.369 -2.689 -0.782 -2.32 -1.321 3.605
373 D -1.813 -1.624 1.163 5.885 -2.408 -0.908 1.014 -1.159 -0.572 -2.761 -3.527 -0.865 -2.733 -2.955 -2.325 -0.988 -1.448 -3.567 -3.079 -2.9
374 R -0.499 2.658 -0.613 -1.268 -0.928 -0.285 -0.826 -1.546 -0.682 1.324 -0.689 2.058 -0.4 -1.52 -2.268 0.588 -0.504 -2.41 -1.678 0.177
375 A 2.742 -1.519 -1.197 -1.551 0.418 -1.398 -1.43 -0.34 -1.356 0.534 -0.772 -1.031 -0.442 -1.468 -1.851 1.165 -0.034 -2.489 -1.666 1.622
376 R -1.57 5.576 -0.498 -1.599 -2.295 0.482 -0.596 -2.164 0.063 -2.647 -2.063 1.983 -1.259 -2.508 -2.74 -1.442 -1.489 -2.27 -1.808 -2.197
377 G 0.054 -2.393 -0.476 -1.358 -1.356 -2.231 -2.658 5.843 -1.512 -3.251 -3.496 -1.686 -2.702 -2.714 -2.815 -1.038 -1.955 -2.476 -3.184 -2.9
378 V -0.515 -2.664 -3.045 -3.204 0.189 -2.766 -3.108 -3.113 -2.898 3.491 1.111 -2.494 0.912 -0.267 -3.287 -2.498 -0.631 -2.371 -1.321 3.928
379 Y -1.321 -1.626 -1.523 -2.411 -1.194 -1.633 -2.119 -2.476 1.51 -0.683 -0.982 -1.598 -0.68 2.652 -2.861 -1.317 1.146 1.639 5.949 -0.662
380 F -2.446 -2.795 -2.969 -3.423 -1.622 -3.603 -3.381 -2.774 -0.937 -0.162 0.114 -3.203 -0.14 5.88 -4.696 -3.144 -2.484 6.92 2.723 -0.887
381 E 1.256 0.356 -0.633 0.442 -1.238 0.69 3.046 -1.081 -0.133 -2.041 -2.22 2.044 -1.412 -2.479 -1.762 -0.481 -1.039 -2.476 -1.875 -1.387
382 E -1.144 -0.127 -0.656 0.38 -2.142 2.451 3.122 -2.067 0.971 -2.058 -2.014 0.354 -1.119 0.213 -2.29 -1.148 -1.424 -0.364 3.158 -1.754
383 G 0.054 -2.393 -0.476 -1.358 -1.356 -2.231 -2.658 5.843 -1.512 -3.251 -3.496 -1.686 -2.702 -2.714 -2.815 -1.038 -1.955 -2.476 -3.184 -2.9
384 G 0.054 -2.393 -0.476 -1.358 -1.356 -2.231 -2.658 5.843 -1.512 -3.251 -3.496 -1.686 -2.702 -2.714 -2.815 -1.038 -1.955 -2.476 -3.184 -2.9
385 S 1.054 -0.755 0.483 -0.263 0.058 -0.584 -0.569 -0.121 -0.474 -1.926 -2.343 -0.299 -1.201 -1.958 -1.49 3.311 0.997 -2.563 -1.77 -1.307
386 F -2.37 -2.932 -2.896 -3.35 -1.41 -3.9 -3.518 -2.91 -0.864 0.241 0.529 -3.34 0.166 6.57 -4.484 -3.066 -2.406 0.816 2.895 -0.543
387 A 4.002 -1.519 -1.698 -1.723 0.644 -1.356 -1.334 0.338 -1.247 -0.866 -1.357 -0.884 -0.909 -1.884 -1.511 0.419 -0.458 -2.476 -1.791 0.103
388 S 0.779 -0.861 0.315 -0.458 0.049 -0.73 -0.776 -0.402 -0.706 -1.424 -1.99 -0.439 -1.044 -1.884 -1.562 2.906 2.249 -2.489 -1.779 -0.866
389 S 1.032 -0.777 0.461 -0.284 0.037 -0.606 -0.591 -0.142 -0.496 -1.947 -2.364 -0.321 -1.222 -1.979 -1.511 3.383 0.975 -2.585 -1.791 -1.328
390 F -2.37 -2.932 -2.896 -3.35 -1.41 -3.9 -3.518 -2.91 -0.864 0.241 0.529 -3.34 0.166 6.57 -4.484 -3.066 -2.406 0.816 2.895 -0.543
391 F -2.097 -2.319 -2.505 -3.2 -1.592 -2.676 -2.905 -2.939 0.96 -0.249 -0.115 -2.537 -0.242 5.378 -3.873 -2.754 -2.262 1.636 5.407 -0.769
392 A 2.883 -1.124 -0.421 -0.915 0.356 -0.956 -0.939 0.108 -0.847 -1.356 -1.817 -0.589 -1.062 -1.931 -1.511 2.266 0.347 -2.53 -1.791 -0.525
393 E -0.955 -0.157 -0.374 1.482 -2.447 1.311 4.575 -1.985 0.357 -2.8 -2.739 0.641 -1.789 -2.644 -1.917 -0.827 -1.337 -2.423 -1.944 -2.17
394 L 1.059 -2.219 -2.849 -2.944 0.045 -2.4 -2.767 -1.954 -2.116 2.54 2.828 -2.053 1.356 0.156 -2.924 -1.781 -1.16 -1.997 -1.31 1.443
395 I -1.515 -2.745 -2.969 -3.176 -0.511 -2.817 -3.331 -3.368 -0.638 3.925 1.179 -2.491 0.857 1.332 -3.496 -2.938 -1.333 -0.314 3.217 2.238
396 Y -1.848 -1.813 -2.161 -3.058 -1.787 -1.819 -2.399 -2.968 2.069 -0.839 -0.946 -1.909 -0.718 3.313 -3.369 -2.473 -2.125 2.273 6.729 -1.015
397 F -2.15 -2.737 -3.013 -3.423 -1.052 -3.542 -3.473 -3.029 -1.17 0.779 1.904 -3.11 0.782 5.867 -4.249 -3.098 -2.188 0.364 2.297 -0.048
398 G -0.197 -2.117 -0.849 -1.665 -1.022 -1.9 -2.588 5.064 -1.376 -1.141 -0.866 -1.635 2.209 -1.556 -2.924 -1.26 -1.711 -2.148 -2.409 -1.368
399 W -1.85 -2.273 -2.883 -2.989 -1.458 -2.567 -2.675 -2.476 -1.544 -0.418 0.986 -2.221 -0.174 0.372 2.86 -2.744 -2.049 8.674 0.796 -1.0
400 F -1.83 -3.011 -3.069 -3.261 -0.712 -3.533 -3.597 -3.175 -1.633 3.145 1.16 -2.989 0.771 4.841 -3.952 -3.068 -1.665 -0.298 1.519 1.628
401 I -1.453 -2.879 -3.323 -3.32 -0.186 -3.092 -3.622 -3.49 -2.642 4.144 2.475 -2.663 1.476 0.349 -3.565 -3.132 -1.229 -2.077 -1.262 2.476
402 G -0.552 -2.152 -1.162 -1.765 -1.493 -2.057 -2.313 4.005 -0.149 -2.243 -2.475 -1.579 -2.01 0.171 2.985 -1.453 -1.841 -0.599 3.011 -2.144
403 G 0.415 -1.408 -0.225 -0.819 -0.602 -1.256 -1.253 2.644 -0.986 -2.328 -2.717 -0.801 -1.817 -2.454 3.11 1.91 -0.05 -2.938 -2.299 -1.866
404 L -1.117 -2.727 -3.235 -3.316 -0.055 -2.932 -3.41 -3.351 -2.69 3.755 2.352 -2.589 1.381 0.215 -3.477 -2.911 -1.053 -2.124 -1.262 2.941
405 A 3.316 -1.847 -2.022 -2.03 0.458 -1.725 -1.772 -0.249 -1.555 1.684 -0.272 -1.245 -0.207 -1.213 -1.9 -0.141 -0.608 -2.41 -1.666 1.057
406 L -1.711 -2.599 -3.24 -3.463 -0.447 -3.082 -3.476 -3.305 -1.981 2.641 2.98 -2.751 1.501 3.498 -3.802 -3.141 -1.651 -0.923 0.484 1.351
407 L -1.302 -2.786 -3.204 -3.452 5.969 -3.144 -3.603 -3.022 -2.342 2.411 2.419 -2.809 1.095 2.142 -3.6 -2.713 -1.498 -1.616 -0.47 1.221
408 L -1.576 -2.222 -3.398 -3.656 -0.186 -2.676 -3.341 -3.418 -2.349 1.969 4.095 -2.514 2.097 0.797 -3.64 -3.194 -1.616 -1.686 -1.092 1.07
409 F -1.635 -2.365 -1.942 -2.582 -0.957 -2.927 -2.832 -2.44 -0.999 0.124 0.201 -2.48 -0.001 5.795 -3.511 -1.6 1.081 0.304 2.252 -0.34
410 S 1.791 -1.263 -0.635 -1.194 0.15 -1.197 -1.272 -0.525 -1.054 -0.195 0.991 -0.884 0.076 -0.982 -1.914 1.98 0.16 -2.307 -1.6 -0.188
411 F -1.549 -2.788 -2.076 -2.709 -1.396 -3.384 -3.278 2.232 -1.013 -0.316 -0.072 -2.83 -0.329 5.778 -3.968 -2.411 -2.287 0.278 2.18 -0.977
412 S 1.09 -0.719 0.519 -0.227 0.094 -0.548 -0.534 -0.085 -0.438 -1.89 -2.307 -0.263 -1.165 -1.922 -1.454 3.186 1.033 -2.527 -1.734 -1.271
413 L -1.519 -2.165 -3.341 -3.598 -0.129 -2.619 -3.284 -3.361 -2.292 2.027 4.002 -2.456 2.154 0.854 -3.583 -3.137 -1.559 -1.629 -1.035 1.127
414 L -1.519 -2.165 -3.341 -3.598 -0.129 -2.619 -3.284 -3.361 -2.292 2.027 4.002 -2.456 2.154 0.854 -3.583 -3.137 -1.559 -1.629 -1.035 1.127
415 K -0.805 2.115 -0.246 -0.7 -1.956 0.828 0.335 -1.321 -0.221 -2.101 -2.219 4.434 -1.202 -2.784 -1.665 -0.86 -1.06 -2.527 -1.767 -1.977
416 F -0.127 -1.446 -0.656 -1.389 -0.664 -1.459 -1.522 -1.214 0.323 -0.975 -1.026 -1.221 -0.691 3.595 -2.457 1.708 -0.211 0.237 3.636 -1.035
417 L -1.576 -2.222 -3.398 -3.656 -0.186 -2.676 -3.341 -3.418 -2.349 1.969 4.095 -2.514 2.097 0.797 -3.64 -3.194 -1.616 -1.686 -1.092 1.07
418 S 1.774 -1.147 0.274 2.659 -0.217 -0.853 -0.24 -0.227 -0.686 -1.8 -2.303 -0.584 -1.442 -2.168 -1.694 2.115 0.184 -2.771 -2.063 -1.172
419 F -2.37 -2.932 -2.896 -3.35 -1.41 -3.9 -3.518 -2.91 -0.864 0.241 0.529 -3.34 0.166 6.57 -4.484 -3.066 -2.406 0.816 2.895 -0.543
420 V -0.785 -2.813 -3.127 -3.208 0.07 -2.917 -3.299 -3.241 -2.847 3.916 1.299 -2.565 1.024 -0.11 -3.369 -2.689 -0.782 -2.32 -1.321 3.605
421 Q -0.294 0.624 0.031 -0.365 -1.309 4.311 0.979 -1.106 0.472 -2.19 -2.107 0.877 -0.616 -2.705 -2.002 0.924 -0.372 -2.307 -1.431 -1.691
422 S 0.102 -0.16 2.8 0.158 -0.777 2.041 -0.001 -0.442 0.246 -2.211 -2.455 0.134 -1.204 -2.311 -1.92 2.06 0.244 -2.585 -1.738 -1.724
423 C -0.428 -3.136 -2.991 -3.389 8.923 -3.25 -3.666 -2.378 -2.977 0.713 -0.451 -2.95 -0.506 -1.562 -3.233 -1.848 -1.11 -3.034 -2.374 1.567
424 Y -1.776 2.177 -1.647 -2.619 -1.906 -1.051 -1.832 -2.745 1.683 -1.196 -1.187 -0.356 -0.844 2.608 -3.198 -2.179 -1.953 1.636 5.948 -1.268
425 D 1.482 -0.957 0.074 2.87 -0.712 -0.193 1.908 -0.601 -0.433 -1.981 -2.39 -0.288 -1.584 -2.331 -1.797 1.095 -0.394 -2.727 -2.104 -1.35
426 G -0.513 0.543 -0.828 -1.397 5.874 -0.493 -0.974 2.429 -1.067 -1.947 -2.163 2.831 -1.517 -2.596 -2.299 -1.127 -1.366 -2.712 -2.354 -1.71
427 L -1.557 -2.519 -2.991 -3.278 -0.511 -2.685 -3.243 -3.345 -0.587 3.315 2.136 -2.443 1.13 1.445 -3.521 -2.958 -1.461 -0.239 3.229 1.804
428 V -0.817 -2.582 -3.15 -3.312 0.07 -2.78 -3.212 -3.219 -2.739 3.304 2.222 -2.516 1.282 0.074 -3.392 -2.706 -0.887 -2.172 -1.262 3.342
429 K -0.862 2.058 -0.304 -0.758 -2.013 0.771 0.278 -1.378 -0.279 -2.159 -2.276 4.579 -1.259 -2.841 -1.723 -0.917 -1.118 -2.585 -1.824 -2.035
430 N -0.336 -0.917 4.094 0.41 -1.156 -0.91 -1.082 2.757 0.139 -2.635 -3.027 -0.612 -2.028 -2.366 -2.344 1.084 -0.304 -2.756 -2.25 -2.287
431 E -0.297 0.464 -0.125 0.654 -1.514 0.794 3.092 -1.268 0.01 -2.401 -2.521 2.1 -1.502 -2.508 -1.762 0.897 -0.521 -2.503 -1.875 -1.903
432 F -0.708 2.223 -1.011 -1.77 -0.821 -0.891 -1.522 -1.735 -0.545 -0.211 0.142 -0.152 2.582 3.129 -2.808 0.449 -0.716 -1.01 0.365 -0.539
433 F -0.793 -1.573 2.375 -0.747 -0.75 -1.703 -1.786 -1.3 -0.511 1.585 -0.194 -1.367 -0.213 3.109 -2.83 0.564 -0.502 -1.297 0.262 0.358
434 N -0.859 -1.269 3.787 -0.159 -0.551 -1.377 -1.61 -1.228 -0.364 1.399 -0.43 -1.156 -0.293 -1.22 -2.865 -1.002 -0.451 -2.662 -1.65 2.396
435 K -0.084 0.988 0.043 -0.457 -1.127 2.721 0.472 -0.928 0.052 -2.11 -2.204 2.544 -0.934 -2.555 -1.779 1.279 -0.2 -2.444 -1.622 -1.699
436 D 0.41 -1.457 -0.487 3.18 -0.866 -0.847 1.154 -1.478 -0.942 -0.061 1.419 -0.945 0.099 -0.964 -2.436 -1.164 -1.277 -2.453 -1.886 -0.433
437 G 1.233 -1.094 3.984 0.178 -0.911 -1.1 -1.283 2.805 0.003 -2.246 -2.671 -0.757 -1.921 -2.339 -2.344 -0.186 -0.782 -2.727 -2.25 -1.704
438 Y -1.313 0.728 -1.086 -1.684 -1.898 -0.243 -0.761 -2.065 1.128 -1.424 -1.535 2.869 -0.976 1.636 -2.43 -1.591 -1.578 0.764 4.874 -1.48
439 T -0.625 -0.106 -0.744 -1.426 -0.389 -0.783 -1.198 -1.761 -1.286 0.195 1.15 1.535 0.247 -0.994 -2.096 -0.32 2.723 -2.16 -1.584 0.059
440 Y -1.821 -1.387 -1.269 -2.389 -1.922 -1.322 -1.809 -2.606 4.982 -1.204 -1.284 -1.59 -0.852 2.699 -3.211 -2.233 -2.159 1.693 6.059 -1.408
441 G -0.811 2.642 -0.806 -1.546 -1.349 -0.275 -1.082 2.363 -0.619 -0.91 -0.545 2.011 2.375 -1.541 -2.581 -1.329 -1.39 -2.124 -1.808 -1.114
442 L -1.755 -2.384 -3.264 -3.576 -0.447 -2.937 -3.384 -3.283 -1.9 1.624 3.532 -2.699 1.721 3.552 -3.829 -3.162 -1.794 -0.831 0.515 0.743
443 I -1.412 -3.136 -3.298 -3.216 -0.186 -3.245 -3.722 -3.515 -2.747 4.613 1.641 -2.714 1.235 0.182 -3.54 -3.112 -1.11 -2.22 -1.321 2.825
444 L -1.493 -2.643 -3.348 -3.428 -0.186 -2.946 -3.526 -3.466 -2.541 3.584 3.121 -2.612 1.698 0.506 -3.59 -3.153 -1.352 -1.941 -1.204 2.079
445 F -2.37 -2.932 -2.896 -3.35 -1.41 -3.9 -3.518 -2.91 -0.864 0.241 0.529 -3.34 0.166 6.57 -4.484 -3.066 -2.406 0.816 2.895 -0.543
446 L -1.755 -2.384 -3.264 -3.576 -0.447 -2.937 -3.384 -3.283 -1.9 1.624 3.532 -2.699 1.721 3.552 -3.829 -3.162 -1.794 -0.831 0.515 0.743
447 L 1.223 -1.734 -1.842 -2.29 0.11 -1.873 -2.193 -1.523 -1.804 0.977 2.519 -1.567 1.016 -0.203 -2.453 -0.756 1.405 -1.997 -1.41 0.646
448 L -1.112 -2.089 -2.185 -2.669 -0.116 -2.32 -2.799 -2.772 -2.183 2.591 2.844 -2.032 1.397 0.19 -3.008 -1.644 1.328 -1.941 -1.3 1.458
449 P -0.872 -2.049 -1.969 -1.599 -1.493 -1.969 -1.658 -1.888 -1.643 -2.353 -2.786 -1.1 -2.439 -3.371 6.699 -1.487 -1.384 -4.585 -2.671 -2.197
450 N -1.695 -0.45 5.717 1.246 -1.882 -0.562 -0.761 -0.19 0.933 -2.748 -3.187 -0.331 -2.197 -2.41 -2.623 -0.154 -0.487 -3.002 -2.104 -2.596
451 L -1.19 -2.294 -3.284 -3.535 -0.055 -2.663 -3.233 -3.305 -2.488 2.261 3.567 -2.491 1.822 0.535 -3.526 -2.949 -1.29 -1.853 -1.147 2.229
452 I -1.081 -2.97 -3.211 -3.212 -0.055 -3.077 -3.503 -3.375 -2.796 4.285 1.475 -2.639 1.132 0.04 -3.453 -2.893 -0.941 -2.27 -1.321 3.241
453 Y -1.848 -1.813 -2.161 -3.058 -1.787 -1.819 -2.399 -2.968 2.069 -0.839 -0.946 -1.909 -0.718 3.313 -3.369 -2.473 -2.125 2.273 6.729 -1.015
454 F -2.37 -2.932 -2.896 -3.35 -1.41 -3.9 -3.518 -2.91 -0.864 0.241 0.529 -3.34 0.166 6.57 -4.484 -3.066 -2.406 0.816 2.895 -0.543
455 A 4.002 -1.519 -1.698 -1.723 0.644 -1.356 -1.334 0.338 -1.247 -0.866 -1.357 -0.884 -0.909 -1.884 -1.511 0.419 -0.458 -2.476 -1.791 0.103
456 R -1.57 5.576 -0.498 -1.599 -2.295 0.482 -0.596 -2.164 0.063 -2.647 -2.063 1.983 -1.259 -2.508 -2.74 -1.442 -1.489 -2.27 -1.808 -2.197
457 S 1.032 -0.777 0.461 -0.284 0.037 -0.606 -0.591 -0.142 -0.496 -1.947 -2.364 -0.321 -1.222 -1.979 -1.511 3.383 0.975 -2.585 -1.791 -1.328
458 S 0.817 -1.104 0.254 -0.518 -0.254 -0.934 -0.986 2.766 -0.718 -2.222 -2.608 -0.606 -1.527 -2.146 -1.786 2.753 0.474 -2.557 -2.082 -1.648
459 L 0.013 -1.41 -0.866 -1.503 -0.072 -1.459 -1.65 -1.338 -1.276 0.63 2.387 -1.214 0.89 -0.269 -2.383 1.664 -0.039 -2.101 -1.42 0.113
460 F -2.23 -2.609 -2.694 -3.274 -1.5 -3.223 -3.195 -2.924 0.19 0.006 0.225 -2.91 -0.031 6.035 -4.162 -2.906 -2.333 1.255 4.416 -0.654
461 D -1.813 -1.624 1.163 5.885 -2.408 -0.908 1.014 -1.159 -0.572 -2.761 -3.527 -0.865 -2.733 -2.955 -2.325 -0.988 -1.448 -3.567 -3.079 -2.9
462 F -2.15 -2.737 -3.013 -3.423 -1.052 -3.542 -3.473 -3.029 -1.17 0.779 1.904 -3.11 0.782 5.867 -4.249 -3.098 -2.188 0.364 2.297 -0.048
463 L -0.612 -2.146 -1.833 -2.235 -0.129 -2.216 -2.504 -2.226 -1.919 3.26 2.038 -1.868 1.068 -0.035 -2.904 0.168 -0.525 -2.16 -1.37 1.776
464 V -0.651 -1.501 -1.36 -0.807 -0.379 -0.853 1.233 -2.342 -1.376 2.36 0.147 -1.007 0.149 -0.931 -2.491 -1.03 1.475 -2.32 -1.569 2.18
465 K -0.862 2.058 -0.304 -0.758 -2.013 0.771 0.278 -1.378 -0.279 -2.159 -2.276 4.579 -1.259 -2.841 -1.723 -0.917 -1.118 -2.585 -1.824 -2.035
466 L -0.503 -1.991 -1.717 -2.255 -0.244 -2.197 -2.325 -2.033 -1.491 1.355 1.674 -1.916 0.701 3.271 -2.996 0.244 -0.597 -1.108 0.392 1.705
467 F -1.511 -2.636 -3.031 -3.384 -0.576 -3.207 -3.316 -3.05 -1.615 1.605 1.966 -2.871 0.921 4.875 -3.9 -2.89 -1.616 -0.27 1.52 1.783
468 F 0.976 -1.118 -1.667 -1.929 -0.843 1.536 -1.008 -1.42 -0.451 -0.495 -0.367 -0.955 -0.22 4.696 -2.861 -1.234 -1.442 -0.352 1.456 -0.621
469 V -0.099 -2.094 -1.715 -2.157 0.122 -2.086 -2.28 -2.062 -2.077 2.945 0.614 -1.793 0.541 -0.564 -2.747 0.317 -0.169 -2.41 -1.431 3.151
470 L 1.059 -2.219 -2.849 -2.944 0.045 -2.4 -2.767 -1.954 -2.116 2.54 2.828 -2.053 1.356 0.156 -2.924 -1.781 -1.16 -1.997 -1.31 1.443
471 L -1.307 -2.681 -3.131 -3.35 -0.304 -3.066 -3.363 -3.197 -2.103 2.875 2.165 -2.727 1.16 3.399 -3.681 -2.901 -1.321 -1.05 0.452 2.42
472 F -2.15 -2.737 -3.013 -3.423 -1.052 -3.542 -3.473 -3.029 -1.17 0.779 1.904 -3.11 0.782 5.867 -4.249 -3.098 -2.188 0.364 2.297 -0.048
473 I -1.041 -2.489 -2.151 -2.505 -0.116 -2.558 -2.951 -2.81 -2.364 3.955 1.162 -2.115 0.879 -0.173 -2.968 -1.62 1.426 -2.22 -1.42 2.357
474 L -1.005 -2.692 -2.314 -2.713 -0.437 -2.817 -3.327 2.166 -2.293 3.217 1.987 -2.374 0.934 -0.119 -3.364 -2.454 -1.426 -2.136 -1.619 1.671
475 G 1.406 -2.137 -1.902 -2.326 -0.055 -2.171 -2.462 2.453 -1.937 1.105 1.368 -1.8 0.345 -0.745 -2.677 -1.207 -1.053 -2.245 -1.742 1.682
476 L 1.059 -2.219 -2.849 -2.944 0.045 -2.4 -2.767 -1.954 -2.116 2.54 2.828 -2.053 1.356 0.156 -2.924 -1.781 -1.16 -1.997 -1.31 1.443
477 W -0.229 -1.569 -0.789 -1.465 -0.755 -1.658 -1.624 -1.13 -0.743 -1.215 -1.199 -1.38 -0.828 3.221 -2.74 1.661 -0.283 6.797 1.12 -1.302
478 Y -1.85 -2.359 -2.588 -3.168 -1.213 -2.558 -2.945 -3.08 0.77 1.825 0.281 -2.407 0.108 4.194 -3.655 -2.765 -1.897 1.258 5.165 0.584
479 V 1.267 -2.063 -2.524 -2.679 0.162 -1.944 -2.462 -1.754 -1.858 2.71 1.088 -1.784 2.921 -0.298 -2.762 -1.432 -0.767 -2.077 -1.307 2.466
480 L -1.546 2.577 -1.455 -2.09 -1.356 -0.696 -1.329 -2.363 -0.722 -0.045 1.301 1.856 0.288 3.135 -2.964 -1.985 -1.621 -1.083 0.326 -0.609
481 R -1.445 2.832 2.688 -0.311 -2.133 0.171 -0.375 -1.268 4.593 -2.553 -2.509 2.184 -1.477 -2.056 -2.433 -0.974 -1.269 -2.282 -0.548 -2.448
482 C -0.119 -1.876 -1.043 -1.684 5.999 -1.849 -2.064 -1.55 -1.74 1.67 -0.324 -1.508 -0.233 -1.211 -2.367 0.857 1.705 -2.543 -1.871 0.768
483 L 1.042 -2.03 -2.87 -3.039 0.045 -2.285 -2.694 -1.94 -2.032 1.478 3.407 -2.012 1.588 0.324 -2.944 -1.794 -1.28 -1.864 -1.251 0.857
484 L -1.018 -0.483 -2.188 -2.534 -0.398 -1.356 -1.871 -2.668 -1.786 1.717 2.671 1.245 1.218 -0.095 -2.936 -2.246 -1.171 -2.066 -1.317 1.892
485 N -0.791 -1.283 3.948 0.025 -1.052 -1.344 -1.601 2.586 -0.213 -0.06 -1.558 -1.058 -1.195 -1.834 -2.808 -0.79 -0.79 -2.712 -2.104 0.915
486 V -0.665 -0.633 -2.096 -2.374 -0.258 -1.43 -1.858 -2.598 -1.981 2.936 0.622 1.238 0.536 -0.681 -2.827 -2.054 -0.783 -2.41 -1.439 3.117
487 K -1.058 1.612 -0.104 -0.816 -2.098 0.557 0.095 -1.463 4.505 -2.284 -2.361 3.894 -1.269 -2.216 -1.954 -1.076 -1.364 -2.27 -0.508 -2.261
488 P -0.815 -1.992 -1.912 -1.542 -1.435 -1.911 -1.601 -1.831 -1.586 -2.296 -2.729 -1.042 -2.381 -3.314 6.641 -1.43 -1.327 -4.527 -2.614 -2.14
489 A 3.865 -1.462 -1.64 -1.666 0.701 -1.298 -1.277 0.395 -1.189 -0.809 -1.3 -0.827 -0.852 -1.827 -1.454 0.476 -0.401 -2.419 -1.734 0.16
490 H -1.53 -1.408 -0.832 -1.855 -1.033 -1.296 -1.667 -2.445 6.055 2.734 0.275 -1.559 0.282 -0.261 -3.095 -2.225 -1.586 -1.789 0.56 1.219
491 E -0.086 0.666 -0.025 0.337 -1.238 0.62 2.332 -1.042 -0.095 -2.258 -2.431 2.428 -1.391 -2.443 -1.691 1.259 -0.272 -2.508 -1.831 -1.799
492 C -0.12 2.792 -0.661 -1.48 6.669 -0.757 -1.325 -1.31 -0.848 -1.66 -1.768 0.224 -1.177 -2.153 -2.382 1.052 -0.364 -2.657 -2.083 -1.214
493 H -0.05 -0.729 0.273 -0.734 -0.525 -0.602 -0.799 -0.975 5.103 -1.427 -1.927 -0.619 -0.989 -1.437 -1.933 1.472 2.137 -2.04 -0.132 -1.084