#Seq2Logo.py -f /work3/idamei/wzy_ssn/run/1e-50/run/150/MSAs/0007_56.afa -o /work3/idamei/wzy_ssn/run/1e-50/run/150/logos/0007_56.logo
Last position-specific scoring matrix computed, values are in halfbits
A R N D C Q E G H I L K M F P S T W Y V
0 L -1.109 -1.412 -2.388 -2.842 -0.197 -1.08 -2.382 -2.612 -0.997 1.575 2.107 -1.481 5.752 0.439 -3.271 -2.045 -1.074 -1.335 -0.861 0.961
1 D -0.847 2.19 -0.267 2.423 -0.797 -0.834 -0.628 -1.826 -1.015 0.36 -0.982 -0.057 -0.661 -1.705 -2.44 -0.799 1.416 -2.564 -1.91 1.262
2 K -1.21 0.623 -1.245 -1.701 -1.382 -0.403 -0.908 -2.15 0.182 1.451 -0.466 2.82 -0.291 0.63 -2.453 -1.692 -1.329 -0.396 3.157 0.251
3 L -1.262 0.591 2.362 -0.625 -1.221 -0.341 -0.788 -1.479 -0.376 -0.117 1.42 2.484 0.231 -0.993 -2.451 -1.22 -1.073 -2.32 -1.599 -0.657
4 F -1.965 -2.646 -2.776 -3.234 -1.124 -3.075 -3.232 -3.058 -0.053 1.944 0.586 -2.757 0.303 5.127 -3.916 -2.91 -1.953 0.828 4.062 0.664
5 Y -1.922 -1.609 2.186 -1.296 -1.704 -1.789 -2.089 -1.97 1.281 -0.854 -0.848 -1.669 -0.742 4.082 -3.38 -1.794 -1.67 1.214 5.135 -1.19
6 T 1.371 -1.006 -0.3 -1.183 -0.179 -0.915 -1.142 -0.902 4.361 -0.86 -1.471 -0.827 -0.813 -1.469 -1.888 0.182 2.723 -2.07 -0.469 -0.362
7 L -0.793 0.179 -0.951 -1.552 -0.555 -0.662 -1.119 -1.896 -1.223 0.343 1.616 2.009 0.485 -0.803 -2.221 -0.732 1.863 -2.129 -1.523 0.023
8 P -0.889 -1.262 -1.324 -0.167 -1.766 -0.418 1.987 -1.909 -0.802 -2.484 -2.759 -0.386 -2.195 -3.097 5.591 -1.239 -1.357 -3.662 -2.397 -2.177
9 I -0.968 -2.906 -3.172 -3.2 -0.002 -3.012 -3.422 -3.319 -2.802 4.149 1.428 -2.604 1.107 0.002 -3.414 -2.812 -0.877 -2.276 -1.31 3.361
10 T -0.137 -1.118 -0.164 -1.039 0.096 -1.128 -1.403 -1.354 -1.438 -0.249 -1.082 -0.816 -0.557 -1.605 -1.712 0.68 4.318 -2.21 -1.732 0.204
11 L 1.73 -2.046 -2.583 -2.726 0.285 -2.14 -2.388 -1.488 -2.084 1.782 2.054 -1.828 0.923 -0.294 -2.622 -1.255 -0.795 -2.161 -1.376 2.347
12 F -2.07 -2.665 -3.043 -3.438 -0.931 -3.421 -3.447 -3.059 -1.269 0.949 2.24 -3.027 0.972 5.574 -4.164 -3.098 -2.108 0.207 2.077 0.111
13 I -1.402 -3.126 -3.288 -3.206 -0.175 -3.234 -3.712 -3.504 -2.736 4.586 1.652 -2.704 1.246 0.193 -3.53 -3.101 -1.1 -2.21 -1.31 2.835
14 L -1.566 -2.211 -3.387 -3.645 -0.175 -2.665 -3.331 -3.408 -2.339 1.98 4.078 -2.503 2.107 0.808 -3.629 -3.183 -1.606 -1.675 -1.081 1.081
15 I -0.916 -2.292 -1.841 -2.291 -0.082 -2.351 -2.723 -2.598 -2.236 3.674 0.993 -1.929 0.761 -0.292 -2.789 -1.245 1.918 -2.21 -1.444 2.194
16 L -1.061 -2.308 -3.236 -3.485 -0.002 -2.648 -3.187 -3.258 -2.525 2.363 3.355 -2.473 1.735 0.453 -3.478 -2.862 -1.178 -1.901 -1.155 2.519
17 N -1.685 -0.44 5.695 1.256 -1.871 -0.552 -0.75 -0.18 0.943 -2.737 -3.177 -0.321 -2.186 -2.399 -2.613 -0.143 -0.476 -2.991 -2.094 -2.585
18 I -0.968 -2.906 -3.172 -3.2 -0.002 -3.012 -3.422 -3.319 -2.802 4.149 1.428 -2.604 1.107 0.002 -3.414 -2.812 -0.877 -2.276 -1.31 3.361
19 C 1.23 -2.694 -2.71 -2.82 6.74 -2.7 -2.964 -1.663 -2.348 2.626 0.338 -2.239 0.147 -0.87 -2.792 -1.39 -0.996 -2.588 -1.86 1.462
20 A 3.287 -1.239 -0.776 -1.149 0.466 -1.073 -1.054 0.197 -0.963 -1.173 -1.645 -0.673 -0.999 -1.905 -1.5 1.755 0.113 -2.501 -1.781 -0.289
21 F 1.676 -1.751 -1.364 -1.879 -0.093 -1.88 -1.917 -1.002 -1.165 -0.249 -0.503 -1.461 -0.391 3.692 -2.284 -0.227 1.882 -0.866 0.702 -0.053
22 V -1.087 -2.429 -2.757 -3.147 -0.417 -2.492 -2.956 -3.136 -0.195 3.0 0.736 -2.319 0.562 1.529 -3.358 -2.604 -1.153 0.099 3.875 2.701
23 I -0.968 -2.906 -3.172 -3.2 -0.002 -3.012 -3.422 -3.319 -2.802 4.149 1.428 -2.604 1.107 0.002 -3.414 -2.812 -0.877 -2.276 -1.31 3.361
24 V -0.034 -1.954 -1.384 -1.869 0.069 -1.916 -2.082 -1.799 -1.825 2.917 0.519 -1.6 0.461 -0.598 -2.598 0.816 -0.06 -2.395 -1.458 2.674
25 L -1.588 -2.31 -2.836 -3.153 -0.535 -2.43 -3.11 -2.973 -1.388 2.441 1.822 -2.383 3.484 3.997 -3.721 -2.696 -1.504 -0.583 0.922 1.231
26 S 0.564 -0.681 2.847 0.191 -0.326 -0.584 -0.622 -0.143 -0.056 -2.117 -2.538 -0.313 -1.426 -2.07 -1.741 2.791 0.684 -2.673 -1.856 -1.586
27 D -1.103 -1.016 3.37 3.442 -1.181 -0.849 -0.186 -0.847 -0.181 -1.656 -2.379 -0.653 -1.669 -2.264 -2.188 -0.068 1.962 -2.866 -2.245 -1.396
28 Q -0.055 1.767 0.092 -0.451 -1.042 3.363 0.569 -0.956 0.269 -2.165 -2.128 0.866 -0.783 -2.489 -1.947 1.421 -0.115 -2.333 -1.523 -1.643
29 G -0.765 -0.834 3.148 0.72 -1.85 -0.128 2.006 3.168 0.11 -2.914 -3.113 -0.296 -2.195 -2.576 -2.415 -0.637 -1.186 -2.611 -2.35 -2.529
30 N -1.033 0.401 3.048 -0.244 -1.196 -0.371 -0.745 -1.125 -0.155 -0.55 0.817 2.131 -0.16 -1.274 -2.372 -0.274 -0.753 -2.443 -1.694 -0.957
31 L -1.566 -2.211 -3.387 -3.645 -0.175 -2.665 -3.331 -3.408 -2.339 1.98 4.078 -2.503 2.107 0.808 -3.629 -3.183 -1.606 -1.675 -1.081 1.081
32 L -1.455 -2.788 -3.321 -3.345 -0.175 -3.032 -3.579 -3.471 -2.597 3.948 2.703 -2.635 1.563 0.413 -3.563 -3.128 -1.259 -2.02 -1.232 2.36
33 G 0.065 -2.383 -0.465 -1.348 -1.345 -2.22 -2.647 5.833 -1.501 -3.24 -3.486 -1.676 -2.692 -2.703 -2.804 -1.027 -1.944 -2.465 -3.173 -2.889
34 D -1.802 -1.613 1.174 5.87 -2.397 -0.897 1.025 -1.149 -0.561 -2.75 -3.516 -0.854 -2.723 -2.945 -2.314 -0.977 -1.438 -3.556 -3.068 -2.889
35 L -1.566 -2.211 -3.387 -3.645 -0.175 -2.665 -3.331 -3.408 -2.339 1.98 4.078 -2.503 2.107 0.808 -3.629 -3.183 -1.606 -1.675 -1.081 1.081
36 V 0.03 -1.475 -1.207 -1.788 0.064 -1.308 -1.778 -1.611 -1.295 1.515 0.754 -1.272 3.257 -0.486 -2.533 0.924 -0.053 -2.051 -1.291 2.142
37 G 0.065 -2.383 -0.465 -1.348 -1.345 -2.22 -2.647 5.833 -1.501 -3.24 -3.486 -1.676 -2.692 -2.703 -2.804 -1.027 -1.944 -2.465 -3.173 -2.889
38 F -1.495 -1.019 -1.729 -1.963 -1.073 2.088 -0.923 -2.511 -0.613 2.208 0.425 -0.867 0.416 3.779 -3.237 -2.095 -1.432 -0.815 0.836 0.856
39 L -0.239 0.257 -0.656 -1.222 -0.576 -0.501 -0.845 -1.341 -0.893 -0.027 1.479 2.077 0.346 -0.89 -2.135 1.007 -0.345 -2.242 -1.538 -0.431
40 V 0.278 -1.372 -0.547 -1.261 0.155 -1.326 -1.48 -1.262 -1.452 1.013 -0.52 -1.05 -0.195 -1.254 -2.044 1.419 2.328 -2.395 -1.599 1.99
41 E 0.104 -0.649 0.004 0.262 -0.549 0.067 2.129 -1.049 -0.426 -1.46 -1.965 -0.093 -1.139 -2.038 -1.701 1.592 2.233 -2.395 -1.814 -0.921
42 I -0.621 -0.59 -0.788 -1.234 -0.547 2.291 -0.471 -1.816 -0.706 2.082 -0.102 -0.309 0.173 -1.197 -2.352 -0.147 1.527 -2.238 -1.447 0.949
43 H -1.14 -0.957 3.079 -0.427 -1.057 -0.939 -1.216 -1.401 5.167 0.537 -1.013 -1.045 -0.606 -1.118 -2.851 -1.207 -0.956 -2.226 -0.112 1.49
44 S 0.671 -1.239 -0.288 -0.961 0.139 -1.124 -1.171 -0.808 -1.097 0.724 -0.817 -0.856 -0.372 -1.357 -1.963 2.374 0.576 -2.519 -1.615 1.77
45 L -1.014 -2.592 -3.204 -3.339 -0.002 -2.824 -3.302 -3.288 -2.661 3.392 2.549 -2.537 1.438 0.236 -3.446 -2.837 -1.023 -2.082 -1.232 2.971
46 I -1.687 -3.056 -3.147 -3.25 -0.529 -3.437 -3.642 -3.288 -1.964 3.721 1.327 -2.898 0.932 3.959 -3.811 -3.086 -1.471 -0.815 0.836 2.083
47 L -1.41 -0.637 -1.566 -1.987 -1.181 2.244 -0.694 -2.504 0.678 0.18 1.658 -0.582 0.621 1.382 -2.983 -1.96 -1.537 0.214 3.888 -0.31
48 S 1.043 -0.766 0.472 -0.274 0.047 -0.595 -0.58 -0.131 -0.485 -1.936 -2.353 -0.31 -1.212 -1.968 -1.5 3.347 0.986 -2.574 -1.781 -1.317
49 L -1.566 -2.211 -3.387 -3.645 -0.175 -2.665 -3.331 -3.408 -2.339 1.98 4.078 -2.503 2.107 0.808 -3.629 -3.183 -1.606 -1.675 -1.081 1.081
50 L -1.746 -2.726 -3.178 -3.391 -0.529 -3.22 -3.512 -3.258 -1.857 2.822 2.481 -2.824 1.283 4.02 -3.847 -3.113 -1.652 -0.697 0.873 1.449
51 F -1.902 -2.275 -2.763 -3.334 -1.033 -2.665 -3.032 -3.079 0.226 0.703 2.018 -2.518 0.773 4.481 -3.782 -2.883 -2.02 0.9 4.371 -0.008
52 I -1.687 -3.056 -3.147 -3.25 -0.529 -3.437 -3.642 -3.288 -1.964 3.721 1.327 -2.898 0.932 3.959 -3.811 -3.086 -1.471 -0.815 0.836 2.083
53 A 1.888 -1.819 -1.391 -1.738 0.106 -1.763 -1.821 -0.851 -1.381 2.141 0.032 -1.344 0.03 1.101 -2.224 0.817 -0.3 -1.941 -0.813 1.101
54 L -1.51 -2.485 -3.354 -3.491 -0.175 -2.843 -3.452 -3.439 -2.465 3.129 3.472 -2.568 1.848 0.617 -3.596 -3.156 -1.427 -1.843 -1.155 1.791
55 S 1.043 -0.766 0.472 -0.274 0.047 -0.595 -0.58 -0.131 -0.485 -1.936 -2.353 -0.31 -1.212 -1.968 -1.5 3.347 0.986 -2.574 -1.781 -1.317
56 L -1.566 -2.211 -3.387 -3.645 -0.175 -2.665 -3.331 -3.408 -2.339 1.98 4.078 -2.503 2.107 0.808 -3.629 -3.183 -1.606 -1.675 -1.081 1.081
57 G -0.916 -2.606 -2.01 -2.534 -0.61 -2.762 -3.209 2.89 -1.998 2.44 1.725 -2.314 0.649 1.401 -3.352 -2.246 -1.585 -1.737 -0.937 1.064
58 F -1.309 -2.73 -1.837 -2.513 -1.381 -3.22 -3.191 2.93 -1.054 -0.517 -0.293 -2.667 -0.504 5.441 -3.804 -2.211 -2.237 0.085 1.906 -1.126
59 L -1.404 -1.918 -3.013 -3.351 -0.181 -2.033 -2.977 -3.116 -1.817 1.852 3.558 -2.119 3.864 0.691 -3.504 -2.75 -1.416 -1.556 -1.005 1.043
60 W 1.902 -1.484 -1.076 -1.564 -0.29 -1.452 -1.467 -0.502 -0.94 -1.512 -1.762 -1.15 -1.133 -0.533 -2.323 1.271 -0.354 7.526 0.17 -0.986
61 G -0.505 -2.366 -1.963 -2.548 -0.321 -2.492 -2.952 2.906 -2.199 1.556 1.894 -2.173 0.676 -0.437 -3.191 -2.036 -1.271 -2.161 -1.715 2.045
62 L -1.153 -2.547 -3.249 -3.576 6.718 -2.913 -3.522 -2.942 -2.536 1.321 3.139 -2.7 1.376 0.129 -3.491 -2.598 -1.515 -2.113 -1.553 0.658
63 F -1.964 -1.515 -1.163 -2.256 -1.818 -1.588 -1.874 -2.468 5.331 -0.849 -0.727 -1.825 -0.542 4.36 -3.452 -2.312 -2.252 0.927 4.591 -1.343
64 D -1.437 -0.162 3.374 3.494 -2.059 2.509 0.685 -0.888 0.448 -2.575 -2.829 0.143 -1.605 -2.763 -2.362 -0.611 -0.944 -2.866 -2.069 -2.392
65 L -0.785 -1.969 -1.818 -2.45 -0.522 -1.907 -2.758 2.923 -1.559 0.858 2.225 -1.852 3.406 -0.117 -3.214 -1.952 -1.518 -1.786 -1.533 0.203
66 L -1.51 -2.485 -3.354 -3.491 -0.175 -2.843 -3.452 -3.439 -2.465 3.129 3.472 -2.568 1.848 0.617 -3.596 -3.156 -1.427 -1.843 -1.155 1.791
67 E -0.12 -0.339 -0.057 1.015 -1.354 0.812 3.615 -1.222 0.11 -2.476 -2.598 0.365 -1.577 -2.394 -1.765 1.294 -0.336 -2.465 -1.881 -1.85
68 K -0.851 2.069 -0.293 -0.747 -2.002 0.782 0.288 -1.367 -0.268 -2.148 -2.265 4.553 -1.249 -2.831 -1.712 -0.906 -1.107 -2.574 -1.814 -2.024
69 I -1.402 -3.126 -3.288 -3.206 -0.175 -3.234 -3.712 -3.504 -2.736 4.586 1.652 -2.704 1.246 0.193 -3.53 -3.101 -1.1 -2.21 -1.31 2.835
70 K -0.851 2.069 -0.293 -0.747 -2.002 0.782 0.288 -1.367 -0.268 -2.148 -2.265 4.553 -1.249 -2.831 -1.712 -0.906 -1.107 -2.574 -1.814 -2.024
71 P -0.861 -2.039 -1.959 -1.589 -1.482 -1.958 -1.647 -1.877 -1.633 -2.343 -2.775 -1.089 -2.428 -3.361 6.688 -1.477 -1.373 -4.574 -2.661 -2.187
72 L -1.566 -2.211 -3.387 -3.645 -0.175 -2.665 -3.331 -3.408 -2.339 1.98 4.078 -2.503 2.107 0.808 -3.629 -3.183 -1.606 -1.675 -1.081 1.081
73 L -1.205 -1.987 -1.775 -2.425 -0.423 -2.34 -2.58 -2.416 -1.48 0.826 2.001 -2.021 0.804 3.899 -3.032 -1.251 1.736 -0.697 0.811 0.326
74 T -0.12 -1.1 -0.146 -1.022 0.114 -1.11 -1.385 -1.336 -1.42 -0.231 -1.064 -0.798 -0.539 -1.588 -1.694 0.698 4.266 -2.192 -1.714 0.222
75 K -0.074 1.394 -0.015 -0.58 -1.147 0.392 0.027 -0.894 -0.339 -2.076 -2.294 3.639 -1.236 -2.514 -1.64 1.265 -0.23 -2.574 -1.803 -1.769
76 L -1.014 -2.592 -3.204 -3.339 -0.002 -2.824 -3.302 -3.288 -2.661 3.392 2.549 -2.537 1.438 0.236 -3.446 -2.837 -1.023 -2.082 -1.232 2.971
77 E 1.357 0.554 -0.529 0.087 -0.995 0.499 2.286 -0.879 -0.254 -1.923 -2.147 2.394 -1.315 -2.425 -1.701 0.143 -0.758 -2.492 -1.842 -1.306
78 D -1.003 -1.499 0.576 4.478 -1.063 -1.085 0.188 -1.333 -0.977 -0.766 -1.908 -0.943 -1.416 -2.158 -2.159 -0.385 1.873 -2.938 -2.387 -0.215
79 S 1.043 -0.766 0.472 -0.274 0.047 -0.595 -0.58 -0.131 -0.485 -1.936 -2.353 -0.31 -1.212 -1.968 -1.5 3.347 0.986 -2.574 -1.781 -1.317
80 N -1.723 -0.78 4.812 3.68 -2.036 -0.662 -0.03 -0.468 0.523 -2.742 -3.285 -0.488 -2.354 -2.57 -2.51 -0.395 -0.763 -3.168 -2.383 -2.683
81 Y -0.436 -1.741 -1.21 -1.838 -0.529 -1.683 -1.941 -1.793 0.265 2.077 -0.06 -1.461 -0.019 1.319 -2.641 0.799 -0.445 0.077 3.851 0.838
82 R -1.6 4.774 0.044 2.44 -2.294 0.221 -0.073 -1.849 -0.055 -2.647 -2.337 1.519 -1.535 -2.585 -2.602 -1.293 -1.451 -2.515 -2.048 -2.329
83 P -0.238 -1.646 -1.117 -1.182 -0.999 -1.534 -1.323 -1.314 -1.282 -2.218 -2.646 -0.856 -2.055 -2.927 5.896 0.605 -0.562 -3.912 -2.396 -1.926
84 V -1.105 -2.79 -3.01 -3.243 -0.287 -3.142 -3.293 -3.074 -2.027 2.939 1.008 -2.764 0.736 3.895 -3.653 -2.731 -1.158 -0.866 0.836 2.893
85 G 1.869 -1.954 -1.294 -1.546 -0.549 -1.817 -1.82 3.233 -1.452 -1.975 -2.395 -1.193 -1.893 -2.581 3.782 -0.572 -1.188 -3.013 -2.48 -1.354
86 L -1.581 -2.471 -3.317 -3.503 -0.26 -2.886 -3.436 -3.385 -2.27 2.801 3.43 -2.613 1.787 1.937 -3.665 -3.152 -1.526 -1.473 -0.485 1.542
87 I -1.687 -3.056 -3.147 -3.25 -0.529 -3.437 -3.642 -3.288 -1.964 3.721 1.327 -2.898 0.932 3.959 -3.811 -3.086 -1.471 -0.815 0.836 2.083
88 L -1.51 -2.485 -3.354 -3.491 -0.175 -2.843 -3.452 -3.439 -2.465 3.129 3.472 -2.568 1.848 0.617 -3.596 -3.156 -1.427 -1.843 -1.155 1.791
89 I 1.587 -2.481 -2.65 -2.618 0.129 -2.459 -2.681 -1.601 -2.145 3.627 0.952 -1.957 0.692 -0.346 -2.685 -1.405 -0.865 -2.292 -1.458 2.179
90 C -0.664 -2.087 -1.798 -2.45 6.727 -2.256 -2.681 -2.197 -2.181 0.584 1.74 -1.979 0.512 -0.659 -2.734 -0.957 1.836 -2.309 -1.792 0.351
91 L -1.566 -2.211 -3.387 -3.645 -0.175 -2.665 -3.331 -3.408 -2.339 1.98 4.078 -2.503 2.107 0.808 -3.629 -3.183 -1.606 -1.675 -1.081 1.081
92 E -0.12 -0.339 -0.057 1.015 -1.354 0.812 3.615 -1.222 0.11 -2.476 -2.598 0.365 -1.577 -2.394 -1.765 1.294 -0.336 -2.465 -1.881 -1.85
93 L -1.51 -2.485 -3.354 -3.491 -0.175 -2.843 -3.452 -3.439 -2.465 3.129 3.472 -2.568 1.848 0.617 -3.596 -3.156 -1.427 -1.843 -1.155 1.791
94 S 0.376 -1.209 -0.326 -1.016 -0.105 -1.184 -1.248 -0.852 -0.882 -0.215 1.017 -0.908 0.129 1.122 -2.087 2.325 0.322 -1.864 -0.793 -0.451
95 F -2.175 -2.498 -2.619 -3.239 -1.52 -3.019 -3.084 -2.919 0.481 -0.065 0.127 -2.77 -0.089 5.82 -4.052 -2.844 -2.299 1.398 4.775 -0.681
96 I -1.402 -3.126 -3.288 -3.206 -0.175 -3.234 -3.712 -3.504 -2.736 4.586 1.652 -2.704 1.246 0.193 -3.53 -3.101 -1.1 -2.21 -1.31 2.835
97 F -0.236 -2.285 -1.932 -2.402 -0.362 -2.526 -2.663 -2.17 -1.555 2.389 0.566 -2.084 0.365 3.832 -2.976 -1.276 1.285 -0.828 0.771 1.213
98 Y -1.837 -1.802 -2.151 -3.047 -1.777 -1.809 -2.388 -2.957 2.08 -0.829 -0.935 -1.898 -0.707 3.323 -3.358 -2.462 -2.114 2.284 6.707 -1.004
99 V -0.259 -2.511 -2.954 -3.19 0.315 -2.612 -2.919 -2.98 -2.94 3.005 0.92 -2.413 0.807 -0.423 -3.196 -2.309 -0.476 -2.412 -1.31 4.191
100 F -1.806 -1.172 -1.768 -2.225 -1.622 1.478 -1.207 -2.498 0.545 -0.482 -0.282 -1.178 -0.174 5.039 -3.461 -2.178 -1.919 0.828 4.062 -0.929
101 D -1.645 -0.648 2.656 2.755 -1.883 1.79 0.068 -1.279 0.17 -1.575 -1.561 -0.415 -1.05 2.882 -2.766 -1.059 -1.248 -1.426 0.139 -1.807
102 T -0.557 -1.478 -0.645 -1.469 -0.215 -1.614 -1.806 -1.673 -1.284 -0.119 -0.587 -1.273 -0.359 3.029 -2.198 0.098 3.591 -1.109 0.261 0.034
103 G -0.683 -1.254 4.024 0.235 -1.6 -1.271 -1.549 4.174 -0.031 -2.982 -3.331 -0.923 -2.432 -2.551 -2.71 -0.555 -1.121 -2.72 -2.587 -2.737
104 L -1.748 -2.377 -3.257 -3.569 -0.44 -2.93 -3.377 -3.275 -1.893 1.631 3.522 -2.692 1.729 3.547 -3.822 -3.154 -1.787 -0.824 0.523 0.751
105 F -2.092 -2.975 -2.984 -3.309 -1.045 -3.715 -3.561 -3.043 -1.225 2.066 0.857 -3.163 0.48 5.833 -4.21 -3.071 -2.017 0.311 2.287 0.735
106 L -0.893 -2.248 -2.83 -3.263 -0.219 -2.405 -2.873 -3.079 -0.627 2.138 1.847 -2.3 0.917 1.267 -3.343 -2.548 -1.085 -0.281 3.218 2.848
107 A 3.293 2.226 -1.341 -1.684 0.149 -0.768 -1.124 -0.107 -0.853 -1.212 -1.511 0.145 -0.986 -2.021 -1.766 0.061 -0.676 -2.416 -1.788 -0.316
108 G 0.065 -2.383 -0.465 -1.348 -1.345 -2.22 -2.647 5.833 -1.501 -3.24 -3.486 -1.676 -2.692 -2.703 -2.804 -1.027 -1.944 -2.465 -3.173 -2.889
109 N -0.468 -0.545 4.752 0.831 -1.082 -0.566 -0.692 -0.163 0.541 -2.445 -2.875 -0.317 -1.824 -2.248 -2.192 1.527 0.097 -2.845 -1.986 -2.098
110 N -0.468 -0.545 4.752 0.831 -1.082 -0.566 -0.692 -0.163 0.541 -2.445 -2.875 -0.317 -1.824 -2.248 -2.192 1.527 0.097 -2.845 -1.986 -2.098
111 E 1.702 -0.533 -0.741 0.763 -1.009 0.674 3.564 -0.978 -0.075 -1.992 -2.19 0.227 -1.454 -2.357 -1.765 -0.338 -1.002 -2.43 -1.881 -1.189
112 R -1.559 5.557 -0.487 -1.589 -2.284 0.493 -0.586 -2.153 0.073 -2.637 -2.053 1.993 -1.249 -2.497 -2.729 -1.431 -1.479 -2.259 -1.797 -2.187
113 G 2.007 -2.061 -0.818 -1.464 -0.515 -1.898 -2.135 4.871 -1.41 -2.211 -2.585 -1.383 -1.963 -2.399 -2.301 -0.456 -1.355 -2.465 -2.631 -1.514
114 G 0.065 -2.383 -0.465 -1.348 -1.345 -2.22 -2.647 5.833 -1.501 -3.24 -3.486 -1.676 -2.692 -2.703 -2.804 -1.027 -1.944 -2.465 -3.173 -2.889
115 G -0.001 -1.897 -0.361 -1.241 -0.781 -1.809 -2.17 4.78 -1.48 -1.872 -2.447 -1.36 -1.793 -2.289 -2.393 -0.34 1.742 -2.377 -2.609 -1.461
116 L -1.331 -2.374 -3.172 -3.485 -0.529 -2.707 -3.076 -2.896 -2.049 1.664 2.021 -2.572 0.855 0.568 -3.936 -2.919 -1.457 7.537 0.382 2.088
117 I -0.826 -2.856 -2.017 -2.446 -0.515 -2.855 -3.312 2.881 -2.263 3.51 0.715 -2.319 0.423 -0.492 -3.267 -2.234 -1.355 -2.292 -1.808 1.857
118 S 1.043 -0.766 0.472 -0.274 0.047 -0.595 -0.58 -0.131 -0.485 -1.936 -2.353 -0.31 -1.212 -1.968 -1.5 3.347 0.986 -2.574 -1.781 -1.317
119 A 3.135 -1.372 -1.086 -1.47 0.48 -1.271 -1.35 -0.115 -1.302 -0.639 -1.255 -0.854 -0.78 -1.781 -1.569 0.516 2.085 -2.377 -1.764 0.144
120 F -2.07 -2.665 -3.043 -3.438 -0.931 -3.421 -3.447 -3.059 -1.269 0.949 2.24 -3.027 0.972 5.574 -4.164 -3.098 -2.108 0.207 2.077 0.111
121 F -2.175 -2.498 -2.619 -3.239 -1.52 -3.019 -3.084 -2.919 0.481 -0.065 0.127 -2.77 -0.089 5.82 -4.052 -2.844 -2.299 1.398 4.775 -0.681
122 V -0.259 -2.511 -2.954 -3.19 0.315 -2.612 -2.919 -2.98 -2.94 3.005 0.92 -2.413 0.807 -0.423 -3.196 -2.309 -0.476 -2.412 -1.31 4.191
123 L -1.51 -2.485 -3.354 -3.491 -0.175 -2.843 -3.452 -3.439 -2.465 3.129 3.472 -2.568 1.848 0.617 -3.596 -3.156 -1.427 -1.843 -1.155 1.791
124 L -1.351 -2.164 -2.984 -3.211 -0.181 -2.175 -3.084 -3.144 -1.922 3.044 2.816 -2.176 3.726 0.492 -3.471 -2.727 -1.248 -1.716 -1.077 1.761
125 N -1.685 -0.44 5.695 1.256 -1.871 -0.552 -0.75 -0.18 0.943 -2.737 -3.177 -0.321 -2.186 -2.399 -2.613 -0.143 -0.476 -2.991 -2.094 -2.585
126 I -0.968 -2.906 -3.172 -3.2 -0.002 -3.012 -3.422 -3.319 -2.802 4.149 1.428 -2.604 1.107 0.002 -3.414 -2.812 -0.877 -2.276 -1.31 3.361
127 D -1.802 -1.613 1.174 5.87 -2.397 -0.897 1.025 -1.149 -0.561 -2.75 -3.516 -0.854 -2.723 -2.945 -2.314 -0.977 -1.438 -3.556 -3.068 -2.889
128 V 1.901 -2.137 -2.467 -2.609 0.433 -2.125 -2.284 -1.41 -2.254 2.19 0.343 -1.804 0.342 -0.831 -2.514 -1.086 -0.467 -2.43 -1.458 3.352
129 L -1.566 -2.211 -3.387 -3.645 -0.175 -2.665 -3.331 -3.408 -2.339 1.98 4.078 -2.503 2.107 0.808 -3.629 -3.183 -1.606 -1.675 -1.081 1.081
130 V -0.514 -2.095 -2.752 -3.068 0.155 -2.005 -2.727 -2.851 -2.136 2.603 1.374 -2.066 3.457 -0.105 -3.22 -2.217 -0.661 -2.005 -1.151 3.458
131 L -1.404 -1.918 -3.013 -3.351 -0.181 -2.033 -2.977 -3.116 -1.817 1.852 3.558 -2.119 3.864 0.691 -3.504 -2.75 -1.416 -1.556 -1.005 1.043
132 I -1.402 -3.126 -3.288 -3.206 -0.175 -3.234 -3.712 -3.504 -2.736 4.586 1.652 -2.704 1.246 0.193 -3.53 -3.101 -1.1 -2.21 -1.31 2.835
133 F -2.175 -2.498 -2.619 -3.239 -1.52 -3.019 -3.084 -2.919 0.481 -0.065 0.127 -2.77 -0.089 5.82 -4.052 -2.844 -2.299 1.398 4.775 -0.681
134 L -1.51 -2.485 -3.354 -3.491 -0.175 -2.843 -3.452 -3.439 -2.465 3.129 3.472 -2.568 1.848 0.617 -3.596 -3.156 -1.427 -1.843 -1.155 1.791
135 T -0.137 -1.118 -0.164 -1.039 0.096 -1.128 -1.403 -1.354 -1.438 -0.249 -1.082 -0.816 -0.557 -1.605 -1.712 0.68 4.318 -2.21 -1.732 0.204
136 H -1.927 -1.009 -0.312 -1.579 -2.002 -0.985 -1.223 -2.064 6.937 -1.349 -1.152 -1.417 -0.712 3.792 -3.237 -2.012 -2.299 -0.492 2.127 -1.954
137 C -0.71 2.679 -1.889 -2.618 6.688 -1.334 -2.129 -2.416 -1.566 0.832 -0.466 -0.235 -0.354 -1.514 -3.043 -1.789 -1.064 -2.611 -1.91 1.802
138 K -0.64 1.179 -0.94 -1.356 -1.009 0.026 -0.442 -1.812 -0.917 0.669 -0.782 3.509 -0.391 -1.79 -2.127 -1.303 -0.881 -2.519 -1.636 1.623
139 D -1.103 -1.016 3.37 3.442 -1.181 -0.849 -0.186 -0.847 -0.181 -1.656 -2.379 -0.653 -1.669 -2.264 -2.188 -0.068 1.962 -2.866 -2.245 -1.396
140 S 0.367 -1.022 0.725 3.316 -0.562 -0.692 0.059 -0.432 -0.51 -2.183 -2.691 -0.48 -1.633 -2.258 -1.747 2.483 0.38 -2.866 -2.149 -1.753
141 K -1.069 3.737 -0.356 -1.001 -2.093 0.689 0.025 -1.606 -0.15 -2.302 -2.193 3.923 -1.249 -2.715 -2.013 -1.071 -1.226 -2.465 -1.808 -2.077
142 Y -1.976 -2.165 -2.467 -3.188 -1.48 -2.426 -2.791 -2.972 1.14 -0.097 0.444 -2.354 -0.047 4.749 -3.708 -2.704 -2.158 1.66 5.587 -0.607
143 K -1.069 3.737 -0.356 -1.001 -2.093 0.689 0.025 -1.606 -0.15 -2.302 -2.193 3.923 -1.249 -2.715 -2.013 -1.071 -1.226 -2.465 -1.808 -2.077
144 G -0.285 -1.796 -0.763 -1.317 -0.818 -1.73 -1.851 3.071 -1.523 -1.662 -2.265 -1.172 -1.727 -2.464 3.771 -0.451 1.8 -2.907 -2.459 -1.304
145 L -1.455 -2.788 -3.321 -3.345 -0.175 -3.032 -3.579 -3.471 -2.597 3.948 2.703 -2.635 1.563 0.413 -3.563 -3.128 -1.259 -2.02 -1.232 2.36
146 I -1.493 -1.932 2.771 -0.89 -0.638 -2.043 -2.361 -1.936 -0.946 3.528 0.741 -1.676 0.485 -0.442 -3.191 -1.752 -0.877 -2.447 -1.548 1.878
147 I -0.829 -1.758 -1.635 -2.198 -0.088 -1.654 -2.347 -2.353 -1.633 2.661 1.194 -1.564 3.375 -0.191 -2.719 -1.029 1.922 -1.886 -1.277 1.555
148 L 1.595 -1.809 -2.47 -2.649 0.125 -1.774 -2.314 -1.452 -1.597 1.615 2.335 -1.628 3.061 -0.012 -2.658 -1.247 -1.005 -1.861 -1.253 0.978
149 L -1.566 -2.211 -3.387 -3.645 -0.175 -2.665 -3.331 -3.408 -2.339 1.98 4.078 -2.503 2.107 0.808 -3.629 -3.183 -1.606 -1.675 -1.081 1.081
150 W -2.675 -2.408 -3.191 -3.645 -2.359 -2.849 -2.994 -2.391 -1.159 -1.879 -1.675 -2.816 -1.305 1.103 -5.433 -3.38 -2.72 10.636 2.144 -2.253
151 V -0.546 -2.126 -1.771 -2.287 0.086 -2.185 -2.515 -2.461 -2.291 3.056 0.709 -1.852 0.595 -0.519 -2.7 -1.09 1.999 -2.276 -1.444 2.837
152 L -1.014 -2.592 -3.204 -3.339 -0.002 -2.824 -3.302 -3.288 -2.661 3.392 2.549 -2.537 1.438 0.236 -3.446 -2.837 -1.023 -2.082 -1.232 2.971
153 S 1.043 -0.766 0.472 -0.274 0.047 -0.595 -0.58 -0.131 -0.485 -1.936 -2.353 -0.31 -1.212 -1.968 -1.5 3.347 0.986 -2.574 -1.781 -1.317
154 F -2.359 -2.921 -2.885 -3.339 -1.399 -3.889 -3.507 -2.9 -0.853 0.252 0.54 -3.329 0.176 6.553 -4.473 -3.056 -2.396 0.827 2.906 -0.532
155 L -1.51 -2.485 -3.354 -3.491 -0.175 -2.843 -3.452 -3.439 -2.465 3.129 3.472 -2.568 1.848 0.617 -3.596 -3.156 -1.427 -1.843 -1.155 1.791
156 Q -0.908 0.982 -0.118 -0.382 -1.936 4.97 1.367 -1.504 0.744 -2.265 -2.016 1.197 -0.428 -2.984 -2.176 -0.78 -1.0 -2.21 -1.31 -1.812
157 R -1.559 5.557 -0.487 -1.589 -2.284 0.493 -0.586 -2.153 0.073 -2.637 -2.053 1.993 -1.249 -2.497 -2.729 -1.431 -1.479 -2.259 -1.797 -2.187
158 G 0.065 -2.383 -0.465 -1.348 -1.345 -2.22 -2.647 5.833 -1.501 -3.24 -3.486 -1.676 -2.692 -2.703 -2.804 -1.027 -1.944 -2.465 -3.173 -2.889
159 W -2.675 -2.408 -3.191 -3.645 -2.359 -2.849 -2.994 -2.391 -1.159 -1.879 -1.675 -2.816 -1.305 1.103 -5.433 -3.38 -2.72 10.636 2.144 -2.253
160 I -1.402 -3.126 -3.288 -3.206 -0.175 -3.234 -3.712 -3.504 -2.736 4.586 1.652 -2.704 1.246 0.193 -3.53 -3.101 -1.1 -2.21 -1.31 2.835
161 S 1.043 -0.766 0.472 -0.274 0.047 -0.595 -0.58 -0.131 -0.485 -1.936 -2.353 -0.31 -1.212 -1.968 -1.5 3.347 0.986 -2.574 -1.781 -1.317
162 Y -1.837 -1.802 -2.151 -3.047 -1.777 -1.809 -2.388 -2.957 2.08 -0.829 -0.935 -1.898 -0.707 3.323 -3.358 -2.462 -2.114 2.284 6.707 -1.004
163 L -1.807 -2.429 -3.21 -3.54 -0.529 -3.019 -3.388 -3.228 -1.754 1.51 3.303 -2.753 1.595 4.08 -3.884 -3.14 -1.846 -0.583 0.91 0.636
164 F -2.07 -2.665 -3.043 -3.438 -0.931 -3.421 -3.447 -3.059 -1.269 0.949 2.24 -3.027 0.972 5.574 -4.164 -3.098 -2.108 0.207 2.077 0.111
165 L -1.746 -2.726 -3.178 -3.391 -0.529 -3.22 -3.512 -3.258 -1.857 2.822 2.481 -2.824 1.283 4.02 -3.847 -3.113 -1.652 -0.697 0.873 1.449
166 L -1.51 -2.485 -3.354 -3.491 -0.175 -2.843 -3.452 -3.439 -2.465 3.129 3.472 -2.568 1.848 0.617 -3.596 -3.156 -1.427 -1.843 -1.155 1.791
167 I -1.687 -3.056 -3.147 -3.25 -0.529 -3.437 -3.642 -3.288 -1.964 3.721 1.327 -2.898 0.932 3.959 -3.811 -3.086 -1.471 -0.815 0.836 2.083
168 L -1.061 -2.308 -3.236 -3.485 -0.002 -2.648 -3.187 -3.258 -2.525 2.363 3.355 -2.473 1.735 0.453 -3.478 -2.862 -1.178 -1.901 -1.155 2.519
169 I -0.341 -2.11 -1.446 -1.872 -0.099 -2.067 -2.261 -1.907 -1.778 3.563 0.821 -1.67 0.634 -0.365 -2.685 0.737 -0.226 -2.326 -1.458 1.989
170 W 0.376 -1.416 -0.769 -1.473 -0.467 -1.448 -1.571 -1.083 -1.066 -1.158 -1.579 -1.186 -0.979 -0.47 -2.415 1.011 2.06 7.529 0.178 -0.809
171 Y -2.001 -2.129 -2.375 -3.141 -1.645 -2.351 -2.715 -2.938 1.39 -0.422 -0.356 -2.301 -0.382 4.833 -3.684 -2.647 -2.205 1.875 5.9 -0.838
172 V -1.212 -2.841 -3.037 -3.244 -0.334 -3.198 -3.359 -3.116 -2.015 3.113 1.075 -2.791 0.776 3.908 -3.684 -2.799 -1.218 -0.856 0.836 2.748
173 G -0.974 2.783 0.184 3.122 -1.969 -0.665 -0.366 3.071 -0.592 -2.864 -2.934 0.274 -2.135 -2.709 -2.608 -1.138 -1.611 -2.707 -2.609 -2.636
174 R -0.663 4.838 -0.219 -1.203 -1.507 0.253 -0.588 -1.504 -0.06 -2.449 -2.129 1.563 -1.243 -2.359 -2.373 0.66 -0.644 -2.338 -1.796 -1.947
175 R -0.52 4.1 -0.174 -0.997 -1.451 0.335 -0.343 -1.329 -0.145 -2.327 -2.182 2.569 -1.243 -2.435 -2.116 0.729 -0.57 -2.416 -1.801 -1.909
176 L -0.351 -2.02 -1.773 -2.225 0.007 -2.09 -2.351 -2.128 -1.949 2.712 1.891 -1.804 0.965 -0.181 -2.827 0.225 -0.379 -2.201 -1.363 2.353
177 K -1.042 0.921 -0.836 -0.385 -1.514 0.4 1.767 -1.923 -0.47 -0.544 0.875 3.02 -0.067 -1.389 -2.143 -1.307 -1.283 -2.288 -1.643 -0.912
178 N -0.949 0.139 4.033 0.33 -1.765 -0.45 -0.789 2.66 0.191 -2.693 -2.992 1.698 -2.033 -2.581 -2.406 -0.529 -0.945 -2.749 -2.253 -2.507
179 K -0.869 1.829 -0.252 -0.655 -1.989 2.511 0.594 -1.404 0.017 -2.18 -2.204 4.016 -1.024 -2.872 -1.825 -0.878 -1.083 -2.482 -1.683 -1.973
180 K -0.404 1.029 2.7 -0.004 -1.316 0.18 -0.152 -0.702 0.036 -2.231 -2.494 3.05 -1.45 -2.488 -1.857 0.978 -0.293 -2.676 -1.876 -1.956
181 N -1.688 -0.443 5.703 1.253 -1.875 -0.555 -0.754 -0.183 0.94 -2.741 -3.18 -0.324 -2.19 -2.403 -2.616 -0.146 -0.48 -2.995 -2.097 -2.589
182 W -2.359 -2.361 -3.243 -3.649 -1.644 -2.806 -3.078 -2.617 -1.415 -0.347 1.069 -2.738 -0.015 1.029 -4.87 -3.333 -2.402 9.823 1.609 -1.003
183 K -1.165 1.401 -0.759 -1.213 -1.843 0.133 -0.298 -1.684 -0.407 -1.341 -1.276 3.793 -0.825 2.875 -2.198 -1.316 -1.383 -1.29 0.23 -1.576
184 A 2.389 -2.02 -2.399 -2.444 0.266 -2.036 -2.219 -0.971 -1.815 2.136 1.672 -1.614 0.687 -0.441 -2.36 -0.839 -0.863 -2.189 -1.476 1.264
185 G -0.268 -2.342 -0.969 -1.777 -1.009 -2.329 -2.807 5.045 -1.693 -0.87 0.651 -1.865 -0.597 -1.361 -2.993 -1.438 -1.859 -2.25 -2.496 -1.295
186 V -1.022 -2.797 -3.04 -3.235 -0.194 -3.085 -3.295 -3.116 -2.213 3.214 1.083 -2.714 0.81 3.3 -3.58 -2.721 -1.06 -1.168 0.426 3.089
187 V -0.508 -2.657 -3.038 -3.197 0.196 -2.759 -3.101 -3.106 -2.891 3.489 1.118 -2.487 0.919 -0.26 -3.28 -2.491 -0.623 -2.364 -1.314 3.914
188 L -1.105 -2.081 -2.177 -2.662 -0.108 -2.313 -2.792 -2.765 -2.176 2.585 2.837 -2.025 1.405 0.197 -3.001 -1.637 1.315 -1.934 -1.293 1.465
189 I -1.262 -2.913 -3.101 -3.238 -0.297 -3.211 -3.447 -3.212 -2.182 3.563 1.227 -2.772 0.897 3.335 -3.648 -2.875 -1.192 -1.143 0.426 2.772
190 C -0.813 -2.681 -2.784 -2.9 7.785 -2.829 -3.055 -2.363 -2.429 -0.026 1.107 -2.34 -0.098 -1.228 2.946 -1.943 -1.417 -3.011 -2.248 -0.273
191 F -2.143 -2.73 -3.006 -3.416 -1.045 -3.535 -3.466 -3.022 -1.163 0.786 1.901 -3.103 0.789 5.857 -4.242 -3.091 -2.18 0.371 2.304 -0.041
192 I -0.741 -2.349 -2.085 -2.495 0.019 -2.417 -2.774 -2.692 -2.4 3.526 0.972 -2.046 0.769 -0.328 -2.889 -1.48 1.486 -2.263 -1.413 2.838
193 L -1.748 -2.377 -3.257 -3.569 -0.44 -2.93 -3.377 -3.275 -1.893 1.631 3.522 -2.692 1.729 3.547 -3.822 -3.154 -1.787 -0.824 0.523 0.751
194 A 2.457 -1.557 -1.066 -1.438 0.276 -1.429 -1.472 -0.417 -1.264 1.554 -0.453 -1.025 -0.273 -1.23 -1.893 1.344 -0.046 -2.436 -1.659 0.799
195 L -1.569 -2.215 -3.391 -3.649 -0.179 -2.669 -3.334 -3.411 -2.342 1.976 4.084 -2.507 2.104 0.804 -3.633 -3.187 -1.609 -1.679 -1.085 1.077
196 P -0.865 -2.042 -1.962 -1.592 -1.486 -1.962 -1.651 -1.881 -1.636 -2.346 -2.779 -1.093 -2.432 -3.364 6.692 -1.48 -1.377 -4.578 -2.664 -2.19
197 F -2.09 -2.311 -2.498 -3.193 -1.585 -2.669 -2.897 -2.932 0.967 -0.242 -0.108 -2.529 -0.235 5.372 -3.866 -2.747 -2.255 1.643 5.397 -0.762
198 V -0.538 -2.437 -3.06 -3.3 0.196 -2.629 -3.02 -3.085 -2.781 2.777 2.085 -2.439 1.187 -0.067 -3.302 -2.508 -0.723 -2.213 -1.255 3.679
199 E -1.13 -0.093 0.155 3.143 -2.297 2.5 3.343 -1.633 0.264 -2.643 -2.702 0.501 -1.561 -2.797 -2.074 -0.85 -1.271 -2.606 -1.998 -2.232
200 Q -0.861 0.238 2.666 -0.007 -1.27 3.344 0.399 -1.082 0.389 -1.707 -1.983 0.447 -0.817 -2.439 -2.155 -0.195 1.506 -2.39 -1.597 -1.304
201 L -1.486 -2.636 -3.341 -3.421 -0.179 -2.939 -3.518 -3.459 -2.534 3.573 3.116 -2.605 1.705 0.513 -3.583 -3.146 -1.345 -1.934 -1.197 2.086
202 K -0.855 2.065 -0.297 -0.751 -2.006 0.778 0.285 -1.371 -0.272 -2.151 -2.269 4.562 -1.252 -2.834 -1.715 -0.91 -1.111 -2.578 -1.817 -2.027
203 N -1.688 -0.443 5.703 1.253 -1.875 -0.555 -0.754 -0.183 0.94 -2.741 -3.18 -0.324 -2.19 -2.403 -2.616 -0.146 -0.48 -2.995 -2.097 -2.589
204 S 0.548 -0.959 0.661 2.753 -0.401 -0.671 -0.091 -0.358 -0.507 -2.123 -2.607 -0.44 -1.525 -2.187 -1.687 2.735 0.54 -2.794 -2.056 -1.641
205 I -1.405 -3.129 -3.291 -3.209 -0.179 -3.238 -3.715 -3.508 -2.74 4.595 1.648 -2.707 1.243 0.189 -3.533 -3.105 -1.103 -2.213 -1.314 2.832
206 R -1.563 5.563 -0.491 -1.592 -2.288 0.489 -0.589 -2.157 0.07 -2.64 -2.056 1.99 -1.252 -2.501 -2.733 -1.435 -1.482 -2.263 -1.801 -2.19
207 N -0.177 -0.582 4.387 0.68 -0.877 -0.574 -0.678 -0.162 0.399 -2.363 -2.791 -0.32 -1.723 -2.206 -2.076 1.906 0.252 -2.805 -1.956 -1.965
208 G 0.294 -1.573 -0.133 -0.971 -0.554 -1.458 -1.687 4.123 -1.201 -1.892 -2.427 -1.063 -1.64 -2.209 -2.146 1.105 1.576 -2.429 -2.382 -1.428
209 E -0.833 -0.921 0.079 3.082 -2.117 0.244 3.056 2.415 -0.237 -2.889 -3.092 -0.144 -2.209 -2.729 -2.213 -0.911 -1.501 -2.676 -2.469 -2.505
210 G 2.516 -0.03 -0.634 -1.195 -0.038 -1.168 -1.328 2.813 -0.996 -1.679 -2.06 -0.603 -1.366 -2.126 -1.849 1.21 -0.335 -2.482 -2.076 -0.894
211 I -1.056 -2.041 2.08 -1.319 -0.337 -2.149 -2.457 -2.145 -1.341 3.294 0.728 -1.833 0.533 -0.485 -3.176 -1.848 -0.736 -2.455 -1.49 2.767
212 S 0.656 -0.602 0.281 0.276 -0.406 0.012 1.738 -0.497 -0.251 -2.131 -2.446 -0.041 -1.347 -2.124 -1.6 2.747 0.555 -2.536 -1.821 -1.509
213 T -0.593 -1.273 0.354 3.183 -0.522 -1.049 -0.351 -1.284 -1.115 -0.869 -1.69 -0.829 -1.115 -1.987 -1.899 0.226 3.338 -2.593 -2.112 -0.51
214 Q -0.675 0.213 -0.793 -1.052 -0.978 3.903 0.507 -1.917 -0.049 0.64 -0.68 0.413 0.045 -1.86 -2.478 -1.205 -0.815 -2.276 -1.31 1.664
215 L -1.183 -2.287 -3.276 -3.528 -0.048 -2.656 -3.225 -3.298 -2.481 2.269 3.558 -2.484 1.829 0.542 -3.519 -2.942 -1.283 -1.846 -1.14 2.224
216 T -0.667 -1.494 -0.96 -1.576 -0.641 -1.484 -1.687 -1.82 -0.122 -0.806 -1.383 -1.126 -0.969 0.414 3.068 -0.342 2.663 -0.523 3.107 -0.54
217 F -2.359 -2.921 -2.885 -3.339 -1.399 -3.889 -3.507 -2.9 -0.853 0.252 0.54 -3.329 0.176 6.553 -4.473 -3.056 -2.396 0.827 2.906 -0.532
218 F -0.587 -2.095 -1.653 -2.211 -0.435 -2.353 -2.341 -1.962 -1.225 1.044 0.616 -2.02 0.244 4.448 -3.101 0.236 -0.682 -0.547 1.232 1.504
219 D 1.394 -1.356 0.486 4.138 -0.7 -0.925 0.207 -0.449 -0.699 -1.967 -2.54 -0.716 -1.771 -2.391 -1.882 1.065 -0.406 -2.995 -2.357 -1.467
220 E -0.905 -0.107 -0.324 1.532 -2.397 1.361 4.46 -1.935 0.407 -2.75 -2.688 0.691 -1.739 -2.593 -1.867 -0.777 -1.286 -2.373 -1.893 -2.12
221 G 0.104 -2.343 -0.426 -1.308 -1.306 -2.181 -2.608 5.796 -1.462 -3.201 -3.446 -1.636 -2.652 -2.664 -2.765 -0.988 -1.905 -2.426 -3.134 -2.85
222 P -0.822 -1.999 -1.919 -1.549 -1.443 -1.919 -1.608 -1.838 -1.593 -2.303 -2.736 -1.05 -2.389 -3.321 6.648 -1.437 -1.334 -4.535 -2.621 -2.147
223 Y -1.841 -1.806 -2.154 -3.051 -1.78 -1.812 -2.392 -2.961 2.076 -0.832 -0.939 -1.902 -0.711 3.32 -3.362 -2.466 -2.118 2.28 6.714 -1.008
224 A 2.365 -1.554 -1.077 -1.52 0.058 -1.55 -1.508 -0.428 -0.95 -0.709 -0.914 -1.143 -0.64 2.989 -2.025 1.119 0.313 -1.244 0.244 -0.345
225 D -1.334 -0.389 0.55 4.319 -2.288 2.231 2.437 -1.428 0.051 -2.634 -2.878 0.175 -1.754 -2.876 -2.176 -0.89 -1.298 -2.869 -2.248 -2.403
226 S 0.595 -1.204 -0.111 -0.779 -0.01 -1.067 -1.106 -0.681 -0.908 1.378 -0.739 -0.752 -0.379 -1.262 -1.893 2.63 0.585 -2.482 -1.659 0.382
227 F 0.906 -2.545 -2.624 -2.814 -0.449 -2.886 -2.831 -1.785 -1.329 1.941 0.529 -2.37 0.271 4.786 -3.217 -1.734 -1.464 -0.345 1.463 0.849
228 N -0.329 -0.91 4.082 0.417 -1.149 -0.903 -1.075 2.754 0.146 -2.628 -3.02 -0.605 -2.021 -2.359 -2.337 1.074 -0.297 -2.749 -2.243 -2.28
229 Q -0.92 0.735 -0.181 0.209 -2.057 4.411 2.547 -1.618 0.651 -2.391 -2.182 1.066 -0.715 -2.895 -2.11 -0.792 -1.082 -2.263 -1.457 -1.898
230 Q 1.25 0.528 -0.441 -0.665 -1.045 4.258 0.889 -0.922 0.358 -1.847 -1.837 0.798 -0.542 -2.667 -1.995 -0.43 -0.855 -2.275 -1.424 -1.201
231 F -2.143 -2.73 -3.006 -3.416 -1.045 -3.535 -3.466 -3.022 -1.163 0.786 1.901 -3.103 0.789 5.857 -4.242 -3.091 -2.18 0.371 2.304 -0.041
232 L -1.003 0.155 -1.18 -0.65 -1.033 0.185 1.546 -2.096 -0.418 0.213 0.64 1.739 3.976 -0.731 -2.45 -1.395 -1.145 -1.857 -1.324 -0.18
233 K -0.855 2.065 -0.297 -0.751 -2.006 0.778 0.285 -1.371 -0.272 -2.151 -2.269 4.562 -1.252 -2.834 -1.715 -0.91 -1.111 -2.578 -1.817 -2.027
234 V -0.573 -2.693 -3.058 -3.198 0.167 -2.796 -3.147 -3.137 -2.878 3.599 1.166 -2.504 0.948 -0.22 -3.3 -2.538 -0.661 -2.351 -1.314 3.838
235 V -0.508 -2.657 -3.038 -3.197 0.196 -2.759 -3.101 -3.106 -2.891 3.489 1.118 -2.487 0.919 -0.26 -3.28 -2.491 -0.623 -2.364 -1.314 3.914
236 G 0.008 -1.71 0.26 2.592 -1.13 -1.391 -0.792 4.131 -0.974 -2.744 -3.169 -1.073 -2.255 -2.559 -2.308 0.82 -0.801 -2.734 -2.738 -2.413
237 R -1.563 5.563 -0.491 -1.592 -2.288 0.489 -0.589 -2.157 0.07 -2.64 -2.056 1.99 -1.252 -2.501 -2.733 -1.435 -1.482 -2.263 -1.801 -2.19
238 V -0.662 -2.612 -2.94 -3.23 -0.031 -2.886 -3.058 -2.963 -2.265 2.519 0.826 -2.62 0.658 3.24 -3.47 -2.482 -0.853 -1.211 0.426 3.55
239 Q -0.911 0.979 -0.121 -0.385 -1.94 4.983 1.364 -1.508 0.741 -2.269 -2.019 1.193 -0.432 -2.987 -2.179 -0.783 -1.004 -2.213 -1.314 -1.815
240 T -0.141 -1.121 -0.167 -1.043 0.093 -1.131 -1.406 -1.357 -1.441 -0.253 -1.085 -0.819 -0.56 -1.609 -1.715 0.676 4.329 -2.213 -1.735 0.201
241 V -0.508 -2.657 -3.038 -3.197 0.196 -2.759 -3.101 -3.106 -2.891 3.489 1.118 -2.487 0.919 -0.26 -3.28 -2.491 -0.623 -2.364 -1.314 3.914
242 S 1.039 -0.77 0.468 -0.277 0.044 -0.598 -0.584 -0.135 -0.489 -1.94 -2.357 -0.314 -1.215 -1.972 -1.504 3.359 0.982 -2.578 -1.784 -1.321
243 H -1.736 -0.386 0.431 -0.99 -2.363 -0.194 -0.529 -1.726 8.048 -2.69 -2.624 -0.794 -1.29 -0.881 -2.778 -1.608 -2.255 -1.483 1.638 -3.064
244 V -0.508 -2.657 -3.038 -3.197 0.196 -2.759 -3.101 -3.106 -2.891 3.489 1.118 -2.487 0.919 -0.26 -3.28 -2.491 -0.623 -2.364 -1.314 3.914
245 A 3.986 -1.512 -1.691 -1.716 0.651 -1.349 -1.327 0.345 -1.24 -0.859 -1.35 -0.877 -0.902 -1.877 -1.504 0.426 -0.451 -2.469 -1.784 0.11
246 F -2.223 -2.602 -2.687 -3.267 -1.493 -3.216 -3.188 -2.917 0.197 0.014 0.232 -2.903 -0.024 6.026 -4.155 -2.899 -2.326 1.262 4.411 -0.647
247 I -1.405 -3.129 -3.291 -3.209 -0.179 -3.238 -3.715 -3.508 -2.74 4.595 1.648 -2.707 1.243 0.189 -3.533 -3.105 -1.103 -2.213 -1.314 2.832
248 L -0.768 -1.617 -1.351 -2.061 -0.04 -1.799 -2.212 -2.205 -1.857 1.072 2.529 -1.541 1.069 -0.157 -2.518 -0.652 2.675 -1.934 -1.392 0.672
249 D -1.806 -1.617 1.17 5.875 -2.401 -0.901 1.022 -1.152 -0.565 -2.754 -3.52 -0.858 -2.726 -2.948 -2.318 -0.981 -1.441 -3.56 -3.072 -2.893
250 N -1.688 -0.443 5.703 1.253 -1.875 -0.555 -0.754 -0.183 0.94 -2.741 -3.18 -0.324 -2.19 -2.403 -2.616 -0.146 -0.48 -2.995 -2.097 -2.589
251 I 1.136 -1.702 -1.892 -0.943 -0.334 -0.971 1.189 -1.694 -1.289 2.907 0.375 -1.058 0.24 -0.774 -2.473 -1.25 -0.977 -2.325 -1.574 1.551
252 N -1.285 -1.129 4.052 2.94 -1.25 -1.044 -0.53 -0.925 -0.034 -0.009 -1.555 -0.866 -1.192 -1.87 -2.67 -0.772 -0.692 -2.963 -2.079 0.903
253 E -1.096 0.412 2.648 0.626 -2.04 3.542 2.286 -1.212 0.704 -2.507 -2.446 0.74 -1.103 -2.743 -2.21 -0.619 -0.938 -2.442 -1.643 -2.078
254 L -1.527 -2.418 -3.366 -3.532 -0.179 -2.801 -3.425 -3.435 -2.436 2.884 3.64 -2.555 1.911 0.662 -3.608 -3.166 -1.474 -1.804 -1.14 1.625
255 Q -1.087 0.683 2.671 0.119 -1.923 4.29 0.962 -1.115 0.792 -2.38 -2.269 0.882 -0.781 -2.83 -2.283 -0.61 -0.863 -2.39 -1.49 -1.99
256 N -1.341 0.386 4.782 0.752 -1.734 -0.188 -0.49 -0.504 0.568 -2.357 -2.753 1.816 -1.803 -2.446 -2.303 -0.257 0.092 -2.831 -2.001 -2.172
257 L -1.748 -2.377 -3.257 -3.569 -0.44 -2.93 -3.377 -3.275 -1.893 1.631 3.522 -2.692 1.729 3.547 -3.822 -3.154 -1.787 -0.824 0.523 0.751
258 K -0.855 2.065 -0.297 -0.751 -2.006 0.778 0.285 -1.371 -0.272 -2.151 -2.269 4.562 -1.252 -2.834 -1.715 -0.91 -1.111 -2.578 -1.817 -2.027
259 N -1.206 0.4 4.79 0.781 -1.74 -0.162 -0.447 -0.434 0.603 -2.528 -2.87 1.83 -1.86 -2.475 -2.287 0.102 -0.503 -2.858 -2.005 -2.345
260 N -0.74 -0.507 4.136 0.469 -1.355 -0.471 -0.653 -0.485 4.627 -2.507 -2.813 -0.432 -1.683 -1.844 -2.331 1.01 -0.339 -2.442 -0.581 -2.314
261 G -0.609 2.032 -0.964 -1.782 -1.193 -1.431 -2.164 3.98 -1.245 1.154 -0.97 -0.384 -0.857 -1.633 -2.953 -1.537 -1.598 -2.351 -2.248 -0.095
262 E -0.741 -1.019 -1.214 0.18 -1.276 0.049 2.823 -2.172 -0.647 0.023 -1.32 -0.287 -0.999 -2.035 3.054 -1.296 -1.103 -2.824 -1.923 1.022
263 S 0.575 -1.069 -0.12 -0.823 -0.01 -0.994 -1.065 -0.671 -0.853 -0.373 0.889 -0.726 0.03 -0.992 -1.907 2.627 0.52 -2.325 -1.593 -0.511
264 T -0.315 -0.437 -0.156 -0.864 -0.297 1.871 -0.43 -1.394 -0.723 -0.64 -1.292 -0.17 -0.528 -1.897 -1.825 0.375 3.646 -2.213 -1.624 -0.187
265 D -1.776 -1.276 3.101 5.233 -2.26 -0.81 0.669 -0.878 -0.109 -2.751 -3.431 -0.715 -2.582 -2.802 -2.39 -0.748 -1.169 -3.408 -2.796 -2.814
266 F -2.363 -2.925 -2.889 -3.343 -1.403 -3.893 -3.511 -2.903 -0.857 0.248 0.536 -3.333 0.173 6.559 -4.477 -3.059 -2.399 0.823 2.902 -0.536
267 F -2.09 -2.311 -2.498 -3.193 -1.585 -2.669 -2.897 -2.932 0.967 -0.242 -0.108 -2.529 -0.235 5.372 -3.866 -2.747 -2.255 1.643 5.397 -0.762
268 E -0.938 0.176 -0.304 1.122 -2.306 2.746 4.031 -1.853 0.463 -2.653 -2.536 0.794 -1.381 -2.72 -1.975 -0.81 -1.244 -2.364 -1.768 -2.072
269 E -0.947 -0.15 -0.367 1.489 -2.44 1.318 4.56 -1.978 0.364 -2.793 -2.731 0.648 -1.782 -2.636 -1.91 -0.819 -1.329 -2.416 -1.936 -2.162
270 N -1.688 -0.443 5.703 1.253 -1.875 -0.555 -0.754 -0.183 0.94 -2.741 -3.18 -0.324 -2.19 -2.403 -2.616 -0.146 -0.48 -2.995 -2.097 -2.589
271 F -1.891 -2.777 -3.106 -3.381 -0.726 -3.377 -3.515 -3.168 -1.575 2.365 2.105 -2.946 1.04 4.894 -3.995 -3.102 -1.824 -0.238 1.527 1.063
272 I -0.324 -2.209 -1.759 -2.153 0.007 -2.197 -2.415 -2.144 -2.031 3.439 0.843 -1.842 0.675 -0.383 -2.808 0.231 -0.29 -2.351 -1.424 2.717
273 Y -0.376 -1.631 -0.855 -1.687 -1.112 -1.544 -1.874 2.413 0.942 -1.554 -1.745 -1.367 -1.229 1.702 -2.652 0.498 -0.953 0.78 4.834 -1.462
274 L -1.11 -2.72 -3.228 -3.309 -0.048 -2.925 -3.403 -3.344 -2.683 3.745 2.35 -2.582 1.388 0.222 -3.47 -2.904 -1.046 -2.117 -1.255 2.939
275 I 0.996 -2.588 -2.711 -2.786 -0.188 -2.759 -2.87 -1.879 -1.768 3.088 0.851 -2.248 0.568 3.257 -3.043 -1.742 -1.182 -1.151 0.366 1.698
276 L 2.125 -1.902 -2.501 -2.621 0.243 -2.013 -2.263 -1.161 -1.836 1.157 2.549 -1.675 1.051 -0.17 -2.487 -1.026 -0.974 -2.044 -1.385 1.07
277 K -0.404 1.029 2.7 -0.004 -1.316 0.18 -0.152 -0.702 0.036 -2.231 -2.494 3.05 -1.45 -2.488 -1.857 0.978 -0.293 -2.676 -1.876 -1.956
278 K -0.855 2.065 -0.297 -0.751 -2.006 0.778 0.285 -1.371 -0.272 -2.151 -2.269 4.562 -1.252 -2.834 -1.715 -0.91 -1.111 -2.578 -1.817 -2.027
279 L 1.05 -2.212 -2.842 -2.937 0.052 -2.393 -2.76 -1.947 -2.109 2.534 2.821 -2.046 1.364 0.163 -2.917 -1.774 -1.153 -1.99 -1.303 1.45
280 G 0.024 -1.358 2.671 -0.222 -1.039 -1.284 -1.492 4.177 -0.455 -2.741 -3.09 -0.92 -2.132 -2.431 -2.38 0.947 -0.581 -2.62 -2.49 -2.346
281 L -0.141 -1.376 0.327 -1.31 -0.158 -1.448 -1.658 -1.335 -1.121 0.619 2.369 -1.207 0.872 -0.276 -2.456 1.404 -0.135 -2.114 -1.43 0.081
282 A 2.291 -0.3 -1.566 -1.792 0.06 -0.917 -1.174 -0.793 -1.356 0.818 -0.582 1.485 -0.321 -1.515 -1.995 -0.539 -0.612 -2.479 -1.636 1.879
283 D -1.746 -0.971 4.248 4.405 -2.126 -0.723 0.268 -0.627 0.285 -2.747 -3.345 -0.579 -2.446 -2.663 -2.463 -0.534 -0.921 -3.263 -2.544 -2.737
284 D -1.285 -1.399 1.562 4.939 -1.523 -0.933 0.481 -1.13 -0.631 -1.898 -2.678 -0.812 -1.986 -2.518 -2.172 -0.419 1.339 -3.126 -2.613 -1.747
285 A 2.48 0.798 -0.91 -1.193 -0.382 -0.093 -0.41 -0.387 -0.715 -1.433 -1.773 2.97 -1.072 -2.316 -1.608 -0.165 -0.762 -2.523 -1.801 -0.765
286 L -1.069 -2.275 -2.161 -2.579 -0.108 -2.43 -2.867 -2.784 -2.265 3.341 2.122 -2.066 1.157 0.021 -2.981 -1.625 1.365 -2.07 -1.352 1.949
287 N -1.261 -0.839 4.92 0.622 -1.155 -0.949 -1.163 -0.67 0.35 -0.007 -1.51 -0.723 -1.107 -1.769 -2.751 -0.555 -0.48 -2.839 -1.881 0.924
288 T 0.202 -1.029 0.005 -0.832 0.081 -0.989 -1.178 -1.0 -1.172 -0.591 -1.355 -0.684 -0.711 -1.696 -1.661 1.613 3.785 -2.3 -1.747 -0.111
289 P 0.242 -1.336 -0.498 -0.86 -0.621 -1.2 -1.068 -0.878 -1.006 -2.136 -2.56 -0.677 -1.76 -2.585 4.855 1.854 0.038 -3.408 -2.191 -1.723
290 D -1.806 -1.617 1.17 5.875 -2.401 -0.901 1.022 -1.152 -0.565 -2.754 -3.52 -0.858 -2.726 -2.948 -2.318 -0.981 -1.441 -3.56 -3.072 -2.893
291 L -1.748 -2.377 -3.257 -3.569 -0.44 -2.93 -3.377 -3.275 -1.893 1.631 3.522 -2.692 1.729 3.547 -3.822 -3.154 -1.787 -0.824 0.523 0.751
292 L -1.569 -2.215 -3.391 -3.649 -0.179 -2.669 -3.334 -3.411 -2.342 1.976 4.084 -2.507 2.104 0.804 -3.633 -3.187 -1.609 -1.679 -1.085 1.077
293 A 3.986 -1.512 -1.691 -1.716 0.651 -1.349 -1.327 0.345 -1.24 -0.859 -1.35 -0.877 -0.902 -1.877 -1.504 0.426 -0.451 -2.469 -1.784 0.11
294 R -1.322 4.848 -0.429 -1.302 -2.197 0.583 -0.287 -1.887 -0.033 -2.478 -2.121 3.061 -1.252 -2.601 -2.375 -1.26 -1.361 -2.357 -1.806 -2.138
295 Y -1.963 -2.048 -2.321 -3.121 -1.681 -2.209 -2.634 -2.946 1.575 -0.522 -0.494 -2.199 -0.463 4.524 -3.603 -2.603 -2.186 1.979 6.13 -0.883
296 I -1.405 -3.129 -3.291 -3.209 -0.179 -3.238 -3.715 -3.508 -2.74 4.595 1.648 -2.707 1.243 0.189 -3.533 -3.105 -1.103 -2.213 -1.314 2.832
297 S 2.1 -0.938 0.061 -0.575 0.208 -0.768 -0.752 -0.007 -0.659 -1.629 -2.07 -0.444 -1.134 -1.948 -1.504 2.858 0.685 -2.55 -1.784 -0.891
298 P -0.666 -1.783 -1.399 -1.445 -1.003 -1.731 -1.588 -1.741 -1.586 -1.664 -2.254 -1.022 -1.839 -2.816 5.913 -0.773 1.331 -3.782 -2.402 -1.384
299 S 0.245 -1.049 0.524 2.694 -0.387 -0.799 -0.246 -0.64 -0.719 -1.569 -2.201 -0.564 -1.328 -2.084 -1.742 2.135 1.964 -2.691 -2.043 -1.129
300 L -1.635 -2.107 -3.029 -3.487 -0.504 -2.43 -3.068 -3.292 -0.481 1.489 3.418 -2.343 1.615 1.665 -3.563 -2.989 -1.728 -0.088 3.243 0.68
301 D -1.806 -1.617 1.17 5.875 -2.401 -0.901 1.022 -1.152 -0.565 -2.754 -3.52 -0.858 -2.726 -2.948 -2.318 -0.981 -1.441 -3.56 -3.072 -2.893
302 S 0.786 -0.854 0.322 -0.45 0.056 -0.723 -0.768 -0.395 -0.699 -1.417 -1.983 -0.432 -1.037 -1.877 -1.555 2.886 2.242 -2.482 -1.772 -0.859
303 S 1.039 -0.77 0.468 -0.277 0.044 -0.598 -0.584 -0.135 -0.489 -1.94 -2.357 -0.314 -1.215 -1.972 -1.504 3.359 0.982 -2.578 -1.784 -1.321
304 W -2.678 -2.411 -3.195 -3.649 -2.363 -2.853 -2.997 -2.394 -1.163 -1.882 -1.679 -2.819 -1.309 1.1 -5.437 -3.383 -2.723 10.639 2.141 -2.256
305 N -1.688 -0.443 5.703 1.253 -1.875 -0.555 -0.754 -0.183 0.94 -2.741 -3.18 -0.324 -2.19 -2.403 -2.616 -0.146 -0.48 -2.995 -2.097 -2.589
306 V -0.262 -2.515 -2.958 -3.193 0.311 -2.616 -2.922 -2.984 -2.943 3.001 0.917 -2.417 0.803 -0.427 -3.2 -2.313 -0.48 -2.416 -1.314 4.2
307 N -1.688 -0.443 5.703 1.253 -1.875 -0.555 -0.754 -0.183 0.94 -2.741 -3.18 -0.324 -2.19 -2.403 -2.616 -0.146 -0.48 -2.995 -2.097 -2.589
308 P -0.865 -2.042 -1.962 -1.592 -1.486 -1.962 -1.651 -1.881 -1.636 -2.346 -2.779 -1.093 -2.432 -3.364 6.692 -1.48 -1.377 -4.578 -2.664 -2.19
309 S 1.039 -0.77 0.468 -0.277 0.044 -0.598 -0.584 -0.135 -0.489 -1.94 -2.357 -0.314 -1.215 -1.972 -1.504 3.359 0.982 -2.578 -1.784 -1.321
310 L -1.569 -2.215 -3.391 -3.649 -0.179 -2.669 -3.334 -3.411 -2.342 1.976 4.084 -2.507 2.104 0.804 -3.633 -3.187 -1.609 -1.679 -1.085 1.077
311 V -0.777 -2.806 -3.12 -3.201 0.077 -2.91 -3.292 -3.234 -2.84 3.907 1.306 -2.558 1.031 -0.102 -3.362 -2.682 -0.775 -2.313 -1.314 3.596
312 G 0.061 -2.386 -0.468 -1.351 -1.349 -2.224 -2.651 5.836 -1.505 -3.244 -3.489 -1.679 -2.695 -2.707 -2.808 -1.031 -1.948 -2.469 -3.177 -2.893
313 W -2.678 -2.411 -3.195 -3.649 -2.363 -2.853 -2.997 -2.394 -1.163 -1.882 -1.679 -2.819 -1.309 1.1 -5.437 -3.383 -2.723 10.639 2.141 -2.256
314 I -1.074 -2.963 -3.204 -3.205 -0.048 -3.069 -3.496 -3.367 -2.789 4.271 1.482 -2.632 1.139 0.047 -3.446 -2.886 -0.934 -2.263 -1.314 3.239
315 F -1.965 -2.646 -2.776 -3.234 -1.124 -3.075 -3.232 -3.058 -0.053 1.944 0.586 -2.757 0.303 5.127 -3.916 -2.91 -1.953 0.828 4.062 0.664
316 I -1.445 -2.872 -3.316 -3.313 -0.179 -3.085 -3.615 -3.483 -2.635 4.129 2.474 -2.656 1.483 0.356 -3.558 -3.125 -1.222 -2.07 -1.255 2.483
317 Q -1.096 0.693 0.027 -0.525 -2.04 4.308 0.994 -1.561 4.665 -2.369 -2.159 0.81 -0.623 -2.3 -2.318 -0.968 -1.269 -2.013 -0.251 -2.081
318 N -1.688 -0.443 5.703 1.253 -1.875 -0.555 -0.754 -0.183 0.94 -2.741 -3.18 -0.324 -2.19 -2.403 -2.616 -0.146 -0.48 -2.995 -2.097 -2.589
319 D -1.814 -1.663 0.629 5.088 -2.233 -1.103 0.472 -1.509 0.353 -2.141 -2.629 -1.086 -2.076 0.168 -2.546 -1.287 -1.596 -0.756 2.992 -2.295
320 L -1.702 -2.003 -2.707 -3.334 -0.87 -2.209 -2.825 -3.177 0.641 0.901 2.55 -2.188 1.027 2.328 -3.494 -2.804 -1.852 0.932 4.901 0.219
321 Y -1.841 -1.806 -2.154 -3.051 -1.78 -1.812 -2.392 -2.961 2.076 -0.832 -0.939 -1.902 -0.711 3.32 -3.362 -2.466 -2.118 2.28 6.714 -1.008
322 L -0.98 -2.531 -3.042 -3.339 -0.161 -2.901 -3.161 -3.064 -2.135 2.253 2.025 -2.644 1.061 3.346 -3.583 -2.689 -1.132 -1.076 0.459 2.881
323 L 1.033 -2.023 -2.863 -3.032 0.052 -2.278 -2.687 -1.933 -2.025 1.486 3.396 -2.005 1.595 0.331 -2.937 -1.787 -1.273 -1.857 -1.244 0.864
324 P -0.865 -2.042 -1.962 -1.592 -1.486 -1.962 -1.651 -1.881 -1.636 -2.346 -2.779 -1.093 -2.432 -3.364 6.692 -1.48 -1.377 -4.578 -2.664 -2.19
325 L -1.11 -2.72 -3.228 -3.309 -0.048 -2.925 -3.403 -3.344 -2.683 3.745 2.35 -2.582 1.388 0.222 -3.47 -2.904 -1.046 -2.117 -1.255 2.939
326 L -1.367 -2.38 -3.06 -3.213 -0.183 -2.409 -3.232 -3.234 -2.109 3.519 2.566 -2.303 3.285 0.417 -3.489 -2.819 -1.214 -1.836 -1.137 2.066
327 W -2.678 -2.411 -3.195 -3.649 -2.363 -2.853 -2.997 -2.394 -1.163 -1.882 -1.679 -2.819 -1.309 1.1 -5.437 -3.383 -2.723 10.639 2.141 -2.256
328 V -0.508 -2.657 -3.038 -3.197 0.196 -2.759 -3.101 -3.106 -2.891 3.489 1.118 -2.487 0.919 -0.26 -3.28 -2.491 -0.623 -2.364 -1.314 3.914
329 V -0.946 -2.759 -3.02 -3.234 -0.161 -3.044 -3.246 -3.085 -2.223 3.088 1.033 -2.695 0.78 3.288 -3.558 -2.672 -1.018 -1.177 0.426 3.187
330 L -1.795 -2.419 -3.224 -3.55 -0.509 -2.999 -3.388 -3.243 -1.791 1.538 3.363 -2.74 1.627 3.958 -3.871 -3.146 -1.834 -0.644 0.815 0.663
331 L -1.569 -2.215 -3.391 -3.649 -0.179 -2.669 -3.334 -3.411 -2.342 1.976 4.084 -2.507 2.104 0.804 -3.633 -3.187 -1.609 -1.679 -1.085 1.077
332 C -0.682 -3.306 -3.065 -3.386 8.91 -3.423 -3.892 -2.469 -2.917 1.705 -0.128 -3.027 -0.318 -1.311 -3.307 -1.991 -1.283 -2.963 -2.367 0.782
333 F -2.143 -2.73 -3.006 -3.416 -1.045 -3.535 -3.466 -3.022 -1.163 0.786 1.901 -3.103 0.789 5.857 -4.242 -3.091 -2.18 0.371 2.304 -0.041
334 L -1.146 -2.495 -3.252 -3.416 -0.048 -2.787 -3.313 -3.321 -2.58 3.1 3.017 -2.532 1.617 0.386 -3.494 -2.923 -1.162 -1.979 -1.197 2.603
335 F -2.363 -2.925 -2.889 -3.343 -1.403 -3.893 -3.511 -2.903 -0.857 0.248 0.536 -3.333 0.173 6.559 -4.477 -3.059 -2.399 0.823 2.902 -0.536
336 T -0.465 -0.919 -0.006 -1.03 -0.353 -0.867 -1.161 -1.445 4.354 -0.696 -1.4 -0.813 -0.726 -1.409 -1.947 0.252 3.595 -2.013 -0.462 -0.335
337 L -1.375 -1.722 -2.506 -2.96 -0.454 -1.568 -2.625 -2.682 -0.961 1.296 1.787 -1.844 5.057 3.445 -3.528 -2.267 -1.353 -0.627 0.621 0.653
338 L -1.748 -2.377 -3.257 -3.569 -0.44 -2.93 -3.377 -3.275 -1.893 1.631 3.522 -2.692 1.729 3.547 -3.822 -3.154 -1.787 -0.824 0.523 0.751
339 K -0.812 2.108 -0.254 -0.708 -1.963 0.821 0.328 -1.328 -0.229 -2.109 -2.226 4.453 -1.209 -2.791 -1.673 -0.867 -1.068 -2.535 -1.774 -1.984
340 S 1.039 -0.77 0.468 -0.277 0.044 -0.598 -0.584 -0.135 -0.489 -1.94 -2.357 -0.314 -1.215 -1.972 -1.504 3.359 0.982 -2.578 -1.784 -1.321
341 K -0.659 1.537 -0.264 -0.821 -1.322 0.406 -0.054 -1.367 -0.523 -1.548 -1.924 3.877 -1.063 -2.476 -1.715 -0.424 1.412 -2.482 -1.796 -1.29
342 L 1.067 -2.415 -2.821 -2.846 0.052 -2.513 -2.834 -1.962 -2.196 3.301 2.101 -2.088 1.112 -0.015 -2.897 -1.761 -1.037 -2.129 -1.363 1.937
343 I -1.405 -3.129 -3.291 -3.209 -0.179 -3.238 -3.715 -3.508 -2.74 4.595 1.648 -2.707 1.243 0.189 -3.533 -3.105 -1.103 -2.213 -1.314 2.832
344 A 2.873 -1.117 -0.414 -0.908 0.364 -0.949 -0.931 0.115 -0.84 -1.349 -1.81 -0.582 -1.054 -1.924 -1.504 2.25 0.354 -2.523 -1.784 -0.518
345 T -0.098 -1.078 -0.124 -1.0 0.136 -1.089 -1.363 -1.314 -1.399 -0.21 -1.043 -0.776 -0.517 -1.566 -1.673 0.719 4.201 -2.17 -1.692 0.244
346 N -1.485 -0.367 4.988 1.314 -2.006 0.038 1.682 -0.538 0.806 -2.754 -3.061 -0.049 -2.082 -2.459 -2.423 -0.301 -0.67 -2.839 -2.056 -2.476
347 D -1.776 -1.276 3.101 5.233 -2.26 -0.81 0.669 -0.878 -0.109 -2.751 -3.431 -0.715 -2.582 -2.802 -2.39 -0.748 -1.169 -3.408 -2.796 -2.814
348 L -1.452 -1.497 -2.037 -1.244 -0.979 -0.94 1.128 -2.883 0.044 1.087 2.262 -1.242 0.83 1.237 -3.033 -2.235 -1.618 -0.201 3.198 0.266
349 Y -1.841 -1.806 -2.154 -3.051 -1.78 -1.812 -2.392 -2.961 2.076 -0.832 -0.939 -1.902 -0.711 3.32 -3.362 -2.466 -2.118 2.28 6.714 -1.008
350 A 3.377 -1.409 -1.228 -1.532 0.521 -1.293 -1.347 0.004 -1.289 -0.695 -1.281 -0.863 -0.813 -1.807 -1.555 0.491 1.635 -2.403 -1.772 0.133
351 L -0.365 -0.472 -0.821 -1.322 -0.474 1.931 -0.558 -1.527 -0.342 0.287 0.695 -0.299 4.035 -0.654 -2.456 0.615 -0.393 -1.814 -1.18 -0.032
352 N 0.997 -0.676 4.946 0.748 -1.009 -0.734 -0.887 -0.042 0.53 -2.144 -2.603 -0.453 -1.81 -2.262 -2.295 0.008 -0.472 -2.854 -2.016 -1.645
353 L -1.109 -1.412 -2.388 -2.842 -0.197 -1.08 -2.382 -2.612 -0.997 1.575 2.107 -1.481 5.752 0.439 -3.271 -2.045 -1.074 -1.335 -0.861 0.961
354 R -0.663 4.838 -0.219 -1.203 -1.507 0.253 -0.588 -1.504 -0.06 -2.449 -2.129 1.563 -1.243 -2.359 -2.373 0.66 -0.644 -2.338 -1.796 -1.947
355 W -2.678 -2.411 -3.195 -3.649 -2.363 -2.853 -2.997 -2.394 -1.163 -1.882 -1.679 -2.819 -1.309 1.1 -5.437 -3.383 -2.723 10.639 2.141 -2.256
356 L -1.748 -2.377 -3.257 -3.569 -0.44 -2.93 -3.377 -3.275 -1.893 1.631 3.522 -2.692 1.729 3.547 -3.822 -3.154 -1.787 -0.824 0.523 0.751
357 F -2.143 -2.73 -3.006 -3.416 -1.045 -3.535 -3.466 -3.022 -1.163 0.786 1.901 -3.103 0.789 5.857 -4.242 -3.091 -2.18 0.371 2.304 -0.041
358 W -2.359 -2.361 -3.243 -3.649 -1.644 -2.806 -3.078 -2.617 -1.415 -0.347 1.069 -2.738 -0.015 1.029 -4.87 -3.333 -2.402 9.823 1.609 -1.003
359 L -1.183 -2.287 -3.276 -3.528 -0.048 -2.656 -3.225 -3.298 -2.481 2.269 3.558 -2.484 1.829 0.542 -3.519 -2.942 -1.283 -1.846 -1.14 2.224
360 V -0.603 -2.471 -3.081 -3.301 0.167 -2.664 -3.065 -3.116 -2.769 2.917 2.12 -2.456 1.213 -0.029 -3.323 -2.554 -0.762 -2.201 -1.255 3.596
361 F -2.363 -2.925 -2.889 -3.343 -1.403 -3.893 -3.511 -2.903 -0.857 0.248 0.536 -3.333 0.173 6.559 -4.477 -3.059 -2.399 0.823 2.902 -0.536
362 L -1.183 -2.287 -3.276 -3.528 -0.048 -2.656 -3.225 -3.298 -2.481 2.269 3.558 -2.484 1.829 0.542 -3.519 -2.942 -1.283 -1.846 -1.14 2.224
363 F -2.143 -2.73 -3.006 -3.416 -1.045 -3.535 -3.466 -3.022 -1.163 0.786 1.901 -3.103 0.789 5.857 -4.242 -3.091 -2.18 0.371 2.304 -0.041
364 P -0.865 -2.042 -1.962 -1.592 -1.486 -1.962 -1.651 -1.881 -1.636 -2.346 -2.779 -1.093 -2.432 -3.364 6.692 -1.48 -1.377 -4.578 -2.664 -2.19
365 G 0.061 -2.386 -0.468 -1.351 -1.349 -2.224 -2.651 5.836 -1.505 -3.244 -3.489 -1.679 -2.695 -2.707 -2.808 -1.031 -1.948 -2.469 -3.177 -2.893
366 W -2.678 -2.411 -3.195 -3.649 -2.363 -2.853 -2.997 -2.394 -1.163 -1.882 -1.679 -2.819 -1.309 1.1 -5.437 -3.383 -2.723 10.639 2.141 -2.256
367 I -1.405 -3.129 -3.291 -3.209 -0.179 -3.238 -3.715 -3.508 -2.74 4.595 1.648 -2.707 1.243 0.189 -3.533 -3.105 -1.103 -2.213 -1.314 2.832
368 F -2.363 -2.925 -2.889 -3.343 -1.403 -3.893 -3.511 -2.903 -0.857 0.248 0.536 -3.333 0.173 6.559 -4.477 -3.059 -2.399 0.823 2.902 -0.536
369 Q -0.911 0.979 -0.121 -0.385 -1.94 4.983 1.364 -1.508 0.741 -2.269 -2.019 1.193 -0.432 -2.987 -2.179 -0.783 -1.004 -2.213 -1.314 -1.815
370 F -2.363 -2.925 -2.889 -3.343 -1.403 -3.893 -3.511 -2.903 -0.857 0.248 0.536 -3.333 0.173 6.559 -4.477 -3.059 -2.399 0.823 2.902 -0.536
371 T 0.202 -1.029 0.005 -0.832 0.081 -0.989 -1.178 -1.0 -1.172 -0.591 -1.355 -0.684 -0.711 -1.696 -1.661 1.613 3.785 -2.3 -1.747 -0.111
372 A 2.742 -1.212 -0.614 -1.125 0.375 -1.09 -1.141 -0.123 -1.078 -0.916 -1.497 -0.712 -0.886 -1.83 -1.555 1.525 1.852 -2.429 -1.772 -0.161
373 V -0.538 -2.437 -3.06 -3.3 0.196 -2.629 -3.02 -3.085 -2.781 2.777 2.085 -2.439 1.187 -0.067 -3.302 -2.508 -0.723 -2.213 -1.255 3.679
374 I -1.405 -3.129 -3.291 -3.209 -0.179 -3.238 -3.715 -3.508 -2.74 4.595 1.648 -2.707 1.243 0.189 -3.533 -3.105 -1.103 -2.213 -1.314 2.832
375 F -1.891 -2.777 -3.106 -3.381 -0.726 -3.377 -3.515 -3.168 -1.575 2.365 2.105 -2.946 1.04 4.894 -3.995 -3.102 -1.824 -0.238 1.527 1.063
376 S 1.039 -0.77 0.468 -0.277 0.044 -0.598 -0.584 -0.135 -0.489 -1.94 -2.357 -0.314 -1.215 -1.972 -1.504 3.359 0.982 -2.578 -1.784 -1.321
377 L -0.639 -2.365 -3.226 -3.372 -0.119 -2.693 -3.244 -2.985 -2.351 2.8 3.456 -2.419 1.784 0.545 -3.419 -2.75 -1.39 -1.849 -1.18 1.583
378 L -1.749 -2.637 -3.201 -3.437 -0.509 -3.147 -3.481 -3.265 -1.869 2.571 2.78 -2.793 1.398 3.912 -3.844 -3.126 -1.688 -0.731 0.787 1.287
379 I -0.657 -2.645 -2.715 -2.901 0.059 -2.715 -3.046 -2.92 -2.615 3.797 1.197 -2.362 0.946 -0.17 -3.213 -1.637 -0.646 -2.322 -1.341 3.4
380 F -2.026 -2.321 -2.519 -3.185 -1.486 -2.639 -2.907 -2.966 0.921 0.425 -0.004 -2.497 -0.143 5.119 -3.81 -2.75 -2.159 1.553 5.338 -0.36
381 I -1.431 -3.026 -3.205 -3.199 -0.257 -3.125 -3.612 -3.47 -2.052 4.438 1.539 -2.65 1.153 0.523 -3.522 -3.061 -1.157 -1.606 0.609 2.696
382 L -1.57 -2.46 -3.332 -3.513 -0.242 -2.867 -3.436 -3.4 -2.314 2.824 3.487 -2.601 1.816 1.667 -3.653 -3.158 -1.516 -1.555 -0.638 1.561
383 L -1.517 -2.471 -3.359 -3.504 -0.179 -2.835 -3.448 -3.441 -2.461 3.072 3.518 -2.568 1.861 0.626 -3.601 -3.161 -1.441 -1.836 -1.154 1.748
384 K -1.252 1.084 2.696 -0.152 -2.057 0.261 -0.14 -1.1 4.567 -2.42 -2.562 3.015 -1.47 -2.117 -2.164 -0.847 -1.171 -2.351 -0.544 -2.395
385 Y -1.155 -2.309 -2.648 -3.134 -0.576 -2.362 -2.842 -3.095 0.295 2.575 0.497 -2.244 0.376 1.881 -3.351 -2.562 -1.264 0.563 4.55 2.422
386 T 1.504 -1.161 -0.434 -1.194 0.143 -1.115 -1.323 -0.847 1.35 -0.503 -1.227 -0.832 -0.684 -1.621 -1.716 0.513 3.466 -2.222 -1.371 0.053
387 L -1.192 -2.715 -3.25 -3.468 6.139 -3.013 -3.585 -3.051 -2.602 2.572 2.727 -2.714 1.286 0.095 -3.492 -2.687 -1.392 -2.171 -1.52 1.393
388 R -1.057 3.653 2.69 -0.474 -1.897 -0.313 -1.058 2.627 0.02 -2.814 -2.662 0.799 -1.818 -2.524 -2.717 -0.929 -1.281 -2.494 -2.19 -2.465
389 T -0.741 0.086 -0.645 -1.381 -0.864 -0.579 -1.009 -1.729 0.3 -0.853 -1.323 1.778 -0.78 0.663 -2.091 -0.389 2.327 -0.154 3.446 -0.628
390 L -1.417 0.316 -1.565 -1.988 -1.2 -0.828 -1.247 -2.242 -0.904 0.233 1.552 2.379 0.469 3.448 -2.799 -1.957 -1.566 -0.96 0.547 -0.413
391 K -1.13 4.075 -0.371 -1.075 -2.116 0.665 -0.051 -1.675 -0.113 -2.344 -2.169 3.709 -1.245 -2.679 -2.101 -1.116 -1.257 -2.431 -1.803 -2.089
392 V -0.987 2.389 -1.824 -2.597 -0.781 -1.174 -1.917 -2.709 0.103 1.255 -0.186 -0.288 -0.067 0.963 -3.095 -2.065 -1.144 -0.154 3.479 2.224
393 F -2.32 -2.882 -2.846 -3.3 -1.36 -3.85 -3.468 -2.86 -0.814 0.291 0.579 -3.29 0.216 6.492 -4.434 -3.016 -2.356 0.866 2.945 -0.493
394 I -1.362 -3.086 -3.248 -3.166 -0.136 -3.195 -3.672 -3.465 -2.697 4.483 1.691 -2.664 1.286 0.232 -3.49 -3.062 -1.06 -2.17 -1.271 2.875
395 K -0.812 2.108 -0.254 -0.708 -1.963 0.821 0.328 -1.328 -0.229 -2.109 -2.226 4.453 -1.209 -2.791 -1.673 -0.867 -1.068 -2.535 -1.774 -1.984
396 T -0.098 -1.078 -0.124 -1.0 0.136 -1.089 -1.363 -1.314 -1.399 -0.21 -1.043 -0.776 -0.517 -1.566 -1.673 0.719 4.201 -2.17 -1.692 0.244
397 V -0.219 -2.472 -2.915 -3.15 0.354 -2.573 -2.879 -2.941 -2.9 3.044 0.96 -2.374 0.846 -0.384 -3.157 -2.27 -0.437 -2.373 -1.271 4.086
398 L -1.526 -2.172 -3.348 -3.606 -0.136 -2.626 -3.291 -3.368 -2.299 2.019 4.014 -2.464 2.147 0.847 -3.59 -3.144 -1.566 -1.636 -1.042 1.12
399 H -1.693 -0.343 0.474 -0.947 -2.32 -0.151 -0.486 -1.683 7.972 -2.647 -2.581 -0.751 -1.247 -0.838 -2.735 -1.565 -2.212 -1.44 1.681 -3.021
400 I -1.362 -3.086 -3.248 -3.166 -0.136 -3.195 -3.672 -3.465 -2.697 4.483 1.691 -2.664 1.286 0.232 -3.49 -3.062 -1.06 -2.17 -1.271 2.875
401 N -1.645 -0.4 5.612 1.296 -1.832 -0.512 -0.711 -0.14 0.983 -2.698 -3.137 -0.281 -2.147 -2.36 -2.573 -0.104 -0.437 -2.952 -2.054 -2.546
402 E -0.905 -0.107 -0.324 1.532 -2.397 1.361 4.46 -1.935 0.407 -2.75 -2.688 0.691 -1.739 -2.593 -1.867 -0.777 -1.286 -2.373 -1.893 -2.12
403 K -1.449 0.594 2.694 -0.424 -1.778 -0.391 -0.718 -1.285 0.002 -1.348 -1.307 2.546 -0.962 3.217 -2.548 -1.092 -1.201 -1.206 0.404 -1.635
404 P -0.775 -1.991 -1.602 -1.763 -0.623 -1.977 -1.992 -2.062 -1.83 1.629 -0.523 -1.354 -0.532 -1.554 4.623 -0.995 1.468 -3.082 -1.993 0.567
405 L -1.406 2.248 -1.891 -2.557 -0.657 -1.164 -1.954 -2.732 -1.34 1.026 2.937 0.304 1.264 -0.028 -3.084 -2.095 -0.537 -1.898 -1.33 0.334