#Seq2Logo.py -f /work3/idamei/wzy_ssn/run/1e-50/run/150/MSAs/0008_11.afa -o /work3/idamei/wzy_ssn/run/1e-50/run/150/logos/0008_11.logo
Last position-specific scoring matrix computed, values are in halfbits
A R N D C Q E G H I L K M F P S T W Y V
0 L -1.102 -1.405 -2.381 -2.835 -0.19 -1.073 -2.375 -2.605 -0.99 1.582 2.114 -1.474 5.717 0.446 -3.264 -2.038 -1.067 -1.328 -0.854 0.968
1 E -0.897 -0.1 -0.317 1.54 -2.389 1.368 4.443 -1.928 0.414 -2.743 -2.681 0.698 -1.732 -2.586 -1.86 -0.769 -1.279 -2.366 -1.886 -2.112
2 A 3.865 -1.462 -1.64 -1.666 0.701 -1.298 -1.277 0.395 -1.189 -0.809 -1.3 -0.827 -0.852 -1.827 -1.454 0.476 -0.401 -2.419 -1.734 0.16
3 S 1.09 -0.719 0.519 -0.227 0.094 -0.548 -0.534 -0.085 -0.438 -1.89 -2.307 -0.263 -1.165 -1.922 -1.454 3.186 1.033 -2.527 -1.734 -1.271
4 A 2.274 -2.135 -2.268 -2.356 0.08 -2.207 -2.213 -0.876 -1.401 1.762 0.195 -1.713 0.081 3.088 -2.444 -0.789 -0.964 -1.158 0.341 0.994
5 Y -1.82 -1.785 -2.133 -3.029 -1.759 -1.791 -2.371 -2.939 2.097 -0.811 -0.917 -1.88 -0.689 3.341 -3.34 -2.444 -2.097 2.301 6.67 -0.987
6 L -1.562 -2.208 -3.384 -3.642 -0.172 -2.662 -3.327 -3.404 -2.335 1.983 4.072 -2.499 2.111 0.811 -3.626 -3.18 -1.602 -1.672 -1.078 1.084
7 I -1.444 -2.83 -3.312 -3.321 -0.172 -3.056 -3.594 -3.473 -2.613 4.041 2.573 -2.641 1.523 0.386 -3.554 -3.121 -1.232 -2.043 -1.239 2.436
8 I -1.226 -2.881 -3.248 -3.259 -0.096 -3.048 -3.525 -3.406 -2.7 4.126 2.072 -2.628 1.334 0.215 -3.49 -2.982 -1.063 -2.151 -1.273 2.895
9 S 0.801 -1.002 0.159 -0.546 0.02 -0.85 -0.863 -0.427 -0.714 0.369 -1.319 -0.549 -0.701 -1.538 -1.713 2.942 0.769 -2.516 -1.705 -0.223
10 L -0.808 -2.297 -2.168 -2.729 -0.377 -2.52 -3.056 2.503 -2.142 1.418 2.786 -2.226 1.149 -0.021 -3.305 -2.276 -1.498 -1.978 -1.575 1.257
11 F -1.989 -2.592 -3.086 -3.463 -0.807 -3.297 -3.427 -3.103 -1.396 1.124 2.583 -2.942 1.168 5.215 -4.077 -3.106 -2.027 0.006 1.793 0.275
12 V -0.393 -2.588 -2.996 -3.188 0.253 -2.69 -3.016 -3.046 -2.906 3.291 1.04 -2.449 0.877 -0.323 -3.238 -2.406 -0.554 -2.379 -1.306 4.024
13 L -1.335 -2.249 -3.318 -3.572 -0.096 -2.654 -3.264 -3.339 -2.414 2.154 3.785 -2.486 1.957 0.665 -3.56 -3.037 -1.411 -1.766 -1.109 1.785
14 I -1.148 -2.766 -3.139 -3.275 -0.162 -3.033 -3.378 -3.239 -2.372 3.483 1.871 -2.664 1.147 2.374 -3.554 -2.853 -1.113 -1.503 -0.166 2.856
15 L -1.477 -2.69 -3.142 -3.358 -0.388 -3.121 -3.416 -3.213 -1.986 2.846 2.302 -2.758 1.223 3.673 -3.741 -2.98 -1.448 -0.884 0.649 2.038
16 S 1.047 -0.762 0.476 -0.27 0.051 -0.591 -0.577 -0.128 -0.481 -1.933 -2.35 -0.306 -1.208 -1.965 -1.497 3.335 0.99 -2.571 -1.777 -1.314
17 F -2.399 -2.839 -2.923 -3.377 -1.515 -3.712 -3.425 -2.818 -0.891 0.032 0.313 -3.247 0.009 6.175 -4.589 -3.096 -2.436 5.546 2.812 -0.72
18 L -1.433 -0.292 -2.071 -2.452 -0.756 -1.29 -1.784 -2.6 -1.372 1.029 2.808 1.472 1.218 2.335 -3.021 -2.314 -1.546 -1.343 -0.186 0.256
19 L -1.562 -2.208 -3.384 -3.642 -0.172 -2.662 -3.327 -3.404 -2.335 1.983 4.072 -2.499 2.111 0.811 -3.626 -3.18 -1.602 -1.672 -1.078 1.084
20 F -2.356 -2.918 -2.882 -3.336 -1.396 -3.886 -3.504 -2.896 -0.85 0.255 0.543 -3.326 0.18 6.548 -4.47 -3.052 -2.392 0.83 2.909 -0.529
21 K -0.864 1.801 -0.238 -0.634 -1.98 2.679 0.643 -1.402 0.063 -2.177 -2.188 3.915 -0.986 -2.87 -1.834 -0.866 -1.072 -2.462 -1.657 -1.958
22 K -0.92 1.706 -0.569 -0.99 -1.656 0.458 -0.035 -1.588 -0.512 0.29 -1.265 4.138 -0.728 -2.15 -1.908 -1.131 -1.102 -2.516 -1.733 -0.616
23 A 3.969 -1.505 -1.683 -1.709 0.658 -1.341 -1.32 0.352 -1.233 -0.852 -1.343 -0.87 -0.895 -1.87 -1.497 0.433 -0.444 -2.462 -1.777 0.117
24 A 2.664 -1.058 -0.263 -0.802 0.327 -0.889 -0.872 0.088 -0.78 -1.419 -1.875 -0.535 -1.07 -1.924 -1.497 2.42 0.46 -2.523 -1.777 -0.612
25 G 0.068 -2.379 -0.461 -1.344 -1.342 -2.217 -2.643 5.83 -1.498 -3.237 -3.482 -1.672 -2.688 -2.7 -2.801 -1.024 -1.941 -2.462 -3.17 -2.886
26 S 0.598 -0.908 0.22 -0.574 0.072 -0.808 -0.901 -0.59 -0.852 -1.087 -1.735 -0.512 -0.909 -1.804 -1.586 2.476 2.879 -2.409 -1.756 -0.562
27 L -1.212 -1.579 -2.59 -3.01 -0.2 -1.372 -2.575 -2.778 -1.253 1.662 2.677 -1.686 5.281 0.517 -3.354 -2.27 -1.192 -1.415 -0.916 0.98
28 A 2.547 -0.543 -0.467 -0.866 0.018 1.709 -0.281 -0.153 -0.449 -1.474 -1.806 -0.116 -0.895 -2.13 -1.648 1.63 0.009 -2.452 -1.68 -0.683
29 L -1.387 -2.27 -3.004 -3.014 -0.429 -2.558 -2.907 -3.01 -2.216 1.952 3.205 -2.153 1.436 0.185 2.628 -2.71 -1.503 -2.188 -1.403 0.899
30 N -1.192 2.066 3.044 -0.468 -1.172 -0.826 -1.384 0.963 -0.243 -0.663 0.637 -0.066 -0.324 -1.299 -2.745 -0.861 0.273 -2.359 -1.836 -0.945
31 R -1.108 3.487 -0.362 -0.252 -2.19 1.711 1.853 -1.769 0.108 -2.465 -2.268 2.906 -1.261 -2.698 -2.125 -1.045 -1.273 -2.4 -1.784 -2.093
32 L -1.539 -2.402 -3.376 -3.552 -0.186 -2.793 -3.422 -3.439 -2.433 2.799 3.702 -2.557 1.926 0.671 -3.618 -3.176 -1.496 -1.797 -1.141 1.562
33 N -1.695 -0.45 5.717 1.246 -1.882 -0.562 -0.761 -0.19 0.933 -2.748 -3.187 -0.331 -2.197 -2.41 -2.623 -0.154 -0.487 -3.002 -2.104 -2.596
34 L -1.149 -1.546 -2.474 -2.888 -0.209 -1.235 -2.495 -2.697 -1.132 2.02 2.054 -1.587 5.602 0.403 -3.308 -2.141 -1.091 -1.419 -0.913 1.177
35 L -1.15 -2.479 -3.076 -3.223 -0.101 -2.527 -3.227 -3.224 -2.312 3.57 2.248 -2.372 2.84 0.245 -3.453 -2.759 -1.07 -1.98 -1.198 2.657
36 S 1.025 -0.784 0.454 -0.291 0.03 -0.613 -0.598 -0.149 -0.503 -1.954 -2.371 -0.328 -1.229 -1.986 -1.518 3.406 0.968 -2.592 -1.798 -1.335
37 W -0.748 -2.103 -2.635 -3.209 -1.736 -2.293 -2.593 -2.188 0.44 -1.374 -1.373 -2.252 -1.054 1.979 -4.011 -2.456 -2.226 9.013 4.616 -1.486
38 I -1.202 -2.84 -3.259 -3.296 -0.097 -3.021 -3.499 -3.402 -2.712 4.028 2.174 -2.63 1.335 0.199 -3.501 -2.972 -1.076 -2.157 -1.285 2.91
39 F -2.275 -2.701 -2.755 -3.302 -1.482 -3.4 -3.287 -2.928 -0.069 0.065 0.304 -3.028 0.017 6.2 -4.253 -2.956 -2.36 1.135 4.077 -0.63
40 Y -1.855 -1.82 -2.168 -3.065 -1.794 -1.826 -2.406 -2.975 2.062 -0.846 -0.953 -1.916 -0.725 3.306 -3.376 -2.48 -2.132 2.266 6.743 -1.022
41 F -1.736 -2.518 -2.695 -3.247 -1.105 -2.958 -3.071 -2.947 0.074 0.772 0.27 -2.719 0.078 5.333 -3.894 -2.757 -1.888 0.968 4.289 1.035
42 E -1.266 -0.56 2.766 0.662 -2.088 0.157 2.336 -1.33 3.906 -2.688 -2.849 -0.127 -1.91 -2.286 2.305 -0.86 -1.229 -2.658 -0.999 -2.442
43 L -1.831 -2.546 -3.204 -3.507 -0.581 -3.125 -3.445 -3.238 -1.752 1.888 3.032 -2.814 1.443 4.256 -3.916 -3.147 -1.832 -0.549 1.011 0.824
44 I -1.414 -2.635 -3.061 -3.227 -0.335 -2.765 -3.345 -3.212 -2.015 3.515 1.821 -2.539 2.641 2.693 -3.629 -2.856 -1.285 -1.309 -0.009 2.241
45 L 0.454 -2.442 -2.923 -3.073 -0.169 -2.709 -2.986 -2.302 -1.987 2.586 2.337 -2.337 1.112 2.644 -3.228 -2.122 -1.284 -1.357 -0.069 1.719
46 L -1.229 -0.356 1.596 -0.974 -0.955 2.484 -0.458 -1.806 -0.111 0.304 1.357 -0.261 3.414 -0.675 -2.831 -1.353 -1.051 -1.933 -1.254 -0.168
47 S 1.414 -1.125 -0.278 -0.975 -0.091 -1.007 -1.104 -0.57 -0.104 -1.242 -1.701 -0.733 -0.986 -0.142 -1.807 2.173 1.505 -0.975 2.26 -0.724
48 F 0.244 -2.431 -2.825 -3.115 -0.567 -2.926 -2.99 -2.189 -1.37 0.794 2.132 -2.529 0.825 4.892 -3.506 -2.165 -1.747 -0.262 1.479 0.174
49 I -1.498 -2.753 -3.001 -2.978 -0.57 -3.004 -3.194 -3.081 -2.111 3.264 1.752 -2.449 0.866 2.574 1.91 -2.796 -1.443 -1.594 -0.166 1.656
50 G 1.337 -1.927 -0.478 -1.224 -0.687 -1.762 -1.986 4.881 -1.294 -2.494 -2.843 -1.294 -2.068 -2.45 -2.333 0.536 -0.991 -2.515 -2.663 -1.897
51 A 2.321 -1.257 -0.283 -0.888 0.057 -1.089 -1.118 2.162 -0.905 -1.717 -2.149 -0.717 -1.327 -2.077 -1.713 2.211 0.174 -2.551 -2.003 -0.961
52 I -1.138 -2.748 -3.256 -3.337 -0.077 -2.953 -3.431 -3.372 -2.711 3.783 2.355 -2.61 1.36 0.193 -3.498 -2.933 -1.074 -2.145 -1.283 2.949
53 L -1.794 -2.379 -3.15 -3.498 -0.562 -2.857 -3.326 -3.189 -1.672 1.441 3.178 -2.675 2.26 4.102 -3.881 -3.059 -1.825 -0.594 0.888 0.593
54 V -0.624 -2.734 -3.093 -3.227 0.129 -2.837 -3.191 -3.176 -2.902 3.653 1.153 -2.539 0.929 -0.235 -3.335 -2.582 -0.701 -2.375 -1.342 3.86
55 V -0.675 -2.502 -2.886 -3.2 -0.06 -2.584 -2.969 -3.089 -1.284 3.003 0.798 -2.397 0.655 0.683 -3.308 -2.485 -0.827 -0.923 2.36 3.603
56 Y -1.771 -1.359 2.908 -0.915 -1.5 -1.465 -1.874 -1.789 1.259 -0.551 0.439 -1.378 -0.357 1.891 -3.159 -1.576 -1.418 0.758 4.918 -0.934
57 H -1.029 0.344 -0.025 -0.312 -1.707 1.799 1.445 -1.631 5.249 -2.016 -2.194 1.463 -1.091 -1.863 -2.173 -0.761 0.649 -2.06 -0.149 -1.784
58 I -1.155 -2.299 1.169 -1.872 -0.288 -2.435 -2.795 -2.537 -1.746 3.571 1.392 -2.1 0.838 -0.231 -3.312 -2.215 -0.891 -2.358 -1.438 2.765
59 D -1.512 -1.776 0.751 5.414 -1.762 -1.153 0.611 -1.416 -0.877 -0.7 -2.176 -1.094 -1.784 -2.373 -2.476 -1.193 -1.285 -3.363 -2.722 0.1
60 N -1.159 -0.46 3.257 0.745 -1.687 0.166 2.205 -1.156 3.767 -2.183 -2.52 -0.124 -1.602 -2.046 -2.255 -0.417 0.826 -2.401 -0.989 -1.862
61 H -1.756 -0.424 2.255 -0.502 -2.304 -0.279 -0.594 -1.433 7.618 -2.727 -2.738 -0.739 -1.45 -1.114 -2.778 -1.335 -1.901 -1.714 1.238 -3.008
62 Y -1.144 -1.634 -1.546 -2.391 -1.413 -1.599 -2.029 -2.283 1.75 -1.018 -1.16 -1.597 -0.817 2.856 -2.985 -0.297 -1.342 1.831 6.275 -1.086
63 L -1.186 -1.993 -2.977 -3.309 -0.125 -2.058 -2.944 -3.079 -1.926 2.027 3.173 -2.138 3.856 0.48 -3.462 -2.639 -1.24 -1.694 -1.072 1.87
64 I -1.46 -2.984 -3.336 -3.306 -0.207 -3.163 -3.676 -3.52 -2.698 4.357 2.219 -2.701 1.377 0.273 -3.578 -3.147 -1.21 -2.145 -1.302 2.576
65 N -1.375 -1.09 4.219 3.58 -1.968 -0.922 -0.249 1.938 0.155 -2.852 -3.368 -0.717 -2.469 -2.653 -2.572 -0.569 -1.014 -3.099 -2.586 -2.765
66 K -0.883 2.037 -0.325 -0.779 -2.034 0.75 0.256 -1.399 -0.3 -2.18 -2.297 4.63 -1.281 -2.863 -1.744 -0.938 -1.139 -2.606 -1.846 -2.056
67 L -1.149 -2.131 -2.899 -2.57 -0.204 -2.081 -0.996 -3.189 -2.17 2.4 3.129 -2.088 1.524 0.27 -3.356 -2.697 -1.249 -1.977 -1.251 2.271
68 Y 0.751 -1.244 -0.752 -1.621 -0.654 -1.163 -1.449 -1.34 3.824 -1.013 -1.404 -1.12 -0.86 1.04 -2.307 0.042 1.433 0.127 4.032 -0.721
69 D 0.326 -1.44 -0.193 3.085 -1.468 -1.132 -0.449 -1.396 3.863 -1.663 -1.967 -1.186 -1.414 0.907 -2.56 -1.194 -1.595 -0.022 3.984 -1.56
70 Q -0.861 1.029 -0.071 -0.335 -1.889 4.804 1.414 -1.457 0.791 -2.219 -1.969 1.243 -0.381 -2.937 -2.129 -0.733 -0.953 -2.163 -1.263 -1.765
71 D -0.753 -0.934 0.643 4.349 -1.728 0.006 2.444 -1.124 -0.24 -2.583 -3.009 -0.221 -2.074 -2.635 -2.015 0.579 -0.74 -2.969 -2.412 -2.293
72 S -0.333 -0.403 2.004 0.11 -0.866 1.549 1.262 -1.027 -0.073 -1.274 -0.747 -0.045 -0.725 -1.859 -2.053 1.111 1.215 -2.431 -1.728 -1.085
73 S 1.414 -1.125 -0.278 -0.975 -0.091 -1.007 -1.104 -0.57 -0.104 -1.242 -1.701 -0.733 -0.986 -0.142 -1.807 2.173 1.505 -0.975 2.26 -0.724
74 R -1.591 5.614 -0.519 -1.621 -2.316 0.461 -0.617 -2.185 0.042 -2.668 -2.085 1.962 -1.281 -2.529 -2.761 -1.463 -1.511 -2.291 -1.829 -2.219
75 I -0.83 -2.471 -2.141 -2.518 -0.331 -2.649 -2.777 -2.442 -1.765 3.092 0.819 -2.247 0.583 3.292 -3.233 -0.463 -0.788 -1.199 0.358 2.2
76 L -1.573 -2.078 -2.767 -3.254 -0.652 -2.152 -2.901 -3.154 0.015 2.038 2.362 -2.163 2.617 1.771 -3.49 -2.737 -1.603 0.255 3.955 0.935
77 G 1.211 -2.249 -0.668 -1.437 -0.932 -2.087 -2.412 5.42 -1.487 -2.712 -3.032 -1.557 -2.336 -2.579 -2.574 -0.759 -1.666 -2.497 -2.921 -2.153
78 W -2.295 -2.373 -3.001 -3.517 -1.652 -2.788 -3.045 -2.746 -0.416 -0.34 0.738 -2.695 -0.115 3.271 -4.523 -3.153 -2.38 8.762 3.485 -0.949
79 L 0.3 -2.006 -2.61 -3.066 -0.762 -2.167 -2.568 -2.133 0.119 0.303 1.741 -2.04 0.448 1.707 -3.29 -2.045 -1.71 5.891 4.104 -0.12
80 A 3.605 -1.646 -1.941 -1.989 0.5 -1.559 -1.607 -0.056 -1.425 -0.178 0.559 -1.121 -0.161 -1.249 -1.795 0.032 -0.643 -2.349 -1.683 0.267
81 I -1.209 -3.046 -3.261 -3.235 -0.119 -3.153 -3.595 -3.442 -2.801 4.444 1.51 -2.685 1.146 0.067 -3.503 -2.985 -1.018 -2.274 -1.342 3.106
82 L -1.282 -1.684 -2.714 -3.115 -0.219 -1.547 -2.694 -2.883 -1.408 1.687 2.933 -1.812 5.075 0.538 -3.415 -2.406 -1.27 -1.473 -0.962 0.972
83 Y -1.869 -1.834 -2.182 -3.079 -1.809 -1.84 -2.42 -2.989 2.048 -0.86 -0.967 -1.93 -0.739 3.291 -3.39 -2.494 -2.146 2.252 6.771 -1.036
84 T -0.065 -1.133 -0.339 -1.149 0.01 -1.055 -1.414 -1.303 -1.213 -0.076 -0.407 -0.854 1.901 -1.228 -1.912 1.106 3.546 -2.13 -1.606 0.12
85 L -1.209 -1.559 -2.561 -2.99 -0.222 -1.319 -2.548 -2.759 -1.21 1.617 2.537 -1.657 5.507 0.475 -3.356 -2.235 -1.185 -1.418 -0.925 0.952
86 L -0.935 -2.651 -3.199 -3.334 0.007 -2.851 -3.298 -3.283 -2.743 3.478 2.271 -2.562 1.294 0.101 -3.441 -2.794 -0.963 -2.177 -1.283 3.238
87 A 2.547 -1.781 -1.517 -1.85 -0.026 -1.832 -1.75 -0.516 -1.001 -0.602 -0.715 -1.392 -0.569 3.717 -2.228 0.619 -0.647 -0.96 0.663 -0.327
88 F 0.227 -2.379 -2.597 -2.948 -0.765 -2.73 -2.853 -2.034 -0.969 0.345 0.623 -2.445 2.144 5.551 -3.561 -1.993 -1.765 0.147 2.024 -0.148
89 P -0.893 -2.07 -1.99 -1.621 -1.514 -1.99 -1.679 -1.909 -1.664 -2.374 -2.807 -1.121 -2.46 -3.392 6.719 -1.509 -1.405 -4.606 -2.692 -2.219
90 L -1.332 -2.697 -3.316 -3.49 4.995 -3.004 -3.582 -3.226 -2.598 2.959 2.959 -2.699 1.439 0.243 -3.558 -2.883 -1.416 -2.098 -1.42 1.601
91 G 0.033 -2.414 -0.497 -1.38 -1.377 -2.252 -2.679 5.862 -1.533 -3.272 -3.517 -1.708 -2.724 -2.735 -2.836 -1.059 -1.976 -2.497 -3.205 -2.921
92 L -1.282 -1.684 -2.714 -3.115 -0.219 -1.547 -2.694 -2.883 -1.408 1.687 2.933 -1.812 5.075 0.538 -3.415 -2.406 -1.27 -1.473 -0.962 0.972
93 L -1.201 -1.018 -2.553 -2.853 -0.347 -1.785 -2.325 -2.925 -2.011 2.156 3.06 0.466 1.444 0.156 -3.166 -2.545 -1.292 -1.999 -1.281 1.811
94 L -1.808 -2.605 -3.226 -3.496 -0.56 -3.149 -3.481 -3.275 -1.837 2.251 2.951 -2.82 1.411 4.082 -3.898 -3.158 -1.779 -0.671 0.86 1.039
95 A 3.383 -1.832 -2.025 -2.051 0.472 -1.712 -1.754 -0.255 -1.587 1.4 -0.399 -1.251 -0.284 -1.311 -1.905 -0.135 -0.581 -2.448 -1.687 1.316
96 N -1.071 0.458 4.084 0.333 -1.85 -0.25 -0.603 1.914 0.233 -2.632 -2.915 2.267 -1.94 -2.619 -2.34 -0.548 -0.916 -2.787 -2.178 -2.463
97 P -1.171 3.727 -1.112 -1.571 -1.837 -0.462 -1.05 -1.994 -0.637 -2.468 -2.374 0.864 -1.761 -2.879 4.78 -1.436 -1.408 -3.172 -2.179 -2.169
98 F -1.843 -2.55 -2.966 -3.306 -0.758 -2.938 -3.32 -3.051 -1.37 1.988 1.894 -2.727 2.529 4.926 -3.961 -2.918 -1.797 -0.205 1.521 0.804
99 F -1.586 -2.459 -2.914 -3.304 -0.652 -2.837 -3.191 -2.971 -1.391 1.39 1.794 -2.677 2.485 4.908 -3.894 -2.781 -1.655 -0.221 1.521 1.381
100 F -2.29 -2.734 -3.045 -3.469 -1.315 -3.492 -3.418 -2.916 -1.138 0.36 1.328 -3.118 0.398 5.627 -4.478 -3.16 -2.329 5.887 2.359 -0.423
101 K -1.013 1.747 -0.19 -0.817 -2.091 0.609 0.136 -1.455 3.622 -2.263 -2.353 4.19 -1.287 -2.431 -1.896 -1.043 -1.301 -2.392 -0.905 -2.205
102 G 1.062 -1.184 1.787 -0.209 -0.577 -0.727 0.799 1.869 -0.573 -0.456 -1.616 -0.689 -1.121 -1.918 -2.212 0.557 -0.5 -2.578 -1.991 0.56
103 K -0.429 0.679 -0.085 -0.549 -1.547 0.1 0.543 1.724 3.585 -2.436 -2.582 2.692 -1.52 -2.259 -2.037 0.338 -0.93 -2.362 -1.042 -2.207
104 D -1.646 3.735 0.494 4.038 -2.308 -0.087 0.363 -1.575 -0.194 -2.661 -2.661 0.94 -1.86 -2.68 -2.482 -1.163 -1.426 -2.803 -2.331 -2.484
105 V -0.807 -2.0 -1.535 1.39 -0.431 -1.771 -1.539 -2.346 -1.708 1.584 0.508 -1.661 2.758 -0.811 2.001 -1.869 -0.938 -2.528 -1.633 2.421
106 K -0.888 0.732 -0.216 1.832 -1.47 1.615 0.19 -1.509 -0.441 0.565 -1.255 2.74 -0.711 -2.056 -2.138 -0.381 -0.924 -2.615 -1.829 -0.484
107 E -0.718 -0.623 -0.659 -0.111 -1.221 1.603 2.193 1.513 -0.438 -0.897 0.194 -0.153 -0.425 -1.631 -2.316 -0.818 0.693 -2.25 -1.821 -0.943
108 L 0.353 -2.18 -2.869 -3.159 -0.318 -2.508 -2.861 -2.285 -1.216 1.189 2.972 -2.248 1.28 2.921 -3.263 -2.148 -1.555 -0.664 1.709 0.54
109 L -1.455 -2.285 -2.354 -2.841 -0.509 -2.602 -2.958 -2.777 -1.583 1.977 2.028 -2.329 1.842 3.984 -3.413 -1.989 0.581 -0.707 0.82 0.9
110 D -0.856 -0.07 2.796 2.367 -1.433 -0.057 1.363 -0.985 -0.041 -2.037 -2.504 1.316 -1.642 -2.427 -2.057 0.227 0.992 -2.753 -2.095 -1.723
111 R -1.293 3.889 1.773 -0.414 4.786 0.093 0.971 -1.726 -0.053 -2.293 -2.149 0.964 -1.476 -2.455 -2.661 -1.139 -1.271 -2.578 -2.05 -1.893
112 Y -1.869 -1.834 -2.182 -3.079 -1.809 -1.84 -2.42 -2.989 2.048 -0.86 -0.967 -1.93 -0.739 3.291 -3.39 -2.494 -2.146 2.252 6.771 -1.036
113 A 1.393 1.666 -0.916 -1.459 -0.276 1.27 -0.763 -1.162 -0.818 0.054 -0.969 0.054 -0.462 -1.771 -2.12 -0.304 1.563 -2.345 -1.638 1.012
114 K 0.745 0.781 1.891 -0.465 -0.982 0.92 -0.239 -0.832 -0.246 -1.617 -1.998 2.748 -1.146 -2.394 -1.875 -0.238 0.946 -2.556 -1.825 -1.181
115 K -0.105 1.362 -0.047 -0.612 -1.179 0.36 -0.005 -0.926 -0.37 -2.107 -2.326 3.707 -1.268 -2.546 -1.672 1.327 -0.262 -2.606 -1.834 -1.8
116 P -0.485 -0.021 -0.747 -0.452 -1.433 -0.216 1.108 -1.428 -0.695 -2.321 -2.592 1.824 -1.803 -2.863 4.401 0.283 -0.79 -3.245 -2.184 -2.011
117 I -1.46 -2.984 -3.336 -3.306 -0.207 -3.163 -3.676 -3.52 -2.698 4.357 2.219 -2.701 1.377 0.273 -3.578 -3.147 -1.21 -2.145 -1.302 2.576
118 K -0.695 0.53 -0.949 -0.7 -1.081 1.687 1.313 -1.979 -0.573 0.594 -0.83 2.35 -0.366 -1.815 -2.28 -1.292 -0.929 -2.462 -1.601 1.687
119 P 1.002 -1.74 -1.148 -1.514 -0.776 -1.626 -1.657 1.769 -0.399 -1.829 -2.174 -1.141 -1.647 -0.44 3.8 0.342 -0.864 -1.292 2.149 -1.439
120 L -1.45 -1.95 -2.539 -1.872 -0.618 -1.673 0.235 -3.037 -1.515 1.818 2.772 -1.809 1.221 2.669 -3.359 -2.568 -1.544 -1.28 -0.057 1.209
121 L 0.446 -0.89 -2.132 -2.49 -0.584 -1.538 -1.945 -1.979 -0.516 1.149 1.908 0.605 0.657 2.021 -2.822 -1.735 -1.408 -0.524 2.554 0.372
122 S 0.615 -0.255 0.184 -0.537 -0.448 -0.541 -0.69 2.006 -0.624 -2.185 -2.53 1.196 -1.45 -2.242 -1.749 2.574 0.338 -2.587 -2.009 -1.673
123 K -0.946 0.266 -0.88 -0.805 -1.298 -0.157 1.01 -1.942 0.051 -0.581 -1.2 2.191 -0.775 1.528 -2.275 -0.99 0.716 -0.671 2.491 -0.089
124 K -1.277 1.053 3.257 0.024 -2.045 0.209 -0.185 -0.995 3.748 -2.452 -2.632 3.081 -1.567 -2.301 -2.181 -0.756 -1.062 -2.515 -0.97 -2.39
125 D -1.672 -1.343 0.936 5.511 -2.436 -0.42 2.004 -1.303 -0.416 -2.789 -3.401 -0.574 -2.574 -2.922 -2.274 -0.981 -1.451 -3.363 -2.877 -2.786
126 S 1.304 -1.28 -0.631 -1.266 -0.137 -1.202 -1.321 -0.761 -0.186 -0.55 0.374 -0.946 -0.25 0.211 -2.056 1.956 0.031 -0.913 2.29 -0.5
127 Y -1.827 -1.581 1.511 -1.509 -1.504 -1.657 -1.983 -2.159 3.89 0.962 -0.467 -1.672 -0.402 3.222 -3.323 -1.97 -1.682 0.48 4.282 -0.195
128 L 0.463 -2.515 -3.013 -3.053 -0.051 -2.676 -3.073 -2.408 -2.333 3.442 2.495 -2.279 1.295 0.144 -3.136 -2.182 -1.164 -2.091 -1.335 1.959
129 R -1.335 4.834 -0.453 -1.312 -2.219 0.561 -0.296 -1.899 -0.068 -2.496 -2.154 3.145 -1.281 -2.636 -2.381 -1.277 -1.381 -2.392 -1.834 -2.163
130 L -0.856 -2.053 -2.115 -2.633 -0.352 -2.296 -2.575 -2.418 -1.138 1.377 2.404 -2.075 1.015 2.838 -3.196 -0.455 -0.95 -0.751 1.695 1.412
131 P -1.347 -2.265 -2.617 -2.612 -0.78 -2.351 -2.608 -2.654 -1.653 1.661 1.456 -1.939 2.267 2.443 3.7 -2.323 -1.486 -1.674 -0.232 0.531
132 L -1.597 -2.243 -3.419 -3.677 -0.207 -2.697 -3.362 -3.439 -2.37 1.948 4.128 -2.535 2.076 0.776 -3.661 -3.215 -1.637 -1.707 -1.113 1.049
133 L -1.139 -1.939 -2.158 -2.812 -0.494 -2.087 -2.577 -2.782 -0.046 1.209 1.96 -1.972 0.749 1.558 -3.094 -1.818 0.656 0.168 3.931 1.395
134 L -1.453 -2.743 -3.237 -3.477 4.967 -3.144 -3.581 -3.134 -2.238 2.508 2.635 -2.811 1.216 2.681 -3.687 -2.87 -1.569 -1.387 -0.137 1.243
135 L -1.583 -2.309 -3.411 -3.638 -0.207 -2.74 -3.392 -3.447 -2.402 2.302 3.985 -2.551 2.013 0.729 -3.653 -3.208 -1.592 -1.748 -1.131 1.243
136 S 0.556 -1.063 0.058 -0.718 3.499 -0.96 -1.048 -0.658 -0.959 -1.196 -1.787 -0.664 -1.0 -1.881 -1.714 2.517 2.526 -2.528 -1.869 -0.679
137 G 0.83 -2.255 -1.83 -2.334 -0.325 -2.322 -2.698 3.056 -1.934 1.242 1.783 -1.928 0.455 -0.605 -2.885 -1.49 -1.359 -2.185 -1.832 0.884
138 I -0.939 -2.832 -2.575 -2.86 -0.279 -2.918 -3.368 1.22 -2.519 3.715 1.44 -2.474 0.85 -0.201 -3.379 -2.546 -1.177 -2.266 -1.559 2.59
139 S 0.542 -1.514 -0.28 -1.017 5.999 -1.381 -1.471 1.91 -1.139 -1.785 -2.153 -1.055 -1.414 -2.132 -2.082 2.251 0.144 -2.743 -2.246 -1.294
140 V 0.883 -2.482 -2.805 -2.92 0.23 -2.521 -2.774 -2.211 -2.562 3.186 0.834 -2.187 0.677 -0.474 -2.937 -1.805 -0.647 -2.401 -1.415 3.527
141 L -1.157 -2.142 -2.189 -2.692 -0.517 -2.53 -2.728 -2.435 -1.452 1.024 2.714 -2.242 1.142 4.016 -3.393 -0.539 -1.203 -0.705 0.826 0.269
142 S 1.793 -0.909 0.175 -0.501 0.126 -0.739 -0.723 -0.077 -0.629 -1.757 -2.191 -0.428 -1.189 -1.984 -1.532 3.119 0.759 -2.587 -1.812 -1.056
143 V -0.693 -2.321 -2.975 -3.231 0.086 -2.374 -2.973 -3.052 -2.433 2.83 1.97 -2.302 2.658 -0.01 -3.335 -2.481 -0.816 -2.091 -1.223 3.404
144 L -1.599 -2.575 -3.341 -3.498 -0.291 -2.964 -3.499 -3.425 -2.333 3.087 3.286 -2.662 1.685 1.908 -3.689 -3.177 -1.513 -1.543 -0.532 1.677
145 Y -1.869 -1.834 -2.182 -3.079 -1.809 -1.84 -2.42 -2.989 2.048 -0.86 -0.967 -1.93 -0.739 3.291 -3.39 -2.494 -2.146 2.252 6.771 -1.036
146 T -0.219 -1.651 -1.058 -1.784 0.158 -1.689 -1.973 -1.957 -2.004 1.525 -0.107 -1.41 0.059 -1.085 -2.273 -0.255 3.206 -2.324 -1.58 2.586
147 F -1.756 -2.448 -2.309 -2.878 -0.902 -3.044 -3.038 -2.68 -1.181 0.521 1.366 -2.633 0.475 5.566 -3.695 -2.047 0.403 0.133 2.013 -0.103
148 Y -1.412 -0.61 -1.328 -2.122 -1.765 -1.087 -1.509 -2.141 2.893 -1.426 -1.499 0.722 -1.006 1.957 -3.02 -1.009 -1.632 5.987 5.097 -1.536
149 S 0.105 -1.445 -0.733 -1.382 3.438 -1.295 -1.575 -1.215 -0.653 1.175 -0.089 -1.121 1.971 -0.242 -2.315 1.809 0.039 -1.514 0.963 0.309
150 L -1.234 -2.267 -3.139 -3.377 -0.122 -2.433 -3.167 -3.233 -2.24 2.728 3.124 -2.353 2.949 0.441 -3.506 -2.825 -1.245 -1.839 -1.148 2.171
151 G -0.069 -0.907 -0.472 -1.186 -1.337 -1.331 -1.675 4.817 -1.205 -2.857 -3.112 0.82 -2.266 -2.735 0.632 -0.281 -1.4 -2.653 -2.756 -2.539
152 E -0.602 -0.69 2.161 2.487 -1.298 0.068 2.343 -1.06 -0.064 -2.069 -2.518 -0.131 -1.654 -2.36 -2.001 0.718 1.069 -2.69 -2.089 -1.646
153 I -1.46 -2.984 -3.336 -3.306 -0.207 -3.163 -3.676 -3.52 -2.698 4.357 2.219 -2.701 1.377 0.273 -3.578 -3.147 -1.21 -2.145 -1.302 2.576
154 P -0.893 -2.07 -1.99 -1.621 -1.514 -1.99 -1.679 -1.909 -1.664 -2.374 -2.807 -1.121 -2.46 -3.392 6.719 -1.509 -1.405 -4.606 -2.692 -2.219
155 L -1.175 -1.645 -2.47 -2.639 -0.341 0.697 -1.888 -2.983 -1.74 3.049 2.387 -1.529 1.269 -0.03 -3.263 -2.491 -1.153 -2.083 -1.264 2.249
156 L -1.351 -2.307 -3.064 -3.364 -0.288 -2.548 -3.166 -3.14 -1.919 2.235 2.819 -2.451 2.819 2.768 -3.633 -2.812 -1.389 -1.182 0.04 1.881
157 S 0.134 2.057 0.045 -0.152 -0.906 0.208 1.261 -0.883 -0.226 -2.241 -2.376 1.711 -1.343 -2.321 -1.809 1.998 0.032 -2.524 -1.846 -1.724
158 L -1.446 -2.487 -2.977 -3.281 -0.465 -2.754 -3.221 -3.065 -1.679 2.376 1.936 -2.587 2.58 4.01 -3.747 -2.787 -1.453 -0.705 0.861 1.878
159 I -1.472 -2.979 -3.123 -3.279 -0.461 -3.347 -3.529 -3.233 -2.021 3.485 1.172 -2.875 0.823 3.968 -3.779 -2.971 -1.373 -0.867 0.804 2.438
160 R -0.787 3.376 -0.473 -1.235 -1.618 0.129 -0.502 -1.581 0.319 -2.019 -1.975 2.701 -1.177 -0.411 -2.243 0.176 -0.895 -0.96 2.253 -1.784
161 G -0.346 -1.918 -0.515 -1.354 -1.547 -1.76 -2.035 4.791 3.395 -3.008 -3.23 -1.439 -2.395 -2.426 2.034 -1.22 -1.92 -2.551 -1.59 -2.818
162 N -0.855 -0.612 4.066 0.649 -1.238 -0.251 1.003 -0.746 0.351 -1.364 -1.27 -0.317 1.547 -1.689 -2.394 0.591 -0.405 -2.515 -1.804 -1.405
163 S 1.47 -0.847 -0.072 -0.202 -0.145 -0.376 1.046 -0.487 -0.598 -1.526 -2.003 -0.314 -1.153 -2.019 -1.631 2.246 1.547 -2.497 -1.829 -0.87
164 T 0.552 -0.897 0.211 -0.592 0.111 -0.81 -0.923 -0.639 -0.883 -0.932 -1.609 -0.512 -0.826 -1.742 -1.565 2.227 3.03 -2.347 -1.717 -0.418
165 A 1.515 -1.483 -1.062 -1.785 -0.309 -1.484 -1.622 -1.127 3.847 -0.063 -0.723 -1.354 -0.468 2.603 -2.388 -0.561 1.035 -1.267 0.586 0.508
166 L -0.755 -0.817 -0.783 1.58 -0.783 -1.287 -0.989 -1.78 -1.13 1.085 0.319 0.736 -0.086 2.257 -2.643 -0.071 -0.793 -1.68 -0.308 1.084
167 D 0.374 -1.268 2.029 3.414 -1.431 -0.7 1.316 -1.005 -0.249 -1.693 -1.896 -0.743 -1.52 1.979 -2.418 -0.775 -1.211 -1.911 -0.579 -1.597
168 L -1.686 -2.489 -3.313 -3.547 -0.378 -2.961 -3.452 -3.364 -2.12 2.44 3.426 -2.691 1.693 2.856 -3.768 -3.18 -1.661 -1.177 0.027 1.239
169 A 3.605 -1.646 -1.941 -1.989 0.5 -1.559 -1.607 -0.056 -1.425 -0.178 0.559 -1.121 -0.161 -1.249 -1.795 0.032 -0.643 -2.349 -1.683 0.267
170 K -0.907 2.176 -0.734 -0.703 -1.628 0.053 1.047 1.508 -0.578 0.475 -1.302 2.467 -0.914 -2.0 -2.355 -1.301 -1.36 -2.444 -1.953 -0.574
171 L 0.378 -2.348 -2.963 -3.139 -0.213 -2.671 -2.992 -2.323 -1.922 2.174 2.85 -2.329 1.313 2.711 -3.269 -2.186 -1.43 -1.274 -0.044 1.108
172 R -1.591 5.614 -0.519 -1.621 -2.316 0.461 -0.617 -2.185 0.042 -2.668 -2.085 1.962 -1.281 -2.529 -2.761 -1.463 -1.511 -2.291 -1.829 -2.219
173 I 0.649 -2.054 -2.274 -1.547 -0.219 -1.513 0.347 -2.15 -1.748 3.33 0.691 -1.505 0.5 -0.561 -2.768 -1.681 -0.937 -2.349 -1.513 2.407
174 E -0.748 -0.613 1.383 3.217 -1.827 0.441 3.201 -1.241 0.054 -2.647 -2.904 0.073 -1.942 -2.595 -2.014 0.474 -0.775 -2.768 -2.195 -2.222
175 A 2.709 -1.204 1.733 -0.716 0.141 -1.109 -1.147 -0.063 -0.682 -0.675 -1.534 -0.752 -0.984 -1.852 -1.805 1.346 -0.055 -2.601 -1.819 0.287
176 S 0.869 -1.012 0.304 -0.459 -0.175 -0.842 -0.869 2.084 -0.663 -2.149 -2.546 -0.529 -1.443 -2.11 -1.713 3.043 0.63 -2.587 -2.003 -1.559
177 R 0.49 4.701 -0.652 -1.481 -1.533 0.279 -0.557 -1.468 -0.197 -2.208 -1.987 2.361 -1.219 -2.466 -2.335 -0.975 -1.25 -2.375 -1.829 -1.662
178 G -0.759 -1.055 2.676 0.097 -1.824 -0.608 0.801 3.683 3.641 -2.968 -3.148 -0.703 -2.163 -2.26 -2.615 -0.858 -1.477 -2.414 -1.322 -2.736
179 F -2.391 -2.953 -2.917 -3.371 -1.431 -3.921 -3.539 -2.931 -0.885 0.22 0.508 -3.361 0.145 6.601 -4.505 -3.087 -2.427 0.795 2.874 -0.564
180 Q 0.111 0.039 1.95 -0.322 -1.328 3.379 0.249 1.797 0.196 -2.119 -2.251 0.305 -1.042 -2.626 -2.265 -0.47 0.08 -2.422 -1.786 -1.643
181 G 0.033 -2.414 -0.497 -1.38 -1.377 -2.252 -2.679 5.862 -1.533 -3.272 -3.517 -1.708 -2.724 -2.735 -2.836 -1.059 -1.976 -2.497 -3.205 -2.921
182 N -1.696 -0.701 5.258 0.802 -1.542 -0.845 -1.081 -0.555 0.565 -1.258 -0.085 -0.62 -0.914 -1.587 -2.791 -0.506 -0.668 -2.758 -1.93 -1.591
183 L -1.13 -2.04 -2.367 -1.68 -0.616 -1.651 0.301 -2.837 -1.556 2.204 1.398 -1.693 0.58 2.456 0.41 -2.286 -1.27 -1.552 -0.168 2.046
184 F -2.05 -2.286 -2.56 -3.244 -1.481 -2.615 -2.914 -2.999 0.887 -0.045 0.533 -2.498 -0.011 5.062 -3.829 -2.785 -2.212 1.507 5.361 -0.602
185 I -1.434 -3.158 -3.319 -3.238 -0.207 -3.266 -3.744 -3.536 -2.768 4.666 1.62 -2.736 1.214 0.161 -3.561 -3.133 -1.132 -2.242 -1.342 2.803
186 R -1.397 5.05 -0.469 -1.386 -2.243 0.536 -0.373 -1.967 -0.04 -2.538 -2.136 2.892 -1.281 -2.609 -2.471 -1.323 -1.413 -2.366 -1.833 -2.177
187 N -1.394 -0.574 5.306 0.948 -1.468 -0.672 -0.881 -0.377 0.628 -2.176 -2.736 -0.429 -1.874 -2.283 -2.473 -0.02 1.106 -2.877 -2.062 -1.924
188 I -1.233 -2.878 -3.277 -3.304 -0.119 -3.054 -3.532 -3.426 -2.73 4.109 2.131 -2.651 1.312 0.183 -3.519 -2.998 -1.093 -2.177 -1.302 2.902
189 F -2.391 -2.953 -2.917 -3.371 -1.431 -3.921 -3.539 -2.931 -0.885 0.22 0.508 -3.361 0.145 6.601 -4.505 -3.087 -2.427 0.795 2.874 -0.564
190 G 1.905 -2.167 -1.176 -1.757 -0.554 -2.125 -2.273 4.172 -1.327 -1.543 -1.708 -1.611 -1.42 2.012 -2.516 -0.694 -1.444 -1.621 -0.666 -1.192
191 L -1.291 -2.095 -2.582 -1.817 -0.432 -1.677 0.208 -3.147 -1.869 3.218 2.406 -1.766 1.203 0.04 -3.222 -2.563 -1.268 -2.098 -1.356 2.035
192 A 1.583 -0.291 -0.362 -0.839 -0.298 2.518 -0.08 -0.691 -0.378 -1.264 -1.663 0.046 -0.726 -2.169 -1.796 0.976 1.742 -2.362 -1.635 -0.633
193 L -1.716 -2.35 -3.329 -3.624 -0.378 -2.868 -3.391 -3.348 -2.064 1.723 3.762 -2.657 1.831 2.901 -3.786 -3.194 -1.755 -1.11 0.051 0.835
194 T -0.363 -1.305 -0.539 -1.372 0.021 -1.366 -1.679 -1.642 -1.602 0.231 0.675 -1.069 0.062 -1.068 -1.987 0.269 3.953 -2.145 -1.644 0.338
195 P -0.893 -2.07 -1.99 -1.621 -1.514 -1.99 -1.679 -1.909 -1.664 -2.374 -2.807 -1.121 -2.46 -3.392 6.719 -1.509 -1.405 -4.606 -2.692 -2.219
196 L -1.487 -2.82 -3.352 -3.377 -0.207 -3.064 -3.611 -3.503 -2.629 4.01 2.715 -2.667 1.531 0.381 -3.594 -3.16 -1.291 -2.052 -1.264 2.328
197 L -1.597 -2.243 -3.419 -3.677 -0.207 -2.697 -3.362 -3.439 -2.37 1.948 4.128 -2.535 2.076 0.776 -3.661 -3.215 -1.637 -1.707 -1.113 1.049
198 S 0.845 -0.854 0.343 -0.42 0.024 -0.709 -0.734 -0.334 -0.655 -1.609 -2.131 -0.42 -1.124 -1.936 -1.566 3.136 1.894 -2.542 -1.804 -1.033
199 F -1.983 -2.233 -2.594 -3.268 -1.355 -2.535 -2.901 -3.039 0.834 0.163 1.076 -2.439 0.221 4.682 -3.765 -2.794 -2.143 1.396 5.284 -0.425
200 V -0.713 -2.784 -3.12 -3.228 0.089 -2.887 -3.255 -3.219 -2.885 3.801 1.216 -2.563 0.966 -0.182 -3.362 -2.645 -0.752 -2.358 -1.342 3.747
201 A 3.109 -1.888 -2.074 -2.175 0.308 -1.869 -1.856 -0.425 -1.418 0.371 -0.507 -1.424 -0.382 2.181 -2.109 -0.315 -0.731 -1.614 -0.267 1.274
202 F -1.983 -2.233 -2.594 -3.268 -1.355 -2.535 -2.901 -3.039 0.834 0.163 1.076 -2.439 0.221 4.682 -3.765 -2.794 -2.143 1.396 5.284 -0.425
203 A 2.751 -1.707 -0.991 -1.459 3.513 -1.554 -1.636 2.824 -1.297 -1.494 -1.923 -1.115 -1.361 -2.124 -1.929 0.853 -0.526 -2.574 -2.184 -0.715
204 Y -1.95 -1.993 -2.293 -3.126 -1.742 -2.099 -2.579 -2.979 1.723 -0.65 -0.663 -2.124 -0.572 4.175 -3.548 -2.585 -2.191 2.055 6.391 -0.952
205 Y -1.68 -0.721 -1.778 -2.545 -1.845 -1.214 -1.765 -2.655 1.767 -1.043 -1.15 0.658 -0.823 2.833 -3.042 -2.169 -1.952 1.831 6.274 -1.183
206 K -1.101 2.75 -0.695 -1.24 -1.677 0.341 -0.256 -1.782 -0.492 -1.002 0.218 3.787 -0.379 -1.807 -2.147 -1.303 -1.277 -2.384 -1.707 -1.27
207 L -1.129 2.056 -1.187 -1.717 -1.014 1.566 -0.65 -2.124 -0.359 0.206 0.68 1.538 4.139 -0.768 -2.702 -1.521 -1.161 -1.825 -1.25 -0.185
208 T -0.137 -1.163 0.181 1.859 -0.237 -1.025 -0.734 -1.11 -1.131 -0.82 -1.598 -0.763 -0.964 -1.883 -1.798 1.176 3.535 -2.488 -1.956 -0.393
209 K -0.883 2.037 -0.325 -0.779 -2.034 0.75 0.256 -1.399 -0.3 -2.18 -2.297 4.63 -1.281 -2.863 -1.744 -0.938 -1.139 -2.606 -1.846 -2.056
210 G 0.125 0.307 -0.052 -0.744 -0.74 -0.341 -0.64 1.844 -0.727 -1.832 -2.248 2.237 -1.327 -2.308 -1.823 1.475 1.247 -2.524 -2.006 -1.427
211 K -1.255 2.458 -0.967 -1.568 -1.643 -0.007 -0.626 -2.024 0.091 -0.822 0.334 3.143 -0.307 -0.016 -2.398 -1.539 -1.429 -0.893 2.285 -1.119
212 F -1.651 -0.245 -1.571 -2.11 -1.742 0.196 -1.254 -2.357 0.656 -0.784 -0.681 1.434 -0.503 4.307 -3.043 -2.01 -1.838 0.771 4.385 -1.141
213 D -1.121 -1.485 1.036 5.456 -1.85 -0.876 0.78 -0.984 -0.58 -2.629 -3.319 -0.788 -2.441 -2.789 -2.193 0.375 -0.897 -3.399 -2.842 -2.592
214 L -1.694 1.659 -1.935 -2.509 -1.154 -1.341 -1.896 -2.625 -0.983 0.425 1.923 0.973 0.641 3.891 -3.299 -2.339 -1.758 -0.768 0.769 -0.264
215 L -1.649 -2.708 -3.182 -3.421 -0.51 -3.195 -3.474 -3.246 -1.901 2.653 2.457 -2.83 1.217 4.04 -3.847 -3.07 -1.614 -0.738 0.841 1.664
216 W -2.101 -2.467 -3.242 -3.597 -1.399 -2.859 -3.127 -2.7 -1.591 0.811 0.813 -2.749 -0.007 0.853 -4.664 -3.25 -2.133 9.515 1.364 0.348
217 F -2.391 -2.953 -2.917 -3.371 -1.431 -3.921 -3.539 -2.931 -0.885 0.22 0.508 -3.361 0.145 6.601 -4.505 -3.087 -2.427 0.795 2.874 -0.564
218 L -1.064 -2.067 -2.553 -3.029 -0.305 -2.298 -2.782 -2.84 -0.93 1.662 2.993 -2.159 1.354 1.109 -3.297 -1.42 -1.174 -0.674 2.388 1.598
219 I -1.233 -2.878 -3.277 -3.304 -0.119 -3.054 -3.532 -3.426 -2.73 4.109 2.131 -2.651 1.312 0.183 -3.519 -2.998 -1.093 -2.177 -1.302 2.902
220 L -1.161 -1.953 -2.816 -3.216 4.993 -1.883 -2.926 -2.802 -1.694 1.42 2.683 -2.056 4.427 0.258 -3.409 -2.338 -1.316 -1.728 -1.216 0.784
221 F -2.102 -2.697 -3.075 -3.469 -0.963 -3.453 -3.479 -3.091 -1.301 0.917 2.26 -3.059 0.94 5.617 -4.196 -3.129 -2.139 0.175 2.045 0.079
222 L -1.105 -2.544 -2.434 -2.89 -0.549 -2.768 -3.175 1.271 -1.794 2.141 1.589 -2.47 1.667 3.321 -3.56 -2.456 -1.496 -1.063 0.316 1.686
223 F 0.634 -1.971 -1.778 -2.253 -0.527 -2.121 -2.253 -1.516 -0.902 0.089 0.314 -1.861 2.05 4.806 -2.996 -0.014 -1.019 -0.303 1.452 -0.249
224 S 0.695 -1.072 0.202 -0.58 -0.166 -0.93 -1.003 2.006 -0.809 -1.768 -2.277 -0.613 -1.315 -2.044 -1.749 2.677 1.664 -2.524 -1.994 -1.22
225 I -1.363 -2.846 -3.207 -3.326 -0.285 -3.146 -3.499 -3.32 -2.323 3.609 1.999 -2.744 1.164 2.68 -3.655 -2.991 -1.27 -1.411 -0.049 2.562
226 L -1.558 -2.024 -2.995 -3.423 -0.423 -2.219 -3.011 -3.214 -0.834 1.562 3.401 -2.234 2.948 1.331 -3.552 -2.867 -1.617 -0.515 2.426 0.769
227 I -1.133 -2.393 -2.376 -2.69 -0.163 -2.369 -2.982 -2.903 -2.164 3.848 1.4 -2.11 2.564 -0.024 -3.128 -1.915 0.828 -2.075 -1.326 2.234
228 L -0.553 -2.033 -2.207 -2.652 0.002 -2.217 -2.568 -2.458 -2.128 2.0 2.776 -2.008 1.303 0.064 -3.05 -0.424 -0.662 -2.075 -1.295 2.389
229 T -0.169 -1.149 -0.196 -1.071 0.065 -1.16 -1.435 -1.386 -1.47 -0.281 -1.114 -0.848 -0.589 -1.637 -1.744 0.648 4.409 -2.242 -1.763 0.173
230 Y -1.95 -1.993 -2.293 -3.126 -1.742 -2.099 -2.579 -2.979 1.723 -0.65 -0.663 -2.124 -0.572 4.175 -3.548 -2.585 -2.191 2.055 6.391 -0.952
231 N -0.512 -0.748 4.22 2.477 -1.175 -0.653 -0.349 -0.335 0.275 -2.479 -2.956 -0.431 -1.928 -2.36 -2.179 1.515 -0.048 -2.96 -2.153 -2.171
232 L -1.686 -2.489 -3.313 -3.547 -0.378 -2.961 -3.452 -3.364 -2.12 2.44 3.426 -2.691 1.693 2.856 -3.768 -3.18 -1.661 -1.177 0.027 1.239
233 E 1.188 -0.318 -0.212 0.244 -0.762 1.792 2.394 -0.772 -0.076 -2.049 -2.245 0.224 -1.21 -2.344 -1.768 1.476 -0.21 -2.47 -1.777 -1.36
234 K -0.883 2.037 -0.325 -0.779 -2.034 0.75 0.256 -1.399 -0.3 -2.18 -2.297 4.63 -1.281 -2.863 -1.744 -0.938 -1.139 -2.606 -1.846 -2.056
235 S 2.407 -1.025 -0.117 -0.71 0.233 -0.856 -0.839 0.006 -0.746 -1.561 -2.009 -0.518 -1.135 -1.968 -1.532 2.743 0.551 -2.569 -1.812 -0.79
236 P -0.86 1.362 -1.336 -1.521 -1.289 -1.281 -1.433 -1.858 -1.271 -1.942 -2.328 -0.287 -1.848 -2.872 5.614 -1.012 0.704 -3.601 -2.362 -1.657
237 L -1.574 -2.463 -3.111 -3.331 -0.381 -2.682 -3.322 -3.233 -1.922 2.97 2.666 -2.514 2.81 2.783 -3.685 -2.945 -1.475 -1.194 0.028 1.577
238 L 0.806 -2.253 -2.858 -3.046 0.191 -2.406 -2.732 -2.22 -2.418 2.246 2.246 -2.151 1.09 -0.15 -2.988 -1.871 -0.832 -2.185 -1.335 3.02
239 L -1.22 -2.398 -2.926 -3.279 -0.369 -2.659 -3.096 -2.985 -1.702 1.861 1.838 -2.539 2.537 3.985 -3.685 -2.656 -1.326 -0.724 0.861 2.287
240 Y -1.95 -1.993 -2.293 -3.126 -1.742 -2.099 -2.579 -2.979 1.723 -0.65 -0.663 -2.124 -0.572 4.175 -3.548 -2.585 -2.191 2.055 6.391 -0.952
241 L -1.63 -2.194 -3.142 -3.475 -0.381 -2.516 -3.207 -3.203 -1.817 1.654 3.47 -2.451 2.996 2.873 -3.719 -2.971 -1.655 -1.061 0.077 0.815
242 L 0.766 -1.945 -2.049 -2.401 -0.015 -2.072 -2.366 -1.755 -1.829 2.041 2.712 -1.767 1.188 -0.0 -2.754 -0.109 -0.757 -2.052 -1.368 1.043
243 G -0.254 -2.497 -0.784 -1.63 -1.386 -2.472 -2.806 5.364 -1.415 -2.317 -2.336 -1.925 -2.003 1.949 -3.056 -1.313 -2.047 -1.621 -0.925 -2.37
244 F -2.208 -2.986 -2.98 -3.348 -1.187 -3.801 -3.572 -3.024 -1.125 1.597 0.726 -3.247 0.353 6.137 -4.325 -3.095 -2.167 0.464 2.479 0.342
245 L -1.21 -2.402 -3.123 -3.306 -0.122 -2.513 -3.223 -3.247 -2.3 3.252 2.698 -2.383 2.856 0.335 -3.49 -2.813 -1.166 -1.925 -1.185 2.432
246 F -2.243 -2.822 -2.995 -3.42 -1.187 -3.677 -3.509 -3.01 -1.085 0.59 1.515 -3.206 0.57 6.151 -4.346 -3.108 -2.28 0.502 2.489 -0.225
247 L -1.795 -2.225 -2.841 -3.326 -0.805 -2.516 -3.062 -3.047 -0.477 1.018 2.344 -2.458 2.579 4.298 -3.797 -2.829 -1.856 0.252 3.164 0.276
248 R -1.365 3.455 -0.683 -1.308 -2.172 1.78 -0.128 -1.824 -0.111 -2.304 -2.079 2.788 -1.135 -1.66 -2.553 -1.386 -1.46 5.649 -0.63 -2.109
249 V -0.601 -2.431 -2.376 -2.737 0.092 -2.51 -2.851 -2.815 -2.598 3.384 0.925 -2.193 0.752 -0.389 -3.017 -1.76 0.997 -2.341 -1.408 3.405
250 L -1.848 -2.131 -2.917 -3.464 -0.963 -2.409 -2.961 -3.095 0.023 0.791 2.552 -2.365 0.949 1.911 -3.793 -2.983 -1.965 5.899 4.121 0.078
251 L -1.318 -2.085 -2.534 -1.816 -0.67 -1.665 0.245 -2.93 -1.683 2.782 1.47 -1.786 0.671 0.059 -3.393 -2.527 -1.343 5.66 -0.441 2.009
252 D -1.312 0.491 2.817 3.028 -2.163 0.217 1.59 -1.084 0.097 -2.57 -2.871 2.366 -1.915 -2.743 -2.129 -0.73 -1.077 -2.898 -2.208 -2.413
253 G 0.033 -2.414 -0.497 -1.38 -1.377 -2.252 -2.679 5.862 -1.533 -3.272 -3.517 -1.708 -2.724 -2.735 -2.836 -1.059 -1.976 -2.497 -3.205 -2.921
254 K 0.313 2.313 -0.303 -0.372 -1.171 0.353 1.29 -1.161 -0.304 -1.963 -2.138 2.604 -1.259 -2.416 -1.866 0.566 0.312 -2.484 -1.847 -1.487
255 I -1.023 -2.776 -3.22 -3.301 -0.034 -2.948 -3.394 -3.335 -2.762 3.837 2.039 -2.602 1.246 0.089 -3.462 -2.856 -0.981 -2.209 -1.302 3.194
256 S 0.092 0.759 2.059 -0.243 -0.765 0.536 -0.557 -0.639 -0.205 -2.238 -2.517 -0.018 -1.485 -2.387 2.198 2.032 0.129 -2.862 -1.95 -1.776
257 K -0.776 1.626 -0.63 -1.067 -1.495 0.397 -0.086 -1.613 -0.606 -0.44 -1.461 4.154 -0.82 -2.295 -1.944 -1.129 -1.024 -2.578 -1.755 0.381
258 K -0.965 1.27 -0.869 -1.323 -1.298 0.253 -0.391 -1.756 -0.522 -0.359 -0.042 3.627 3.159 -1.326 -2.175 -1.269 -1.127 -2.13 -1.49 -0.689
259 L 0.781 -0.826 -2.104 -2.397 -0.099 -1.325 -1.829 -1.868 -1.638 1.61 1.482 0.672 2.386 -0.493 -2.659 -1.494 -0.864 -2.137 -1.37 2.259
260 F -1.935 -2.727 -3.142 -3.446 -0.755 -3.351 -3.511 -3.189 -1.58 2.049 2.381 -2.956 1.1 4.939 -4.033 -3.137 -1.903 -0.242 1.506 0.825
261 V -0.917 -2.803 -3.081 -3.251 -0.108 -3.027 -3.29 -3.162 -2.443 3.41 1.099 -2.677 0.838 2.552 -3.519 -2.703 -0.963 -1.536 -0.074 3.37
262 F -1.685 -2.809 -3.061 -3.357 3.309 -3.223 -3.495 -3.135 -1.265 2.634 1.688 -2.847 0.804 4.111 -3.816 -2.928 -1.7 -0.326 2.178 1.215
263 G 1.135 -1.776 -0.706 -1.405 -0.458 -1.754 -1.881 3.217 -1.175 -1.265 -1.538 -1.331 -1.156 2.051 -2.325 0.619 0.932 -1.601 -0.54 -0.984
264 G 0.963 -2.1 -1.252 -1.892 -0.404 -2.135 -2.329 3.122 -1.544 0.079 -0.866 -1.705 -0.719 2.133 -2.621 -0.784 0.732 -1.581 -0.486 0.842
265 A 2.039 -1.569 -1.131 -1.558 0.166 -1.502 -1.594 -0.693 -1.33 1.321 0.848 -1.141 0.152 -0.895 -2.074 1.349 -0.138 -2.341 -1.603 0.602
266 G 1.599 -1.935 -1.067 -1.618 -0.249 -1.84 -2.033 3.221 -1.489 0.927 -0.096 -1.406 -0.489 -1.347 -2.358 0.41 -0.748 -2.396 -2.038 0.121
267 L -1.385 -2.257 -2.489 -2.941 -0.328 -2.612 -3.015 -2.914 -1.963 2.213 2.861 -2.314 1.341 2.72 -3.332 -2.081 0.611 -1.245 -0.04 1.119
268 L -1.338 -2.375 -3.057 -3.329 -0.288 -2.589 -3.194 -3.148 -1.946 2.557 2.59 -2.467 2.77 2.745 -3.624 -2.806 -1.347 -1.216 0.028 2.028
269 V -0.274 -2.315 -1.681 -2.173 -0.151 -2.296 -2.561 1.434 -2.094 2.92 0.428 -1.93 0.319 -0.698 -2.898 -0.218 -0.57 -2.409 -1.66 2.656
270 L -1.309 -2.427 -3.326 -3.52 -0.119 -2.775 -3.348 -3.379 -2.527 2.775 3.451 -2.552 1.76 0.504 -3.568 -3.037 -1.332 -1.903 -1.187 2.184
271 L -1.514 -2.664 -3.369 -3.449 -0.207 -2.968 -3.547 -3.487 -2.562 3.616 3.139 -2.633 1.677 0.485 -3.611 -3.174 -1.373 -1.962 -1.225 2.057
272 V -0.827 -2.678 -3.163 -3.298 0.048 -2.846 -3.262 -3.247 -2.795 3.538 1.944 -2.554 1.177 -0.007 -3.405 -2.722 -0.873 -2.242 -1.302 3.46
273 L 0.454 -2.442 -2.923 -3.073 -0.169 -2.709 -2.986 -2.302 -1.987 2.586 2.337 -2.337 1.112 2.644 -3.228 -2.122 -1.284 -1.357 -0.069 1.719
274 F 1.577 -1.9 -2.309 -2.58 -0.225 -1.889 -2.299 -1.35 -1.055 0.464 0.733 -1.751 3.313 3.883 -2.852 -1.201 -1.227 -0.69 0.813 0.216
275 Y -1.95 -1.993 -2.293 -3.126 -1.742 -2.099 -2.579 -2.979 1.723 -0.65 -0.663 -2.124 -0.572 4.175 -3.548 -2.585 -2.191 2.055 6.391 -0.952
276 L -0.583 -1.817 -1.561 -2.166 -0.2 -1.943 -2.246 -2.065 -1.523 1.2 1.741 -1.731 1.681 2.509 -2.827 0.039 0.992 -1.354 -0.098 1.402
277 F -1.295 -1.531 -1.883 -2.296 -1.029 -0.429 -2.129 1.338 -1.231 2.235 0.3 -0.419 0.134 3.823 -3.346 -2.207 -1.635 -0.89 0.674 0.758
278 L -1.276 -2.642 -3.195 -3.395 -0.24 -2.994 -3.37 -3.261 -2.277 2.965 2.491 -2.684 1.297 2.708 -3.641 -2.932 -1.291 -1.351 -0.023 2.497
279 L -0.742 -1.304 -1.439 -2.104 -0.09 -1.09 -2.012 -2.123 -1.13 1.091 1.385 -1.236 4.707 -0.089 -2.647 -0.825 1.918 -1.592 -1.117 0.736
280 G -0.972 -2.046 -0.341 3.02 -1.16 -1.823 -0.969 3.012 -1.372 -0.304 1.293 -1.596 -0.136 -1.06 -2.863 -1.56 -1.651 -2.462 -2.267 -0.906
281 G 2.163 -0.731 -0.622 -1.054 -0.372 1.804 -0.511 2.738 -0.576 -1.799 -2.072 -0.29 -1.163 -2.341 -1.957 0.531 -0.65 -2.423 -1.944 -1.063
282 G -0.168 -0.485 2.218 2.125 -1.113 0.511 -0.237 1.93 -0.232 -2.46 -2.813 0.521 -1.739 -2.485 -2.098 1.384 -0.297 -2.763 -2.205 -2.105
283 T -0.324 -0.723 1.889 -0.67 -0.284 -0.978 -1.245 -1.23 -0.895 0.184 -1.048 0.223 -0.606 -1.621 -2.065 0.508 2.925 -2.453 -1.755 1.019
284 A 1.798 -1.395 1.655 -0.943 -0.012 -1.381 -1.553 -0.709 -0.998 1.074 -0.716 -1.012 -0.488 -1.43 -2.039 0.037 2.101 -2.444 -1.761 0.537
285 D -1.482 -0.245 2.358 4.368 -2.273 -0.072 1.762 -1.144 -0.079 -2.677 -3.111 1.267 -2.205 -2.807 -2.212 -0.815 -1.214 -3.099 -2.484 -2.582
286 L -1.276 -2.642 -3.195 -3.395 -0.24 -2.994 -3.37 -3.261 -2.277 2.965 2.491 -2.684 1.297 2.708 -3.641 -2.932 -1.291 -1.351 -0.023 2.497
287 T -0.641 -1.388 1.714 -0.98 -0.534 -1.417 -1.686 -1.472 -0.125 1.174 0.162 -1.171 -0.168 0.285 -2.471 0.465 1.636 -0.918 2.285 0.311
288 L -0.784 -1.624 -1.811 -1.467 -0.377 -1.206 0.442 -2.479 -1.507 1.463 1.256 -1.364 1.524 -0.368 -2.861 -1.465 0.834 3.849 -0.9 2.158
289 L -1.536 -2.376 -3.371 -3.555 -0.179 -2.774 -3.406 -3.43 -2.417 2.724 3.734 -2.546 1.951 0.691 -3.613 -3.17 -1.501 -1.778 -1.129 1.524
290 F -2.363 -2.925 -2.889 -3.343 -1.403 -3.893 -3.511 -2.903 -0.857 0.248 0.536 -3.333 0.173 6.559 -4.477 -3.059 -2.399 0.823 2.902 -0.536
291 L -0.397 -1.627 -1.463 -2.031 -0.081 -1.782 -2.083 -1.851 -1.563 1.177 3.033 -1.557 1.379 0.16 -2.716 0.676 -0.447 -1.927 -1.278 0.497
292 N -0.436 -0.42 3.601 0.273 -1.291 1.547 -0.395 2.271 0.275 -2.552 -2.79 -0.145 -1.625 -2.474 -2.305 0.786 -0.425 -2.634 -2.032 -2.181
293 Y -1.565 -1.93 -2.32 -2.791 -1.327 -1.995 -2.384 -2.787 1.041 -0.194 0.83 -1.825 -0.089 2.304 2.375 -2.36 -1.85 1.121 5.34 -0.618
294 N -1.245 2.074 4.832 0.727 -1.686 -0.318 -0.703 -0.479 0.664 -2.63 -2.832 0.311 -1.871 -2.376 -2.505 0.294 -0.459 -2.791 -2.003 -2.354
295 S 0.255 -0.94 -0.132 -0.169 -0.579 -0.451 1.209 -0.844 -0.362 -1.473 -1.554 -0.464 -0.972 2.434 -1.989 2.198 0.159 -1.483 -0.081 -1.287
296 G -0.209 -2.309 -0.718 -1.602 -1.445 -2.179 -2.634 5.363 -0.542 -2.704 -2.904 -1.744 -2.283 -0.488 -2.922 -1.254 -2.004 -0.97 2.024 -2.509
297 I 0.477 -2.662 -2.998 -2.99 -0.051 -2.763 -3.127 -2.419 -2.394 3.859 1.955 -2.308 1.128 0.026 -3.122 -2.172 -1.087 -2.185 -1.375 2.239
298 L -0.631 -1.728 -1.54 -2.001 -0.298 -1.856 -2.087 -2.009 -1.709 0.737 2.453 -1.508 0.848 -0.357 2.058 0.065 0.942 -2.274 -1.547 0.216
299 G -0.194 -1.986 1.895 -0.749 -1.458 -1.898 -2.263 5.406 -0.954 -3.182 -3.464 -1.433 -2.633 -2.682 -2.803 -0.892 -1.674 -2.578 -2.995 -2.868
300 R -1.591 5.614 -0.519 -1.621 -2.316 0.461 -0.617 -2.185 0.042 -2.668 -2.085 1.962 -1.281 -2.529 -2.761 -1.463 -1.511 -2.291 -1.829 -2.219
301 L -1.08 -2.497 -3.081 -3.236 -0.079 -2.55 -3.216 -3.219 -2.375 3.541 2.155 -2.391 2.74 0.18 -3.446 -2.734 -1.032 -2.029 -1.223 2.833
302 L -1.839 -2.461 -3.242 -3.571 -0.56 -3.05 -3.42 -3.26 -1.786 1.478 3.343 -2.785 1.563 4.111 -3.916 -3.172 -1.877 -0.615 0.878 0.605
303 L -1.808 -2.605 -3.226 -3.496 -0.56 -3.149 -3.481 -3.275 -1.837 2.251 2.951 -2.82 1.411 4.082 -3.898 -3.158 -1.779 -0.671 0.86 1.039
304 S 0.693 -0.923 0.57 2.064 -0.273 -0.675 -0.275 -0.31 -0.529 -2.089 -2.549 -0.426 -1.447 -2.142 -1.653 3.046 0.667 -2.748 -1.991 -1.559
305 Q -0.939 0.95 -0.15 -0.414 -1.968 5.077 1.335 -1.536 0.713 -2.297 -2.048 1.165 -0.46 -3.015 -2.208 -0.811 -1.032 -2.242 -1.342 -1.844
306 G 1.395 -1.669 -0.873 -1.458 0.038 -1.565 -1.675 1.836 -1.459 0.709 -0.822 -1.23 -0.509 -1.464 -2.208 1.278 -0.092 -2.515 -1.826 1.861
307 A 3.282 -1.525 -1.021 -1.391 0.271 -1.36 -1.391 2.239 -1.169 -1.342 -1.801 -0.918 -1.216 -2.044 -1.713 1.036 -0.367 -2.515 -2.003 -0.466
308 G 1.211 -2.249 -0.668 -1.437 -0.932 -2.087 -2.412 5.42 -1.487 -2.712 -3.032 -1.557 -2.336 -2.579 -2.574 -0.759 -1.666 -2.497 -2.921 -2.153
309 T -0.385 -1.507 -0.896 -1.667 0.059 -1.581 -1.901 -1.877 -1.814 0.969 0.923 -1.299 0.285 -0.875 -2.206 -0.108 3.451 -2.177 -1.573 1.497
310 F -2.118 -2.34 -2.526 -3.221 -1.614 -2.697 -2.926 -2.96 0.939 -0.27 -0.136 -2.558 -0.264 5.397 -3.894 -2.775 -2.283 1.614 5.436 -0.791
311 L -1.839 -2.461 -3.242 -3.571 -0.56 -3.05 -3.42 -3.26 -1.786 1.478 3.343 -2.785 1.563 4.111 -3.916 -3.172 -1.877 -0.615 0.878 0.605
312 S 0.253 -1.056 -0.361 -1.079 -0.054 -0.865 -1.241 -0.992 -0.823 -0.077 0.049 -0.769 3.191 -0.913 -2.05 2.035 1.517 -2.075 -1.463 -0.146
313 F -2.243 -2.822 -2.995 -3.42 -1.187 -3.677 -3.509 -3.01 -1.085 0.59 1.515 -3.206 0.57 6.151 -4.346 -3.108 -2.28 0.502 2.489 -0.225
314 D -1.511 -0.772 0.744 4.971 -2.353 1.552 2.047 -1.361 -0.168 -2.702 -3.105 -0.158 -2.072 -2.928 -2.251 -0.948 -1.373 -3.11 -2.526 -2.585
315 I -1.268 -2.342 -2.348 -2.779 -0.369 -2.461 -2.932 -2.95 -1.013 3.284 1.706 -2.163 0.906 0.893 -3.156 -1.986 0.711 -0.782 2.352 1.781
316 F -2.391 -2.953 -2.917 -3.371 -1.431 -3.921 -3.539 -2.931 -0.885 0.22 0.508 -3.361 0.145 6.601 -4.505 -3.087 -2.427 0.795 2.874 -0.564
317 P -0.717 -2.125 -1.681 -1.579 -1.491 -2.032 -1.823 1.533 -1.642 -2.506 -2.914 -1.211 -2.502 -3.272 6.214 -1.429 -1.493 -4.13 -2.772 -2.324
318 D -0.807 2.138 2.161 2.094 -1.638 1.649 0.218 -1.022 0.103 -2.427 -2.541 1.737 -1.447 -2.613 -2.171 0.458 -0.646 -2.69 -1.962 -2.122
319 V -0.591 1.337 -1.191 -1.884 -0.458 -1.453 -1.859 -1.961 -1.223 1.677 -0.044 -0.683 -0.005 2.286 -2.709 0.134 1.018 -1.536 -0.214 1.477
320 H -1.799 -0.815 -0.231 -1.556 -2.183 -0.668 -1.056 -2.11 7.099 -1.958 -1.975 -1.147 -1.112 1.226 -2.988 -1.895 -2.237 0.333 4.434 -2.234
321 P -1.204 -1.179 -0.139 3.474 -2.102 -0.209 2.417 -1.674 -0.527 -2.652 -3.016 -0.354 -2.314 -2.996 3.806 -1.108 -1.41 -3.411 -2.547 -2.424
322 F -2.206 -2.53 -2.651 -3.27 -1.551 -3.05 -3.116 -2.95 0.449 -0.097 0.095 -2.801 -0.121 5.857 -4.084 -2.876 -2.331 1.366 4.806 -0.713
323 L -1.487 -2.82 -3.352 -3.377 -0.207 -3.064 -3.611 -3.503 -2.629 4.01 2.715 -2.667 1.531 0.381 -3.594 -3.16 -1.291 -2.052 -1.264 2.328
324 G -0.113 -1.9 -0.48 -0.669 -1.533 -1.277 0.419 5.374 -1.125 -3.192 -3.377 -1.165 -2.55 -2.723 -2.666 -1.023 -1.863 -2.488 -2.958 -2.786
325 F -1.528 -2.803 -3.081 -3.347 -0.701 -3.22 -3.339 -2.996 -1.775 2.533 0.685 -2.868 0.436 4.003 -4.006 -2.941 -1.54 5.768 1.289 2.153
326 S -0.052 -0.805 3.431 2.345 -0.842 -0.66 -0.324 -0.326 0.031 -2.343 -2.814 -0.429 -1.759 -2.285 -1.993 2.12 0.21 -2.887 -2.098 -1.952
327 S 1.011 -0.798 0.44 -0.305 0.016 -0.627 -0.612 -0.163 -0.517 -1.968 -2.385 -0.342 -1.244 -2.0 -1.532 3.451 0.954 -2.606 -1.812 -1.349
328 L -1.611 -2.571 -3.128 -3.468 -0.554 -3.135 -3.36 -3.147 -1.728 1.59 2.604 -2.834 1.192 4.522 -3.898 -2.999 -1.696 -0.466 1.201 1.487
329 S 1.011 -0.798 0.44 -0.305 0.016 -0.627 -0.612 -0.163 -0.517 -1.968 -2.385 -0.342 -1.244 -2.0 -1.532 3.451 0.954 -2.606 -1.812 -1.349
330 D -0.314 -0.747 2.865 2.417 -1.061 -0.273 1.308 -0.67 -0.016 -2.203 -2.662 -0.276 -1.706 -2.322 -1.997 1.503 0.671 -2.787 -2.094 -1.795
331 L -1.205 -2.513 -2.94 -3.295 -0.407 -2.766 -3.127 -3.144 -0.957 2.532 1.632 -2.544 0.836 3.015 -3.565 -2.743 -1.298 -0.32 2.78 2.524
332 L -1.07 -2.478 -3.252 -3.443 -0.034 -2.766 -3.276 -3.305 -2.624 2.925 3.008 -2.537 1.559 0.315 -3.494 -2.881 -1.132 -2.022 -1.225 2.784
333 S 0.761 -0.685 0.317 0.075 -0.276 -0.206 1.172 -0.4 -0.356 -2.094 -2.444 -0.158 -1.331 -2.101 -1.596 3.052 0.676 -2.578 -1.837 -1.473
334 N -0.421 -0.527 3.489 0.776 -1.094 -0.031 1.678 -0.671 0.241 -2.112 -2.525 -0.106 -1.592 -2.241 -2.02 1.186 0.948 -2.641 -1.937 -1.664
335 V -0.955 -2.008 -1.898 -2.56 -0.261 -2.062 -2.447 -2.764 3.261 2.824 1.551 -2.021 0.828 -0.191 -3.138 -2.082 0.007 -2.075 -0.586 2.656
336 F -2.072 -2.58 -2.865 -3.305 -1.077 -3.122 -3.303 -2.919 -1.007 0.662 1.33 -2.889 2.327 5.887 -4.191 -2.901 -2.092 0.373 2.288 -0.097
337 G -0.244 -1.824 0.302 3.218 -1.373 -1.451 -0.634 4.136 -1.01 -2.852 -3.305 -1.156 -2.427 -2.673 -2.416 0.359 -1.094 -2.837 -2.889 -2.592
338 L 0.477 -2.091 -2.872 -3.056 -0.054 -2.197 -2.808 -2.282 -1.954 2.313 3.001 -2.042 2.846 0.298 -3.111 -2.041 -1.239 -1.846 -1.216 1.285
339 E -1.22 -0.26 1.318 3.212 -2.319 1.999 3.322 -1.518 0.256 -2.713 -2.833 0.345 -1.757 -2.775 -2.135 -0.818 -1.247 -2.7 -2.1 -2.327
340 Y -1.559 -0.645 -1.282 -1.966 -1.814 -1.142 -1.447 -2.253 3.853 -1.271 -1.279 0.736 -0.961 3.092 2.004 -1.935 -1.884 0.396 4.262 -1.543
341 S 0.831 -1.025 0.085 -0.629 0.062 -0.879 -0.892 -0.482 -0.806 -0.342 -1.516 -0.602 -0.794 -1.678 -1.754 3.002 0.756 -2.578 -1.728 0.654
342 E -0.906 -0.084 -0.497 1.004 -2.029 2.241 4.012 -1.992 0.237 -1.519 -2.097 0.562 -1.236 -2.451 -2.071 -0.94 -1.221 -2.409 -1.796 -0.625
343 R -1.337 4.692 -0.682 -1.462 -2.119 0.227 -0.596 -1.993 -0.24 -2.531 -2.229 2.35 -1.447 -2.711 2.083 -1.376 -1.428 -2.624 -1.959 -2.191
344 S 2.407 -1.025 -0.117 -0.71 0.233 -0.856 -0.839 0.006 -0.746 -1.561 -2.009 -0.518 -1.135 -1.968 -1.532 2.743 0.551 -2.569 -1.812 -0.79
345 A 2.216 -1.323 -0.408 -1.028 0.065 -1.186 -1.264 2.087 -1.064 -1.387 -1.914 -0.807 -1.204 -2.012 -1.749 1.711 1.353 -2.488 -1.994 -0.683
346 R -1.591 5.614 -0.519 -1.621 -2.316 0.461 -0.617 -2.185 0.042 -2.668 -2.085 1.962 -1.281 -2.529 -2.761 -1.463 -1.511 -2.291 -1.829 -2.219
347 L -1.283 -2.57 -3.31 -3.446 -0.119 -2.865 -3.408 -3.395 -2.593 3.291 3.074 -2.585 1.618 0.401 -3.552 -3.024 -1.25 -1.992 -1.225 2.444
348 I 0.595 -2.568 -2.946 -2.988 0.032 -2.668 -3.007 -2.355 -2.423 3.562 1.858 -2.265 1.057 -0.072 -3.072 -2.065 -0.975 -2.217 -1.375 2.603
349 L -1.137 -1.44 -2.417 -2.871 -0.225 -1.108 -2.41 -2.64 -1.025 1.546 2.078 -1.509 5.883 0.411 -3.299 -2.073 -1.103 -1.363 -0.889 0.933
350 E -0.616 -0.539 -0.55 0.763 -1.445 0.625 3.611 -1.774 -0.113 -1.188 0.074 0.123 -0.621 -1.641 -2.086 0.282 -0.857 -2.333 -1.78 -1.216
351 Y -1.403 1.953 -1.218 -1.801 -1.599 1.374 -0.75 -2.33 0.699 0.772 -0.759 1.433 -0.409 0.989 -2.761 -1.76 -1.48 0.067 3.905 -0.24
352 I 1.612 -2.297 -2.502 -2.628 -0.094 -2.265 -2.523 -1.582 -0.848 3.06 0.532 -1.872 0.358 0.58 -2.695 -1.372 -1.032 -0.893 2.319 1.664
353 N -1.812 -1.263 3.908 -0.211 -1.399 -1.438 -1.718 -1.234 0.135 -0.517 -0.29 -1.264 1.795 3.769 -3.26 -1.172 -1.127 -0.954 0.677 -1.003
354 P -0.476 -1.815 -1.416 -1.355 -1.196 -1.713 -1.472 -1.535 -1.439 -2.303 -2.732 -0.976 -2.218 -3.109 6.226 0.128 -0.853 -4.161 -2.526 -2.054
355 S -0.184 1.168 2.12 -0.295 -0.838 -0.282 -0.586 -0.791 2.302 -1.846 -2.223 1.4 -1.274 -2.057 -1.952 1.507 1.304 -2.47 -1.352 -1.465
356 A 2.493 1.341 -1.399 -1.868 -0.304 -1.356 -1.663 1.953 -0.981 -1.167 -1.292 -0.508 -0.991 2.05 -2.27 -0.479 -1.121 -1.594 -0.431 -0.683
357 V 1.036 -2.35 -2.732 -2.917 0.343 -2.39 -2.616 -2.121 -2.609 2.594 0.614 -2.124 0.552 -0.652 -2.867 -1.665 -0.503 -2.453 -1.415 3.877
358 E 1.753 0.009 -0.759 0.376 -0.994 0.537 3.044 -0.931 -0.22 -1.934 -2.154 1.519 -1.401 -2.418 -1.765 -0.383 -1.0 -2.488 -1.893 -1.205
359 E -1.128 -0.437 2.1 0.934 -1.745 0.629 3.344 -1.632 0.259 -1.255 -0.985 0.125 1.879 -1.685 -2.289 -0.882 -1.103 -2.277 -1.73 -1.283
360 G 0.047 -2.4 -0.483 -1.365 -1.363 -2.238 -2.665 5.849 -1.519 -3.258 -3.503 -1.693 -2.71 -2.721 -2.822 -1.045 -1.962 -2.483 -3.191 -2.907
361 T -0.357 -0.477 -0.666 -1.375 -0.226 -0.962 -1.308 -1.619 -1.364 0.365 0.671 0.932 0.057 -1.129 -2.074 0.311 2.863 -2.246 -1.625 0.691
362 A 3.174 -1.151 -1.399 -1.607 0.294 0.218 -1.075 -0.183 -0.937 -0.453 -0.526 -0.7 1.835 -1.437 -1.816 0.49 -0.46 -2.262 -1.597 0.035
363 G -0.194 -1.986 1.895 -0.749 -1.458 -1.898 -2.263 5.406 -0.954 -3.182 -3.464 -1.433 -2.633 -2.682 -2.803 -0.892 -1.674 -2.578 -2.995 -2.868
364 V -0.471 -2.491 -3.054 -3.292 0.207 -2.653 -3.015 -3.079 -2.862 2.825 1.745 -2.46 1.036 -0.21 -3.296 -2.469 -0.668 -2.307 -1.302 3.928
365 L -0.969 -1.578 -2.426 -2.636 -0.249 0.727 -1.81 -2.905 -1.763 2.648 2.303 -1.496 1.201 -0.131 -3.211 -2.372 -1.039 -2.114 -1.264 2.612
366 N -1.045 -0.524 5.324 1.02 -1.481 -0.591 -0.753 -0.203 0.717 -2.619 -3.054 -0.351 -2.031 -2.355 -2.427 0.835 -0.207 -2.949 -2.071 -2.363
367 T 0.481 -0.968 0.14 -0.663 0.04 -0.881 -0.994 -0.71 -0.954 -1.003 -1.68 -0.584 -0.898 -1.813 -1.636 2.377 3.17 -2.418 -1.788 -0.489
368 L -1.597 -2.243 -3.419 -3.677 -0.207 -2.697 -3.362 -3.439 -2.37 1.948 4.128 -2.535 2.076 0.776 -3.661 -3.215 -1.637 -1.707 -1.113 1.049
369 F -2.391 -2.953 -2.917 -3.371 -1.431 -3.921 -3.539 -2.931 -0.885 0.22 0.508 -3.361 0.145 6.601 -4.505 -3.087 -2.427 0.795 2.874 -0.564
370 I -1.434 -3.158 -3.319 -3.238 -0.207 -3.266 -3.744 -3.536 -2.768 4.666 1.62 -2.736 1.214 0.161 -3.561 -3.133 -1.132 -2.242 -1.342 2.803
371 G 2.045 -2.093 -0.85 -1.496 -0.547 -1.93 -2.167 4.896 -1.442 -2.243 -2.617 -1.415 -1.995 -2.431 -2.333 -0.488 -1.387 -2.497 -2.663 -1.546
372 E -0.976 -0.179 -0.395 1.461 -2.468 1.289 4.622 -2.006 0.336 -2.821 -2.76 0.62 -1.81 -2.665 -1.938 -0.848 -1.358 -2.444 -1.965 -2.191
373 A 3.719 -1.403 -1.228 -1.449 0.53 -1.237 -1.217 0.242 -1.128 -1.041 -1.523 -0.804 -0.98 -1.921 -1.532 1.185 -0.185 -2.515 -1.812 -0.113
374 W -2.651 -2.519 -3.17 -3.624 -2.207 -3.03 -3.105 -2.501 -1.138 -1.428 -1.199 -2.927 -1.031 3.022 -5.281 -3.355 -2.695 10.16 2.254 -1.917
375 A 4.05 -1.541 -1.719 -1.744 0.623 -1.377 -1.355 0.317 -1.268 -0.887 -1.378 -0.905 -0.93 -1.905 -1.532 0.398 -0.479 -2.497 -1.812 0.082
376 N -1.717 -0.472 5.76 1.225 -1.903 -0.584 -0.782 -0.211 0.912 -2.769 -3.208 -0.353 -2.218 -2.431 -2.644 -0.175 -0.508 -3.023 -2.126 -2.617
377 F -2.391 -2.953 -2.917 -3.371 -1.431 -3.921 -3.539 -2.931 -0.885 0.22 0.508 -3.361 0.145 6.601 -4.505 -3.087 -2.427 0.795 2.874 -0.564
378 G 0.033 -2.414 -0.497 -1.38 -1.377 -2.252 -2.679 5.862 -1.533 -3.272 -3.517 -1.708 -2.724 -2.735 -2.836 -1.059 -1.976 -2.497 -3.205 -2.921
379 W -1.698 -2.69 -3.274 -3.447 -0.715 -2.981 -3.355 -3.06 -2.098 3.004 1.574 -2.712 0.747 0.557 -4.052 -3.159 -1.6 7.565 0.328 1.787
380 L 0.615 -2.5 -2.94 -3.088 5.028 -2.662 -3.043 -2.196 -2.38 2.523 2.225 -2.314 0.986 -0.182 -3.067 -1.922 -1.145 -2.25 -1.537 1.727
381 G 0.033 -2.414 -0.497 -1.38 -1.377 -2.252 -2.679 5.862 -1.533 -3.272 -3.517 -1.708 -2.724 -2.735 -2.836 -1.059 -1.976 -2.497 -3.205 -2.921
382 V -0.664 -2.44 -3.123 -3.365 0.129 -2.662 -3.081 -3.148 -2.757 2.67 2.405 -2.475 1.276 0.016 -3.365 -2.604 -0.838 -2.177 -1.264 3.539
383 I 1.666 -2.33 -2.672 -2.705 0.137 -2.369 -2.614 -1.6 -2.133 3.077 1.611 -1.943 0.817 -0.297 -2.707 -1.403 -0.915 -2.242 -1.449 2.071
384 L -1.389 -2.69 -3.223 -3.397 -0.285 -3.047 -3.437 -3.305 -2.263 3.152 2.531 -2.709 1.33 2.727 -3.672 -3.003 -1.352 -1.339 -0.023 2.314
385 A 3.137 -1.208 -0.619 -1.056 0.385 -1.04 -1.022 0.127 -0.931 -1.29 -1.756 -0.657 -1.057 -1.944 -1.532 2.068 0.206 -2.542 -1.812 -0.431
386 P -0.893 -2.07 -1.99 -1.621 -1.514 -1.99 -1.679 -1.909 -1.664 -2.374 -2.807 -1.121 -2.46 -3.392 6.719 -1.509 -1.405 -4.606 -2.692 -2.219
387 L -0.965 -1.946 -2.311 -2.77 -0.169 -2.232 -2.683 -2.569 -1.967 1.567 3.662 -2.034 1.727 0.462 -3.179 -0.556 -1.011 -1.839 -1.218 0.764
388 Y -1.993 -1.927 -2.332 -3.17 -1.898 -1.99 -2.513 -2.886 1.704 -1.011 -1.078 -2.064 -0.83 3.021 -3.648 -2.628 -2.239 6.188 6.358 -1.21
389 V -0.29 -2.543 -2.986 -3.221 0.283 -2.644 -2.95 -3.012 -2.972 2.973 0.888 -2.445 0.775 -0.455 -3.228 -2.341 -0.508 -2.444 -1.342 4.271
390 G 0.033 -2.414 -0.497 -1.38 -1.377 -2.252 -2.679 5.862 -1.533 -3.272 -3.517 -1.708 -2.724 -2.735 -2.836 -1.059 -1.976 -2.497 -3.205 -2.921
391 F -0.58 -2.475 -2.715 -3.098 -0.809 -2.87 -3.03 -2.432 -1.067 0.755 0.763 -2.62 2.21 5.563 -3.786 -2.352 -1.769 0.149 2.035 0.598
392 L -1.046 -2.623 -3.236 -3.371 -0.034 -2.856 -3.334 -3.32 -2.692 3.417 2.564 -2.569 1.406 0.204 -3.478 -2.869 -1.055 -2.114 -1.264 2.997
393 I -1.181 -2.71 -2.507 -2.744 -0.16 -2.791 -3.207 -3.047 -2.507 4.242 1.309 -2.322 0.982 -0.071 -3.168 -2.058 0.825 -2.242 -1.408 2.5
394 G -0.578 0.198 -0.261 -0.701 -1.757 4.019 0.504 3.106 0.139 -2.587 -2.46 0.484 -1.037 -2.919 -2.402 -0.892 -1.314 -2.324 -1.84 -2.16
395 T -0.639 -1.558 -1.058 -1.778 -0.514 -1.597 -1.903 -1.659 -1.073 -0.187 -0.2 -1.429 1.913 2.463 -2.692 0.423 2.026 5.722 0.502 -0.3
396 L -0.877 -1.925 -2.167 -2.604 -0.172 -2.013 -2.583 -2.469 -1.778 2.263 2.969 -1.892 2.833 0.291 -3.111 -0.46 -0.862 -1.86 -1.216 1.159
397 Y -2.033 -2.161 -2.407 -3.173 -1.677 -2.382 -2.747 -2.97 1.358 -0.454 -0.387 -2.333 -0.413 4.85 -3.716 -2.679 -2.237 1.843 5.953 -0.87
398 L -1.387 1.254 -2.249 -2.907 -0.842 -1.686 -2.395 -2.991 0.123 1.923 1.237 -1.009 0.475 1.443 -3.317 -2.463 -1.455 0.122 3.923 1.569
399 F -1.258 -2.245 -2.13 -2.654 -0.708 -2.691 -2.751 -2.371 -1.226 0.709 2.09 -2.353 0.797 4.891 -3.506 -0.53 -1.303 -0.27 1.479 -0.014
400 L -1.554 -2.513 -3.17 -3.493 -0.461 -3.04 -3.346 -3.189 -1.861 1.71 2.882 -2.768 1.347 4.058 -3.832 -3.009 -1.637 -0.69 0.86 1.574
401 L -1.597 -2.243 -3.419 -3.677 -0.207 -2.697 -3.362 -3.439 -2.37 1.948 4.128 -2.535 2.076 0.776 -3.661 -3.215 -1.637 -1.707 -1.113 1.049
402 K -0.186 2.564 -0.075 -0.729 -1.213 0.307 -0.146 -1.025 -0.309 -2.182 -2.289 3.277 -1.268 -2.493 -1.814 1.29 -0.305 -2.551 -1.832 -1.825
403 L 1.081 -0.527 -0.885 -1.408 -0.279 -0.999 -1.206 -0.989 -0.998 -0.147 1.11 0.923 0.127 1.098 -2.161 1.217 -0.32 -1.882 -0.829 -0.336
404 R -1.119 3.397 -0.625 -0.586 -2.096 0.447 1.271 -1.828 -0.242 -2.471 -2.374 2.797 -1.533 -2.792 2.149 -1.179 -1.339 -2.709 -1.985 -2.159
405 K -0.883 2.037 -0.325 -0.779 -2.034 0.75 0.256 -1.399 -0.3 -2.18 -2.297 4.63 -1.281 -2.863 -1.744 -0.938 -1.139 -2.606 -1.846 -2.056
406 T 1.1 -1.211 -0.4 -1.173 0.166 -1.195 -1.421 -1.023 -1.435 -0.373 -1.156 -0.857 -0.643 -1.68 -1.707 0.608 3.987 -2.283 -1.771 0.158
407 P -0.893 -2.07 -1.99 -1.621 -1.514 -1.99 -1.679 -1.909 -1.664 -2.374 -2.807 -1.121 -2.46 -3.392 6.719 -1.509 -1.405 -4.606 -2.692 -2.219
408 L -1.168 -2.594 -3.167 -3.394 -0.195 -2.942 -3.303 -3.218 -2.291 2.766 2.451 -2.659 1.264 2.689 -3.611 -2.862 -1.23 -1.363 -0.023 2.669
409 F -1.782 -2.526 -2.731 -3.17 -0.726 -3.096 -3.251 -2.962 -1.491 1.514 2.266 -2.725 0.981 4.918 -3.795 -2.549 -0.486 -0.242 1.494 0.524
410 L -1.542 -2.517 -3.386 -3.523 -0.207 -2.875 -3.484 -3.471 -2.497 3.159 3.508 -2.6 1.816 0.585 -3.628 -3.188 -1.459 -1.875 -1.187 1.759
411 G 2.691 -1.945 -1.044 -1.556 -0.207 -1.781 -1.942 4.256 -1.398 -1.84 -2.254 -1.279 -1.69 -2.29 -2.111 -0.24 -1.132 -2.497 -2.425 -1.046
412 L -1.384 -2.406 -3.349 -3.642 4.995 -2.818 -3.457 -3.197 -2.467 1.637 3.694 -2.631 1.733 0.456 -3.591 -2.908 -1.592 -1.918 -1.339 0.846
413 L -1.564 -2.159 -2.258 -2.876 -0.744 -2.53 -2.829 -2.761 -0.534 0.733 2.034 -2.291 0.756 4.233 -3.415 -1.985 0.478 0.179 3.133 0.132
414 V 1.54 -1.878 -1.73 -2.162 0.32 -1.874 -2.069 -1.428 -2.059 1.714 0.015 -1.555 0.11 -1.038 -2.324 -0.565 1.669 -2.405 -1.556 2.887
415 Y -1.239 -1.858 -1.679 -2.447 -1.326 -1.962 -2.239 -2.272 1.188 -0.691 -0.686 -1.86 -0.563 4.257 -3.193 -0.36 -1.393 1.479 5.558 -0.959
416 F -1.849 -2.888 -3.013 -3.437 4.883 -3.612 -3.577 -2.875 -1.367 0.462 1.365 -3.175 0.417 5.56 -4.111 -2.83 -2.085 0.067 1.972 -0.21
417 S 0.845 -0.854 0.343 -0.42 0.024 -0.709 -0.734 -0.334 -0.655 -1.609 -2.131 -0.42 -1.124 -1.936 -1.566 3.136 1.894 -2.542 -1.804 -1.033
418 Y -1.823 -2.259 -2.651 -3.246 -1.117 -2.461 -2.928 -3.135 0.704 1.562 1.256 -2.356 0.424 3.697 -3.624 -2.801 -1.906 1.13 5.119 0.444
419 K -0.559 1.277 1.065 -0.592 -1.675 0.211 -0.224 1.756 -0.36 -2.363 -2.546 3.662 -1.545 -2.722 -1.949 -0.145 -0.951 -2.62 -2.053 -2.158
420 G -0.138 -1.642 -0.5 -1.319 -0.687 -1.616 -1.845 3.149 -1.261 -1.572 -2.057 -1.274 -1.404 -1.274 -2.436 0.645 2.001 5.648 -0.923 -1.221
421 G 1.235 -1.263 1.899 -0.489 -0.537 -1.165 -1.199 2.019 -0.621 -2.107 -2.529 -0.752 -1.722 -2.365 2.187 1.471 -0.205 -2.887 -2.197 -1.545
422 V -1.04 -2.697 -3.123 -3.322 -0.151 -2.984 -3.296 -3.19 -2.366 3.106 1.853 -2.668 1.059 2.621 -3.565 -2.781 -1.093 -1.448 -0.049 3.04
423 T 0.13 -1.268 -0.278 -1.033 0.005 -1.214 -1.383 -1.141 -1.274 1.096 -0.725 -0.895 -0.375 -1.35 -1.899 1.671 3.053 -2.358 -1.705 0.478
424 G 0.221 -2.074 -0.318 -1.17 -1.093 -1.91 -2.215 5.407 -1.337 -3.01 -3.295 -1.43 -2.418 -2.599 -2.574 0.349 -1.234 -2.515 -2.921 -2.592
425 G -0.108 -1.51 -0.436 -1.194 -1.468 0.866 -1.503 5.38 -1.016 -3.085 -3.215 -0.985 -2.201 -2.78 -2.722 -1.016 -1.796 -2.453 -2.799 -2.711
426 F -2.068 -2.854 -3.06 -3.397 -0.963 -3.567 -3.542 -3.105 -1.344 1.832 1.67 -3.098 0.75 5.6 -4.175 -3.116 -2.032 0.133 2.033 0.593
427 N -1.717 -0.472 5.76 1.225 -1.903 -0.584 -0.782 -0.211 0.912 -2.769 -3.208 -0.353 -2.218 -2.431 -2.644 -0.175 -0.508 -3.023 -2.126 -2.617
428 D -0.898 -1.168 0.414 4.257 -1.436 -0.4 1.598 -1.29 -0.467 -1.368 -1.353 -0.568 1.48 -1.887 -2.253 0.299 -0.829 -2.738 -2.2 -1.501
429 Y -1.95 -1.993 -2.293 -3.126 -1.742 -2.099 -2.579 -2.979 1.723 -0.65 -0.663 -2.124 -0.572 4.175 -3.548 -2.585 -2.191 2.055 6.391 -0.952
430 I -1.719 -3.088 -3.179 -3.281 -0.56 -3.468 -3.674 -3.32 -1.996 3.79 1.295 -2.929 0.9 3.992 -3.843 -3.118 -1.502 -0.847 0.804 2.051
431 Y -1.869 -1.834 -2.182 -3.079 -1.809 -1.84 -2.42 -2.989 2.048 -0.86 -0.967 -1.93 -0.739 3.291 -3.39 -2.494 -2.146 2.252 6.771 -1.036
432 N -1.717 -0.472 5.76 1.225 -1.903 -0.584 -0.782 -0.211 0.912 -2.769 -3.208 -0.353 -2.218 -2.431 -2.644 -0.175 -0.508 -3.023 -2.126 -2.617
433 A 1.037 -1.753 -1.217 -1.699 -0.138 -1.715 -1.847 -1.163 -1.186 1.811 0.161 -1.397 1.234 2.347 -2.447 1.123 -0.295 -1.514 -0.19 0.741
434 G 0.976 -1.452 1.709 -0.904 -0.726 -0.054 -1.531 3.717 -0.841 -0.555 -1.73 -1.046 -1.247 -2.052 -2.546 -0.74 -1.075 -2.546 -2.222 0.444
435 L -1.573 -2.078 -2.767 -3.254 -0.652 -2.152 -2.901 -3.154 0.015 2.038 2.362 -2.163 2.617 1.771 -3.49 -2.737 -1.603 0.255 3.955 0.935
436 L -1.415 -2.541 -3.239 -3.469 -0.285 -2.951 -3.377 -3.29 -2.204 2.608 2.98 -2.675 1.486 2.774 -3.689 -3.016 -1.437 -1.268 0.002 2.042
437 L -0.772 -2.08 -1.637 -2.167 -0.288 -2.232 -2.448 -2.182 -1.657 2.553 1.473 -1.872 0.688 2.515 -2.885 -0.046 0.954 -1.43 -0.138 1.244
438 L -1.488 -2.22 -3.21 -3.452 -0.21 -2.442 -3.237 -3.305 -2.155 2.567 3.55 -2.367 3.075 0.623 -3.581 -2.978 -1.453 -1.728 -1.111 1.409
439 L -1.461 -2.651 -3.264 -3.343 -0.209 -2.825 -3.479 -3.418 -2.445 3.803 2.744 -2.545 2.292 0.401 -3.571 -3.055 -1.288 -1.973 -1.224 2.19
440 L -1.162 -2.387 -1.934 -2.577 -0.816 -2.74 -3.019 2.249 -1.528 0.454 1.885 -2.35 0.526 3.901 -3.448 -1.993 -0.494 -0.765 0.659 -0.2
441 V 0.709 -2.476 -2.894 -2.985 0.113 -2.575 -2.891 -2.292 -2.452 3.23 1.757 -2.222 0.985 -0.174 -3.023 -1.962 -0.867 -2.25 -1.375 2.926
442 L -1.793 -2.68 -3.218 -3.459 -0.56 -3.2 -3.513 -3.282 -1.863 2.571 2.733 -2.838 1.332 4.067 -3.888 -3.152 -1.731 -0.7 0.851 1.235
443 G -0.203 -2.113 -1.266 -1.938 -0.448 -2.156 -2.416 3.041 -1.677 0.777 0.775 -1.806 -0.015 1.102 -2.879 -0.069 -0.868 -1.903 -1.051 1.414
444 L -1.004 -2.491 -2.118 -2.583 -0.532 -2.703 -3.019 1.327 -1.843 2.581 1.874 -2.296 0.791 2.56 -3.346 -1.275 -1.293 -1.402 -0.209 1.151
445 I -1.01 -2.619 -2.823 -3.039 -0.054 -2.774 -3.206 -3.138 -2.614 3.714 1.957 -2.42 1.168 0.022 -3.292 -2.376 0.074 -2.193 -1.335 2.917
446 Y -1.864 -2.255 -2.512 -3.16 -1.333 -2.409 -2.841 -3.071 1.067 1.47 0.059 -2.315 -0.053 4.041 -3.61 -2.718 -1.956 1.478 5.577 0.313
447 L -0.624 -2.028 -1.484 -2.123 -0.568 -2.227 -2.467 1.861 -1.429 0.453 2.075 -1.897 0.626 2.83 -3.048 -0.013 -1.054 -1.236 -0.033 -0.178
448 L 0.357 -1.437 1.96 -0.9 -0.287 -1.485 -1.694 -1.158 -0.899 1.595 1.109 -1.179 0.261 -0.756 -2.459 0.571 0.618 -2.349 -1.606 0.607
449 A 3.128 -1.36 -0.768 -1.193 0.304 -1.194 -1.204 1.559 -1.038 -1.349 -1.809 -0.784 -1.155 -2.0 -1.632 1.605 -0.062 -2.522 -1.918 -0.491
450 L -0.229 0.268 -0.645 -1.211 -0.565 -0.49 -0.835 -1.33 -0.883 -0.016 1.466 2.059 0.356 -0.88 -2.125 0.982 -0.334 -2.232 -1.528 -0.42
451 A 1.559 -1.558 -2.049 -2.46 -0.261 -1.384 -1.974 -1.319 0.386 0.217 0.396 -1.375 3.068 1.398 -2.564 -1.047 -1.121 0.253 3.86 0.145
452 L -1.796 -2.418 -3.199 -3.529 -0.518 -3.008 -3.378 -3.217 -1.744 1.521 3.289 -2.742 1.606 4.069 -3.874 -3.129 -1.835 -0.573 0.921 0.647
453 R -1.375 3.298 -0.855 -1.634 -2.003 0.041 -0.684 -2.076 0.836 -1.756 -1.679 2.575 -1.046 0.811 -2.508 -1.519 -1.527 0.08 3.805 -1.679
454 T -0.488 -1.375 -0.866 -1.616 -0.003 -1.304 -1.836 -1.832 -1.445 1.387 0.458 -1.153 2.669 -0.701 -2.22 -0.123 3.208 -1.96 -1.432 0.878
455 V -1.054 -2.85 -3.093 -3.25 -0.186 -3.103 -3.355 -3.186 -2.341 3.482 1.146 -2.719 0.857 2.898 -3.574 -2.775 -1.056 -1.378 0.131 3.142
456 F -1.956 -1.918 1.275 -1.889 -1.368 -2.219 -2.497 -2.34 0.585 -0.005 0.945 -2.05 0.079 4.414 -3.608 -2.201 -1.797 0.795 4.391 -0.594
457 A 2.078 -1.384 0.763 -1.032 5.047 -1.302 -1.391 -0.415 -1.041 -1.107 -1.622 -0.951 -1.067 -1.951 -1.88 1.335 1.305 -2.638 -1.979 -0.462
458 G 0.104 -2.343 -0.426 -1.308 -1.306 -2.181 -2.608 5.796 -1.462 -3.201 -3.446 -1.636 -2.652 -2.664 -2.765 -0.988 -1.905 -2.426 -3.134 -2.85
459 K -0.798 0.914 -0.651 -1.097 -1.523 1.61 -0.232 1.575 -0.552 0.534 -1.248 3.067 -0.711 -2.089 -2.23 -1.204 -1.242 -2.462 -1.843 -0.523
460 K -0.852 1.768 -0.216 -0.602 -1.962 2.872 0.712 -1.394 0.128 -2.169 -2.162 3.766 -0.931 -2.863 -1.841 -0.846 -1.053 -2.43 -1.618 -1.934
461 Y -1.798 -1.763 -2.111 -3.008 -1.737 -1.769 -2.349 -2.918 2.119 -0.789 -0.896 -1.859 -0.668 3.363 -3.319 -2.423 -2.075 2.323 6.624 -0.965
462 I -0.951 -2.888 -3.154 -3.182 0.015 -2.994 -3.405 -3.301 -2.785 4.117 1.446 -2.586 1.125 0.02 -3.396 -2.795 -0.859 -2.258 -1.292 3.35
463 T 0.022 -1.482 -0.575 -1.246 0.01 -1.43 -1.606 -1.334 -1.392 2.123 -0.078 -1.09 0.039 -0.946 -2.097 1.321 2.226 -2.308 -1.582 1.109
464 K -0.812 2.108 -0.254 -0.708 -1.963 0.821 0.328 -1.328 -0.229 -2.109 -2.226 4.453 -1.209 -2.791 -1.673 -0.867 -1.068 -2.535 -1.774 -1.984
465 F -1.007 -1.849 -1.183 -1.934 -0.523 -2.158 -2.235 -1.992 -1.099 0.044 -0.126 -1.775 -0.135 4.674 -2.742 -0.589 2.503 -0.277 1.465 -0.108
466 R -1.071 3.547 -0.278 -0.845 -2.052 2.827 0.485 -1.637 0.232 -2.325 -2.091 2.937 -0.931 -2.745 -2.158 -1.008 -1.17 -2.325 -1.613 -1.986
467 V -0.381 0.155 -0.867 -1.455 -0.341 -0.636 -1.034 -1.789 -1.331 1.006 -0.486 1.983 -0.186 -1.437 -2.109 -0.572 1.964 -2.377 -1.592 1.894
468 L -0.899 -2.094 -2.532 -2.971 0.023 -2.364 -2.843 -2.886 -2.332 2.117 2.999 -2.159 1.511 0.245 -3.139 -1.997 0.534 -1.932 -1.22 2.271
469 K -1.14 2.059 1.996 -0.346 -2.051 1.894 0.207 -1.265 2.473 -2.372 -2.395 3.276 -1.259 -2.564 -2.112 -0.863 -1.111 -2.47 -1.297 -2.193
470 L -1.071 -1.715 -0.933 1.466 -0.644 -1.639 -1.349 -2.212 3.357 1.552 1.88 -1.652 0.651 -0.338 -2.961 -1.033 -1.127 -2.149 -0.731 1.36
471 A 2.026 -0.08 -0.71 -1.059 -0.345 -0.587 -0.728 -0.475 -0.858 -1.662 -2.047 1.732 -1.309 -2.36 2.263 1.148 -0.3 -2.817 -1.95 -1.032
472 K 0.61 0.385 1.871 -0.636 -1.057 -0.276 -0.621 -0.976 3.595 -0.293 -1.583 2.206 -0.979 -1.786 -2.12 -0.587 0.061 -2.375 -0.895 -0.762
473 R 0.458 3.138 1.7 -0.963 -1.229 -0.32 -0.909 -1.223 -0.248 -0.283 -1.285 1.72 -0.895 0.684 -2.466 -0.924 -1.1 -2.029 -0.982 -0.778