#Seq2Logo.py -f /work3/idamei/wzy_ssn/run/1e-50/run/150/MSAs/0008_101.afa -o /work3/idamei/wzy_ssn/run/1e-50/run/150/logos/0008_101.logo
Last position-specific scoring matrix computed, values are in halfbits
A R N D C Q E G H I L K M F P S T W Y V
0 L -1.094 -1.397 -2.374 -2.828 -0.182 -1.065 -2.367 -2.597 -0.982 1.589 2.121 -1.467 5.683 0.453 -3.256 -2.031 -1.06 -1.32 -0.846 0.975
1 G 0.005 -1.501 0.481 3.217 -1.047 -1.145 -0.354 3.22 -0.803 -2.581 -3.055 -0.882 -2.108 -2.497 -2.145 1.214 -0.487 -2.814 -2.591 -2.255
2 K -0.193 0.155 -0.632 -1.144 -0.565 -0.573 -0.885 -1.345 -0.959 1.924 -0.324 2.045 -0.141 -1.233 -2.104 0.989 -0.218 -2.437 -1.615 0.693
3 D -1.158 0.513 0.274 3.492 -2.261 0.557 2.583 -1.465 -0.117 -2.536 -2.781 2.363 -1.843 -2.789 -1.956 -0.888 -1.276 -2.794 -2.208 -2.322
4 L -1.129 -1.557 -1.399 -2.337 -0.581 -1.603 -1.971 -2.578 5.003 1.521 1.691 -1.81 0.745 1.052 -3.203 -2.278 -1.374 -1.593 0.398 1.969
5 L -1.051 -2.297 -3.225 -3.474 0.008 -2.637 -3.176 -3.247 -2.515 2.374 3.341 -2.462 1.746 0.463 -3.467 -2.851 -1.167 -1.89 -1.145 2.507
6 F -1.993 -2.977 -3.003 -3.283 -0.92 -3.643 -3.563 -3.077 -1.345 2.463 0.971 -3.095 0.589 5.523 -4.113 -3.06 -1.885 0.132 2.063 1.072
7 L -0.431 -1.032 3.051 -0.253 -0.538 -1.107 -1.301 -0.881 -0.318 -0.103 1.394 -0.867 0.198 -0.801 -2.44 1.13 -0.159 -2.35 -1.61 -0.52
8 I -1.391 -3.115 -3.277 -3.195 -0.165 -3.224 -3.701 -3.493 -2.725 4.558 1.662 -2.693 1.257 0.204 -3.519 -3.091 -1.089 -2.199 -1.299 2.846
9 T -0.49 -1.635 -0.872 -1.587 0.019 -1.664 -1.977 -1.899 -1.799 2.317 0.149 -1.308 0.187 -0.864 -2.19 -0.114 3.333 -2.199 -1.573 1.378
10 E -0.933 -0.136 -0.353 1.504 -2.425 1.332 4.527 -1.964 0.378 -2.778 -2.717 0.662 -1.768 -2.622 -1.896 -0.805 -1.315 -2.402 -1.922 -2.148
11 L -1.341 -2.154 -2.973 -3.201 -0.171 -2.164 -3.074 -3.134 -1.912 3.033 2.812 -2.166 3.695 0.503 -3.461 -2.716 -1.238 -1.706 -1.066 1.772
12 A 1.92 -1.084 -0.246 -0.906 0.258 -0.983 -1.071 -0.374 -1.023 -0.883 -1.517 -0.641 -0.846 -1.786 -1.57 1.803 2.56 -2.387 -1.751 -0.238
13 L -1.366 -2.743 -3.29 -3.333 -0.135 -2.986 -3.52 -3.429 -2.597 3.844 2.673 -2.608 1.553 0.395 -3.532 -3.067 -1.207 -2.02 -1.221 2.478
14 V -0.621 -2.397 -3.081 -3.323 0.171 -2.619 -3.039 -3.105 -2.715 2.712 2.381 -2.432 1.319 0.058 -3.323 -2.561 -0.795 -2.135 -1.221 3.452
15 F -0.435 -2.032 -1.362 -1.884 -0.34 -2.14 -2.185 -1.773 -1.288 2.341 0.413 -1.758 0.289 3.402 -2.83 0.726 -0.408 -1.078 0.506 1.306
16 F -0.723 -2.186 -1.577 -2.079 -0.508 -2.386 -2.394 -1.951 -1.218 2.257 0.495 -1.974 0.31 4.172 -3.054 0.339 -0.676 -0.681 1.035 0.96
17 G 0.376 -1.817 -0.491 -1.246 6.21 -1.694 -1.866 3.181 -1.341 -1.871 -2.216 -1.325 -1.58 -2.207 -2.306 1.382 -0.32 -2.699 -2.456 -1.426
18 L 1.983 -1.665 -1.716 -2.092 0.268 -1.719 -1.945 -1.019 -1.68 0.795 1.754 -1.374 0.616 -0.563 -2.186 -0.397 1.274 -2.111 -1.482 0.902
19 L -1.445 -2.777 -3.31 -3.334 -0.165 -3.021 -3.568 -3.461 -2.587 3.927 2.699 -2.625 1.573 0.423 -3.552 -3.118 -1.248 -2.01 -1.221 2.371
20 Y -0.851 -1.427 -0.976 -1.859 -0.678 -1.435 -1.841 -2.032 0.84 -0.511 -0.994 -1.293 -0.618 1.817 -2.406 -0.47 2.58 0.848 4.833 -0.324
21 L -1.352 -2.572 -3.294 -3.403 -0.118 -2.871 -3.432 -3.396 -2.533 3.403 3.069 -2.564 1.693 0.488 -3.536 -3.053 -1.266 -1.932 -1.18 2.276
22 F -1.828 -3.009 -3.066 -3.259 -0.71 -3.53 -3.595 -3.173 -1.631 3.141 1.162 -2.986 0.774 4.838 -3.95 -3.065 -1.662 -0.296 1.521 1.63
23 K -0.47 0.861 -0.371 -0.999 -0.728 -0.071 -0.493 -1.453 -0.86 -0.436 -1.324 2.916 -0.711 -1.997 -1.797 -0.196 2.34 -2.39 -1.721 0.142
24 K -0.645 1.499 -0.135 -0.536 -1.725 3.192 0.748 -1.282 0.196 -2.165 -2.153 3.268 -0.862 -2.796 -1.864 -0.154 -0.807 -2.404 -1.577 -1.857
25 C 2.472 -2.249 -2.245 -2.431 7.326 -2.228 -2.312 -0.667 -1.784 -0.692 -1.016 -1.786 -0.859 0.689 -2.285 -0.487 -0.91 -2.238 -1.21 -0.142
26 L -1.301 -2.142 -2.818 -2.776 -0.538 -2.399 -2.644 -2.792 -2.073 1.126 3.023 -1.94 1.233 -0.03 3.666 -2.486 -1.515 -2.35 -1.507 0.353
27 L -0.018 -1.292 -0.595 -1.323 0.003 -1.327 -1.548 -1.326 -1.311 0.384 1.598 -1.057 0.502 -0.631 -2.125 1.328 2.189 -2.119 -1.502 0.162
28 L -1.621 -2.103 -2.846 -3.244 -0.525 -2.303 -3.017 -2.942 -1.311 1.37 2.598 -2.326 3.564 4.032 -3.736 -2.703 -1.63 -0.49 0.96 0.602
29 R -0.838 2.937 -0.937 -1.625 -1.065 -0.127 -0.771 -2.056 1.37 0.622 -0.746 2.458 -0.382 -1.608 -2.469 -1.491 -1.012 -2.35 -1.292 1.576
30 N -1.448 2.199 2.947 -0.496 -1.258 -0.658 -1.218 -1.528 -0.228 1.837 -0.419 0.989 -0.339 -1.292 -2.777 -1.243 -0.941 -2.49 -1.706 0.502
31 F -1.461 -0.241 -1.819 -2.157 -1.079 -1.312 -1.666 -2.434 -1.098 2.198 0.401 1.754 0.243 3.771 -2.994 -2.15 -1.463 -0.876 0.772 0.84
32 Y -1.827 -1.792 -2.14 -3.036 -1.766 -1.798 -2.378 -2.946 2.09 -0.818 -0.924 -1.887 -0.696 3.334 -3.347 -2.451 -2.104 2.294 6.685 -0.994
33 L -1.332 0.347 2.957 -0.402 -1.212 -0.476 -0.896 -1.354 -0.248 -0.139 1.402 2.057 0.191 -0.973 -2.536 -1.139 -1.015 -2.35 -1.62 -0.684
34 D -1.71 -1.788 0.297 4.738 -1.443 -1.364 0.168 -1.714 -1.031 -0.233 1.282 -1.296 -0.133 -1.097 -2.679 -1.533 -1.482 -2.774 -2.234 -0.899
35 K 1.711 1.299 -0.677 -1.024 -0.814 0.242 -0.145 -0.665 -0.545 -1.639 -1.915 3.571 -1.117 -2.464 -1.629 -0.378 -0.859 -2.527 -1.792 -1.114
36 V 0.256 -1.793 -1.311 -1.852 0.242 -1.76 -1.901 -1.681 -1.86 2.097 0.194 -1.518 0.29 -0.839 -2.501 0.862 0.111 -2.452 -1.445 3.196
37 L -1.457 -1.671 2.75 -0.94 -0.593 -1.872 -2.236 -1.888 -0.865 2.404 2.063 -1.605 0.876 -0.195 -3.191 -1.727 -0.975 -2.243 -1.453 1.362
38 L -1.539 -2.264 -3.366 -3.593 -0.162 -2.696 -3.347 -3.402 -2.357 2.317 3.918 -2.506 2.058 0.774 -3.608 -3.163 -1.547 -1.703 -1.086 1.288
39 S 1.094 -0.715 0.523 -0.222 0.099 -0.543 -0.529 -0.08 -0.434 -1.885 -2.302 -0.259 -1.16 -1.917 -1.449 3.169 1.037 -2.523 -1.729 -1.266
40 N -1.527 -1.468 3.795 -0.173 -0.887 -1.579 -1.854 -1.374 -0.333 2.775 0.161 -1.26 0.026 -0.808 -3.022 -1.245 -0.758 -2.561 -1.662 1.259
41 L -1.786 -2.466 -3.194 -3.504 -0.518 -3.04 -3.398 -3.222 -1.761 1.78 3.169 -2.754 1.556 4.059 -3.867 -3.125 -1.802 -0.591 0.915 0.799
42 F -2.105 -2.695 -3.005 -3.41 -0.993 -3.483 -3.446 -3.021 -1.185 0.855 2.013 -3.064 0.865 5.747 -4.202 -3.08 -2.143 0.331 2.244 0.024
43 C -0.782 -2.916 -3.105 -3.498 8.572 -3.174 -3.717 -2.53 -2.736 0.476 1.729 -2.9 0.406 -0.75 -3.347 -2.101 -1.416 -2.619 -2.108 0.174
44 L 1.588 -1.677 -2.393 -2.612 0.134 -1.606 -2.217 -1.399 -1.455 1.153 2.361 -1.531 3.47 0.022 -2.631 -1.181 -0.992 -1.775 -1.203 0.761
45 F -2.105 -2.695 -3.005 -3.41 -0.993 -3.483 -3.446 -3.021 -1.185 0.855 2.013 -3.064 0.865 5.747 -4.202 -3.08 -2.143 0.331 2.244 0.024
46 F -1.894 -2.943 -3.052 -3.292 -0.78 -3.53 -3.564 -3.137 -1.518 2.765 1.34 -3.011 0.778 5.094 -4.011 -3.07 -1.769 -0.132 1.716 1.334
47 F -1.933 -2.977 -2.889 -3.343 4.817 -3.804 -3.563 -2.755 -1.102 0.119 0.338 -3.283 0.012 6.037 -4.212 -2.766 -2.178 0.451 2.471 -0.503
48 I -1.358 -2.796 -3.285 -3.31 -0.135 -3.018 -3.542 -3.435 -2.62 3.962 2.523 -2.619 1.502 0.359 -3.527 -3.063 -1.181 -2.051 -1.234 2.56
49 V -0.581 -2.691 -3.051 -3.184 0.171 -2.794 -3.149 -3.134 -2.86 3.626 1.196 -2.496 0.971 -0.192 -3.293 -2.539 -0.659 -2.332 -1.299 3.787
50 V -1.201 -2.831 -3.026 -3.233 -0.323 -3.188 -3.349 -3.105 -2.004 3.103 1.085 -2.78 0.787 3.896 -3.673 -2.788 -1.207 -0.845 0.846 2.738
51 I -0.958 -2.895 -3.162 -3.19 0.008 -3.001 -3.412 -3.308 -2.792 4.13 1.439 -2.593 1.118 0.012 -3.404 -2.802 -0.866 -2.265 -1.299 3.355
52 L 1.615 -0.558 -1.421 -1.609 -0.286 2.256 -0.454 -1.117 -0.645 0.184 1.595 -0.323 0.593 -0.883 -2.295 -0.812 -0.968 -2.087 -1.365 0.038
53 L -1.351 -2.782 -3.069 -3.462 6.677 -3.29 -3.574 -2.777 -1.904 0.728 1.992 -2.957 0.709 3.866 -3.722 -2.552 -1.737 -0.865 0.694 0.148
54 P -0.287 -1.47 -0.938 -1.409 -0.944 -1.376 -1.432 -1.406 0.43 -1.619 -1.899 -1.016 -1.352 0.827 3.756 0.957 -0.505 -0.167 3.771 -1.45
55 A 2.047 -0.743 -0.384 0.142 -0.292 0.032 2.121 -0.415 -0.366 -1.741 -2.071 -0.097 -1.263 -2.128 -1.619 1.515 -0.092 -2.472 -1.82 -0.955
56 L -1.194 -1.976 -1.764 -2.414 -0.412 -2.329 -2.569 -2.405 -1.469 0.837 1.993 -2.01 0.814 3.887 -3.021 -1.241 1.713 -0.686 0.822 0.337
57 I -1.35 -3.074 -3.236 -3.154 -0.124 -3.183 -3.66 -3.453 -2.685 4.45 1.703 -2.652 1.298 0.244 -3.478 -3.05 -1.048 -2.158 -1.259 2.887
58 F -2.308 -2.87 -2.834 -3.288 -1.348 -3.838 -3.456 -2.848 -0.802 0.303 0.591 -3.278 0.228 6.473 -4.422 -3.004 -2.344 0.878 2.957 -0.481
59 T -0.086 -1.066 -0.112 -0.988 0.148 -1.076 -1.351 -1.302 -1.386 -0.198 -1.03 -0.764 -0.505 -1.554 -1.66 0.731 4.164 -2.158 -1.68 0.256
60 N -1.369 0.666 4.681 0.74 -1.904 -0.025 -0.35 -0.513 0.604 -2.517 -2.829 2.274 -1.828 -2.525 -2.269 -0.365 -0.661 -2.835 -1.987 -2.375
61 G -0.597 -1.319 3.016 -0.035 -1.106 -1.038 0.018 3.129 -0.402 -0.264 -1.666 -0.936 -1.271 -1.919 -2.694 -0.881 -0.973 -2.601 -2.166 0.65
62 N -1.614 -0.549 4.389 3.61 -2.033 0.801 0.239 -0.591 0.509 -2.674 -3.114 -0.251 -2.072 -2.622 -2.449 -0.455 -0.811 -3.053 -2.264 -2.572
63 Y -1.045 -1.972 -1.463 -2.353 -1.615 -1.929 -2.461 2.917 1.31 -1.422 -1.552 -1.811 -1.219 2.337 -3.151 -1.89 -2.046 1.39 5.562 -1.496
64 F -2.059 -2.654 -3.032 -3.427 -0.92 -3.41 -3.436 -3.048 -1.258 0.96 2.233 -3.016 0.983 5.559 -4.153 -3.087 -2.097 0.218 2.088 0.121
65 V -0.259 -1.983 -1.703 -2.273 0.229 -2.043 -2.341 -2.342 -2.328 2.421 0.459 -1.779 0.46 -0.713 -2.616 -0.956 2.044 -2.321 -1.433 3.259
66 G -0.423 -2.092 0.201 3.126 -1.644 -1.698 -0.851 4.779 -1.142 -3.057 -3.485 -1.364 -2.691 -2.771 -2.621 -1.0 -1.755 -2.774 -3.127 -2.879
67 L -0.564 -1.812 -1.377 -1.977 -0.432 -2.047 -2.128 -1.752 -1.111 0.527 1.872 -1.743 0.69 3.87 -2.908 0.706 -0.613 -0.755 0.815 -0.068
68 L -1.324 -2.51 -3.292 -3.429 -0.106 -2.826 -3.391 -3.377 -2.518 3.21 3.185 -2.547 1.728 0.506 -3.534 -3.035 -1.275 -1.91 -1.17 2.242
69 K -0.841 2.079 -0.282 -0.736 -1.992 0.793 0.299 -1.357 -0.257 -2.137 -2.255 4.526 -1.238 -2.82 -1.701 -0.895 -1.096 -2.563 -1.803 -2.013
70 L -1.004 -2.581 -3.193 -3.329 0.008 -2.813 -3.291 -3.277 -2.65 3.383 2.544 -2.527 1.449 0.247 -3.435 -2.826 -1.013 -2.071 -1.221 2.962
71 I -0.656 -2.308 -1.936 -2.274 -0.114 -2.343 -2.626 -2.33 -2.015 3.673 1.596 -1.947 0.989 -0.071 -2.938 -0.101 -0.521 -2.21 -1.37 2.128
72 L -0.32 -1.418 -1.256 -1.855 -0.149 -1.343 -1.86 -1.667 -1.09 0.895 2.064 -1.307 3.398 1.099 -2.66 0.816 -0.35 -1.58 -0.741 0.356
73 C -1.151 -2.722 -2.641 -2.768 6.65 -3.025 -2.952 -2.357 -1.718 -0.445 -0.098 -2.416 -0.573 3.645 3.176 -2.073 -1.667 -1.279 0.504 -0.725
74 L -1.555 -2.201 -3.377 -3.634 -0.165 -2.655 -3.32 -3.397 -2.328 1.991 4.061 -2.492 2.118 0.819 -3.619 -3.173 -1.595 -1.665 -1.07 1.092
75 L -1.351 -2.782 -3.069 -3.462 6.677 -3.29 -3.574 -2.777 -1.904 0.728 1.992 -2.957 0.709 3.866 -3.722 -2.552 -1.737 -0.865 0.694 0.148
76 L -1.384 -2.301 -3.086 -3.268 -0.169 -2.396 -3.21 -3.234 -2.101 3.216 2.913 -2.3 3.174 0.511 -3.496 -2.848 -1.268 -1.775 -1.104 1.885
77 V -0.581 -2.691 -3.051 -3.184 0.171 -2.794 -3.149 -3.134 -2.86 3.626 1.196 -2.496 0.971 -0.192 -3.293 -2.539 -0.659 -2.332 -1.299 3.787
78 F -1.432 -2.608 -2.64 -3.261 6.639 -2.902 -3.194 -2.649 0.157 -0.39 -0.385 -2.705 -0.483 4.298 -3.626 -2.34 -1.905 0.739 4.29 -0.636
79 F -1.993 -2.977 -3.003 -3.283 -0.92 -3.643 -3.563 -3.077 -1.345 2.463 0.971 -3.095 0.589 5.523 -4.113 -3.06 -1.885 0.132 2.063 1.072
80 G 2.187 -1.467 -0.418 -1.034 -0.088 -1.301 -1.385 3.361 -1.031 -1.84 -2.255 -0.889 -1.491 -2.148 -1.862 1.485 -0.216 -2.49 -2.164 -1.101
81 Y -1.99 -2.119 -2.365 -3.131 -1.635 -2.34 -2.705 -2.927 1.4 -0.411 -0.345 -2.29 -0.371 4.828 -3.673 -2.636 -2.194 1.885 5.882 -0.828
82 Q -0.664 0.224 -0.782 -1.042 -0.967 3.867 0.517 -1.907 -0.038 0.651 -0.669 0.423 0.055 -1.849 -2.467 -1.195 -0.804 -2.265 -1.299 1.644
83 C -1.109 -0.269 -1.756 -2.21 6.635 -1.353 -1.704 -2.073 -1.142 -0.712 -0.696 1.725 -0.64 3.616 -2.908 -1.744 -1.552 -1.067 0.574 -0.901
84 P -0.08 -0.33 -0.353 -0.679 -0.983 2.384 0.0 -1.059 -0.285 -2.165 -2.354 0.103 -1.232 -2.699 3.797 1.182 -0.255 -2.938 -1.853 -1.739
85 R -1.293 4.772 -0.41 -1.269 -2.176 0.603 -0.253 -1.856 -0.025 -2.454 -2.111 3.107 -1.238 -2.593 -2.338 -1.235 -1.339 -2.35 -1.792 -2.121
86 L -1.377 0.057 -1.65 -2.183 -1.187 -0.829 -1.373 -2.428 0.382 0.207 1.625 1.873 0.461 1.404 -2.758 -2.012 -1.569 0.175 3.844 -0.34
87 C 2.107 -1.677 -1.032 -1.52 6.745 -1.561 -1.621 -0.456 -1.379 -1.125 -1.535 -1.197 -1.058 -1.953 -1.96 1.4 -0.095 -2.735 -2.077 -0.477
88 P 1.631 -1.847 -2.199 -2.133 -0.195 -1.839 -1.927 -1.198 -1.614 0.134 1.335 -1.347 0.9 -0.976 3.75 -0.993 -1.059 -2.629 -1.743 -0.034
89 W -1.978 -2.119 -2.846 -3.421 -1.273 -2.394 -2.867 -2.878 0.169 0.249 1.681 -2.369 0.451 1.988 -3.994 -2.97 -2.1 7.65 4.218 -0.382
90 L -0.743 -2.457 -3.118 -3.325 0.118 -2.682 -3.121 -3.161 -2.693 2.954 2.436 -2.463 1.363 0.123 -3.36 -2.647 -0.866 -2.113 -1.221 3.298
91 L -1.445 -2.777 -3.31 -3.334 -0.165 -3.021 -3.568 -3.461 -2.587 3.927 2.699 -2.625 1.573 0.423 -3.552 -3.118 -1.248 -2.01 -1.221 2.371
92 I -1.289 -2.423 -2.944 -3.068 -0.171 -2.313 -3.185 -3.163 -2.021 3.863 1.823 -2.224 3.547 0.289 -3.429 -2.692 -1.079 -1.875 -1.14 2.346
93 L 1.715 -2.035 -2.572 -2.716 0.295 -2.129 -2.378 -1.477 -2.073 1.792 2.045 -1.817 0.934 -0.284 -2.611 -1.245 -0.784 -2.15 -1.365 2.334
94 L -1.252 -2.523 -3.057 -3.374 -0.323 -2.988 -3.231 -3.077 -1.895 1.967 2.308 -2.709 1.156 3.959 -3.708 -2.812 -1.373 -0.725 0.884 2.243
95 L -1.555 -2.201 -3.377 -3.634 -0.165 -2.655 -3.32 -3.397 -2.328 1.991 4.061 -2.492 2.118 0.819 -3.619 -3.173 -1.595 -1.665 -1.07 1.092
96 L -1.252 -2.523 -3.057 -3.374 -0.323 -2.988 -3.231 -3.077 -1.895 1.967 2.308 -2.709 1.156 3.959 -3.708 -2.812 -1.373 -0.725 0.884 2.243
97 L -1.625 -2.354 -2.849 -3.262 -0.672 -2.552 -3.087 -3.239 -0.05 2.625 2.053 -2.375 1.002 2.429 -3.532 -2.88 -1.604 0.337 3.955 1.323
98 N -0.49 -0.936 3.105 -0.185 -1.047 -0.919 -1.122 -0.814 1.041 -1.716 -1.993 -0.742 -1.294 0.915 -2.378 1.191 -0.255 -0.017 3.793 -1.548
99 S 1.054 -0.755 0.483 -0.263 0.058 -0.584 -0.569 -0.121 -0.474 -1.926 -2.343 -0.299 -1.201 -1.958 -1.49 3.311 0.997 -2.563 -1.77 -1.307
100 L 1.588 -1.677 -2.393 -2.612 0.134 -1.606 -2.217 -1.399 -1.455 1.153 2.361 -1.531 3.47 0.022 -2.631 -1.181 -0.992 -1.775 -1.203 0.761
101 L -1.502 -0.819 -1.754 -2.052 -0.988 2.099 -0.857 -2.499 -0.594 0.602 2.129 -0.798 0.961 3.455 -3.221 -2.108 -1.562 -0.848 0.63 -0.064
102 N -0.457 -0.534 4.732 0.841 -1.071 -0.555 -0.682 -0.153 0.552 -2.434 -2.865 -0.306 -1.813 -2.238 -2.182 1.509 0.108 -2.835 -1.975 -2.087
103 F -2.164 -2.488 -2.608 -3.228 -1.509 -3.008 -3.074 -2.908 0.491 -0.055 0.137 -2.759 -0.078 5.807 -4.041 -2.833 -2.288 1.409 4.764 -0.671
104 I -1.509 -2.76 -3.217 -3.301 -0.322 -2.97 -3.481 -3.365 -1.941 3.814 2.229 -2.603 1.307 0.687 -3.61 -3.084 -1.317 2.936 0.665 2.244
105 I -0.922 -1.743 -1.258 -2.002 -0.423 -1.754 -2.139 -2.277 1.567 2.229 0.127 -1.556 0.134 0.819 -2.607 -0.887 2.113 -0.426 2.949 1.15
106 N -0.483 -1.079 3.057 -0.242 -0.667 -1.172 -1.31 -0.856 -0.213 -0.418 0.76 -0.913 -0.123 1.498 -2.494 1.134 -0.206 -1.837 -0.64 -0.771
107 G -0.933 -0.067 -1.038 -1.66 -1.861 -0.955 -1.37 3.034 -0.917 -2.354 -2.37 1.872 -1.665 -0.842 -2.929 -1.56 -1.838 7.515 -0.019 -2.355
108 T -0.376 -0.318 -0.342 -0.952 -0.395 2.359 -0.238 -1.536 -0.601 -0.058 -1.017 -0.073 -0.318 -1.805 -1.987 0.032 2.956 -2.221 -1.526 0.638
109 L -1.744 -2.428 -3.223 -3.521 -0.456 -2.978 -3.388 -3.252 -1.851 1.856 3.318 -2.711 1.65 3.713 -3.823 -3.132 -1.761 -0.748 0.664 0.874
110 D -1.752 -1.156 3.519 4.964 -2.2 -0.767 0.556 -0.777 0.043 -2.735 -3.388 -0.655 -2.522 -2.74 -2.4 -0.661 -1.07 -3.345 -2.695 -2.774
111 K -0.841 2.079 -0.282 -0.736 -1.992 0.793 0.299 -1.357 -0.257 -2.137 -2.255 4.526 -1.238 -2.82 -1.701 -0.895 -1.096 -2.563 -1.803 -2.013
112 F -2.164 -2.488 -2.608 -3.228 -1.509 -3.008 -3.074 -2.908 0.491 -0.055 0.137 -2.759 -0.078 5.807 -4.041 -2.833 -2.288 1.409 4.764 -0.671
113 S 1.054 -0.755 0.483 -0.263 0.058 -0.584 -0.569 -0.121 -0.474 -1.926 -2.343 -0.299 -1.201 -1.958 -1.49 3.311 0.997 -2.563 -1.77 -1.307
114 Y -0.425 -1.731 -1.199 -1.827 -0.518 -1.673 -1.93 -1.783 0.276 2.057 -0.049 -1.451 -0.009 1.33 -2.631 0.772 -0.435 0.088 3.832 0.849
115 F -1.993 -2.977 -3.003 -3.283 -0.92 -3.643 -3.563 -3.077 -1.345 2.463 0.971 -3.095 0.589 5.523 -4.113 -3.06 -1.885 0.132 2.063 1.072
116 P -0.851 -2.028 -1.948 -1.578 -1.471 -1.947 -1.637 -1.867 -1.622 -2.332 -2.765 -1.078 -2.417 -3.35 6.677 -1.466 -1.363 -4.563 -2.65 -2.176
117 I -1.676 -3.045 -3.136 -3.239 -0.518 -3.426 -3.631 -3.277 -1.953 3.697 1.337 -2.887 0.942 3.947 -3.8 -3.075 -1.46 -0.804 0.846 2.093
118 S 0.711 -0.868 0.286 -0.496 0.075 -0.751 -0.818 -0.473 -0.758 -1.248 -1.854 -0.458 -0.966 -1.832 -1.558 2.671 2.544 -2.437 -1.753 -0.706
119 F -2.349 -2.911 -2.875 -3.329 -1.388 -3.878 -3.497 -2.889 -0.843 0.262 0.55 -3.319 0.187 6.537 -4.462 -3.045 -2.385 0.837 2.917 -0.522
120 V -1.201 -2.831 -3.026 -3.233 -0.323 -3.188 -3.349 -3.105 -2.004 3.103 1.085 -2.78 0.787 3.896 -3.673 -2.788 -1.207 -0.845 0.846 2.738
121 A 1.754 -1.785 -1.428 -1.841 0.224 -1.75 -1.945 -1.087 -1.72 2.24 0.093 -1.331 0.103 -0.931 -2.104 -0.222 1.983 -2.282 -1.589 1.358
122 L -1.796 -2.418 -3.199 -3.529 -0.518 -3.008 -3.378 -3.217 -1.744 1.521 3.289 -2.742 1.606 4.069 -3.874 -3.129 -1.835 -0.573 0.921 0.647
123 L -1.555 -2.201 -3.377 -3.634 -0.165 -2.655 -3.32 -3.397 -2.328 1.991 4.061 -2.492 2.118 0.819 -3.619 -3.173 -1.595 -1.665 -1.07 1.092
124 L -1.685 -2.576 -3.067 -3.346 -0.547 -2.952 -3.353 -3.254 -1.14 2.768 2.409 -2.646 1.235 3.44 -3.718 -3.029 -1.616 -0.35 2.249 1.435
125 Y 1.455 -1.792 -2.046 -2.546 -0.681 -1.795 -2.069 -1.386 1.067 -0.684 -0.84 -1.616 -0.644 3.179 -2.668 -1.179 -1.459 1.211 5.228 -0.522
126 S 0.416 -1.162 -0.331 -1.016 -0.014 -1.124 -1.231 -0.861 -0.971 0.019 1.458 -0.863 0.363 -0.713 -2.041 2.29 0.362 -2.232 -1.517 -0.271
127 F -1.937 -2.826 -2.907 -3.25 -0.954 -3.347 -3.412 -3.083 -0.74 2.416 0.857 -2.91 0.515 5.2 -3.982 -2.987 -1.858 0.389 3.038 1.044
128 F -1.756 2.218 -0.64 -1.685 -1.94 -0.605 -1.098 -2.107 5.148 -1.291 -1.035 0.841 -0.691 3.692 -3.053 -1.858 -1.95 -0.667 1.507 -1.705
129 D -0.386 -1.401 0.101 3.129 -0.623 -1.174 -0.391 -1.178 -0.964 -0.288 1.012 -0.995 -0.074 -1.068 -2.247 1.076 0.221 -2.527 -1.896 -0.643
130 R -0.804 2.996 -0.511 -0.131 -1.857 0.339 2.064 2.077 -0.22 -1.896 -2.222 1.175 -1.496 -2.424 -2.393 -1.122 -1.423 -2.37 -2.058 -1.2
131 V -0.761 -2.789 -3.103 -3.185 0.093 -2.894 -3.275 -3.217 -2.823 3.886 1.322 -2.542 1.048 -0.086 -3.345 -2.665 -0.758 -2.296 -1.297 3.576
132 G 0.06 -2.126 -0.188 0.606 -1.257 -1.902 -1.874 5.357 -1.3 -3.051 -3.362 -1.446 -2.524 -2.64 -2.615 -0.279 -1.496 -2.538 -3.006 -2.707
133 N -1.386 0.131 4.682 0.822 -1.877 2.509 0.155 -0.542 0.894 -2.556 -2.72 0.294 -1.459 -2.566 -2.444 -0.324 -0.625 -2.691 -1.793 -2.288
134 L -0.681 -1.706 -1.658 -2.248 -0.075 -1.91 -2.295 -2.174 -1.77 1.303 3.077 -1.682 1.427 0.189 -2.771 -0.128 0.872 -1.878 -1.274 0.669
135 P -0.846 -2.023 -1.943 -1.573 -1.467 -1.943 -1.632 -1.862 -1.617 -2.327 -2.76 -1.074 -2.413 -3.345 6.672 -1.461 -1.358 -4.559 -2.645 -2.171
136 V -0.596 1.111 -2.396 -2.84 -0.055 -1.862 -2.457 -2.886 -2.125 2.941 0.76 -1.069 0.651 -0.543 -3.149 -2.239 -0.705 -2.336 -1.37 3.476
137 Y -1.478 -0.538 -1.289 -1.85 -1.813 2.262 -0.534 -2.372 1.715 -1.217 -1.237 -0.454 -0.596 2.327 -2.893 -1.771 -1.678 1.418 5.595 -1.234
138 G -0.406 1.216 -0.512 -1.23 -1.481 -0.542 -1.131 4.029 -0.834 -1.996 -1.899 2.134 0.179 -2.271 -2.405 -1.076 -1.512 -2.356 -2.285 -1.961
139 D -1.73 -0.954 4.222 4.387 -2.109 -0.706 0.285 -0.61 0.301 -2.731 -3.328 -0.562 -2.429 -2.646 -2.446 -0.517 -0.904 -3.247 -2.527 -2.72
140 K -0.804 1.949 -0.381 -0.829 -1.801 0.679 0.189 -1.426 -0.356 -1.435 -1.948 4.377 -1.076 -2.618 -1.766 -0.958 -1.057 -2.554 -1.773 -1.008
141 K 0.1 0.227 -0.585 -1.141 -0.367 -0.482 -0.773 -1.256 -0.994 0.707 -0.789 2.065 -0.371 -1.554 -2.033 1.062 -0.051 -2.508 -1.615 1.678
142 K -1.261 1.154 -0.918 -1.372 -1.776 -0.105 -0.508 -1.783 -0.44 -1.1 -0.994 3.45 -0.681 3.584 -2.364 -1.451 -1.465 -0.949 0.696 -1.426
143 Y -1.827 -1.792 -2.14 -3.036 -1.766 -1.798 -2.378 -2.946 2.09 -0.818 -0.924 -1.887 -0.696 3.334 -3.347 -2.451 -2.104 2.294 6.685 -0.994
144 A 3.531 -1.675 -1.868 -1.9 0.58 -1.54 -1.558 -0.002 -1.435 0.674 -0.686 -1.081 -0.46 -1.478 -1.725 0.107 -0.486 -2.426 -1.684 1.065
145 L -1.213 -2.675 -3.248 -3.329 -0.074 -2.913 -3.424 -3.365 -2.616 3.665 2.621 -2.573 1.514 0.339 -3.491 -2.966 -1.126 -2.038 -1.219 2.681
146 L -1.499 -2.474 -3.343 -3.48 -0.165 -2.832 -3.441 -3.429 -2.454 3.119 3.459 -2.558 1.859 0.628 -3.585 -3.145 -1.416 -1.832 -1.145 1.801
147 C -1.2 -2.427 -2.73 -3.184 6.677 -2.521 -3.19 -2.54 -1.448 0.527 0.819 -2.511 3.144 3.826 -3.592 -2.198 -1.538 -0.774 0.736 0.095
148 L -1.481 -2.572 -3.332 -3.431 -0.165 -2.894 -3.483 -3.439 -2.498 3.414 3.227 -2.58 1.767 0.561 -3.574 -3.136 -1.359 -1.89 -1.17 2.004
149 F -2.349 -2.911 -2.875 -3.329 -1.388 -3.878 -3.497 -2.889 -0.843 0.262 0.55 -3.319 0.187 6.537 -4.462 -3.045 -2.385 0.837 2.917 -0.522
150 I -0.965 -2.841 -3.167 -3.212 0.008 -2.969 -3.391 -3.303 -2.768 4.018 1.655 -2.582 1.176 0.053 -3.409 -2.806 -0.89 -2.232 -1.286 3.293
151 L -1.143 -2.536 -3.238 -3.566 6.708 -2.902 -3.512 -2.931 -2.525 1.331 3.124 -2.689 1.387 0.14 -3.48 -2.587 -1.504 -2.103 -1.543 0.669
152 L -1.499 -2.474 -3.343 -3.48 -0.165 -2.832 -3.441 -3.429 -2.454 3.119 3.459 -2.558 1.859 0.628 -3.585 -3.145 -1.416 -1.832 -1.145 1.801
153 D -1.791 -1.602 1.185 5.854 -2.387 -0.886 1.036 -1.138 -0.55 -2.74 -3.506 -0.844 -2.712 -2.934 -2.304 -0.966 -1.427 -3.545 -3.058 -2.879
154 L -1.419 -2.444 -3.323 -3.479 -0.135 -2.799 -3.395 -3.398 -2.464 3.007 3.44 -2.541 1.84 0.601 -3.565 -3.094 -1.373 -1.842 -1.145 1.932
155 L -0.819 -1.591 -1.534 -2.187 -0.06 -1.629 -2.248 -2.28 -1.644 1.493 2.265 -1.521 2.86 -0.04 -2.651 -0.892 2.144 -1.804 -1.264 0.9
156 Q -0.897 0.993 -0.107 -0.371 -1.925 4.933 1.378 -1.493 0.755 -2.255 -2.005 1.207 -0.417 -2.973 -2.165 -0.769 -0.989 -2.199 -1.299 -1.801
157 G 0.763 -1.201 0.203 -0.579 -0.336 -1.031 -1.109 3.308 -0.775 -2.298 -2.673 -0.687 -1.615 -2.182 -1.862 2.447 0.307 -2.527 -2.164 -1.742
158 L -1.499 -2.474 -3.343 -3.48 -0.165 -2.832 -3.441 -3.429 -2.454 3.119 3.459 -2.558 1.859 0.628 -3.585 -3.145 -1.416 -1.832 -1.145 1.801
159 Y -1.733 -1.922 -2.496 -3.222 -1.128 -2.056 -2.659 -3.089 1.217 0.445 1.768 -2.075 0.57 2.712 -3.435 -2.672 -1.924 1.469 5.612 -0.121
160 T -0.49 -1.635 -0.872 -1.587 0.019 -1.664 -1.977 -1.899 -1.799 2.317 0.149 -1.308 0.187 -0.864 -2.19 -0.114 3.333 -2.199 -1.573 1.378
161 H -1.198 -0.326 2.902 0.714 -2.035 0.321 2.195 -1.163 5.26 -2.676 -2.774 -0.078 -1.662 -1.828 -2.326 -0.354 -1.115 -2.196 -0.218 -2.481
162 Y -1.853 -1.844 -2.176 -3.052 -1.744 -1.881 -2.43 -2.943 1.986 -0.746 -0.819 -1.951 -0.64 3.643 -3.399 -2.481 -2.119 2.23 6.566 -0.965
163 R -1.548 5.537 -0.476 -1.578 -2.273 0.503 -0.575 -2.142 0.084 -2.626 -2.042 2.004 -1.238 -2.486 -2.718 -1.42 -1.468 -2.248 -1.786 -2.176
164 G 0.075 -2.372 -0.454 -1.337 -1.335 -2.21 -2.636 5.823 -1.491 -3.23 -3.475 -1.665 -2.681 -2.693 -2.794 -1.017 -1.934 -2.454 -3.163 -2.879
165 Q -0.897 0.993 -0.107 -0.371 -1.925 4.933 1.378 -1.493 0.755 -2.255 -2.005 1.207 -0.417 -2.973 -2.165 -0.769 -0.989 -2.199 -1.299 -1.801
166 L -0.936 -2.549 -3.174 -3.328 0.036 -2.78 -3.248 -3.248 -2.661 3.282 2.518 -2.511 1.428 0.216 -3.416 -2.78 -0.975 -2.082 -1.221 3.049
167 L -1.499 -2.474 -3.343 -3.48 -0.165 -2.832 -3.441 -3.429 -2.454 3.119 3.459 -2.558 1.859 0.628 -3.585 -3.145 -1.416 -1.832 -1.145 1.801
168 Y -1.99 -2.119 -2.365 -3.131 -1.635 -2.34 -2.705 -2.927 1.4 -0.411 -0.345 -2.29 -0.371 4.828 -3.673 -2.636 -2.194 1.885 5.882 -0.828
169 C -0.145 -1.251 3.066 -0.232 6.675 -1.249 -1.395 -0.677 -0.415 -1.683 -2.065 -0.978 -1.45 -2.123 -2.347 1.273 -0.104 -2.917 -2.189 -1.304
170 I -0.133 -1.915 -1.399 -1.888 0.025 -1.91 -2.104 -1.817 -1.764 2.804 1.173 -1.596 0.671 -0.412 -2.624 0.761 -0.141 -2.293 -1.42 2.286
171 L -1.445 -2.777 -3.31 -3.334 -0.165 -3.021 -3.568 -3.461 -2.587 3.927 2.699 -2.625 1.573 0.423 -3.552 -3.118 -1.248 -2.01 -1.221 2.371
172 C 0.196 -1.994 -1.32 -1.906 6.732 -1.957 -2.115 -1.496 -1.871 0.921 -0.51 -1.682 -0.334 -1.369 -2.513 0.943 -0.104 -2.715 -1.893 1.868
173 L -1.342 -2.414 -3.303 -3.478 -0.106 -2.766 -3.35 -3.367 -2.474 2.891 3.421 -2.525 1.822 0.574 -3.545 -3.044 -1.331 -1.851 -1.145 2.056
174 V -0.856 -2.617 -3.145 -3.28 0.064 -2.807 -3.243 -3.229 -2.718 3.467 2.161 -2.516 1.298 0.108 -3.387 -2.727 -0.89 -2.156 -1.247 3.264
175 C -1.282 -2.993 -2.985 -3.295 6.677 -3.322 -3.614 -2.758 -1.91 2.095 0.628 -2.94 0.994 3.806 -3.671 -2.472 -1.547 -0.954 0.667 0.948
176 L -1.555 -2.201 -3.377 -3.634 -0.165 -2.655 -3.32 -3.397 -2.328 1.991 4.061 -2.492 2.118 0.819 -3.619 -3.173 -1.595 -1.665 -1.07 1.092
177 L -1.004 -2.581 -3.193 -3.329 0.008 -2.813 -3.291 -3.277 -2.65 3.383 2.544 -2.527 1.449 0.247 -3.435 -2.826 -1.013 -2.071 -1.221 2.962
178 F -2.249 -2.822 -2.926 -3.361 -1.224 -3.714 -3.476 -2.941 -0.974 0.514 1.226 -3.214 0.477 6.246 -4.356 -3.059 -2.286 0.645 2.666 -0.291
179 N -1.46 1.088 4.87 0.811 -1.911 -0.126 -0.466 -0.481 0.68 -2.579 -2.867 1.739 -1.883 -2.485 -2.382 -0.347 -0.644 -2.838 -2.001 -2.418
180 I -1.351 -2.9 -3.063 -3.235 -0.387 -3.265 -3.44 -3.161 -1.987 3.315 1.172 -2.815 0.84 3.913 -3.715 -2.881 -1.289 -0.831 0.846 2.539
181 S 0.396 -0.642 3.328 0.342 -0.451 -0.57 -0.625 -0.137 0.084 -2.169 -2.592 -0.303 -1.491 -2.094 -1.815 2.549 0.586 -2.696 -1.871 -1.671
182 L -1.393 -1.907 -3.003 -3.34 -0.171 -2.023 -2.966 -3.105 -1.807 1.863 3.547 -2.108 3.835 0.702 -3.493 -2.74 -1.405 -1.545 -0.994 1.053
183 R -1.252 4.623 -0.399 -1.221 -2.161 0.619 -0.203 -1.811 -0.044 -2.426 -2.123 3.256 -1.238 -2.612 -2.279 -1.205 -1.318 -2.367 -1.793 -2.112
184 K -0.902 3.672 -0.296 -0.96 -1.916 0.636 -0.01 -1.504 -0.15 -2.278 -2.187 3.737 -1.236 -2.651 -1.989 -0.549 -1.042 -2.454 -1.796 -2.021
185 R -1.319 3.558 3.136 -0.138 -1.882 0.194 -0.444 -1.142 0.279 -2.348 -2.35 2.258 -1.471 -2.465 -2.363 -0.682 -0.257 -2.542 -1.882 -2.058
186 L -1.004 -2.581 -3.193 -3.329 0.008 -2.813 -3.291 -3.277 -2.65 3.383 2.544 -2.527 1.449 0.247 -3.435 -2.826 -1.013 -2.071 -1.221 2.962
187 P 1.707 -1.575 -1.719 -1.535 -0.589 -0.544 -1.254 -0.905 -1.294 -1.743 -2.166 -0.822 -1.686 -2.747 5.359 -0.649 -1.0 -3.532 -2.241 -1.176
188 L -0.463 -1.517 -1.215 -1.913 -0.518 -1.553 -1.857 -1.765 0.326 0.24 1.617 -1.406 0.468 1.48 -2.655 0.765 -0.561 0.175 3.846 -0.195
189 V -1.048 -2.818 -3.053 -3.218 -0.178 -3.087 -3.325 -3.143 -2.253 3.389 1.166 -2.699 0.876 3.068 -3.561 -2.747 -1.051 -1.253 0.292 3.046
190 F -2.349 -2.911 -2.875 -3.329 -1.388 -3.878 -3.497 -2.889 -0.843 0.262 0.55 -3.319 0.187 6.537 -4.462 -3.045 -2.385 0.837 2.917 -0.522
191 L -1.499 -2.474 -3.343 -3.48 -0.165 -2.832 -3.441 -3.429 -2.454 3.119 3.459 -2.558 1.859 0.628 -3.585 -3.145 -1.416 -1.832 -1.145 1.801
192 V 0.126 -1.43 -0.959 -1.59 0.105 -1.303 -1.664 -1.479 -1.336 1.368 0.399 -1.185 2.461 -0.709 -2.35 1.075 0.97 -2.15 -1.38 2.077
193 L -1.194 -1.976 -1.764 -2.414 -0.412 -2.329 -2.569 -2.405 -1.469 0.837 1.993 -2.01 0.814 3.887 -3.021 -1.241 1.713 -0.686 0.822 0.337
194 P 0.547 -1.121 -0.125 -0.638 -0.367 -0.971 -0.883 -0.594 -0.809 -2.055 -2.477 -0.536 -1.552 -2.351 3.829 2.404 0.402 -3.089 -2.034 -1.568
195 L -1.278 -2.337 -3.217 -3.492 -0.157 -2.755 -3.242 -3.237 -2.234 2.117 3.324 -2.552 1.7 2.207 -3.596 -2.941 -1.373 -1.381 -0.282 2.009
196 G -0.367 -2.359 -1.14 -1.906 -0.89 -2.377 -2.864 4.711 -1.761 0.116 1.039 -1.924 -0.216 -1.068 -3.039 -1.571 -1.783 -2.199 -2.305 -0.643
197 Y -1.827 -1.792 -2.14 -3.036 -1.766 -1.798 -2.378 -2.946 2.09 -0.818 -0.924 -1.887 -0.696 3.334 -3.347 -2.451 -2.104 2.294 6.685 -0.994
198 L -1.143 -2.645 -3.231 -3.33 -0.048 -2.881 -3.381 -3.337 -2.629 3.576 2.597 -2.559 1.491 0.307 -3.473 -2.92 -1.089 -2.051 -1.221 2.778
199 C 1.682 -2.522 -2.538 -2.676 6.732 -2.535 -2.716 -1.299 -2.077 1.875 0.003 -2.078 -0.112 0.459 -2.63 -1.076 -0.982 -2.276 -1.306 1.026
200 I -1.23 -2.922 -2.962 -3.02 -0.119 -3.02 -3.464 -3.291 -2.646 4.355 1.525 -2.532 1.158 0.096 -3.363 -2.643 -0.297 -2.21 -1.321 2.843
201 L -1.341 -2.154 -2.973 -3.201 -0.171 -2.164 -3.074 -3.134 -1.912 3.033 2.812 -2.166 3.695 0.503 -3.461 -2.716 -1.238 -1.706 -1.066 1.772
202 Y 1.17 -1.666 -1.856 -2.464 -0.758 -1.621 -1.983 -1.524 1.34 -0.79 -1.041 -1.5 -0.74 2.397 -2.604 -1.116 -0.623 1.394 5.591 -0.565
203 F -1.84 -2.641 -2.84 -3.232 -0.915 -3.015 -3.259 -3.118 -0.293 2.431 1.076 -2.694 0.575 4.576 -3.813 -2.923 -1.789 0.523 3.675 1.086
204 I -0.33 -2.1 -1.435 -1.861 -0.088 -2.056 -2.25 -1.896 -1.767 3.537 0.832 -1.659 0.645 -0.354 -2.674 0.709 -0.216 -2.315 -1.448 1.999
205 G 0.075 -2.372 -0.454 -1.337 -1.335 -2.21 -2.636 5.823 -1.491 -3.23 -3.475 -1.665 -2.681 -2.693 -2.794 -1.017 -1.934 -2.454 -3.163 -2.879
206 L -1.865 -2.205 -2.708 -3.306 -1.04 -2.546 -2.958 -3.072 0.425 0.671 1.971 -2.431 0.749 4.245 -3.713 -2.838 -1.995 1.011 4.608 -0.017
207 N -0.49 -0.936 3.105 -0.185 -1.047 -0.919 -1.122 -0.814 1.041 -1.716 -1.993 -0.742 -1.294 0.915 -2.378 1.191 -0.255 -0.017 3.793 -1.548
208 Y -1.99 -2.119 -2.365 -3.131 -1.635 -2.34 -2.705 -2.927 1.4 -0.411 -0.345 -2.29 -0.371 4.828 -3.673 -2.636 -2.194 1.885 5.882 -0.828
209 F -2.349 -2.911 -2.875 -3.329 -1.388 -3.878 -3.497 -2.889 -0.843 0.262 0.55 -3.319 0.187 6.537 -4.462 -3.045 -2.385 0.837 2.917 -0.522
210 L -0.431 -1.032 3.051 -0.253 -0.538 -1.107 -1.301 -0.881 -0.318 -0.103 1.394 -0.867 0.198 -0.801 -2.44 1.13 -0.159 -2.35 -1.61 -0.52
211 K -0.284 0.329 -0.452 -1.117 -1.079 -0.337 -0.682 -1.252 0.702 -1.567 -1.764 2.105 -1.034 0.873 -2.069 1.046 -0.436 0.036 3.806 -1.407
212 G -0.987 -0.549 0.404 0.163 -1.75 2.29 -0.319 2.114 0.922 -1.891 -1.943 -0.317 -1.088 0.777 -2.689 -1.257 -1.512 0.071 3.786 -1.778
213 N -0.999 -0.86 2.967 0.498 -1.181 -0.202 1.966 -1.46 -0.04 0.295 -1.062 -0.445 -0.771 0.157 -2.559 -0.967 -0.808 -2.248 -1.186 1.202
214 L -0.817 -0.559 -1.132 -1.571 -0.5 2.237 -0.571 -2.114 -0.801 0.839 1.751 -0.423 0.789 -0.696 -2.555 -1.034 1.179 -2.03 -1.307 0.918
215 I -1.676 -3.045 -3.136 -3.239 -0.518 -3.426 -3.631 -3.277 -1.953 3.697 1.337 -2.887 0.942 3.947 -3.8 -3.075 -1.46 -0.804 0.846 2.093
216 F -2.059 -2.654 -3.032 -3.427 -0.92 -3.41 -3.436 -3.048 -1.258 0.96 2.233 -3.016 0.983 5.559 -4.153 -3.087 -2.097 0.218 2.088 0.121
217 S 0.53 -0.534 0.23 0.453 -0.558 0.204 2.206 -0.615 -0.161 -2.183 -2.462 0.058 -1.378 -2.163 -1.619 2.469 0.411 -2.508 -1.82 -1.561
218 P 1.709 -1.84 -1.854 -1.619 -0.572 -1.728 -1.525 -0.921 -1.484 -1.747 -2.206 -1.005 -1.813 -2.765 5.591 -0.682 -1.02 -3.678 -2.326 -1.192
219 T -0.127 -1.107 -0.153 -1.029 0.107 -1.117 -1.392 -1.343 -1.427 -0.238 -1.071 -0.805 -0.546 -1.595 -1.701 0.691 4.287 -2.199 -1.721 0.215
220 A 2.971 -1.593 -1.823 -2.082 0.058 -1.481 -1.626 -0.385 0.337 -0.836 -1.192 -1.166 -0.823 0.988 -1.987 -0.243 -0.893 0.066 3.808 -0.203
221 S 1.054 -0.755 0.483 -0.263 0.058 -0.584 -0.569 -0.121 -0.474 -1.926 -2.343 -0.299 -1.201 -1.958 -1.49 3.311 0.997 -2.563 -1.77 -1.307
222 N -1.674 -0.429 5.673 1.267 -1.861 -0.541 -0.74 -0.169 0.954 -2.727 -3.166 -0.31 -2.176 -2.389 -2.602 -0.132 -0.466 -2.981 -2.083 -2.575
223 I -1.391 -3.115 -3.277 -3.195 -0.165 -3.224 -3.701 -3.493 -2.725 4.558 1.662 -2.693 1.257 0.204 -3.519 -3.091 -1.089 -2.199 -1.299 2.846
224 E -0.933 -0.136 -0.353 1.504 -2.425 1.332 4.527 -1.964 0.378 -2.778 -2.717 0.662 -1.768 -2.622 -1.896 -0.805 -1.315 -2.402 -1.922 -2.148
225 R -1.548 5.537 -0.476 -1.578 -2.273 0.503 -0.575 -2.142 0.084 -2.626 -2.042 2.004 -1.238 -2.486 -2.718 -1.42 -1.468 -2.248 -1.786 -2.176
226 S 0.711 -0.868 0.286 -0.496 0.075 -0.751 -0.818 -0.473 -0.758 -1.248 -1.854 -0.458 -0.966 -1.832 -1.558 2.671 2.544 -2.437 -1.753 -0.706
227 G 0.763 -1.201 0.203 -0.579 -0.336 -1.031 -1.109 3.308 -0.775 -2.298 -2.673 -0.687 -1.615 -2.182 -1.862 2.447 0.307 -2.527 -2.164 -1.742
228 L -1.094 -1.397 -2.374 -2.828 -0.182 -1.065 -2.367 -2.597 -0.982 1.589 2.121 -1.467 5.683 0.453 -3.256 -2.031 -1.06 -1.32 -0.846 0.975
229 I -1.391 -3.115 -3.277 -3.195 -0.165 -3.224 -3.701 -3.493 -2.725 4.558 1.662 -2.693 1.257 0.204 -3.519 -3.091 -1.089 -2.199 -1.299 2.846
230 Y -1.827 -1.792 -2.14 -3.036 -1.766 -1.798 -2.378 -2.946 2.09 -0.818 -0.924 -1.887 -0.696 3.334 -3.347 -2.451 -2.104 2.294 6.685 -0.994
231 W -2.357 -2.181 -2.79 -3.421 -2.141 -2.448 -2.767 -2.557 0.367 -1.474 -1.396 -2.466 -1.081 2.056 -4.555 -3.03 -2.493 9.534 4.519 -1.763
232 S 0.416 -1.162 -0.331 -1.016 -0.014 -1.124 -1.231 -0.861 -0.971 0.019 1.458 -0.863 0.363 -0.713 -2.041 2.29 0.362 -2.232 -1.517 -0.271
233 V -0.581 -2.691 -3.051 -3.184 0.171 -2.794 -3.149 -3.134 -2.86 3.626 1.196 -2.496 0.971 -0.192 -3.293 -2.539 -0.659 -2.332 -1.299 3.787
234 N -0.616 -0.618 4.706 0.771 -1.089 -0.652 -0.794 -0.267 0.49 -1.15 -2.338 -0.398 -1.558 -2.047 -2.286 1.229 -0.006 -2.811 -1.944 -1.48
235 H -1.214 0.949 0.099 -0.752 -2.129 2.12 0.274 -1.54 5.913 -2.392 -2.346 2.374 -1.05 -1.811 -2.238 -1.154 -1.522 -1.954 0.296 -2.373
236 L -0.24 -2.611 -2.938 -3.113 -0.399 -2.992 -3.177 -2.53 -1.723 2.654 1.963 -2.554 1.003 3.944 -3.482 -2.411 -1.485 -0.741 0.849 1.378
237 P -0.966 -1.791 0.783 -1.372 -1.576 -1.757 -1.941 2.101 0.441 -1.913 -2.157 -1.346 -1.746 0.755 3.701 -1.448 -1.587 -0.175 3.73 -1.884
238 D -1.791 -1.602 1.185 5.854 -2.387 -0.886 1.036 -1.138 -0.55 -2.74 -3.506 -0.844 -2.712 -2.934 -2.304 -0.966 -1.427 -3.545 -3.058 -2.879
239 F -2.164 -2.488 -2.608 -3.228 -1.509 -3.008 -3.074 -2.908 0.491 -0.055 0.137 -2.759 -0.078 5.807 -4.041 -2.833 -2.288 1.409 4.764 -0.671
240 L -1.445 -2.777 -3.31 -3.334 -0.165 -3.021 -3.568 -3.461 -2.587 3.927 2.699 -2.625 1.573 0.423 -3.552 -3.118 -1.248 -2.01 -1.221 2.371
241 F -1.948 -2.932 -3.029 -3.299 -0.849 -3.566 -3.553 -3.104 -1.423 2.524 1.282 -3.046 0.719 5.32 -4.065 -3.067 -1.843 0.011 1.897 1.141
242 S 0.388 -0.622 0.47 -0.481 -0.545 -0.443 -0.551 -0.56 5.142 -2.155 -2.429 -0.451 -1.226 -1.547 -1.855 2.394 0.262 -2.15 -0.142 -1.78
243 G 1.994 -2.05 -0.807 -1.454 -0.504 -1.888 -2.125 4.862 -1.399 -2.201 -2.574 -1.372 -1.953 -2.389 -2.291 -0.445 -1.344 -2.454 -2.62 -1.504
244 P -0.93 -1.802 -2.083 -1.938 -0.975 -1.622 -1.86 -2.09 -1.393 -0.384 -0.145 -1.202 2.842 -1.479 5.553 -1.642 -1.258 -3.045 -1.916 -0.713
245 G -0.058 -1.47 -0.25 -1.128 -0.298 -1.438 -1.75 3.098 -1.448 -0.937 -1.674 -1.064 -1.099 -1.916 -2.022 0.225 3.28 -2.282 -2.126 -0.499
246 V -0.207 -1.958 -1.691 -2.273 0.255 -2.018 -2.31 -2.32 -2.337 2.278 0.404 -1.767 0.43 -0.756 -2.602 -0.932 2.057 -2.332 -1.433 3.339
247 L -0.278 -0.93 -0.659 -0.112 -0.714 -0.221 1.969 -1.501 -0.544 -0.263 1.131 -0.454 0.109 0.545 -2.223 1.0 -0.414 -1.929 -1.045 -0.565
248 L -1.844 -1.641 1.917 -1.362 -1.084 -1.952 -2.181 -2.022 2.643 0.428 1.828 -1.829 0.588 3.878 -3.484 -1.981 -1.582 -0.722 1.074 -0.322
249 F -2.349 -2.911 -2.875 -3.329 -1.388 -3.878 -3.497 -2.889 -0.843 0.262 0.55 -3.319 0.187 6.537 -4.462 -3.045 -2.385 0.837 2.917 -0.522
250 L -1.113 -0.167 -0.949 -0.151 -1.335 2.649 2.331 -2.178 -0.112 -0.165 1.459 0.186 0.437 -1.046 -2.467 -1.386 -1.289 -2.071 -1.409 -0.56
251 D 1.492 -1.126 3.236 3.389 -0.867 -0.902 -0.158 -0.251 -0.126 -1.958 -2.503 -0.661 -1.82 -2.362 -2.093 -0.163 -0.741 -2.959 -2.253 -1.438
252 N -1.582 -0.395 5.377 1.294 -1.918 -0.262 0.577 -0.321 0.896 -2.732 -3.112 -0.184 -2.127 -2.414 -2.514 -0.2 -0.548 -2.91 -2.065 -2.524
253 G 2.187 -1.467 -0.418 -1.034 -0.088 -1.301 -1.385 3.361 -1.031 -1.84 -2.255 -0.889 -1.491 -2.148 -1.862 1.485 -0.216 -2.49 -2.164 -1.101
254 G 0.075 -2.372 -0.454 -1.337 -1.335 -2.21 -2.636 5.823 -1.491 -3.23 -3.475 -1.665 -2.681 -2.693 -2.794 -1.017 -1.934 -2.454 -3.163 -2.879
255 D -1.165 0.357 0.391 3.284 -2.071 3.949 1.268 -1.37 0.382 -2.407 -2.424 0.671 -1.0 -2.96 -2.211 -0.833 -1.128 -2.582 -1.775 -2.118
256 Y -1.827 -1.792 -2.14 -3.036 -1.766 -1.798 -2.378 -2.946 2.09 -0.818 -0.924 -1.887 -0.696 3.334 -3.347 -2.451 -2.104 2.294 6.685 -0.994
257 K -0.841 2.079 -0.282 -0.736 -1.992 0.793 0.299 -1.357 -0.257 -2.137 -2.255 4.526 -1.238 -2.82 -1.701 -0.895 -1.096 -2.563 -1.803 -2.013
258 N 0.368 -0.782 3.209 0.082 -0.409 -0.744 -0.914 -0.438 -0.123 -1.274 -1.656 -0.494 -0.001 -1.795 -1.951 1.603 1.732 -2.514 -1.797 -0.933
259 L -1.555 -2.201 -3.377 -3.634 -0.165 -2.655 -3.32 -3.397 -2.328 1.991 4.061 -2.492 2.118 0.819 -3.619 -3.173 -1.595 -1.665 -1.07 1.092
260 Y -1.827 -1.792 -2.14 -3.036 -1.766 -1.798 -2.378 -2.946 2.09 -0.818 -0.924 -1.887 -0.696 3.334 -3.347 -2.451 -2.104 2.294 6.685 -0.994
261 G 0.048 -1.681 -0.709 -1.433 -0.419 -1.673 -1.927 3.102 -1.331 -0.165 1.374 -1.341 0.13 -0.858 -2.499 0.962 -0.527 -2.199 -1.876 -0.568
262 L -1.275 -1.67 -2.648 -3.058 -0.233 -1.542 -2.659 -2.815 -1.289 1.649 2.748 -1.801 4.874 1.504 -3.41 -2.358 -1.262 -1.234 -0.498 0.943
263 P 0.547 -1.121 -0.125 -0.638 -0.367 -0.971 -0.883 -0.594 -0.809 -2.055 -2.477 -0.536 -1.552 -2.351 3.829 2.404 0.402 -3.089 -2.034 -1.568
264 S 0.426 -0.119 0.172 -0.404 -0.479 2.477 0.153 -0.639 -0.079 -0.885 -1.796 0.22 -0.727 -2.066 -1.786 2.275 0.373 -2.416 -1.578 -0.964
265 L -1.33 2.913 -1.109 -0.473 -1.425 0.164 1.97 -2.434 -0.395 -0.222 1.455 0.591 0.254 -0.957 -2.66 -1.638 -1.457 -2.087 -1.568 -0.638
266 I -0.958 -2.895 -3.162 -3.19 0.008 -3.001 -3.412 -3.308 -2.792 4.13 1.439 -2.593 1.118 0.012 -3.404 -2.802 -0.866 -2.265 -1.299 3.355
267 P -0.851 -2.028 -1.948 -1.578 -1.471 -1.947 -1.637 -1.867 -1.622 -2.332 -2.765 -1.078 -2.417 -3.35 6.677 -1.466 -1.363 -4.563 -2.65 -2.176
268 N -1.674 -0.429 5.673 1.267 -1.861 -0.541 -0.74 -0.169 0.954 -2.727 -3.166 -0.31 -2.176 -2.389 -2.602 -0.132 -0.466 -2.981 -2.083 -2.575
269 D -1.791 -1.602 1.185 5.854 -2.387 -0.886 1.036 -1.138 -0.55 -2.74 -3.506 -0.844 -2.712 -2.934 -2.304 -0.966 -1.427 -3.545 -3.058 -2.879
270 P -0.851 -2.028 -1.948 -1.578 -1.471 -1.947 -1.637 -1.867 -1.622 -2.332 -2.765 -1.078 -2.417 -3.35 6.677 -1.466 -1.363 -4.563 -2.65 -2.176
271 H -1.722 -0.372 0.445 -0.975 -2.348 -0.179 -0.515 -1.711 8.023 -2.676 -2.609 -0.78 -1.276 -0.867 -2.763 -1.594 -2.241 -1.468 1.653 -3.05
272 N -1.706 -0.71 4.959 3.386 -1.997 -0.633 -0.128 -0.407 0.609 -2.73 -3.256 -0.449 -2.315 -2.53 -2.516 -0.341 -0.702 -3.127 -2.322 -2.656
273 F -2.349 -2.911 -2.875 -3.329 -1.388 -3.878 -3.497 -2.889 -0.843 0.262 0.55 -3.319 0.187 6.537 -4.462 -3.045 -2.385 0.837 2.917 -0.522
274 L -1.796 -2.418 -3.199 -3.529 -0.518 -3.008 -3.378 -3.217 -1.744 1.521 3.289 -2.742 1.606 4.069 -3.874 -3.129 -1.835 -0.573 0.921 0.647
275 L -1.499 -2.474 -3.343 -3.48 -0.165 -2.832 -3.441 -3.429 -2.454 3.119 3.459 -2.558 1.859 0.628 -3.585 -3.145 -1.416 -1.832 -1.145 1.801
276 L -1.238 2.847 -1.595 -2.349 -0.726 -0.443 -1.639 -2.438 -0.582 0.736 1.273 0.192 4.641 -0.238 -3.066 -1.813 -1.19 -1.598 -1.127 0.253
277 L -1.621 -2.103 -2.846 -3.244 -0.525 -2.303 -3.017 -2.942 -1.311 1.37 2.598 -2.326 3.564 4.032 -3.736 -2.703 -1.63 -0.49 0.96 0.602
278 F -2.164 -2.488 -2.608 -3.228 -1.509 -3.008 -3.074 -2.908 0.491 -0.055 0.137 -2.759 -0.078 5.807 -4.041 -2.833 -2.288 1.409 4.764 -0.671
279 I -1.391 -3.115 -3.277 -3.195 -0.165 -3.224 -3.701 -3.493 -2.725 4.558 1.662 -2.693 1.257 0.204 -3.519 -3.091 -1.089 -2.199 -1.299 2.846
280 F -0.626 -1.687 -1.13 -1.855 -0.92 -1.789 -1.892 -1.662 0.573 -0.691 -0.668 -1.575 -0.512 4.301 -2.835 0.776 -0.726 0.803 4.325 -0.923
281 L -1.445 -2.777 -3.31 -3.334 -0.165 -3.021 -3.568 -3.461 -2.587 3.927 2.699 -2.625 1.573 0.423 -3.552 -3.118 -1.248 -2.01 -1.221 2.371
282 G 0.075 -2.372 -0.454 -1.337 -1.335 -2.21 -2.636 5.823 -1.491 -3.23 -3.475 -1.665 -2.681 -2.693 -2.794 -1.017 -1.934 -2.454 -3.163 -2.879
283 L -1.396 -2.431 -3.043 -3.377 -0.388 -2.865 -3.218 -3.077 -1.764 1.804 2.544 -2.647 1.789 3.99 -3.74 -2.844 -1.487 -0.659 0.903 1.797
284 L -1.427 -2.663 -3.251 -3.311 -0.166 -2.86 -3.48 -3.404 -2.463 3.796 2.718 -2.543 2.053 0.437 -3.536 -3.047 -1.246 -1.957 -1.195 2.279
285 P -0.508 -2.138 -1.36 -1.495 -1.425 -2.032 -1.933 3.029 -1.577 -2.601 -2.983 -1.261 -2.503 -3.114 5.561 -1.308 -1.541 -3.678 -2.811 -2.392
286 A 3.952 -1.498 -1.676 -1.702 0.665 -1.334 -1.313 0.359 -1.225 -0.845 -1.336 -0.863 -0.888 -1.863 -1.49 0.44 -0.436 -2.454 -1.77 0.124
287 L -1.796 -2.418 -3.199 -3.529 -0.518 -3.008 -3.378 -3.217 -1.744 1.521 3.289 -2.742 1.606 4.069 -3.874 -3.129 -1.835 -0.573 0.921 0.647
288 F -1.25 -2.253 -2.752 -3.106 -0.393 -2.343 -2.965 -2.865 -1.427 2.16 1.362 -2.327 3.366 3.937 -3.619 -2.509 -1.279 -0.626 0.923 1.977
289 I -1.529 -2.604 -2.846 -3.141 -0.606 -2.666 -3.19 -3.299 -0.157 3.604 1.028 -2.399 0.74 1.654 -3.461 -2.862 -1.389 0.139 3.857 2.034
290 F -1.953 -1.504 -1.152 -2.245 -1.808 -1.577 -1.863 -2.457 5.317 -0.838 -0.716 -1.814 -0.532 4.351 -3.441 -2.301 -2.241 0.938 4.579 -1.332
291 I -0.259 -1.596 -1.254 -1.78 -0.094 -1.418 -1.927 -1.701 -1.245 2.486 1.045 -1.324 3.287 -0.25 -2.607 0.821 -0.209 -1.979 -1.281 1.307
292 F -1.993 -2.977 -3.003 -3.283 -0.92 -3.643 -3.563 -3.077 -1.345 2.463 0.971 -3.095 0.589 5.523 -4.113 -3.06 -1.885 0.132 2.063 1.072
293 I -1.676 -3.045 -3.136 -3.239 -0.518 -3.426 -3.631 -3.277 -1.953 3.697 1.337 -2.887 0.942 3.947 -3.8 -3.075 -1.46 -0.804 0.846 2.093
294 F -1.431 -2.725 -2.923 -3.294 -0.632 -3.317 -3.277 -2.942 -1.465 1.578 1.025 -2.933 0.551 5.288 -3.926 -2.78 -1.557 -0.02 1.897 2.003
295 I -0.957 -0.206 -1.844 -2.129 -0.581 -1.153 -1.596 -2.476 -1.581 2.908 0.57 1.802 0.459 0.691 -2.753 -2.016 -0.996 -2.061 -0.945 2.269
296 F -2.003 -2.664 -3.055 -3.419 -0.849 -3.376 -3.447 -3.081 -1.348 1.362 2.275 -2.981 1.037 5.352 -4.098 -3.089 -2.016 0.085 1.919 0.392
297 L -1.695 -2.673 -3.196 -3.397 -0.456 -3.143 -3.492 -3.277 -1.939 2.863 2.664 -2.769 1.395 3.656 -3.793 -3.109 -1.603 -0.848 0.63 1.52
298 R -1.106 4.239 -0.387 -1.161 -2.086 0.541 -0.225 -0.198 -0.135 -2.427 -2.2 3.326 -1.302 -2.642 -2.225 -1.153 -1.32 -2.396 -1.855 -2.136
299 E -0.892 -0.095 -0.312 1.544 -2.385 1.373 4.431 -1.923 0.419 -2.738 -2.676 0.703 -1.727 -2.581 -1.855 -0.764 -1.274 -2.361 -1.881 -2.107
300 Y -1.395 2.593 0.203 -1.432 -1.953 -0.124 -0.772 -1.962 0.999 -1.658 -1.658 2.4 -1.057 1.128 -2.531 -1.476 -1.491 0.327 4.188 -1.628
301 G -0.823 -2.792 -2.01 -2.453 -0.504 -2.814 -3.281 2.874 -2.233 3.343 1.0 -2.298 0.507 -0.433 -3.261 -2.227 -1.372 -2.248 -1.782 1.763
302 S 0.53 -0.534 0.23 0.453 -0.558 0.204 2.206 -0.615 -0.161 -2.183 -2.462 0.058 -1.378 -2.163 -1.619 2.469 0.411 -2.508 -1.82 -1.561
303 L -1.527 -1.491 2.821 -0.823 -0.972 -1.766 -2.002 -1.612 -0.177 0.295 1.707 -1.526 0.45 3.106 -3.214 -1.006 -1.121 -0.835 1.349 -0.358
304 K -1.072 1.227 -0.959 -1.404 -1.348 0.051 -0.463 -1.875 -0.474 -0.261 1.132 3.485 0.159 -0.658 -2.201 -1.45 -1.276 -1.708 0.307 -0.729
305 L -1.614 -2.009 -2.847 -3.373 -0.608 -2.236 -2.915 -3.191 0.0 1.294 3.026 -2.213 1.902 1.905 -3.505 -2.841 -1.72 0.318 3.885 0.541
306 N -1.633 -0.388 5.586 1.308 -1.82 -0.5 -0.699 -0.128 0.995 -2.686 -3.125 -0.269 -2.135 -2.348 -2.561 -0.091 -0.425 -2.94 -2.042 -2.534
307 V -0.207 -2.46 -2.903 -3.138 0.366 -2.561 -2.867 -2.929 -2.888 3.056 0.972 -2.362 0.858 -0.372 -3.145 -2.258 -0.425 -2.361 -1.259 4.053
308 E -0.233 1.049 -0.361 0.014 2.306 0.112 2.075 -1.345 0.381 -1.935 -2.047 0.135 -1.28 -0.281 -2.085 1.117 -0.42 -0.947 2.172 -1.529
309 G -0.523 0.612 -0.344 -0.197 -1.836 0.815 1.568 3.069 -0.369 -2.611 -2.699 2.548 -1.708 -2.74 -2.096 -0.907 -1.394 -2.469 -2.184 -2.293
310 I -0.861 1.493 -1.077 -1.486 -0.501 -0.894 -0.689 -2.158 -1.207 2.19 0.19 0.241 0.896 -0.915 -2.463 -0.831 1.872 -2.18 -1.544 1.098
311 N -0.453 -0.611 4.512 0.685 -0.975 -0.64 -0.776 -0.262 0.424 -1.891 -1.577 -0.393 -1.365 -1.943 -2.223 1.449 0.065 -2.748 -1.911 -1.76
312 N 1.203 -0.726 3.633 0.31 -0.438 -0.682 -0.757 -0.047 0.11 -1.98 -2.424 -0.393 -1.496 -2.107 -1.895 1.841 0.234 -2.705 -1.892 -1.402
313 Y -0.335 -1.415 -0.901 -1.527 -0.94 -1.329 -1.49 -1.47 0.913 -1.404 -1.64 -1.092 -1.116 1.582 2.198 1.005 -0.516 0.585 4.659 -1.281
314 F -1.957 -1.302 4.036 -0.025 -1.632 -1.614 -1.682 -1.102 0.276 -0.984 -0.895 -1.311 -0.858 4.408 -3.299 -1.111 -1.181 -0.633 1.201 -1.456
315 A 2.915 -1.941 -2.135 -2.154 0.435 -1.844 -1.924 -0.517 -1.693 2.075 0.037 -1.381 0.034 -1.003 -2.051 -0.378 -0.598 -2.373 -1.585 1.665
316 D -1.213 -2.057 -0.056 4.202 -0.961 -1.61 -0.202 -1.886 -1.373 1.801 -0.424 -1.482 -0.443 -1.334 -2.715 -1.59 -1.068 -2.918 -2.12 1.758
317 F -1.199 -2.712 -2.901 -3.255 -0.478 -3.223 -3.209 -2.921 -1.607 1.841 0.734 -2.861 0.495 4.99 -3.807 -2.677 -1.349 -0.214 1.682 2.491
318 I -0.356 -1.651 -1.395 -1.898 -0.101 -1.473 -2.028 -1.826 -1.295 2.613 1.162 -1.395 3.409 -0.173 -2.686 0.573 -0.296 -1.946 -1.252 1.409
319 A 2.203 -1.601 -0.948 -1.436 6.423 -1.477 -1.526 -0.378 -1.306 -1.146 -1.562 -1.113 -1.053 -1.945 -1.898 1.505 -0.034 -2.705 -2.037 -0.477
320 L -1.553 -2.198 -3.374 -3.632 -0.162 -2.652 -3.317 -3.394 -2.325 1.993 4.057 -2.49 2.12 0.821 -3.616 -3.17 -1.592 -1.662 -1.068 1.094
321 A 3.115 -1.685 -2.079 -2.147 0.448 -1.662 -1.771 -0.333 -1.506 0.312 1.435 -1.252 0.359 -0.787 -1.968 -0.238 -0.729 -2.197 -1.544 0.446
322 L -0.965 -1.763 -1.8 -2.428 -0.063 -2.012 -2.483 -2.494 -1.975 1.385 3.056 -1.777 1.43 0.177 -2.787 -1.18 1.895 -1.84 -1.281 0.814
323 F -1.952 -2.673 -3.009 -3.402 -0.882 -3.407 -3.411 -3.026 -1.279 1.056 2.026 -3.01 0.895 5.548 -4.122 -3.032 -2.007 0.199 2.084 0.519
324 Q -0.894 0.995 -0.105 -0.369 -1.923 4.925 1.38 -1.491 0.757 -2.252 -2.003 1.21 -0.415 -2.971 -2.163 -0.766 -0.987 -2.197 -1.297 -1.799
325 V -0.245 -2.498 -2.941 -3.176 0.328 -2.599 -2.906 -2.967 -2.927 3.018 0.933 -2.4 0.82 -0.41 -3.183 -2.296 -0.463 -2.399 -1.297 4.157
326 I -1.003 -2.918 -3.172 -3.188 -0.009 -3.024 -3.442 -3.327 -2.781 4.179 1.468 -2.602 1.137 0.038 -3.414 -2.832 -0.889 -2.255 -1.297 3.298
327 L -1.494 -2.489 -3.339 -3.469 -0.162 -2.841 -3.446 -3.428 -2.46 3.17 3.417 -2.559 1.845 0.618 -3.581 -3.141 -1.404 -1.84 -1.147 1.841
328 L -1.505 -2.69 -3.29 -3.374 -0.221 -3.005 -3.524 -3.412 -2.409 3.573 2.859 -2.639 1.599 1.5 -3.606 -3.119 -1.351 -1.686 -0.703 2.101
329 F -2.183 -2.532 -2.636 -3.237 -1.492 -3.095 -3.118 -2.903 0.365 -0.013 0.191 -2.817 -0.044 5.9 -4.085 -2.855 -2.297 1.349 4.597 -0.65
330 S 0.756 -0.852 0.312 -0.465 0.075 -0.729 -0.786 -0.427 -0.721 -1.317 -1.905 -0.437 -0.99 -1.844 -1.548 2.748 2.396 -2.449 -1.753 -0.768
331 L -1.382 -1.889 -2.98 -3.321 -0.168 -1.987 -2.944 -3.086 -1.776 1.857 3.511 -2.085 3.903 0.697 -3.483 -2.714 -1.392 -1.536 -0.987 1.053
332 H -1.705 -0.386 3.093 -0.116 -2.194 -0.279 -0.577 -1.164 7.116 -2.688 -2.76 -0.631 -1.51 -1.235 -2.713 -1.08 -1.595 -1.835 0.962 -2.899
333 P -0.848 -2.025 -1.946 -1.576 -1.469 -1.945 -1.634 -1.864 -1.619 -2.329 -2.762 -1.076 -2.415 -3.347 6.675 -1.464 -1.36 -4.561 -2.647 -2.174
334 F -2.346 -2.908 -2.872 -3.326 -1.386 -3.876 -3.494 -2.887 -0.84 0.265 0.553 -3.316 0.189 6.533 -4.46 -3.043 -2.383 0.84 2.919 -0.519
335 N -1.692 -0.602 5.236 2.778 -1.944 -0.597 -0.334 -0.315 0.742 -2.727 -3.221 -0.395 -2.261 -2.475 -2.545 -0.261 -0.611 -3.07 -2.23 -2.624
336 S 2.239 -0.952 -0.001 -0.615 0.253 -0.783 -0.767 0.031 -0.673 -1.561 -2.006 -0.452 -1.103 -1.927 -1.487 2.713 0.646 -2.529 -1.767 -0.805
337 F -2.346 -2.908 -2.872 -3.326 -1.386 -3.876 -3.494 -2.887 -0.84 0.265 0.553 -3.316 0.189 6.533 -4.46 -3.043 -2.383 0.84 2.919 -0.519
338 S 0.484 -0.653 3.104 0.279 -0.384 -0.569 -0.616 -0.132 0.026 -2.137 -2.559 -0.3 -1.453 -2.075 -1.772 2.643 0.64 -2.678 -1.856 -1.623
339 R -1.546 5.533 -0.474 -1.576 -2.271 0.506 -0.573 -2.14 0.086 -2.624 -2.04 2.007 -1.236 -2.484 -2.716 -1.418 -1.466 -2.246 -1.784 -2.174
340 L -0.972 -2.602 -3.18 -3.309 0.02 -2.82 -3.287 -3.268 -2.668 3.446 2.423 -2.526 1.407 0.212 -3.422 -2.805 -0.979 -2.095 -1.228 3.039
341 I -1.692 -3.039 -3.126 -3.239 -0.538 -3.436 -3.625 -3.263 -1.911 3.632 1.319 -2.896 0.925 4.065 -3.816 -3.072 -1.481 -0.738 0.936 2.045
342 F -0.902 -2.874 -2.927 -3.302 6.363 -3.253 -3.386 -2.685 -2.017 1.389 0.322 -2.908 0.133 3.888 -3.584 -2.327 -1.284 -0.943 0.772 2.056
343 G 0.462 -1.691 -0.085 -0.908 -0.761 -1.524 -1.727 4.759 -1.087 -2.697 -3.021 -1.104 -2.066 -2.409 -2.261 1.291 -0.537 -2.49 -2.589 -2.219
344 L -1.494 -2.489 -3.339 -3.469 -0.162 -2.841 -3.446 -3.428 -2.46 3.17 3.417 -2.559 1.845 0.618 -3.581 -3.141 -1.404 -1.84 -1.147 1.841
345 T -0.43 -1.204 -0.757 -1.542 0.011 -1.096 -1.698 -1.724 -1.26 0.547 0.486 -1.019 3.222 -0.695 -2.158 -0.007 3.262 -1.855 -1.379 0.509
346 L -1.127 -2.617 -3.226 -3.336 -0.039 -2.86 -3.361 -3.326 -2.621 3.504 2.642 -2.549 1.507 0.315 -3.468 -2.908 -1.087 -2.04 -1.214 2.773
347 G 0.078 -2.369 -0.452 -1.335 -1.332 -2.207 -2.634 5.821 -1.488 -3.227 -3.473 -1.663 -2.679 -2.69 -2.791 -1.014 -1.931 -2.452 -3.16 -2.876
348 I -1.003 -2.918 -3.172 -3.188 -0.009 -3.024 -3.442 -3.327 -2.781 4.179 1.468 -2.602 1.137 0.038 -3.414 -2.832 -0.889 -2.255 -1.297 3.298
349 C -0.917 -2.923 -2.929 -3.317 6.839 -3.309 -3.447 -2.636 -2.018 1.163 0.215 -2.953 0.027 3.872 -3.587 -2.287 -1.343 -0.969 0.738 1.762
350 F -1.827 -2.594 -2.761 -3.191 -0.982 -2.904 -3.18 -3.104 0.025 2.426 0.689 -2.617 0.414 4.472 -3.758 -2.87 -1.785 0.732 4.123 1.073
351 A 3.24 -1.726 -1.258 -1.587 0.209 -1.563 -1.641 3.181 -1.299 -1.364 -1.816 -1.074 -1.308 -2.08 -1.814 0.085 -0.8 -2.452 -2.112 -0.482
352 F -2.01 -2.565 -2.988 -3.412 -0.91 -3.235 -3.353 -3.059 -0.953 0.957 2.269 -2.901 0.992 5.318 -4.063 -3.048 -2.063 0.316 2.594 0.137
353 G 1.588 -2.023 -0.626 -1.339 -0.638 -1.86 -2.111 4.986 -1.354 -2.391 -2.745 -1.359 -2.053 -2.427 -2.343 -0.13 -1.256 -2.458 -2.677 -1.758
354 K -0.902 3.672 -0.296 -0.96 -1.916 0.636 -0.01 -1.504 -0.15 -2.278 -2.187 3.737 -1.236 -2.651 -1.989 -0.549 -1.042 -2.454 -1.796 -2.021
355 G 0.191 -1.586 -0.369 -1.133 -0.499 -1.467 -1.657 3.149 1.198 0.644 -0.577 -1.159 -0.654 -1.369 -2.336 1.296 -0.331 -2.338 -1.647 -0.249
356 R -1.331 3.063 3.108 -0.142 -1.882 0.19 -0.392 -1.147 0.221 -1.937 -1.344 2.62 -1.153 -2.227 -2.341 -0.826 -0.986 -2.542 -1.841 -1.919
357 N -1.638 -0.778 3.621 -0.128 -1.785 0.126 -1.061 -1.219 1.558 -1.626 -1.81 -0.713 -1.224 1.558 -2.846 -1.005 -1.12 0.615 4.548 -1.651
358 L -1.204 -1.07 -1.554 -0.162 -0.961 -0.138 2.431 -2.617 -0.748 1.114 2.233 -0.588 0.86 -0.328 -2.654 -1.8 -1.386 -1.988 -1.416 0.309
359 K -1.064 0.559 -1.369 -1.673 -0.898 -0.529 -1.019 -2.193 -1.197 2.74 0.361 2.666 0.309 -0.891 -2.431 -1.751 -1.054 -2.337 -1.502 1.376
360 K -0.802 2.118 -0.244 -0.698 -1.953 0.831 0.337 -1.318 -0.219 -2.099 -2.216 4.428 -1.2 -2.782 -1.663 -0.857 -1.058 -2.525 -1.765 -1.975
361 G 0.114 -2.334 -0.416 -1.299 -1.296 -2.171 -2.598 5.786 -1.452 -3.191 -3.437 -1.627 -2.643 -2.654 -2.755 -0.978 -1.895 -2.416 -3.124 -2.84
362 E -0.848 1.217 -0.279 0.634 -2.162 1.113 3.061 -1.606 0.116 -2.402 -2.438 3.129 -1.452 -2.681 -1.759 -0.812 -1.165 -2.443 -1.824 -2.042
363 F -2.037 -2.259 -2.446 -3.14 -1.533 -2.616 -2.845 -2.879 1.02 -0.189 -0.055 -2.477 -0.183 5.323 -3.813 -2.695 -2.203 1.695 5.321 -0.71
364 H -1.659 -0.362 4.045 0.397 -2.056 -0.316 -0.587 -0.8 6.202 -2.663 -2.836 -0.497 -1.652 -1.49 -2.643 -0.733 -1.18 -2.088 0.39 -2.764
365 G -0.746 -1.912 0.38 3.826 -1.773 -1.461 -0.334 3.833 -0.553 -2.702 -3.153 -1.235 -2.447 -1.473 -2.557 -1.045 -1.665 -1.949 0.217 -2.645
366 K -0.823 1.955 -0.363 -0.817 -1.768 0.721 0.198 -1.399 -0.271 -1.568 -1.521 4.235 0.342 -2.35 -1.759 -0.933 -1.058 -2.41 -1.681 -1.6