#Seq2Logo.py -f /work3/idamei/wzy_ssn/run/1e-50/run/150/MSAs/0008_175.afa -o /work3/idamei/wzy_ssn/run/1e-50/run/150/logos/0008_175.logo
Last position-specific scoring matrix computed, values are in halfbits
A R N D C Q E G H I L K M F P S T W Y V
0 L -1.109 -1.412 -2.388 -2.842 -0.197 -1.08 -2.382 -2.612 -0.997 1.575 2.107 -1.481 5.752 0.439 -3.271 -2.045 -1.074 -1.335 -0.861 0.961
1 N -1.811 -1.308 3.835 -0.238 -1.244 -1.589 -1.79 -1.3 -0.031 -0.113 1.163 -1.331 0.051 3.146 -3.235 -1.267 -1.132 -1.246 0.267 -0.737
2 I 1.147 -0.543 -1.862 -2.029 -0.278 -1.257 -1.613 -1.545 -1.553 2.932 0.418 1.347 0.311 -0.8 -2.413 -1.276 -0.927 -2.364 -1.547 1.561
3 G -0.82 -1.641 -0.984 -1.98 -1.112 -1.553 -1.955 2.282 4.538 0.207 -1.032 -1.637 -0.703 0.729 -3.026 -1.796 -1.605 -0.256 3.396 1.024
4 E -0.887 1.179 -0.317 0.596 -2.2 1.075 3.127 -1.644 0.078 -2.44 -2.477 3.198 -1.491 -2.719 -1.797 -0.85 -1.204 -2.481 -1.862 -2.08
5 N -1.217 -0.598 4.996 0.827 -1.244 -0.689 -0.904 -0.435 0.503 -1.892 -2.498 -0.44 -1.689 -2.183 -2.363 0.082 1.624 -2.779 -2.002 -1.603
6 G -0.182 -1.225 -0.63 -0.391 -0.819 -0.598 1.35 2.442 -0.814 -0.645 0.782 -0.71 -0.255 -1.222 -2.35 0.636 -0.719 -2.263 -1.902 -0.903
7 N -1.308 -0.585 4.986 1.063 -1.867 -0.389 0.608 1.551 0.655 -2.806 -3.156 -0.315 -2.193 -2.468 -2.54 -0.322 -0.726 -2.846 -2.191 -2.568
8 L -1.428 -1.097 2.247 -0.16 -0.997 -0.647 1.29 -1.921 -0.462 0.486 2.326 -0.845 0.731 -0.403 -2.854 -1.515 -1.218 -2.141 -1.513 -0.159
9 R -1.509 5.462 -0.437 -1.538 -2.234 0.543 -0.535 -2.103 0.124 -2.586 -2.003 2.044 -1.198 -2.447 -2.679 -1.381 -1.429 -2.209 -1.747 -2.136
10 V -0.208 -2.461 -2.904 -3.139 0.365 -2.562 -2.868 -2.93 -2.89 3.055 0.971 -2.363 0.857 -0.373 -3.146 -2.259 -0.426 -2.362 -1.26 4.056
11 L -1.515 -2.161 -3.337 -3.595 -0.125 -2.615 -3.28 -3.357 -2.288 2.03 3.996 -2.453 2.158 0.858 -3.579 -3.133 -1.555 -1.625 -1.031 1.131
12 V -0.208 -2.461 -2.904 -3.139 0.365 -2.562 -2.868 -2.93 -2.89 3.055 0.971 -2.363 0.857 -0.373 -3.146 -2.259 -0.426 -2.362 -1.26 4.056
13 S 1.093 -0.716 0.522 -0.223 0.098 -0.545 -0.53 -0.081 -0.435 -1.886 -2.303 -0.26 -1.161 -1.918 -1.45 3.173 1.036 -2.524 -1.73 -1.267
14 D -1.752 -1.563 1.224 5.795 -2.347 -0.847 1.075 -1.098 -0.511 -2.7 -3.466 -0.804 -2.672 -2.894 -2.264 -0.927 -1.388 -3.506 -3.018 -2.839
15 D -1.752 -1.563 1.224 5.795 -2.347 -0.847 1.075 -1.098 -0.511 -2.7 -3.466 -0.804 -2.672 -2.894 -2.264 -0.927 -1.388 -3.506 -3.018 -2.839
16 K -0.801 2.119 -0.243 -0.697 -1.952 0.832 0.338 -1.317 -0.218 -2.098 -2.215 4.425 -1.198 -2.78 -1.662 -0.856 -1.057 -2.524 -1.763 -1.974
17 N -1.688 -0.443 5.703 1.253 -1.875 -0.555 -0.754 -0.183 0.94 -2.741 -3.18 -0.324 -2.19 -2.403 -2.616 -0.146 -0.48 -2.995 -2.097 -2.589
18 P -0.287 -0.081 1.343 -0.663 4.148 -0.652 -0.833 -1.029 -0.651 -1.991 -2.324 1.638 -1.585 -2.549 3.091 0.803 -0.432 -3.109 -2.151 -1.687
19 L -1.597 -0.432 -0.755 2.349 -1.369 -1.137 -0.699 -2.051 -0.908 -0.049 1.205 1.328 0.121 3.113 -2.839 -1.833 -1.603 -1.255 0.208 -0.694
20 I -0.652 -2.034 -1.61 -2.128 -0.44 -2.004 -2.296 -2.139 -0.247 2.943 0.468 -1.729 0.349 1.072 -2.843 0.216 -0.599 -0.351 3.183 1.477
21 N -1.398 -0.829 3.906 0.1 -1.312 0.667 -0.928 -1.102 0.062 1.236 -0.954 -0.575 -0.717 -1.633 1.365 -0.906 -0.793 -2.816 -1.836 -0.012
22 N -1.271 2.31 3.316 -0.257 -1.524 -0.747 -1.161 -1.108 0.187 -1.565 -1.458 0.069 -1.092 2.928 -2.825 -0.013 -0.824 -1.33 0.185 -1.691
23 N -0.513 0.005 2.53 -0.343 -0.853 -0.579 -0.862 -1.018 -0.364 1.305 -0.83 1.632 -0.546 -1.496 -2.235 0.77 -0.292 -2.578 -1.739 0.143
24 L -1.281 -1.863 2.067 -1.46 5.939 -2.123 -2.548 -1.972 -1.211 0.714 2.42 -1.902 0.81 -0.33 -3.248 -1.767 -1.222 -2.313 -1.683 0.122
25 L -1.11 -2.72 -3.228 -3.309 -0.048 -2.925 -3.403 -3.344 -2.683 3.745 2.35 -2.582 1.388 0.222 -3.47 -2.904 -1.046 -2.117 -1.255 2.939
26 L -0.773 -2.15 -2.102 -2.575 0.019 -2.301 -2.702 -2.674 -2.307 2.824 1.981 -2.005 1.05 -0.13 -2.909 -1.492 1.438 -2.117 -1.352 2.49
27 Y -1.681 -0.683 -1.665 -2.254 -1.726 0.522 -1.33 -2.486 1.146 -0.779 -0.712 0.363 -0.486 4.07 -3.141 -2.083 -1.875 1.253 5.147 -1.076
28 F -1.53 -2.667 -2.925 -3.403 5.915 -3.131 -3.399 -2.826 -0.887 0.503 1.603 -2.855 0.489 4.333 -3.768 -2.61 -1.869 -0.015 2.726 -0.066
29 L -1.114 -2.035 -2.182 -2.683 -0.108 -2.285 -2.774 -2.76 -2.154 2.361 2.991 -2.014 1.463 0.24 -3.007 -1.64 1.303 -1.901 -1.278 1.33
30 P -0.861 -2.039 -1.959 -1.589 -1.482 -1.958 -1.647 -1.877 -1.633 -2.343 -2.775 -1.089 -2.428 -3.361 6.688 -1.477 -1.373 -4.574 -2.661 -2.187
31 L 1.124 -2.15 -2.805 -2.935 0.113 -2.329 -2.679 -1.906 -2.129 2.203 2.766 -2.016 1.314 0.092 -2.881 -1.703 -1.065 -2.013 -1.303 1.783
32 G -0.037 -1.879 -1.141 -1.795 -0.228 -1.893 -2.157 2.395 -1.67 0.996 1.279 -1.587 0.303 -0.754 -2.67 0.455 -0.525 -2.263 -1.735 1.505
33 L -1.527 -2.418 -3.366 -3.532 -0.179 -2.801 -3.425 -3.435 -2.436 2.884 3.64 -2.555 1.911 0.662 -3.608 -3.166 -1.474 -1.804 -1.14 1.625
34 S 1.086 -0.723 0.515 -0.231 0.09 -0.552 -0.537 -0.088 -0.442 -1.893 -2.31 -0.267 -1.169 -1.925 -1.457 3.199 1.029 -2.531 -1.738 -1.274
35 A 2.5 -1.924 -2.209 -2.314 0.533 -1.867 -1.969 -0.817 -1.921 1.72 0.047 -1.499 0.121 -1.015 -2.182 -0.583 -0.419 -2.396 -1.493 2.736
36 F 2.194 -2.086 -2.181 -2.37 -0.15 -2.302 -2.17 -0.798 -0.995 -0.206 -0.209 -1.805 -0.268 4.643 -2.577 -0.773 -1.217 -0.33 1.468 -0.148
37 F -1.079 -2.666 -2.877 -3.22 -0.374 -3.138 -3.155 -2.897 -1.669 1.988 0.779 -2.792 0.552 4.742 -3.722 -2.615 -1.236 -0.317 1.551 2.616
38 S 1.086 -0.723 0.515 -0.231 0.09 -0.552 -0.537 -0.088 -0.442 -1.893 -2.31 -0.267 -1.169 -1.925 -1.457 3.199 1.029 -2.531 -1.738 -1.274
39 L -1.339 -2.453 -3.148 -3.452 -0.297 -2.915 -3.267 -3.168 -2.012 1.959 2.87 -2.668 1.414 3.448 -3.7 -2.912 -1.441 -0.947 0.491 2.008
40 A 2.872 -1.756 -2.218 -2.299 0.367 -1.776 -1.928 -0.575 -1.605 0.545 1.906 -1.386 0.608 -0.567 -2.132 -0.473 -0.833 -2.147 -1.502 0.512
41 L -1.069 -2.275 -2.161 -2.579 -0.108 -2.43 -2.867 -2.784 -2.265 3.341 2.122 -2.066 1.157 0.021 -2.981 -1.625 1.365 -2.07 -1.352 1.949
42 F -2.363 -2.925 -2.889 -3.343 -1.403 -3.893 -3.511 -2.903 -0.857 0.248 0.536 -3.333 0.173 6.559 -4.477 -3.059 -2.399 0.823 2.902 -0.536
43 L -1.477 -2.515 -2.821 -3.364 5.911 -2.853 -3.239 -2.833 -0.307 0.398 1.501 -2.665 0.402 3.752 -3.638 -2.541 -1.838 0.285 3.624 -0.112
44 Y -0.897 -1.727 -1.366 -2.122 -1.124 -1.806 -2.02 -1.947 1.019 -0.736 -0.744 -1.664 -0.571 4.095 -2.969 0.275 -1.028 1.24 5.142 -0.954
45 P -0.865 -2.042 -1.962 -1.592 -1.486 -1.962 -1.651 -1.881 -1.636 -2.346 -2.779 -1.093 -2.432 -3.364 6.692 -1.48 -1.377 -4.578 -2.664 -2.19
46 L -1.569 -2.215 -3.391 -3.649 -0.179 -2.669 -3.334 -3.411 -2.342 1.976 4.084 -2.507 2.104 0.804 -3.633 -3.187 -1.609 -1.679 -1.085 1.077
47 L -1.226 -2.212 -2.885 -3.242 -0.302 -2.389 -3.004 -2.963 -1.653 1.863 2.266 -2.359 3.12 3.414 -3.603 -2.61 -1.306 -0.877 0.524 1.987
48 F -0.618 -2.133 -1.635 -2.199 -0.504 -2.409 -2.348 -1.941 -1.144 0.929 0.157 -2.059 0.072 4.755 -3.139 0.239 -0.714 -0.383 1.463 1.436
49 L 1.033 -2.023 -2.863 -3.032 0.052 -2.278 -2.687 -1.933 -2.025 1.486 3.396 -2.005 1.595 0.331 -2.937 -1.787 -1.273 -1.857 -1.244 0.864
50 I -1.074 -2.963 -3.204 -3.205 -0.048 -3.069 -3.496 -3.367 -2.789 4.271 1.482 -2.632 1.139 0.047 -3.446 -2.886 -0.934 -2.263 -1.314 3.239
51 F -1.463 -2.865 -3.002 -3.271 -0.569 -3.36 -3.399 -3.064 -1.681 2.622 0.946 -2.92 0.634 4.832 -3.866 -2.864 -1.474 -0.338 1.504 2.214
52 L -1.11 -2.72 -3.228 -3.309 -0.048 -2.925 -3.403 -3.344 -2.683 3.745 2.35 -2.582 1.388 0.222 -3.47 -2.904 -1.046 -2.117 -1.255 2.939
53 G 0.268 -1.916 -0.612 -1.366 -0.484 -1.802 -2.032 4.076 -1.484 -0.007 -1.459 -1.418 -1.068 -1.791 -2.504 0.673 -0.581 -2.482 -2.243 0.998
54 L 0.979 -2.374 -2.731 -2.875 -0.188 -2.629 -2.795 -1.865 -1.693 2.253 1.897 -2.204 0.868 3.315 -3.063 -1.754 -1.304 -1.051 0.4 1.165
55 L -1.527 -2.418 -3.366 -3.532 -0.179 -2.801 -3.425 -3.435 -2.436 2.884 3.64 -2.555 1.911 0.662 -3.608 -3.166 -1.474 -1.804 -1.14 1.625
56 S 1.039 -0.77 0.468 -0.277 0.044 -0.598 -0.584 -0.135 -0.489 -1.94 -2.357 -0.314 -1.215 -1.972 -1.504 3.359 0.982 -2.578 -1.784 -1.321
57 P -0.865 -2.042 -1.962 -1.592 -1.486 -1.962 -1.651 -1.881 -1.636 -2.346 -2.779 -1.093 -2.432 -3.364 6.692 -1.48 -1.377 -4.578 -2.664 -2.19
58 L -1.183 -2.287 -3.276 -3.528 -0.048 -2.656 -3.225 -3.298 -2.481 2.269 3.558 -2.484 1.829 0.542 -3.519 -2.942 -1.283 -1.846 -1.14 2.224
59 L -1.748 -2.377 -3.257 -3.569 -0.44 -2.93 -3.377 -3.275 -1.893 1.631 3.522 -2.692 1.729 3.547 -3.822 -3.154 -1.787 -0.824 0.523 0.751
60 D -0.411 -0.938 0.515 2.637 -0.904 -0.684 -0.234 -1.029 4.425 -1.718 -2.262 -0.687 -1.347 -1.759 -2.036 1.048 1.595 -2.364 -0.647 -1.453
61 P 1.544 -1.789 -1.076 -1.361 -0.569 -1.653 -1.615 2.628 -1.336 -2.017 -2.438 -1.058 -1.861 -2.585 4.092 0.248 -0.832 -3.109 -2.407 -1.445
62 V -0.909 2.045 -2.149 -2.763 -0.42 -1.571 -2.229 -2.79 -1.548 1.85 1.121 -0.621 0.56 1.875 -3.253 -2.234 -1.033 -1.639 -0.373 2.696
63 L 1.148 -1.863 -1.756 -2.233 -0.117 -2.061 -2.215 -1.445 -1.421 0.485 1.46 -1.692 0.459 3.2 -2.57 -0.734 1.332 -1.051 0.345 0.271
64 R -1.563 5.563 -0.491 -1.592 -2.288 0.489 -0.589 -2.157 0.07 -2.64 -2.056 1.99 -1.252 -2.501 -2.733 -1.435 -1.482 -2.263 -1.801 -2.19
65 R -1.559 3.34 2.467 -0.698 -2.014 -0.155 -0.848 -1.574 0.882 -2.037 -1.975 1.544 -1.304 0.283 -2.692 -1.185 -1.283 -0.429 3.122 -1.911
66 L -1.939 -2.548 -3.129 -3.492 -0.726 -3.216 -3.421 -3.146 -1.505 1.24 2.824 -2.89 1.297 4.927 -4.024 -3.122 -1.977 -0.165 1.549 0.382
67 Y -0.897 -1.727 -1.366 -2.122 -1.124 -1.806 -2.02 -1.947 1.019 -0.736 -0.744 -1.664 -0.571 4.095 -2.969 0.275 -1.028 1.24 5.142 -0.954
68 L -0.846 -1.821 -1.564 -2.222 -0.726 -1.997 -2.203 -2.022 0.061 0.231 1.395 -1.793 0.386 3.755 -3.026 0.213 -0.934 0.341 3.657 -0.287
69 F -1.535 -2.293 -2.325 -2.869 -0.753 -2.547 -2.882 -2.857 -0.218 2.073 1.217 -2.288 0.544 3.791 -3.39 -2.132 0.089 0.346 3.662 0.901
70 A 2.385 -1.943 -2.018 -2.01 -0.21 -1.972 -1.828 -0.698 -1.23 -0.812 -0.99 -1.385 -0.873 2.936 3.064 -0.587 -1.064 -1.492 0.147 -0.489
71 L -0.842 -2.361 -3.166 -3.412 0.077 -2.642 -3.121 -3.19 -2.627 2.534 2.915 -2.461 1.526 0.254 -3.408 -2.717 -0.99 -2.024 -1.197 3.042
72 L 1.083 -1.814 -2.624 -2.85 0.048 -1.849 -2.47 -1.798 -1.664 1.372 2.902 -1.757 3.222 0.228 -2.862 -1.579 -1.145 -1.761 -1.183 0.833
73 I -0.741 -2.349 -2.085 -2.495 0.019 -2.417 -2.774 -2.692 -2.4 3.526 0.972 -2.046 0.769 -0.328 -2.889 -1.48 1.486 -2.263 -1.413 2.838
74 F -1.125 -2.713 -2.923 -3.267 -0.42 -3.184 -3.202 -2.943 -1.715 1.941 0.733 -2.839 0.505 4.804 -3.768 -2.662 -1.283 -0.364 1.504 2.711
75 I 1.084 -2.633 -2.8 -2.758 0.052 -2.638 -2.91 -1.976 -2.286 3.907 1.14 -2.13 0.837 -0.205 -2.878 -1.749 -0.926 -2.275 -1.424 2.354
76 I -1.074 -2.963 -3.204 -3.205 -0.048 -3.069 -3.496 -3.367 -2.789 4.271 1.482 -2.632 1.139 0.047 -3.446 -2.886 -0.934 -2.263 -1.314 3.239
77 A 1.552 -1.782 -1.479 -1.865 0.194 -1.745 -1.88 -1.109 -1.625 2.019 0.911 -1.4 0.384 -0.703 -2.308 0.712 -0.23 -2.325 -1.507 1.857
78 F -2.363 -2.925 -2.889 -3.343 -1.403 -3.893 -3.511 -2.903 -0.857 0.248 0.536 -3.333 0.173 6.559 -4.477 -3.059 -2.399 0.823 2.902 -0.536
79 F -2.223 -2.602 -2.687 -3.267 -1.493 -3.216 -3.188 -2.917 0.197 0.014 0.232 -2.903 -0.024 6.026 -4.155 -2.899 -2.326 1.262 4.411 -0.647
80 A 3.483 -1.308 -0.982 -1.284 0.511 -1.142 -1.122 0.232 -1.033 -1.093 -1.571 -0.726 -0.977 -1.9 -1.504 1.48 -0.02 -2.496 -1.784 -0.187
81 T 0.509 -0.94 0.168 -0.635 0.069 -0.853 -0.966 -0.682 -0.926 -0.975 -1.652 -0.555 -0.869 -1.785 -1.608 2.319 3.116 -2.39 -1.759 -0.461
82 L -1.39 -1.033 -2.171 -2.432 -0.529 1.536 -1.3 -2.805 -1.215 1.359 3.367 -1.06 1.648 0.222 -3.196 -2.375 -1.445 -1.804 -1.14 0.58
83 K -0.869 1.829 -0.252 -0.655 -1.989 2.511 0.594 -1.404 0.017 -2.18 -2.204 4.016 -1.024 -2.872 -1.825 -0.878 -1.083 -2.482 -1.683 -1.973
84 P -0.865 -2.042 -1.962 -1.592 -1.486 -1.962 -1.651 -1.881 -1.636 -2.346 -2.779 -1.093 -2.432 -3.364 6.692 -1.48 -1.377 -4.578 -2.664 -2.19
85 F -2.363 -2.925 -2.889 -3.343 -1.403 -3.893 -3.511 -2.903 -0.857 0.248 0.536 -3.333 0.173 6.559 -4.477 -3.059 -2.399 0.823 2.902 -0.536
86 G 0.592 -1.466 0.038 -0.765 -0.569 -1.298 -1.436 4.179 -0.952 -2.519 -2.868 -0.916 -1.861 -2.316 -2.083 1.929 -0.126 -2.523 -2.397 -2.001
87 D -1.806 -1.617 1.17 5.875 -2.401 -0.901 1.022 -1.152 -0.565 -2.754 -3.52 -0.858 -2.726 -2.948 -2.318 -0.981 -1.441 -3.56 -3.072 -2.893
88 L -1.486 -2.636 -3.341 -3.421 -0.179 -2.939 -3.518 -3.459 -2.534 3.573 3.116 -2.605 1.705 0.513 -3.583 -3.146 -1.345 -1.934 -1.197 2.086
89 A 3.986 -1.512 -1.691 -1.716 0.651 -1.349 -1.327 0.345 -1.24 -0.859 -1.35 -0.877 -0.902 -1.877 -1.504 0.426 -0.451 -2.469 -1.784 0.11
90 E -0.947 -0.15 -0.367 1.489 -2.44 1.318 4.56 -1.978 0.364 -2.793 -2.731 0.648 -1.782 -2.636 -1.91 -0.819 -1.329 -2.416 -1.936 -2.162
91 Y -1.841 -1.806 -2.154 -3.051 -1.78 -1.812 -2.392 -2.961 2.076 -0.832 -0.939 -1.902 -0.711 3.32 -3.362 -2.466 -2.118 2.28 6.714 -1.008
92 L -1.407 -2.18 -3.083 -3.317 -0.183 -2.294 -3.147 -3.212 -2.025 2.815 3.189 -2.258 3.406 0.571 -3.514 -2.838 -1.337 -1.71 -1.081 1.602
93 N -0.74 -0.507 4.136 0.469 -1.355 -0.471 -0.653 -0.485 4.627 -2.507 -2.813 -0.432 -1.683 -1.844 -2.331 1.01 -0.339 -2.442 -0.581 -2.314
94 V -0.508 -2.657 -3.038 -3.197 0.196 -2.759 -3.101 -3.106 -2.891 3.489 1.118 -2.487 0.919 -0.26 -3.28 -2.491 -0.623 -2.364 -1.314 3.914
95 Y -1.841 -1.806 -2.154 -3.051 -1.78 -1.812 -2.392 -2.961 2.076 -0.832 -0.939 -1.902 -0.711 3.32 -3.362 -2.466 -2.118 2.28 6.714 -1.008
96 H -1.478 0.436 2.768 -0.199 -2.143 0.003 -0.354 -1.177 6.245 -2.558 -2.656 1.725 -1.48 -1.618 -2.436 -1.003 -1.423 -2.059 0.368 -2.654
97 D -0.675 -0.443 0.345 3.282 -1.728 2.127 1.865 1.201 -0.08 -2.574 -2.779 0.077 -1.627 -2.728 -2.144 0.119 -0.933 -2.698 -2.172 -2.231
98 L -1.146 -2.495 -3.252 -3.416 -0.048 -2.787 -3.313 -3.321 -2.58 3.1 3.017 -2.532 1.617 0.386 -3.494 -2.923 -1.162 -1.979 -1.197 2.603
99 N -1.726 -0.729 4.935 0.632 -1.851 -0.822 -1.085 -0.667 1.269 -2.133 -2.437 -0.645 -1.743 0.317 -2.785 -0.575 -0.811 -0.585 3.096 -2.105
100 N 0.977 -1.135 3.312 1.633 -1.036 -1.067 -0.893 -0.618 0.753 -1.641 -2.008 -0.862 -1.462 0.349 -2.409 -0.498 -0.919 -0.55 3.093 -1.311
101 G -0.683 -1.254 4.024 0.235 -1.6 -1.271 -1.549 4.174 -0.031 -2.982 -3.331 -0.923 -2.432 -2.551 -2.71 -0.555 -1.121 -2.72 -2.587 -2.737
102 L -0.576 -1.588 -1.685 -2.23 -0.126 -1.605 -2.171 -2.041 -1.426 1.266 2.853 -1.554 3.204 0.217 -2.862 0.248 -0.608 -1.782 -1.183 0.605
103 I -1.273 -2.795 -3.272 -3.311 -0.113 -3.004 -3.507 -3.413 -2.659 3.943 2.413 -2.618 1.436 0.29 -3.514 -3.013 -1.132 -2.093 -1.255 2.72
104 D -1.453 -0.977 0.685 4.875 -2.415 0.139 2.878 -1.435 -0.181 -2.768 -3.198 -0.198 -2.335 -2.827 -2.158 -0.919 -1.399 -3.076 -2.592 -2.597
105 V -0.508 -2.657 -3.038 -3.197 0.196 -2.759 -3.101 -3.106 -2.891 3.489 1.118 -2.487 0.919 -0.26 -3.28 -2.491 -0.623 -2.364 -1.314 3.914
106 F -2.251 -2.826 -2.947 -3.379 -1.218 -3.708 -3.488 -2.962 -1.006 0.53 1.299 -3.216 0.498 6.229 -4.357 -3.075 -2.288 0.606 2.619 -0.278
107 G 1.436 -1.566 2.488 -0.514 -0.803 -1.502 -1.726 4.206 -0.623 -2.338 -2.726 -1.082 -2.021 -2.403 -2.38 -0.378 -1.112 -2.592 -2.49 -1.751
108 Y -1.841 -1.806 -2.154 -3.051 -1.78 -1.812 -2.392 -2.961 2.076 -0.832 -0.939 -1.902 -0.711 3.32 -3.362 -2.466 -2.118 2.28 6.714 -1.008
109 P 0.242 -1.336 -0.498 -0.86 -0.621 -1.2 -1.068 -0.878 -1.006 -2.136 -2.56 -0.677 -1.76 -2.585 4.855 1.854 0.038 -3.408 -2.191 -1.723
110 R -1.563 5.563 -0.491 -1.592 -2.288 0.489 -0.589 -2.157 0.07 -2.64 -2.056 1.99 -1.252 -2.501 -2.733 -1.435 -1.482 -2.263 -1.801 -2.19
111 F -2.363 -2.925 -2.889 -3.343 -1.403 -3.893 -3.511 -2.903 -0.857 0.248 0.536 -3.333 0.173 6.559 -4.477 -3.059 -2.399 0.823 2.902 -0.536
112 G 0.061 -2.386 -0.468 -1.351 -1.349 -2.224 -2.651 5.836 -1.505 -3.244 -3.489 -1.679 -2.695 -2.707 -2.808 -1.031 -1.948 -2.469 -3.177 -2.893
113 D -1.518 0.006 2.671 2.736 -2.006 -0.469 -0.198 -1.255 0.741 -2.006 -2.296 1.62 -1.614 0.228 -2.443 -1.011 -1.227 -0.592 3.074 -2.036
114 G 0.061 -2.386 -0.468 -1.351 -1.349 -2.224 -2.651 5.836 -1.505 -3.244 -3.489 -1.679 -2.695 -2.707 -2.808 -1.031 -1.948 -2.469 -3.177 -2.893
115 L -1.183 -2.287 -3.276 -3.528 -0.048 -2.656 -3.225 -3.298 -2.481 2.269 3.558 -2.484 1.829 0.542 -3.519 -2.942 -1.283 -1.846 -1.14 2.224
116 E -0.947 -0.15 -0.367 1.489 -2.44 1.318 4.56 -1.978 0.364 -2.793 -2.731 0.648 -1.782 -2.636 -1.91 -0.819 -1.329 -2.416 -1.936 -2.162
117 F -2.092 -2.975 -2.984 -3.309 -1.045 -3.715 -3.561 -3.043 -1.225 2.066 0.857 -3.163 0.48 5.833 -4.21 -3.071 -2.017 0.311 2.287 0.735
118 L -1.217 -1.593 -2.608 -3.024 -0.192 -1.403 -2.592 -2.792 -1.279 1.68 2.741 -1.705 5.181 0.535 -3.357 -2.291 -1.199 -1.417 -0.915 0.99
119 F -2.092 -2.975 -2.984 -3.309 -1.045 -3.715 -3.561 -3.043 -1.225 2.066 0.857 -3.163 0.48 5.833 -4.21 -3.071 -2.017 0.311 2.287 0.735
120 L -1.569 -2.215 -3.391 -3.649 -0.179 -2.669 -3.334 -3.411 -2.342 1.976 4.084 -2.507 2.104 0.804 -3.633 -3.187 -1.609 -1.679 -1.085 1.077
121 A 2.482 -1.906 -2.335 -2.441 0.378 -1.923 -2.087 -0.912 -1.851 1.31 1.507 -1.562 0.56 -0.619 -2.302 -0.737 -0.708 -2.238 -1.476 1.933
122 F -1.904 -3.013 -3.058 -3.284 -0.803 -3.588 -3.599 -3.152 -1.536 2.933 1.076 -3.042 0.69 5.135 -4.026 -3.079 -1.76 -0.144 1.721 1.418
123 L -1.109 -1.412 -2.388 -2.842 -0.197 -1.08 -2.382 -2.612 -0.997 1.575 2.107 -1.481 5.752 0.439 -3.271 -2.045 -1.074 -1.335 -0.861 0.961
124 K -0.855 2.065 -0.297 -0.751 -2.006 0.778 0.285 -1.371 -0.272 -2.151 -2.269 4.562 -1.252 -2.834 -1.715 -0.91 -1.111 -2.578 -1.817 -2.027
125 F -1.764 -3.029 -2.914 -3.368 5.888 -3.786 -3.615 -2.708 -1.259 0.027 0.207 -3.284 -0.098 5.777 -4.113 -2.654 -2.097 0.218 2.201 -0.511
126 V -0.777 -2.806 -3.12 -3.201 0.077 -2.91 -3.292 -3.234 -2.84 3.907 1.306 -2.558 1.031 -0.102 -3.362 -2.682 -0.775 -2.313 -1.314 3.596
127 G 0.061 -2.386 -0.468 -1.351 -1.349 -2.224 -2.651 5.836 -1.505 -3.244 -3.489 -1.679 -2.695 -2.707 -2.808 -1.031 -1.948 -2.469 -3.177 -2.893
128 Y -0.812 -1.51 -1.245 -2.072 -1.205 -1.458 -1.823 -1.958 1.617 -1.072 -1.233 -1.416 -0.829 2.639 -2.774 0.327 -0.983 1.623 5.934 -1.083
129 I -1.445 -2.872 -3.316 -3.313 -0.179 -3.085 -3.615 -3.483 -2.635 4.129 2.474 -2.656 1.483 0.356 -3.558 -3.125 -1.222 -2.07 -1.255 2.483
130 S 0.786 -0.854 0.322 -0.45 0.056 -0.723 -0.768 -0.395 -0.699 -1.417 -1.983 -0.432 -1.037 -1.877 -1.555 2.886 2.242 -2.482 -1.772 -0.859
131 G -1.037 -1.145 4.11 2.531 -1.786 -1.053 -0.728 3.128 0.091 -2.891 -3.336 -0.789 -2.437 -2.592 -2.615 -0.547 -1.045 -2.912 -2.571 -2.737
132 G 1.633 -2.142 -0.729 -1.438 -0.705 -1.979 -2.259 5.146 -1.436 -2.44 -2.789 -1.457 -2.132 -2.476 -2.423 -0.592 -1.495 -2.469 -2.761 -1.805
133 N -1.688 -0.443 5.703 1.253 -1.875 -0.555 -0.754 -0.183 0.94 -2.741 -3.18 -0.324 -2.19 -2.403 -2.616 -0.146 -0.48 -2.995 -2.097 -2.589
134 D -1.345 -0.791 0.503 4.446 -2.42 0.417 3.302 -1.536 -0.063 -2.773 -3.099 -0.008 -2.216 -2.788 -2.107 -0.899 -1.385 -2.931 -2.449 -2.505
135 Q -0.92 0.735 -0.181 0.209 -2.057 4.411 2.547 -1.618 0.651 -2.391 -2.182 1.066 -0.715 -2.895 -2.11 -0.792 -1.082 -2.263 -1.457 -1.898
136 A 1.92 -2.181 -2.401 -2.577 0.117 -2.296 -2.323 -1.255 -1.647 1.378 0.144 -1.899 0.099 3.118 -2.648 -1.073 -0.841 -1.224 0.336 2.281
137 L -1.939 -2.548 -3.129 -3.492 -0.726 -3.216 -3.421 -3.146 -1.505 1.24 2.824 -2.89 1.297 4.927 -4.024 -3.122 -1.977 -0.165 1.549 0.382
138 L -1.569 -2.215 -3.391 -3.649 -0.179 -2.669 -3.334 -3.411 -2.342 1.976 4.084 -2.507 2.104 0.804 -3.633 -3.187 -1.609 -1.679 -1.085 1.077
139 L -0.842 -2.361 -3.166 -3.412 0.077 -2.642 -3.121 -3.19 -2.627 2.534 2.915 -2.461 1.526 0.254 -3.408 -2.717 -0.99 -2.024 -1.197 3.042
140 A 3.483 -1.308 -0.982 -1.284 0.511 -1.142 -1.122 0.232 -1.033 -1.093 -1.571 -0.726 -0.977 -1.9 -1.504 1.48 -0.02 -2.496 -1.784 -0.187
141 T -0.034 -1.403 -0.483 -1.209 0.015 -1.368 -1.57 -1.356 -1.421 1.72 -0.316 -1.035 -0.117 -1.115 -2.013 1.205 2.933 -2.3 -1.635 0.89
142 Y -1.841 -1.806 -2.154 -3.051 -1.78 -1.812 -2.392 -2.961 2.076 -0.832 -0.939 -1.902 -0.711 3.32 -3.362 -2.466 -2.118 2.28 6.714 -1.008
143 G -0.588 -2.321 -1.338 -2.089 5.928 -2.475 -2.71 2.345 -1.597 -0.736 -0.953 -2.054 -0.869 2.961 -2.893 -0.963 1.196 -1.308 -0.007 -0.709
144 L -1.527 -2.418 -3.366 -3.532 -0.179 -2.801 -3.425 -3.435 -2.436 2.884 3.64 -2.555 1.911 0.662 -3.608 -3.166 -1.474 -1.804 -1.14 1.625
145 I -1.405 -3.129 -3.291 -3.209 -0.179 -3.238 -3.715 -3.508 -2.74 4.595 1.648 -2.707 1.243 0.189 -3.533 -3.105 -1.103 -2.213 -1.314 2.832
146 V -0.946 -2.759 -3.02 -3.234 -0.161 -3.044 -3.246 -3.085 -2.223 3.088 1.033 -2.695 0.78 3.288 -3.558 -2.672 -1.018 -1.177 0.426 3.187
147 A 1.387 -1.916 -1.45 -1.855 -0.13 -1.965 -1.971 -1.088 -1.215 1.72 0.031 -1.545 -0.009 3.122 -2.48 0.672 -0.487 -1.211 0.305 0.74
148 L -1.477 -2.515 -2.821 -3.364 5.911 -2.853 -3.239 -2.833 -0.307 0.398 1.501 -2.665 0.402 3.752 -3.638 -2.541 -1.838 0.285 3.624 -0.112
149 L -1.527 -2.418 -3.366 -3.532 -0.179 -2.801 -3.425 -3.435 -2.436 2.884 3.64 -2.555 1.911 0.662 -3.608 -3.166 -1.474 -1.804 -1.14 1.625
150 S 0.182 -1.273 -0.253 -1.001 -0.242 -1.287 -1.306 -0.929 -0.793 -0.804 -1.056 -0.966 -0.646 2.994 -2.071 2.006 1.901 -1.228 0.249 -0.673
151 L -0.542 0.094 2.527 -0.381 -0.853 -0.517 -0.825 -1.007 -0.317 -0.507 0.838 1.643 -0.114 -1.204 -2.251 0.765 -0.381 -2.416 -1.671 -0.841
152 I -1.445 -2.872 -3.316 -3.313 -0.179 -3.085 -3.615 -3.483 -2.635 4.129 2.474 -2.656 1.483 0.356 -3.558 -3.125 -1.222 -2.07 -1.255 2.483
153 L -0.835 -2.318 -2.108 -2.625 5.986 -2.475 -2.91 -2.476 -2.314 2.203 1.72 -2.148 0.71 -0.425 -2.917 -1.366 1.34 -2.288 -1.667 1.195
154 K -1.016 3.404 -0.344 -0.939 -2.074 0.709 0.09 -1.548 -0.182 -2.266 -2.214 4.101 -1.252 -2.747 -1.938 -1.032 -1.199 -2.496 -1.813 -2.067
155 D -1.537 -0.18 0.868 5.14 -2.297 -0.381 0.854 -1.205 -0.489 -2.591 -3.153 1.651 -2.281 -2.919 -2.155 -0.963 -1.355 -3.281 -2.703 -2.651
156 I -1.074 -2.963 -3.204 -3.205 -0.048 -3.069 -3.496 -3.367 -2.789 4.271 1.482 -2.632 1.139 0.047 -3.446 -2.886 -0.934 -2.263 -1.314 3.239
157 D -1.776 -1.276 3.101 5.233 -2.26 -0.81 0.669 -0.878 -0.109 -2.751 -3.431 -0.715 -2.582 -2.802 -2.39 -0.748 -1.169 -3.408 -2.796 -2.814
158 S 0.111 0.203 1.857 1.692 -0.822 -0.215 -0.122 -0.524 -0.223 -2.176 -2.55 1.803 -1.487 -2.334 -1.771 1.988 0.154 -2.734 -1.965 -1.794
159 R -1.187 4.315 -0.392 -1.141 -2.143 0.637 -0.119 -1.737 -0.096 -2.385 -2.161 3.553 -1.252 -2.663 -2.179 -1.16 -1.29 -2.416 -1.809 -2.108
160 F -2.09 -2.311 -2.498 -3.193 -1.585 -2.669 -2.897 -2.932 0.967 -0.242 -0.108 -2.529 -0.235 5.372 -3.866 -2.747 -2.255 1.643 5.397 -0.762
161 G -0.758 2.856 -0.34 -0.98 -1.875 2.202 -0.057 2.418 -0.132 -2.546 -2.4 2.315 -1.299 -2.752 -2.324 -1.029 -1.363 -2.377 -1.95 -2.204
162 L -1.183 -2.287 -3.276 -3.528 -0.048 -2.656 -3.225 -3.298 -2.481 2.269 3.558 -2.484 1.829 0.542 -3.519 -2.942 -1.283 -1.846 -1.14 2.224
163 L -1.494 -1.924 -2.735 -3.149 -0.449 -1.955 -2.855 -2.866 -1.24 1.412 2.487 -2.1 4.31 3.48 -3.623 -2.534 -1.491 -0.691 0.589 0.686
164 L -1.527 -2.418 -3.366 -3.532 -0.179 -2.801 -3.425 -3.435 -2.436 2.884 3.64 -2.555 1.911 0.662 -3.608 -3.166 -1.474 -1.804 -1.14 1.625
165 L -1.748 -2.377 -3.257 -3.569 -0.44 -2.93 -3.377 -3.275 -1.893 1.631 3.522 -2.692 1.729 3.547 -3.822 -3.154 -1.787 -0.824 0.523 0.751
166 G 0.225 -2.07 -0.616 -1.399 5.927 -1.948 -2.195 4.096 -1.489 -2.105 -2.428 -1.533 -1.827 -2.339 -2.511 0.733 -0.781 -2.676 -2.681 -1.691
167 L -1.141 -1.9 -2.194 -2.747 -0.108 -2.201 -2.719 -2.746 -2.089 1.559 3.41 -1.984 1.633 0.363 -3.022 -1.65 1.265 -1.804 -1.234 0.882
168 F -1.678 -2.817 -2.906 -3.305 -0.87 -3.517 -3.352 -2.923 -1.254 1.217 0.636 -3.075 0.344 5.813 -4.101 -2.854 -1.787 0.29 2.287 1.522
169 F -2.363 -2.925 -2.889 -3.343 -1.403 -3.893 -3.511 -2.903 -0.857 0.248 0.536 -3.333 0.173 6.559 -4.477 -3.059 -2.399 0.823 2.902 -0.536
170 L -1.939 -2.548 -3.129 -3.492 -0.726 -3.216 -3.421 -3.146 -1.505 1.24 2.824 -2.89 1.297 4.927 -4.024 -3.122 -1.977 -0.165 1.549 0.382
171 N -0.731 -0.522 5.025 0.94 -1.263 -0.566 -0.71 -0.171 0.644 -2.519 -2.951 -0.322 -1.914 -2.289 -2.295 1.196 -0.039 -2.885 -2.016 -2.216
172 L -1.569 -2.215 -3.391 -3.649 -0.179 -2.669 -3.334 -3.411 -2.342 1.976 4.084 -2.507 2.104 0.804 -3.633 -3.187 -1.609 -1.679 -1.085 1.077
173 G 0.061 -2.386 -0.468 -1.351 -1.349 -2.224 -2.651 5.836 -1.505 -3.244 -3.489 -1.679 -2.695 -2.707 -2.808 -1.031 -1.948 -2.469 -3.177 -2.893
174 F -2.363 -2.925 -2.889 -3.343 -1.403 -3.893 -3.511 -2.903 -0.857 0.248 0.536 -3.333 0.173 6.559 -4.477 -3.059 -2.399 0.823 2.902 -0.536
175 I -1.006 -2.456 -2.958 -3.109 -0.053 -2.397 -3.127 -3.127 -2.237 3.693 1.611 -2.282 3.106 0.115 -3.38 -2.603 -0.927 -2.013 -1.193 2.924
176 E -0.947 -0.15 -0.367 1.489 -2.44 1.318 4.56 -1.978 0.364 -2.793 -2.731 0.648 -1.782 -2.636 -1.91 -0.819 -1.329 -2.416 -1.936 -2.162
177 V 0.122 -1.97 -1.657 -2.147 0.247 -1.965 -2.138 -1.97 -2.109 2.339 0.38 -1.731 0.415 -0.743 -2.674 0.371 -0.039 -2.455 -1.424 3.508
178 T -0.059 -1.259 -0.493 -1.261 0.015 -1.287 -1.522 -1.344 -1.354 0.226 1.137 -1.006 0.26 -0.858 -2.027 1.2 2.904 -2.153 -1.57 0.161
179 S 1.039 -0.77 0.468 -0.277 0.044 -0.598 -0.584 -0.135 -0.489 -1.94 -2.357 -0.314 -1.215 -1.972 -1.504 3.359 0.982 -2.578 -1.784 -1.321
180 Y -1.841 -1.806 -2.154 -3.051 -1.78 -1.812 -2.392 -2.961 2.076 -0.832 -0.939 -1.902 -0.711 3.32 -3.362 -2.466 -2.118 2.28 6.714 -1.008
181 F -2.363 -2.925 -2.889 -3.343 -1.403 -3.893 -3.511 -2.903 -0.857 0.248 0.536 -3.333 0.173 6.559 -4.477 -3.059 -2.399 0.823 2.902 -0.536
182 L -1.569 -2.215 -3.391 -3.649 -0.179 -2.669 -3.334 -3.411 -2.342 1.976 4.084 -2.507 2.104 0.804 -3.633 -3.187 -1.609 -1.679 -1.085 1.077
183 R -1.563 5.563 -0.491 -1.592 -2.288 0.489 -0.589 -2.157 0.07 -2.64 -2.056 1.99 -1.252 -2.501 -2.733 -1.435 -1.482 -2.263 -1.801 -2.19
184 Q -0.911 0.979 -0.121 -0.385 -1.94 4.983 1.364 -1.508 0.741 -2.269 -2.019 1.193 -0.432 -2.987 -2.179 -0.783 -1.004 -2.213 -1.314 -1.815
185 V -0.832 -1.954 2.09 -1.317 -0.233 -2.061 -2.348 -2.079 -1.364 2.909 0.556 -1.791 0.433 -0.619 -3.118 -1.74 -0.623 -2.496 -1.49 3.084
186 L -1.527 -2.418 -3.366 -3.532 -0.179 -2.801 -3.425 -3.435 -2.436 2.884 3.64 -2.555 1.911 0.662 -3.608 -3.166 -1.474 -1.804 -1.14 1.625
187 S 1.039 -0.77 0.468 -0.277 0.044 -0.598 -0.584 -0.135 -0.489 -1.94 -2.357 -0.314 -1.215 -1.972 -1.504 3.359 0.982 -2.578 -1.784 -1.321
188 V -0.475 -2.221 -2.028 -2.491 0.141 -2.29 -2.614 -2.586 -2.444 3.045 0.76 -1.986 0.646 -0.499 -2.82 -1.353 1.556 -2.313 -1.413 3.244
189 L -0.842 -2.361 -3.166 -3.412 0.077 -2.642 -3.121 -3.19 -2.627 2.534 2.915 -2.461 1.526 0.254 -3.408 -2.717 -0.99 -2.024 -1.197 3.042
190 V -0.81 -2.575 -3.143 -3.305 0.077 -2.773 -3.205 -3.212 -2.731 3.301 2.221 -2.509 1.289 0.081 -3.385 -2.699 -0.88 -2.165 -1.255 3.332
191 F -2.363 -2.925 -2.889 -3.343 -1.403 -3.893 -3.511 -2.903 -0.857 0.248 0.536 -3.333 0.173 6.559 -4.477 -3.059 -2.399 0.823 2.902 -0.536
192 L -1.569 -2.215 -3.391 -3.649 -0.179 -2.669 -3.334 -3.411 -2.342 1.976 4.084 -2.507 2.104 0.804 -3.633 -3.187 -1.609 -1.679 -1.085 1.077
193 Y -1.802 -1.4 2.221 -1.259 -1.804 -1.443 -1.887 -1.98 1.831 -1.204 -1.357 -1.42 -1.016 2.619 -3.156 -1.69 -1.613 1.601 5.929 -1.33
194 A 3.094 -1.596 -0.999 -1.403 0.187 -1.431 -1.491 2.88 -1.196 -1.43 -1.88 -0.976 -1.299 -2.075 -1.779 0.757 -0.511 -2.482 -2.074 -0.572
195 I -1.074 -2.963 -3.204 -3.205 -0.048 -3.069 -3.496 -3.367 -2.789 4.271 1.482 -2.632 1.139 0.047 -3.446 -2.886 -0.934 -2.263 -1.314 3.239
196 N -1.599 0.088 3.946 0.122 -1.78 -0.627 -0.888 -0.963 0.29 -1.55 -1.567 1.599 -1.192 2.907 -2.696 -0.852 -1.019 -1.417 0.164 -1.803
197 C -0.422 -3.313 -2.939 -3.393 9.653 -3.433 -3.899 -2.138 -2.925 -0.706 -1.036 -3.088 -1.053 -2.002 -3.181 -1.645 -1.291 -3.21 -2.771 -0.384
198 V -0.208 -2.461 -2.904 -3.139 0.365 -2.562 -2.868 -2.93 -2.89 3.055 0.971 -2.363 0.857 -0.373 -3.146 -2.259 -0.426 -2.362 -1.26 4.056
199 K -0.56 1.007 -0.363 -0.029 -1.681 0.561 1.91 -1.373 -0.256 -2.295 -2.451 3.112 -1.5 -2.72 1.615 0.08 -0.825 -2.72 -1.936 -1.981
200 R -0.365 2.396 2.695 -0.206 -0.808 -0.387 -0.814 -0.839 -0.102 -1.707 -2.072 0.363 -1.248 -2.099 -2.092 1.182 1.749 -2.496 -1.851 -1.265
201 R -0.345 3.851 -0.143 -1.074 -0.875 -0.104 -0.771 -1.326 -0.385 -1.689 -1.847 0.989 -1.054 -2.121 -2.116 1.014 1.649 -2.325 -1.78 -1.198
202 F -1.67 2.548 -1.395 -2.048 -1.644 -0.785 -1.338 -2.285 -0.515 -0.574 0.059 1.817 -0.247 4.358 -3.067 -1.962 -1.746 -0.526 1.182 -1.05
203 K -1.065 0.728 -0.957 -1.559 4.111 -0.278 -0.768 -1.916 2.806 -0.374 0.957 2.836 0.021 -1.151 -2.399 -1.529 -1.384 -2.244 -1.007 -0.787
204 R -1.187 4.315 -0.392 -1.141 -2.143 0.637 -0.119 -1.737 -0.096 -2.385 -2.161 3.553 -1.252 -2.663 -2.179 -1.16 -1.29 -2.416 -1.809 -2.108
205 W -2.445 -2.248 -2.897 -3.487 -2.206 -2.555 -2.834 -2.526 0.042 -1.582 -1.475 -2.561 -1.147 1.834 -4.763 -3.125 -2.56 9.862 4.097 -1.89
206 V -0.81 -2.575 -3.143 -3.305 0.077 -2.773 -3.205 -3.212 -2.731 3.301 2.221 -2.509 1.289 0.081 -3.385 -2.699 -0.88 -2.165 -1.255 3.332
207 L -1.818 -2.263 -2.91 -3.412 -0.797 -2.669 -3.108 -3.161 -0.237 1.075 2.69 -2.518 1.165 3.911 -3.747 -2.959 -1.914 0.436 3.687 0.302
208 F -2.363 -2.925 -2.889 -3.343 -1.403 -3.893 -3.511 -2.903 -0.857 0.248 0.536 -3.333 0.173 6.559 -4.477 -3.059 -2.399 0.823 2.902 -0.536
209 L -1.295 -2.779 -3.197 -3.445 5.963 -3.137 -3.596 -3.015 -2.335 2.405 2.414 -2.802 1.102 2.139 -3.593 -2.705 -1.491 -1.609 -0.463 1.228
210 L -1.146 -2.495 -3.252 -3.416 -0.048 -2.787 -3.313 -3.321 -2.58 3.1 3.017 -2.532 1.617 0.386 -3.494 -2.923 -1.162 -1.979 -1.197 2.603
211 S 2.1 -0.938 0.061 -0.575 0.208 -0.768 -0.752 -0.007 -0.659 -1.629 -2.07 -0.444 -1.134 -1.948 -1.504 2.858 0.685 -2.55 -1.784 -0.891
212 F -1.125 -2.713 -2.923 -3.267 -0.42 -3.184 -3.202 -2.943 -1.715 1.941 0.733 -2.839 0.505 4.804 -3.768 -2.662 -1.283 -0.364 1.504 2.711
213 F -1.339 -1.976 -1.838 -2.472 -0.647 -2.175 -2.564 -2.368 -1.028 0.539 0.74 -2.027 2.726 4.806 -3.248 -1.415 1.19 -0.183 1.513 0.091
214 F -1.074 -2.218 -1.624 -2.225 -0.968 -2.66 -2.46 -1.927 -0.76 -0.163 0.039 -2.237 -0.117 5.778 -3.404 0.17 -1.121 0.275 2.256 -0.713
215 H -1.736 -0.386 0.431 -0.99 -2.363 -0.194 -0.529 -1.726 8.048 -2.69 -2.624 -0.794 -1.29 -0.881 -2.778 -1.608 -2.255 -1.483 1.638 -3.064
216 I -1.023 -2.575 -3.018 -3.133 -0.051 -2.551 -3.215 -3.186 -2.365 3.849 1.579 -2.365 2.726 0.098 -3.397 -2.671 -0.929 -2.073 -1.223 3.006
217 S 1.039 -0.77 0.468 -0.277 0.044 -0.598 -0.584 -0.135 -0.489 -1.94 -2.357 -0.314 -1.215 -1.972 -1.504 3.359 0.982 -2.578 -1.784 -1.321
218 A 3.986 -1.512 -1.691 -1.716 0.651 -1.349 -1.327 0.345 -1.24 -0.859 -1.35 -0.877 -0.902 -1.877 -1.504 0.426 -0.451 -2.469 -1.784 0.11
219 V 1.366 -2.358 -2.655 -2.751 0.289 -2.369 -2.584 -1.812 -2.371 3.001 0.726 -2.008 0.592 -0.542 -2.74 -1.477 -0.616 -2.377 -1.424 3.237
220 V -0.777 -2.806 -3.12 -3.201 0.077 -2.91 -3.292 -3.234 -2.84 3.907 1.306 -2.558 1.031 -0.102 -3.362 -2.682 -0.775 -2.313 -1.314 3.596
221 N -1.688 -0.443 5.703 1.253 -1.875 -0.555 -0.754 -0.183 0.94 -2.741 -3.18 -0.324 -2.19 -2.403 -2.616 -0.146 -0.48 -2.995 -2.097 -2.589
222 I -1.074 -2.963 -3.204 -3.205 -0.048 -3.069 -3.496 -3.367 -2.789 4.271 1.482 -2.632 1.139 0.047 -3.446 -2.886 -0.934 -2.263 -1.314 3.239
223 G -0.84 -2.723 -2.154 -2.645 -0.559 -2.925 -3.168 2.201 -1.881 2.391 0.433 -2.473 0.218 3.177 -3.441 -2.248 -1.387 -1.185 0.232 2.054
224 I -1.074 -2.963 -3.204 -3.205 -0.048 -3.069 -3.496 -3.367 -2.789 4.271 1.482 -2.632 1.139 0.047 -3.446 -2.886 -0.934 -2.263 -1.314 3.239
225 Y -1.841 -1.806 -2.154 -3.051 -1.78 -1.812 -2.392 -2.961 2.076 -0.832 -0.939 -1.902 -0.711 3.32 -3.362 -2.466 -2.118 2.28 6.714 -1.008
226 L 1.05 -2.212 -2.842 -2.937 0.052 -2.393 -2.76 -1.947 -2.109 2.534 2.821 -2.046 1.364 0.163 -2.917 -1.774 -1.153 -1.99 -1.303 1.45
227 L 0.276 -2.178 -2.328 -2.733 -0.139 -2.45 -2.649 -2.142 -1.756 1.502 1.756 -2.129 0.776 3.274 -3.032 -1.549 0.355 -1.064 0.402 1.862
228 Y 2.345 -1.655 -1.913 -2.307 -0.316 -1.571 -1.811 -0.858 0.87 -0.845 -1.137 -1.344 -0.805 1.761 -2.286 -0.672 -1.166 0.789 4.862 -0.395
229 L -1.338 -0.356 -2.02 -2.427 -0.689 -1.111 -1.775 -2.522 -1.182 1.032 2.437 1.285 3.079 2.132 -3.018 -2.16 -1.419 -1.308 -0.247 0.33
230 L -1.105 -2.081 -2.177 -2.662 -0.108 -2.313 -2.792 -2.765 -2.176 2.585 2.837 -2.025 1.405 0.197 -3.001 -1.637 1.315 -1.934 -1.293 1.465
231 L -1.354 -1.943 -1.868 -2.572 -0.71 -2.201 -2.535 -2.546 -0.112 0.489 1.502 -1.993 0.49 3.768 -3.114 -1.513 1.156 0.376 3.659 0.043
232 G -0.496 2.584 -0.43 -1.244 -1.719 -0.452 -1.116 4.038 -0.715 -2.783 -2.749 1.989 -1.885 -2.685 -2.477 -1.095 -1.6 -2.442 -2.413 -2.474
233 K -0.422 0.881 0.328 2.676 -1.416 0.116 0.307 -0.959 -0.396 -2.234 -2.558 3.012 -1.546 -2.619 -1.798 0.852 -0.491 -2.794 -2.074 -2.014
234 K -0.862 1.95 -0.274 -0.702 -1.998 1.773 0.444 -1.387 -0.124 -2.166 -2.236 4.302 -1.136 -2.853 -1.77 -0.894 -1.097 -2.529 -1.749 -2.0
235 K -0.983 1.39 -0.805 -1.197 -1.43 0.178 -0.314 -1.775 -0.719 1.329 -0.701 3.808 -0.4 -1.737 -2.074 -1.322 -1.109 -2.482 -1.683 0.109
236 V -1.253 -2.206 -1.185 2.231 -0.803 -2.007 -1.356 -2.501 -0.286 2.301 0.115 -1.881 0.021 0.893 -3.063 -2.107 -1.225 -0.475 3.136 2.01
237 S 0.456 -0.748 2.806 0.131 -0.415 -0.656 -0.682 -0.23 -0.111 -2.146 -2.568 -0.359 -1.497 -2.146 0.39 2.618 0.566 -2.771 -1.908 -1.642
238 F -1.51 -2.361 -2.792 -3.3 -0.87 -2.678 -2.967 -2.926 -0.215 1.132 0.991 -2.532 0.352 3.838 -3.8 -2.752 -1.669 5.196 3.816 1.522
239 P 1.34 -0.921 -1.497 -1.555 -0.406 1.68 -0.677 -1.247 -0.957 0.321 -0.949 -0.497 -0.517 -1.927 3.062 -0.86 -0.802 -2.779 -1.719 1.323
240 R -1.509 5.462 -0.437 -1.538 -2.234 0.543 -0.535 -2.103 0.124 -2.586 -2.003 2.044 -1.198 -2.447 -2.679 -1.381 -1.429 -2.209 -1.747 -2.136
241 I -1.352 -3.076 -3.237 -3.156 -0.125 -3.184 -3.662 -3.454 -2.686 4.453 1.702 -2.653 1.296 0.243 -3.479 -3.051 -1.049 -2.159 -1.26 2.885
242 I -1.352 -3.076 -3.237 -3.156 -0.125 -3.184 -3.662 -3.454 -2.686 4.453 1.702 -2.653 1.296 0.243 -3.479 -3.051 -1.049 -2.159 -1.26 2.885
243 K -0.801 2.119 -0.243 -0.697 -1.952 0.832 0.338 -1.317 -0.218 -2.098 -2.215 4.425 -1.198 -2.78 -1.662 -0.856 -1.057 -2.524 -1.763 -1.974
244 A 3.856 -1.458 -1.637 -1.662 0.705 -1.295 -1.273 0.399 -1.186 -0.805 -1.296 -0.823 -0.848 -1.823 -1.45 0.48 -0.397 -2.415 -1.73 0.164
245 L -0.976 -0.585 -2.164 -2.447 -0.391 -1.431 -1.918 -2.679 -1.857 2.702 1.896 1.219 0.961 -0.283 -2.909 -2.224 -1.048 -2.201 -1.37 2.309
246 I -0.922 -2.883 -3.162 -3.203 0.015 -2.989 -3.392 -3.3 -2.814 4.095 1.395 -2.595 1.086 -0.027 -3.404 -2.782 -0.853 -2.288 -1.314 3.423
247 I -1.359 -3.083 -3.245 -3.163 -0.132 -3.191 -3.669 -3.461 -2.693 4.473 1.695 -2.661 1.289 0.236 -3.487 -3.058 -1.057 -2.167 -1.267 2.878
248 L -0.183 -2.291 -3.061 -3.285 0.101 -2.544 -2.982 -2.797 -2.5 2.373 2.865 -2.335 1.463 0.197 -3.257 -2.406 -0.987 -2.027 -1.223 2.83
249 F -2.143 -2.73 -3.006 -3.416 -1.045 -3.535 -3.466 -3.022 -1.163 0.786 1.901 -3.103 0.789 5.857 -4.242 -3.091 -2.18 0.371 2.304 -0.041
250 S 1.786 -1.256 -0.628 -1.187 0.157 -1.19 -1.265 -0.518 -1.046 -0.188 0.985 -0.877 0.083 -0.975 -1.907 1.963 0.168 -2.3 -1.593 -0.181
251 F -1.891 -2.777 -3.106 -3.381 -0.726 -3.377 -3.515 -3.168 -1.575 2.365 2.105 -2.946 1.04 4.894 -3.995 -3.102 -1.824 -0.238 1.527 1.063
252 L -0.371 -1.861 -1.456 -1.952 -0.092 -1.923 -2.173 -1.881 -1.67 2.595 2.147 -1.615 1.028 -0.093 -2.702 0.711 -0.336 -2.122 -1.369 1.339
253 A 2.413 -1.991 -2.383 -2.443 0.294 -2.007 -2.186 -0.956 -1.824 1.95 1.632 -1.601 0.656 -0.485 -2.345 -0.813 -0.824 -2.201 -1.476 1.446
254 G 1.633 -2.142 -0.729 -1.438 -0.705 -1.979 -2.259 5.146 -1.436 -2.44 -2.789 -1.457 -2.132 -2.476 -2.423 -0.592 -1.495 -2.469 -2.761 -1.805
255 L 1.893 -1.591 -1.925 -2.254 0.189 -1.52 -1.99 -1.119 -1.436 0.802 1.804 -1.355 2.898 -0.34 -2.349 -0.649 0.518 -1.917 -1.343 0.61
256 L -1.074 -2.035 -2.518 -2.92 -0.15 -2.342 -2.828 -2.74 -2.055 1.975 3.624 -2.133 1.795 0.535 -3.258 -1.067 -1.098 -1.809 -1.178 1.024
257 V -0.946 -2.759 -3.02 -3.234 -0.161 -3.044 -3.246 -3.085 -2.223 3.088 1.033 -2.695 0.78 3.288 -3.558 -2.672 -1.018 -1.177 0.426 3.187
258 L -1.066 -2.512 -3.068 -3.366 -0.194 -2.904 -3.187 -3.089 -2.104 2.182 2.26 -2.65 1.153 3.372 -3.612 -2.743 -1.207 -1.043 0.467 2.686
259 F -2.352 -2.914 -2.878 -3.332 -1.392 -3.882 -3.5 -2.892 -0.846 0.259 0.547 -3.322 0.184 6.542 -4.466 -3.048 -2.388 0.834 2.913 -0.525
260 G -0.889 -2.629 -1.418 -2.164 -1.361 -2.925 -3.034 3.96 -1.148 -0.985 -0.811 -2.375 -0.904 4.652 -3.509 -1.856 -2.15 -0.362 1.248 -1.466
261 L -0.828 -2.347 -3.152 -3.398 0.091 -2.628 -3.107 -3.175 -2.613 2.548 2.901 -2.447 1.54 0.268 -3.394 -2.703 -0.975 -2.01 -1.183 3.018
262 L -1.054 -2.301 -3.229 -3.478 0.005 -2.64 -3.179 -3.251 -2.518 2.37 3.346 -2.466 1.743 0.46 -3.471 -2.854 -1.171 -1.894 -1.148 2.511
263 Y -1.963 -2.048 -2.321 -3.121 -1.681 -2.209 -2.634 -2.946 1.575 -0.522 -0.494 -2.199 -0.463 4.524 -3.603 -2.603 -2.186 1.979 6.13 -0.883
264 L -1.366 -1.855 2.089 -1.39 -0.652 -2.171 -2.395 -2.049 -0.895 1.306 1.626 -1.913 0.6 3.248 -3.404 -1.891 -1.132 -1.16 0.365 1.605
265 T 0.509 -0.94 0.168 -0.635 0.069 -0.853 -0.966 -0.682 -0.926 -0.975 -1.652 -0.555 -0.869 -1.785 -1.608 2.319 3.116 -2.39 -1.759 -0.461
266 P -0.865 -2.042 -1.962 -1.592 -1.486 -1.962 -1.651 -1.881 -1.636 -2.346 -2.779 -1.093 -2.432 -3.364 6.692 -1.48 -1.377 -4.578 -2.664 -2.19
267 L -1.146 -2.495 -3.252 -3.416 -0.048 -2.787 -3.313 -3.321 -2.58 3.1 3.017 -2.532 1.617 0.386 -3.494 -2.923 -1.162 -1.979 -1.197 2.603
268 Y -1.334 -2.194 -1.771 -2.582 -1.571 -2.321 -2.702 2.222 0.889 -0.914 -0.881 -2.135 -0.813 4.075 -3.441 -2.153 -2.141 1.247 5.117 -1.234
269 D -0.602 -0.034 0.689 4.175 -1.493 -0.315 0.508 -0.91 -0.47 -2.377 -2.854 1.713 -1.885 -2.645 -1.941 0.843 -0.555 -3.027 -2.367 -2.207
270 L -1.3 -2.674 -3.124 -3.343 -0.297 -3.059 -3.356 -3.19 -2.096 2.871 2.163 -2.719 1.167 3.392 -3.674 -2.894 -1.314 -1.043 0.459 2.415
271 L -1.165 -2.389 -3.264 -3.472 -0.048 -2.72 -3.269 -3.31 -2.53 2.714 3.3 -2.508 1.725 0.465 -3.506 -2.933 -1.222 -1.912 -1.168 2.42
272 L -1.339 -2.453 -3.148 -3.452 -0.297 -2.915 -3.267 -3.168 -2.012 1.959 2.87 -2.668 1.414 3.448 -3.7 -2.912 -1.441 -0.947 0.491 2.008
273 D -0.264 -0.453 0.39 2.684 -0.836 1.943 0.314 -0.985 -0.331 -1.638 -2.117 -0.07 -1.103 -2.316 -1.91 1.142 1.697 -2.592 -1.906 -1.238
274 K -0.942 2.723 -0.297 -0.793 -2.031 1.749 0.353 -1.475 -0.081 -2.223 -2.209 4.059 -1.136 -2.809 -1.881 -0.954 -1.141 -2.489 -1.747 -2.02
275 F -1.628 -2.358 -1.934 -2.575 -0.95 -2.92 -2.825 -2.433 -0.992 0.131 0.208 -2.473 0.006 5.785 -3.504 -1.593 1.067 0.311 2.259 -0.333
276 L -0.347 -1.508 -1.094 -1.765 -0.053 -1.62 -1.914 -1.735 -1.548 0.863 2.454 -1.369 0.984 -0.209 -2.446 0.718 1.628 -2.013 -1.402 0.409
277 D -0.03 -0.868 2.937 2.925 -0.842 -0.66 -0.126 -0.37 -0.076 -2.315 -2.809 -0.443 -1.765 -2.297 -1.944 2.025 0.185 -2.9 -2.139 -1.943
278 V -0.262 -2.515 -2.958 -3.193 0.311 -2.616 -2.922 -2.984 -2.943 3.001 0.917 -2.417 0.803 -0.427 -3.2 -2.313 -0.48 -2.416 -1.314 4.2
279 S 0.595 -1.204 -0.111 -0.779 -0.01 -1.067 -1.106 -0.681 -0.908 1.378 -0.739 -0.752 -0.379 -1.262 -1.893 2.63 0.585 -2.482 -1.659 0.382
280 S 0.361 -0.786 0.065 0.262 -0.794 -0.039 2.001 2.074 -0.343 -2.403 -2.657 -0.165 -1.62 -2.297 -1.838 1.954 -0.013 -2.506 -2.049 -1.816
281 N -1.688 -0.443 5.703 1.253 -1.875 -0.555 -0.754 -0.183 0.94 -2.741 -3.18 -0.324 -2.19 -2.403 -2.616 -0.146 -0.48 -2.995 -2.097 -2.589
282 D -0.794 -1.38 1.01 5.157 -1.571 -0.822 0.696 -0.862 -0.546 -2.528 -3.182 -0.712 -2.268 -2.671 -2.092 0.833 -0.62 -3.281 -2.692 -2.413
283 K -0.869 1.829 -0.252 -0.655 -1.989 2.511 0.594 -1.404 0.017 -2.18 -2.204 4.016 -1.024 -2.872 -1.825 -0.878 -1.083 -2.482 -1.683 -1.973
284 F -2.223 -2.602 -2.687 -3.267 -1.493 -3.216 -3.188 -2.917 0.197 0.014 0.232 -2.903 -0.024 6.026 -4.155 -2.899 -2.326 1.262 4.411 -0.647
285 S 0.786 -0.854 0.322 -0.45 0.056 -0.723 -0.768 -0.395 -0.699 -1.417 -1.983 -0.432 -1.037 -1.877 -1.555 2.886 2.242 -2.482 -1.772 -0.859
286 T -0.766 2.241 -0.792 -1.658 -0.42 -0.896 -1.524 -1.958 -1.153 0.152 1.161 -0.06 0.254 -0.941 -2.344 -0.412 2.683 -2.082 -1.574 0.046
287 L -1.569 -2.215 -3.391 -3.649 -0.179 -2.669 -3.334 -3.411 -2.342 1.976 4.084 -2.507 2.104 0.804 -3.633 -3.187 -1.609 -1.679 -1.085 1.077
288 P -0.865 -2.042 -1.962 -1.592 -1.486 -1.962 -1.651 -1.881 -1.636 -2.346 -2.779 -1.093 -2.432 -3.364 6.692 -1.48 -1.377 -4.578 -2.664 -2.19
289 L -1.536 -2.415 -3.202 -3.51 -0.367 -2.922 -3.322 -3.221 -1.952 1.8 3.214 -2.68 1.575 3.498 -3.76 -3.031 -1.609 -0.885 0.507 1.447
290 N -1.459 -0.768 4.939 0.761 -1.772 -0.848 -0.953 -0.523 0.479 -2.637 -3.074 -0.498 -2.248 -2.615 3.016 -0.427 -0.679 -3.317 -2.229 -2.484
291 Y -1.841 -1.806 -2.154 -3.051 -1.78 -1.812 -2.392 -2.961 2.076 -0.832 -0.939 -1.902 -0.711 3.32 -3.362 -2.466 -2.118 2.28 6.714 -1.008
292 I -0.922 -2.883 -3.162 -3.203 0.015 -2.989 -3.392 -3.3 -2.814 4.095 1.395 -2.595 1.086 -0.027 -3.404 -2.782 -0.853 -2.288 -1.314 3.423
293 I -1.328 -2.595 -3.038 -3.113 -0.183 -2.53 -3.32 -3.256 -2.196 4.084 1.77 -2.348 3.159 0.254 -3.465 -2.801 -1.096 -1.967 -1.193 2.465
294 I -1.006 -2.456 -2.958 -3.109 -0.053 -2.397 -3.127 -3.127 -2.237 3.693 1.611 -2.282 3.106 0.115 -3.38 -2.603 -0.927 -2.013 -1.193 2.924
295 T -0.141 -1.121 -0.167 -1.043 0.093 -1.131 -1.406 -1.357 -1.441 -0.253 -1.085 -0.819 -0.56 -1.609 -1.715 0.676 4.329 -2.213 -1.735 0.201
296 L -0.535 -1.701 -1.305 -1.992 0.054 -1.815 -2.171 -2.153 -1.964 1.683 1.6 -1.538 0.698 -0.486 -2.455 -0.571 2.741 -2.105 -1.453 1.806
297 V 1.497 -2.23 -2.585 -2.747 0.4 -2.243 -2.433 -1.733 -2.414 2.413 0.495 -1.948 0.462 -0.727 -2.674 -1.35 -0.472 -2.429 -1.424 3.594
298 N -1.688 -0.443 5.703 1.253 -1.875 -0.555 -0.754 -0.183 0.94 -2.741 -3.18 -0.324 -2.19 -2.403 -2.616 -0.146 -0.48 -2.995 -2.097 -2.589
299 L -1.486 -2.636 -3.341 -3.421 -0.179 -2.939 -3.518 -3.459 -2.534 3.573 3.116 -2.605 1.705 0.513 -3.583 -3.146 -1.345 -1.934 -1.197 2.086
300 L -1.047 -2.723 -3.051 -3.403 5.964 -3.116 -3.406 -2.839 -2.142 1.476 1.768 -2.823 0.722 3.261 -3.593 -2.501 -1.377 -1.194 0.295 1.786
301 I -1.617 -3.077 -3.185 -3.242 -0.44 -3.388 -3.663 -3.344 -2.142 3.971 1.408 -2.851 1.01 3.381 -3.742 -3.093 -1.377 -1.109 0.426 2.286
302 I -1.405 -3.129 -3.291 -3.209 -0.179 -3.238 -3.715 -3.508 -2.74 4.595 1.648 -2.707 1.243 0.189 -3.533 -3.105 -1.103 -2.213 -1.314 2.832
303 L -1.217 -2.685 -3.262 -3.483 5.978 -2.994 -3.572 -3.076 -2.588 2.542 2.837 -2.704 1.341 0.142 -3.504 -2.719 -1.409 -2.141 -1.494 1.371
304 F -1.224 2.096 -1.99 -2.655 -0.721 -1.315 -2.129 -2.645 -0.992 1.192 0.726 -0.521 2.749 3.207 -3.352 -2.155 -1.277 -0.979 0.432 1.607
305 L 0.979 -2.374 -2.731 -2.875 -0.188 -2.629 -2.795 -1.865 -1.693 2.253 1.897 -2.204 0.868 3.315 -3.063 -1.754 -1.304 -1.051 0.4 1.165
306 G -0.671 2.116 -0.872 -1.689 -0.781 -1.19 -1.853 2.325 -1.23 1.426 -0.603 -0.228 -0.467 -1.412 -2.623 -0.915 1.298 -2.288 -1.928 0.388
307 R -1.537 4.029 -0.872 -1.677 -1.973 -0.045 -0.801 -2.096 -0.223 -1.516 -1.198 2.391 -0.825 2.899 -2.755 -1.606 -1.581 -1.185 0.234 -1.645
308 K -1.189 3.03 -0.872 -1.474 -1.486 0.141 -0.522 -1.966 -0.565 -0.526 0.929 3.202 0.012 -1.367 -2.344 -1.475 -1.32 -2.25 -1.612 -0.917
309 G 0.105 -1.882 -0.67 -1.335 -0.394 -1.773 -1.976 3.082 -1.395 1.796 -0.474 -1.36 -0.388 -1.183 -2.451 0.91 -0.377 -2.376 -1.95 0.619
310 G 0.409 -0.91 0.059 0.084 -0.748 -0.251 1.568 2.636 -0.455 -2.425 -2.698 -0.3 -1.667 -2.3 -1.885 1.949 -0.035 -2.509 -2.116 -1.852
311 K -0.885 0.481 2.476 -0.369 -1.193 2.058 -0.117 -1.346 -0.037 0.104 -1.179 1.889 -0.557 -1.961 -2.376 -0.937 -0.754 -2.536 -1.616 1.033
312 C -1.043 2.325 -1.594 -2.341 5.883 -0.954 -1.674 -2.322 0.05 -0.328 -1.016 0.915 -0.74 0.459 -2.895 -1.754 -1.392 -0.465 3.107 0.29
313 D -1.266 -1.158 2.961 4.269 -1.444 -0.865 0.164 -0.923 -0.275 -1.896 -2.627 -0.706 -1.902 -2.423 -2.223 -0.273 1.42 -3.027 -2.433 -1.707
314 N -1.605 2.247 2.999 2.202 -1.508 -0.744 -0.715 -1.419 -0.179 1.212 -0.93 0.042 -0.77 -1.595 -2.787 -1.165 -1.035 -2.676 -1.953 -0.058
315 F -1.503 -2.629 -3.024 -3.377 -0.569 -3.2 -3.309 -3.043 -1.608 1.612 1.964 -2.864 0.928 4.866 -3.893 -2.883 -1.609 -0.263 1.527 1.775
316 V -0.856 -1.099 2.368 0.045 -0.781 -0.548 1.372 -1.649 -0.489 1.406 -0.535 -0.689 -0.378 -1.335 -2.516 -0.874 0.59 -2.496 -1.699 1.63
317 K -0.428 0.861 -0.423 -1.032 -1.296 -0.025 -0.418 -1.292 0.476 -1.713 -1.893 2.954 -1.098 0.284 -1.987 0.694 -0.602 -0.442 3.134 -1.561
318 F -1.891 -2.777 -3.106 -3.381 -0.726 -3.377 -3.515 -3.168 -1.575 2.365 2.105 -2.946 1.04 4.894 -3.995 -3.102 -1.824 -0.238 1.527 1.063
319 L -1.569 -2.215 -3.391 -3.649 -0.179 -2.669 -3.334 -3.411 -2.342 1.976 4.084 -2.507 2.104 0.804 -3.633 -3.187 -1.609 -1.679 -1.085 1.077
320 L -1.939 -2.548 -3.129 -3.492 -0.726 -3.216 -3.421 -3.146 -1.505 1.24 2.824 -2.89 1.297 4.927 -4.024 -3.122 -1.977 -0.165 1.549 0.382
321 I -1.336 -3.133 -3.11 -3.3 5.948 -3.452 -3.719 -2.975 -2.189 3.095 0.882 -2.959 0.538 3.249 -3.659 -2.674 -1.441 -1.263 0.261 1.625
322 K -0.855 2.065 -0.297 -0.751 -2.006 0.778 0.285 -1.371 -0.272 -2.151 -2.269 4.562 -1.252 -2.834 -1.715 -0.91 -1.111 -2.578 -1.817 -2.027
323 E -0.947 -0.15 -0.367 1.489 -2.44 1.318 4.56 -1.978 0.364 -2.793 -2.731 0.648 -1.782 -2.636 -1.91 -0.819 -1.329 -2.416 -1.936 -2.162
324 C 0.5 -2.896 -2.857 -3.08 7.813 -2.952 -3.285 -2.039 -2.635 2.085 0.1 -2.555 -0.053 -1.091 -3.014 -1.654 -1.041 -2.756 -2.04 1.635
325 F -1.678 -2.817 -2.906 -3.305 -0.87 -3.517 -3.352 -2.923 -1.254 1.217 0.636 -3.075 0.344 5.813 -4.101 -2.854 -1.787 0.29 2.287 1.522
326 L -1.447 -1.992 -3.106 -3.425 -0.183 -2.182 -3.065 -3.19 -1.943 1.881 3.702 -2.214 3.523 0.717 -3.538 -2.856 -1.466 -1.589 -1.027 1.049
327 F -2.363 -2.925 -2.889 -3.343 -1.403 -3.893 -3.511 -2.903 -0.857 0.248 0.536 -3.333 0.173 6.559 -4.477 -3.059 -2.399 0.823 2.902 -0.536
328 L -1.702 -2.003 -2.707 -3.334 -0.87 -2.209 -2.825 -3.177 0.641 0.901 2.55 -2.188 1.027 2.328 -3.494 -2.804 -1.852 0.932 4.901 0.219
329 I -1.372 -2.495 -2.474 -2.817 -0.403 -2.658 -3.083 -2.882 -1.759 3.228 1.23 -2.347 2.078 3.337 -3.387 -2.138 0.266 -1.023 0.433 1.775
330 L -1.141 -1.9 -2.194 -2.747 -0.108 -2.201 -2.719 -2.746 -2.089 1.559 3.41 -1.984 1.633 0.363 -3.022 -1.65 1.265 -1.804 -1.234 0.882
331 L -1.569 -2.215 -3.391 -3.649 -0.179 -2.669 -3.334 -3.411 -2.342 1.976 4.084 -2.507 2.104 0.804 -3.633 -3.187 -1.609 -1.679 -1.085 1.077
332 P -0.259 -1.668 -1.138 -1.203 -1.021 -1.556 -1.345 -1.336 -1.304 -2.239 -2.667 -0.877 -2.076 -2.948 5.917 0.643 -0.584 -3.934 -2.418 -1.947
333 F -2.143 -2.73 -3.006 -3.416 -1.045 -3.535 -3.466 -3.022 -1.163 0.786 1.901 -3.103 0.789 5.857 -4.242 -3.091 -2.18 0.371 2.304 -0.041
334 P -0.865 -2.042 -1.962 -1.592 -1.486 -1.962 -1.651 -1.881 -1.636 -2.346 -2.779 -1.093 -2.432 -3.364 6.692 -1.48 -1.377 -4.578 -2.664 -2.19
335 A 3.986 -1.512 -1.691 -1.716 0.651 -1.349 -1.327 0.345 -1.24 -0.859 -1.35 -0.877 -0.902 -1.877 -1.504 0.426 -0.451 -2.469 -1.784 0.11
336 L -1.183 -2.287 -3.276 -3.528 -0.048 -2.656 -3.225 -3.298 -2.481 2.269 3.558 -2.484 1.829 0.542 -3.519 -2.942 -1.283 -1.846 -1.14 2.224
337 S 0.668 -1.039 0.025 -0.554 -0.269 -0.884 -0.816 -0.482 -0.736 -2.036 -2.457 -0.489 -1.475 -2.262 3.157 2.703 0.548 -2.963 -1.98 -1.515
338 N -1.688 -0.443 5.703 1.253 -1.875 -0.555 -0.754 -0.183 0.94 -2.741 -3.18 -0.324 -2.19 -2.403 -2.616 -0.146 -0.48 -2.995 -2.097 -2.589
339 R -1.563 5.563 -0.491 -1.592 -2.288 0.489 -0.589 -2.157 0.07 -2.64 -2.056 1.99 -1.252 -2.501 -2.733 -1.435 -1.482 -2.263 -1.801 -2.19
340 L -1.569 -2.215 -3.391 -3.649 -0.179 -2.669 -3.334 -3.411 -2.342 1.976 4.084 -2.507 2.104 0.804 -3.633 -3.187 -1.609 -1.679 -1.085 1.077
341 G 0.061 -2.386 -0.468 -1.351 -1.349 -2.224 -2.651 5.836 -1.505 -3.244 -3.489 -1.679 -2.695 -2.707 -2.808 -1.031 -1.948 -2.469 -3.177 -2.893
342 L -1.135 -1.456 -2.442 -2.887 -0.196 -1.157 -2.433 -2.656 -1.065 1.601 2.279 -1.535 5.619 0.463 -3.292 -2.104 -1.105 -1.355 -0.874 0.968
343 I -1.154 -3.004 -3.226 -3.206 -0.08 -3.111 -3.549 -3.402 -2.777 4.356 1.524 -2.65 1.165 0.083 -3.468 -2.939 -0.976 -2.25 -1.314 3.143
344 L -1.486 -2.636 -3.341 -3.421 -0.179 -2.939 -3.518 -3.459 -2.534 3.573 3.116 -2.605 1.705 0.513 -3.583 -3.146 -1.345 -1.934 -1.197 2.086
345 F -2.363 -2.925 -2.889 -3.343 -1.403 -3.893 -3.511 -2.903 -0.857 0.248 0.536 -3.333 0.173 6.559 -4.477 -3.059 -2.399 0.823 2.902 -0.536
346 G 1.797 -1.682 -0.441 -1.121 -0.367 -1.517 -1.665 4.208 -1.153 -2.144 -2.529 -1.079 -1.76 -2.289 -2.083 1.053 -0.573 -2.496 -2.397 -1.467
347 F -2.07 -2.665 -3.043 -3.438 -0.931 -3.421 -3.447 -3.059 -1.269 0.949 2.24 -3.027 0.972 5.574 -4.164 -3.098 -2.108 0.207 2.077 0.111
348 Y -1.841 -1.806 -2.154 -3.051 -1.78 -1.812 -2.392 -2.961 2.076 -0.832 -0.939 -1.902 -0.711 3.32 -3.362 -2.466 -2.118 2.28 6.714 -1.008
349 P -0.865 -2.042 -1.962 -1.592 -1.486 -1.962 -1.651 -1.881 -1.636 -2.346 -2.779 -1.093 -2.432 -3.364 6.692 -1.48 -1.377 -4.578 -2.664 -2.19
350 Y 0.907 -1.965 -2.191 -2.716 -0.881 -2.068 -2.303 -1.712 0.919 -0.528 -0.577 -1.876 -0.506 4.098 -2.969 -1.527 -1.659 1.247 5.142 -0.573
351 F -1.678 -2.817 -2.906 -3.305 -0.87 -3.517 -3.352 -2.923 -1.254 1.217 0.636 -3.075 0.344 5.813 -4.101 -2.854 -1.787 0.29 2.287 1.522
352 L -1.704 -2.592 -3.233 -3.456 -0.44 -3.075 -3.469 -3.298 -1.974 2.636 2.973 -2.744 1.508 3.493 -3.795 -3.134 -1.644 -0.916 0.491 1.358
353 L -1.373 -0.437 -2.259 -2.611 -0.539 -1.357 -1.931 -2.751 -1.67 1.368 3.358 1.226 1.56 0.235 -3.022 -2.429 -1.476 -1.879 -1.251 0.558
354 P 1.026 -1.775 1.067 1.191 -0.884 -1.763 -1.255 -1.01 -0.769 -1.175 -1.326 -1.292 -1.186 2.903 3.021 -0.893 -1.201 -1.619 0.06 -1.108
355 Y -1.325 -1.54 2.183 -1.277 -1.118 -1.602 -1.991 -1.984 1.098 0.475 -0.689 -1.521 -0.51 1.858 -3.118 -1.66 -1.184 0.754 4.868 1.22
356 L -1.704 -2.592 -3.233 -3.456 -0.44 -3.075 -3.469 -3.298 -1.974 2.636 2.973 -2.744 1.508 3.493 -3.795 -3.134 -1.644 -0.916 0.491 1.358
357 K -1.407 0.637 -1.192 -1.721 -1.788 -0.458 -0.888 -2.047 0.414 -1.041 -0.991 2.799 -0.699 3.535 -2.595 -1.685 -1.626 0.244 3.624 -1.326
358 A 2.371 2.313 2.395 -0.623 -0.401 -0.588 -0.98 -0.251 -0.216 -1.632 -1.893 0.25 -1.266 -2.15 -2.03 -0.09 -0.684 -2.536 -1.864 -0.875
359 S -0.08 2.265 -0.333 -1.127 -0.737 -0.764 -1.086 -1.083 -0.422 -1.343 -1.267 0.073 -0.809 2.955 -2.324 1.76 -0.114 -1.237 0.241 -1.283
360 E -0.265 -0.689 -0.304 0.494 -1.406 0.32 2.905 1.131 0.299 -2.292 -2.421 -0.044 -1.569 -0.752 -2.043 0.796 -0.678 -1.255 1.553 -1.84
361 R -1.236 2.413 -1.289 -1.787 -0.991 1.935 -0.705 -2.356 -0.459 1.813 0.546 0.337 2.754 -0.823 -2.881 -1.72 -1.16 -1.979 -1.303 0.681
362 K -0.471 2.046 2.692 -0.076 -1.342 0.137 -0.264 -0.771 0.076 -2.289 -2.465 2.666 -1.45 -2.449 -1.972 0.946 -0.326 -2.634 -1.874 -1.975
363 L -1.515 -2.161 -3.337 -3.595 -0.125 -2.615 -3.28 -3.357 -2.288 2.03 3.996 -2.453 2.158 0.858 -3.579 -3.133 -1.555 -1.625 -1.031 1.131
364 G -1.242 2.186 2.427 -0.773 -1.704 -1.1 -1.621 2.446 -0.189 -1.722 -1.565 -0.178 -1.276 2.907 -3.067 -1.238 -1.486 -1.281 0.061 -1.896
365 K -0.733 2.413 -0.287 -0.916 -1.349 0.367 -0.162 -1.455 -0.474 -1.594 -1.9 3.594 -1.063 -2.437 -1.825 -0.476 1.393 -2.442 -1.794 -1.305
366 R -0.499 2.345 0.354 -1.296 -0.659 0.873 -0.885 -1.687 -0.614 0.603 0.394 0.2 0.032 -1.234 -2.571 0.171 -0.511 -2.31 -1.528 1.322
367 K -1.042 0.921 -0.836 -0.385 -1.514 0.4 1.767 -1.923 -0.47 -0.544 0.875 3.02 -0.067 -1.389 -2.143 -1.307 -1.283 -2.288 -1.643 -0.912
368 Y -1.901 -1.924 -2.236 -3.086 -1.73 -2.004 -2.51 -2.953 1.836 -0.673 -0.707 -2.046 -0.584 3.985 -3.48 -2.534 -2.152 2.133 6.437 -0.945
369 C 1.113 -2.636 -2.647 -2.835 5.977 -2.81 -2.913 -1.651 -1.809 1.82 0.2 -2.335 0.009 3.119 -2.977 -1.472 -1.243 -1.308 0.197 0.864
370 L -1.605 -0.463 -1.925 -2.444 -1.25 -1.357 -1.79 -2.551 0.107 0.207 1.401 1.223 0.381 3.729 -3.114 -2.252 -1.767 0.341 3.656 -0.399
371 G -1.243 -1.829 2.256 -1.064 -1.13 -2.083 -2.336 2.394 -0.675 -0.159 1.147 -1.742 -0.003 3.135 -3.293 -1.562 -1.518 -1.168 0.166 -0.775
372 G -0.471 -2.82 -2.174 -2.665 5.965 -2.848 -3.26 2.235 -2.474 2.288 0.091 -2.436 -0.048 -1.017 -3.182 -1.937 -1.171 -2.564 -2.034 2.065
373 L 1.321 -2.327 -2.683 -2.893 6.022 -2.426 -2.71 -1.651 -2.286 1.322 1.533 -2.108 0.53 -0.647 -2.766 -1.363 -0.926 -2.403 -1.679 1.866
374 L -1.704 -2.592 -3.233 -3.456 -0.44 -3.075 -3.469 -3.298 -1.974 2.636 2.973 -2.744 1.508 3.493 -3.795 -3.134 -1.644 -0.916 0.491 1.358
375 L -1.818 -2.263 -2.91 -3.412 -0.797 -2.669 -3.108 -3.161 -0.237 1.075 2.69 -2.518 1.165 3.911 -3.747 -2.959 -1.914 0.436 3.687 0.302
376 V 0.57 -2.094 -2.342 -2.702 0.216 -2.216 -2.53 -2.158 -2.314 2.165 1.822 -1.957 0.915 -0.309 -2.799 -1.426 0.606 -2.195 -1.358 2.94
377 I -0.131 -2.724 -3.016 -3.083 0.101 -2.802 -3.144 -2.836 -2.703 3.808 1.219 -2.428 0.956 -0.167 -3.213 -2.374 -0.773 -2.316 -1.341 3.423
378 N -1.688 -0.443 5.703 1.253 -1.875 -0.555 -0.754 -0.183 0.94 -2.741 -3.18 -0.324 -2.19 -2.403 -2.616 -0.146 -0.48 -2.995 -2.097 -2.589
379 L -1.569 -2.215 -3.391 -3.649 -0.179 -2.669 -3.334 -3.411 -2.342 1.976 4.084 -2.507 2.104 0.804 -3.633 -3.187 -1.609 -1.679 -1.085 1.077
380 L -0.826 -2.466 -3.155 -3.358 0.077 -2.707 -3.163 -3.201 -2.679 2.943 2.588 -2.485 1.41 0.169 -3.397 -2.708 -0.934 -2.093 -1.226 3.191
381 P -0.865 -2.042 -1.962 -1.592 -1.486 -1.962 -1.651 -1.881 -1.636 -2.346 -2.779 -1.093 -2.432 -3.364 6.692 -1.48 -1.377 -4.578 -2.664 -2.19
382 F -2.363 -2.925 -2.889 -3.343 -1.403 -3.893 -3.511 -2.903 -0.857 0.248 0.536 -3.333 0.173 6.559 -4.477 -3.059 -2.399 0.823 2.902 -0.536
383 L -1.569 -2.215 -3.391 -3.649 -0.179 -2.669 -3.334 -3.411 -2.342 1.976 4.084 -2.507 2.104 0.804 -3.633 -3.187 -1.609 -1.679 -1.085 1.077
384 Y -1.841 -1.806 -2.154 -3.051 -1.78 -1.812 -2.392 -2.961 2.076 -0.832 -0.939 -1.902 -0.711 3.32 -3.362 -2.466 -2.118 2.28 6.714 -1.008
385 L 1.033 -2.023 -2.863 -3.032 0.052 -2.278 -2.687 -1.933 -2.025 1.486 3.396 -2.005 1.595 0.331 -2.937 -1.787 -1.273 -1.857 -1.244 0.864
386 L -1.109 -1.412 -2.388 -2.842 -0.197 -1.08 -2.382 -2.612 -0.997 1.575 2.107 -1.481 5.752 0.439 -3.271 -2.045 -1.074 -1.335 -0.861 0.961
387 Y -0.763 -1.597 -1.435 -2.17 -0.797 -1.626 -1.993 -2.032 0.863 -0.005 1.172 -1.533 0.204 2.052 -2.827 0.266 -0.89 0.853 4.882 -0.389
388 N -1.261 -0.839 4.92 0.622 -1.155 -0.949 -1.163 -0.67 0.35 -0.007 -1.51 -0.723 -1.107 -1.769 -2.751 -0.555 -0.48 -2.839 -1.881 0.924
389 V -0.508 -2.657 -3.038 -3.197 0.196 -2.759 -3.101 -3.106 -2.891 3.489 1.118 -2.487 0.919 -0.26 -3.28 -2.491 -0.623 -2.364 -1.314 3.914
390 S 0.365 -0.681 0.125 0.133 -0.391 -0.088 1.657 -0.794 -0.444 -1.575 -2.061 -0.149 -1.161 -2.024 -1.653 2.149 1.973 -2.442 -1.809 -1.019
391 L 1.084 2.19 -1.797 -2.331 -0.32 -0.932 -1.726 -1.582 -1.001 0.557 1.74 -0.187 2.864 -0.445 -2.667 -1.253 -1.118 -1.901 -1.352 0.245
392 G -0.142 -0.505 -0.425 -1.189 -1.5 -1.137 -1.596 5.084 -1.144 -2.93 -3.132 1.417 -2.262 -2.738 -2.494 -1.0 -1.715 -2.496 -2.772 -2.651
393 N -1.142 -0.82 4.984 0.789 -1.734 -0.891 -1.124 2.75 0.495 -2.859 -3.254 -0.608 -2.308 -2.476 -2.663 -0.343 -0.783 -2.854 -2.332 -2.662
394 N -1.688 -0.443 5.703 1.253 -1.875 -0.555 -0.754 -0.183 0.94 -2.741 -3.18 -0.324 -2.19 -2.403 -2.616 -0.146 -0.48 -2.995 -2.097 -2.589
395 D -0.529 -1.284 -0.344 2.44 -0.539 -0.908 -0.719 -1.433 -0.752 0.24 0.578 -0.991 3.95 -0.65 -2.494 0.585 -0.477 -2.059 -1.513 -0.156
396 F -2.09 -2.311 -2.498 -3.193 -1.585 -2.669 -2.897 -2.932 0.967 -0.242 -0.108 -2.529 -0.235 5.372 -3.866 -2.747 -2.255 1.643 5.397 -0.762
397 T -0.141 -1.121 -0.167 -1.043 0.093 -1.131 -1.406 -1.357 -1.441 -0.253 -1.085 -0.819 -0.56 -1.609 -1.715 0.676 4.329 -2.213 -1.735 0.201
398 F -2.363 -2.925 -2.889 -3.343 -1.403 -3.893 -3.511 -2.903 -0.857 0.248 0.536 -3.333 0.173 6.559 -4.477 -3.059 -2.399 0.823 2.902 -0.536
399 L -1.939 -2.548 -3.129 -3.492 -0.726 -3.216 -3.421 -3.146 -1.505 1.24 2.824 -2.89 1.297 4.927 -4.024 -3.122 -1.977 -0.165 1.549 0.382
400 N -1.294 -0.293 4.035 1.374 -2.143 0.531 2.984 -0.943 0.666 -2.767 -2.947 0.203 -1.979 -2.517 -2.242 -0.463 -0.873 -2.691 -2.016 -2.368
401 N -0.329 -0.91 4.082 0.417 -1.149 -0.903 -1.075 2.754 0.146 -2.628 -3.02 -0.605 -2.021 -2.359 -2.337 1.074 -0.297 -2.749 -2.243 -2.28
402 K -1.224 3.132 -0.141 -1.001 -2.161 0.489 -0.106 -1.638 4.513 -2.397 -2.297 3.281 -1.262 -2.139 -2.189 -1.199 -1.454 -2.189 -0.498 -2.297
403 P -0.865 -2.042 -1.962 -1.592 -1.486 -1.962 -1.651 -1.881 -1.636 -2.346 -2.779 -1.093 -2.432 -3.364 6.692 -1.48 -1.377 -4.578 -2.664 -2.19
404 L -1.704 -2.592 -3.233 -3.456 -0.44 -3.075 -3.469 -3.298 -1.974 2.636 2.973 -2.744 1.508 3.493 -3.795 -3.134 -1.644 -0.916 0.491 1.358
405 T -0.457 -0.936 2.657 -0.277 -0.288 -0.976 -1.229 -1.016 -0.639 -0.703 -1.484 -0.687 -0.89 -1.788 -1.916 0.492 3.675 -2.39 -1.821 -0.285
406 E 1.554 -0.593 -0.39 0.533 -0.71 0.401 2.961 -0.746 -0.176 -1.981 -2.234 0.098 -1.395 -2.258 -1.7 1.106 -0.367 -2.469 -1.859 -1.224
407 N -1.142 -0.82 4.984 0.789 -1.734 -0.891 -1.124 2.75 0.495 -2.859 -3.254 -0.608 -2.308 -2.476 -2.663 -0.343 -0.783 -2.854 -2.332 -2.662
408 V -0.81 -2.575 -3.143 -3.305 0.077 -2.773 -3.205 -3.212 -2.731 3.301 2.221 -2.509 1.289 0.081 -3.385 -2.699 -0.88 -2.165 -1.255 3.332
409 Y -1.841 -1.806 -2.154 -3.051 -1.78 -1.812 -2.392 -2.961 2.076 -0.832 -0.939 -1.902 -0.711 3.32 -3.362 -2.466 -2.118 2.28 6.714 -1.008
410 N -0.963 -0.339 4.043 0.396 -1.749 1.903 -0.35 2.652 0.438 -2.728 -2.909 -0.104 -1.738 -2.615 -2.546 -0.501 -0.919 -2.648 -2.097 -2.443
411 I -1.328 -2.595 -3.038 -3.113 -0.183 -2.53 -3.32 -3.256 -2.196 4.084 1.77 -2.348 3.159 0.254 -3.465 -2.801 -1.096 -1.967 -1.193 2.465
412 I -0.963 -2.925 -2.29 -2.621 -0.43 -2.949 -3.41 2.157 -2.378 3.828 0.976 -2.414 0.648 -0.308 -3.334 -2.431 -1.292 -2.275 -1.679 2.131
413 D -1.168 -0.922 3.667 4.105 -1.778 -0.538 0.796 -0.658 0.156 -2.636 -3.171 -0.467 -2.232 -2.582 -2.279 0.315 -0.65 -3.126 -2.425 -2.489
414 Y -1.841 -1.806 -2.154 -3.051 -1.78 -1.812 -2.392 -2.961 2.076 -0.832 -0.939 -1.902 -0.711 3.32 -3.362 -2.466 -2.118 2.28 6.714 -1.008
415 F -1.903 -2.718 -3.112 -3.409 -0.726 -3.336 -3.491 -3.162 -1.557 2.122 2.302 -2.932 1.106 4.902 -4.002 -3.107 -1.862 -0.219 1.532 0.907
416 A 1.68 -1.27 -0.642 -1.248 0.182 -1.226 -1.353 -0.667 -1.192 -0.16 0.617 -0.902 -0.051 -1.116 -1.858 1.478 1.823 -2.272 -1.628 -0.006
417 H -1.315 -0.266 0.059 0.508 -2.401 0.66 3.016 -1.849 6.243 -2.741 -2.677 0.016 -1.525 -1.627 -2.311 -1.187 -1.755 -1.912 0.372 -2.578
418 T 1.743 -1.119 -0.288 -0.975 0.231 -1.039 -1.159 -0.528 -1.125 -0.749 -1.425 -0.698 -0.797 -1.762 -1.608 1.569 2.978 -2.364 -1.759 -0.136
419 F -1.891 -2.777 -3.106 -3.381 -0.726 -3.377 -3.515 -3.168 -1.575 2.365 2.105 -2.946 1.04 4.894 -3.995 -3.102 -1.824 -0.238 1.527 1.063
420 D -0.75 -1.508 0.331 4.091 -1.003 -1.163 -0.013 -1.24 -0.895 -0.586 0.729 -1.027 -0.379 -1.303 -2.347 0.62 -0.651 -2.734 -2.125 -1.01
421 K -1.266 0.929 2.79 2.852 -2.065 0.124 0.277 -0.975 0.02 -2.434 -2.757 3.011 -1.788 -2.747 -2.065 -0.716 -1.014 -2.9 -2.158 -2.36
422 G 0.061 -2.386 -0.468 -1.351 -1.349 -2.224 -2.651 5.836 -1.505 -3.244 -3.489 -1.679 -2.695 -2.707 -2.808 -1.031 -1.948 -2.469 -3.177 -2.893
423 V -0.81 -2.575 -3.143 -3.305 0.077 -2.773 -3.205 -3.212 -2.731 3.301 2.221 -2.509 1.289 0.081 -3.385 -2.699 -0.88 -2.165 -1.255 3.332
424 E -1.294 0.061 2.706 0.528 -2.143 2.328 2.022 -1.259 4.656 -2.615 -2.609 0.286 -1.347 -2.106 -2.35 -0.793 -1.197 -2.225 -0.475 -2.37
425 Y -1.841 -1.806 -2.154 -3.051 -1.78 -1.812 -2.392 -2.961 2.076 -0.832 -0.939 -1.902 -0.711 3.32 -3.362 -2.466 -2.118 2.28 6.714 -1.008
426 I -1.445 -2.872 -3.316 -3.313 -0.179 -3.085 -3.615 -3.483 -2.635 4.129 2.474 -2.656 1.483 0.356 -3.558 -3.125 -1.222 -2.07 -1.255 2.483
427 N -1.688 -0.443 5.703 1.253 -1.875 -0.555 -0.754 -0.183 0.94 -2.741 -3.18 -0.324 -2.19 -2.403 -2.616 -0.146 -0.48 -2.995 -2.097 -2.589
428 E -1.106 0.113 2.625 1.057 -2.161 2.528 3.191 -1.311 0.613 -2.64 -2.635 0.591 -1.465 -2.658 -2.14 -0.627 -1.014 -2.496 -1.805 -2.169
429 G 0.061 -2.386 -0.468 -1.351 -1.349 -2.224 -2.651 5.836 -1.505 -3.244 -3.489 -1.679 -2.695 -2.707 -2.808 -1.031 -1.948 -2.469 -3.177 -2.893
430 N -1.688 -0.443 5.703 1.253 -1.875 -0.555 -0.754 -0.183 0.94 -2.741 -3.18 -0.324 -2.19 -2.403 -2.616 -0.146 -0.48 -2.995 -2.097 -2.589
431 N -1.635 -0.39 5.589 1.307 -1.821 -0.502 -0.7 -0.129 0.994 -2.687 -3.126 -0.27 -2.136 -2.349 -2.562 -0.093 -0.426 -2.941 -2.043 -2.535
432 S 1.093 -0.716 0.522 -0.223 0.098 -0.545 -0.53 -0.081 -0.435 -1.886 -2.303 -0.26 -1.161 -1.918 -1.45 3.173 1.036 -2.524 -1.73 -1.267
433 S 1.093 -0.716 0.522 -0.223 0.098 -0.545 -0.53 -0.081 -0.435 -1.886 -2.303 -0.26 -1.161 -1.918 -1.45 3.173 1.036 -2.524 -1.73 -1.267
434 Q -0.854 1.334 -0.121 -0.429 -1.913 4.231 1.172 -1.43 0.562 -2.196 -2.037 2.43 -0.573 -2.905 -2.013 -0.771 -0.987 -2.257 -1.388 -1.824