#Seq2Logo.py -f /work3/idamei/wzy_ssn/run/1e-50/run/150/MSAs/0008_33.afa -o /work3/idamei/wzy_ssn/run/1e-50/run/150/logos/0008_33.logo
Last position-specific scoring matrix computed, values are in halfbits
A R N D C Q E G H I L K M F P S T W Y V
0 I -1.353 -3.077 -3.239 -3.157 -0.126 -3.185 -3.663 -3.455 -2.687 4.457 1.701 -2.655 1.295 0.242 -3.481 -3.052 -1.051 -2.161 -1.261 2.884
1 S 1.092 -0.717 0.521 -0.225 0.096 -0.546 -0.531 -0.082 -0.436 -1.887 -2.304 -0.261 -1.163 -1.919 -1.451 3.177 1.035 -2.525 -1.732 -1.268
2 N -1.636 -0.391 5.591 1.305 -1.822 -0.503 -0.701 -0.13 0.992 -2.688 -3.128 -0.272 -2.137 -2.35 -2.564 -0.094 -0.427 -2.942 -2.045 -2.536
3 S 1.092 -0.717 0.521 -0.225 0.096 -0.546 -0.531 -0.082 -0.436 -1.887 -2.304 -0.261 -1.163 -1.919 -1.451 3.177 1.035 -2.525 -1.732 -1.268
4 N -1.636 -0.391 5.591 1.305 -1.822 -0.503 -0.701 -0.13 0.992 -2.688 -3.128 -0.272 -2.137 -2.35 -2.564 -0.094 -0.427 -2.942 -2.045 -2.536
5 I -1.353 -3.077 -3.239 -3.157 -0.126 -3.185 -3.663 -3.455 -2.687 4.457 1.701 -2.655 1.295 0.242 -3.481 -3.052 -1.051 -2.161 -1.261 2.884
6 L -1.517 -2.162 -3.338 -3.596 -0.126 -2.616 -3.282 -3.359 -2.29 2.029 3.998 -2.454 2.156 0.857 -3.58 -3.134 -1.557 -1.626 -1.032 1.13
7 P -0.812 -1.989 -1.91 -1.54 -1.433 -1.909 -1.598 -1.828 -1.583 -2.293 -2.726 -1.04 -2.379 -3.311 6.638 -1.428 -1.324 -4.525 -2.611 -2.138
8 K -0.802 2.118 -0.244 -0.698 -1.953 0.831 0.337 -1.318 -0.219 -2.099 -2.216 4.428 -1.2 -2.782 -1.663 -0.857 -1.058 -2.525 -1.765 -1.975
9 C -0.423 -3.314 -2.94 -3.394 9.654 -3.434 -3.9 -2.139 -2.926 -0.708 -1.037 -3.089 -1.054 -2.003 -3.182 -1.646 -1.293 -3.211 -2.772 -0.385
10 R -1.51 5.465 -0.438 -1.54 -2.235 0.542 -0.537 -2.104 0.122 -2.588 -2.004 2.043 -1.2 -2.448 -2.68 -1.382 -1.43 -2.21 -1.748 -2.138
11 L -1.517 -2.162 -3.338 -3.596 -0.126 -2.616 -3.282 -3.359 -2.29 2.029 3.998 -2.454 2.156 0.857 -3.58 -3.134 -1.557 -1.626 -1.032 1.13
12 L -1.097 -1.4 -2.377 -2.831 -0.185 -1.068 -2.37 -2.6 -0.985 1.586 2.118 -1.469 5.694 0.451 -3.259 -2.033 -1.063 -1.323 -0.849 0.973
13 L 2.328 -1.816 -2.391 -2.497 0.292 -1.908 -2.133 -0.934 -1.712 0.92 2.459 -1.552 1.002 -0.209 -2.35 -0.822 -0.946 -2.021 -1.387 0.66
14 T 0.535 -0.914 0.194 -0.609 0.095 -0.826 -0.94 -0.656 -0.9 -0.948 -1.626 -0.529 -0.843 -1.759 -1.582 2.263 3.064 -2.364 -1.733 -0.435
15 L -1.722 -2.351 -3.231 -3.543 -0.413 -2.903 -3.351 -3.249 -1.867 1.658 3.486 -2.666 1.755 3.526 -3.796 -3.128 -1.761 -0.797 0.549 0.777
16 L -1.588 -2.212 -2.867 -3.308 -0.59 -2.428 -3.025 -3.242 -0.063 2.283 2.573 -2.3 1.246 1.849 -3.487 -2.878 -1.611 0.269 3.845 1.15
17 F -1.352 -2.447 -2.682 -3.191 -0.756 -2.795 -2.973 -2.918 -0.143 1.354 0.405 -2.583 0.243 4.688 -3.686 -2.616 -1.527 0.669 3.91 1.886
18 L -1.495 -2.523 -3.164 -3.509 4.911 -3.036 -3.447 -3.018 -1.95 1.305 2.956 -2.769 1.361 3.404 -3.721 -2.824 -1.713 -0.953 0.421 0.548
19 F -2.337 -2.899 -2.863 -3.317 -1.377 -3.867 -3.485 -2.877 -0.831 0.274 0.562 -3.307 0.199 6.518 -4.451 -3.033 -2.373 0.849 2.928 -0.51
20 L -0.876 -2.24 -2.805 -2.828 -0.239 -2.432 -2.666 -2.792 -2.297 1.848 2.339 -2.031 1.021 -0.227 2.918 -2.36 -1.104 -2.42 -1.463 2.174
21 L -0.948 -1.834 -1.878 -2.219 -0.351 -2.01 -2.265 -2.344 -1.885 0.853 2.401 -1.6 0.892 -0.337 2.972 -1.301 1.24 -2.299 -1.547 0.331
22 L -1.754 -2.551 -3.172 -3.442 -0.506 -3.095 -3.427 -3.22 -1.783 2.232 2.9 -2.766 1.466 4.027 -3.843 -3.104 -1.725 -0.617 0.914 1.094
23 L -1.356 -2.328 -3.062 -3.225 -0.149 -2.404 -3.21 -3.22 -2.101 3.335 2.768 -2.291 3.103 0.496 -3.472 -2.825 -1.222 -1.784 -1.098 2.004
24 A 1.957 -1.317 -0.874 -1.45 -0.179 -1.197 -1.329 -0.584 0.496 -1.154 -1.477 -0.946 -0.923 0.974 -1.989 1.326 -0.249 0.048 3.812 -0.66
25 L -1.852 -2.646 -3.13 -3.422 -0.648 -3.242 -3.461 -3.177 -1.623 2.102 2.555 -2.87 1.247 4.634 -3.947 -3.104 -1.821 -0.338 1.346 0.938
26 L -1.247 -2.341 -2.796 -3.207 -0.474 -2.463 -2.974 -3.17 -0.148 2.718 1.571 -2.31 0.828 1.646 -3.403 -2.694 -1.307 0.161 3.867 2.23
27 C -0.827 -2.139 0.671 -1.834 6.639 -2.155 -2.6 2.078 0.258 -1.362 -1.598 -1.942 -1.335 0.882 -3.089 -1.521 -1.578 -0.058 3.729 -1.239
28 G -0.476 1.824 -0.72 -1.574 -0.985 -1.295 -1.949 3.701 -1.2 0.522 -1.226 -0.351 -0.967 -1.762 -2.668 -0.962 0.557 -2.323 -2.204 -0.323
29 R -1.378 3.101 -0.806 0.786 -1.352 -0.332 -0.728 -2.16 -0.729 1.023 0.705 1.934 0.026 -1.18 -2.647 -1.682 -1.334 -2.318 -1.685 -0.007
30 Y -1.384 -1.321 -2.133 -2.448 -1.109 -1.734 -2.116 -2.674 0.347 2.059 -0.031 -0.052 -0.104 1.506 1.955 -2.229 -1.495 0.264 4.202 0.761
31 F -1.549 -0.571 2.099 -0.72 -1.483 2.215 -0.508 -1.656 0.095 0.388 -0.5 -0.453 -0.242 3.657 -3.02 -1.374 -1.255 -0.902 0.771 -0.486
32 R -1.553 2.845 -0.724 -1.776 -1.409 -0.578 -1.27 -2.357 5.1 1.833 -0.331 0.147 -0.161 -0.85 -2.98 -1.946 -1.563 -1.952 -0.052 0.442
33 A 1.598 0.173 -1.257 -1.678 -0.765 -0.549 -0.921 -1.007 0.549 -1.207 -1.455 2.034 -0.935 0.882 -2.071 -0.737 -1.135 0.048 3.81 -0.832
34 G 0.073 -2.374 -0.457 -1.339 -1.337 -2.212 -2.639 5.825 -1.493 -3.232 -3.477 -1.667 -2.683 -2.695 -2.796 -1.019 -1.936 -2.457 -3.165 -2.881
35 V -0.583 -2.694 -3.053 -3.187 0.169 -2.797 -3.151 -3.136 -2.862 3.627 1.194 -2.498 0.969 -0.195 -3.295 -2.541 -0.661 -2.335 -1.302 3.791
36 Y -1.794 -1.24 -1.005 -2.178 -1.95 -1.155 -1.618 -2.476 5.513 -1.317 -1.387 -1.472 -0.879 2.48 -3.142 -2.139 -2.151 1.489 5.761 -1.533
37 Y -1.676 -2.172 -2.474 -3.091 -1.131 -2.202 -2.758 -3.12 1.178 2.172 0.212 -2.134 0.108 2.612 -3.406 -2.652 -1.727 1.411 5.609 0.898
38 R -0.668 2.835 -0.855 -1.732 -1.1 -0.638 -1.28 -1.826 0.664 -0.592 -1.209 0.245 -0.746 0.986 -2.619 0.27 -0.758 0.085 3.819 0.015
39 V -0.645 -2.818 -2.999 -3.255 5.691 -3.006 -3.303 -2.843 -2.586 2.672 0.697 -2.695 0.505 1.685 -3.368 -2.338 -0.916 -1.912 -0.596 3.023
40 F -2.351 -2.913 -2.877 -3.331 -1.391 -3.881 -3.499 -2.891 -0.845 0.26 0.548 -3.321 0.185 6.541 -4.465 -3.047 -2.387 0.835 2.914 -0.524
41 L -0.647 -1.942 -1.647 -2.159 -0.082 -2.054 -2.387 -2.202 -1.881 2.672 2.202 -1.738 1.085 -0.058 -2.753 -0.108 0.957 -2.066 -1.361 1.47
42 L -0.04 -2.442 -2.94 -3.143 -0.193 -2.772 -3.038 -2.509 -1.931 2.371 2.312 -2.429 1.152 3.139 -3.352 -2.306 -1.287 -1.107 0.307 1.913
43 F -2.351 -2.913 -2.877 -3.331 -1.391 -3.881 -3.499 -2.891 -0.845 0.26 0.548 -3.321 0.185 6.541 -4.465 -3.047 -2.387 0.835 2.914 -0.524
44 Y -1.829 -1.794 -2.142 -3.039 -1.768 -1.8 -2.38 -2.949 2.088 -0.82 -0.927 -1.89 -0.699 3.332 -3.35 -2.454 -2.106 2.292 6.69 -0.996
45 F -0.186 -1.742 -1.021 -1.67 -0.274 -1.863 -1.875 -1.518 -1.115 0.688 -0.197 -1.541 -0.113 3.729 -2.609 0.992 0.751 -0.906 0.753 1.268
46 V -0.583 -2.694 -3.053 -3.187 0.169 -2.797 -3.151 -3.136 -2.862 3.627 1.194 -2.498 0.969 -0.195 -3.295 -2.541 -0.661 -2.335 -1.302 3.791
47 C -0.391 -3.042 -2.969 -3.348 8.583 -3.155 -3.555 -2.421 -2.955 1.095 -0.245 -2.868 -0.31 -1.394 -3.211 -1.877 -1.015 -2.941 -2.217 1.984
48 H -1.708 -0.393 3.322 -0.024 -2.179 -0.297 -0.59 -1.103 6.979 -2.695 -2.786 -0.617 -1.548 -1.293 -2.711 -1.023 -1.523 -1.892 0.851 -2.885
49 F -2.227 -2.624 -2.697 -3.263 -1.471 -3.272 -3.21 -2.904 0.109 0.052 0.279 -2.936 0.01 6.074 -4.177 -2.904 -2.322 1.228 4.271 -0.623
50 F -0.319 -1.829 -1.441 -2.012 -0.244 -1.882 -2.087 -1.792 -1.204 1.198 0.431 -1.692 1.867 3.467 -2.861 0.546 -0.409 -0.981 0.584 1.756
51 Y -1.836 -1.801 -2.149 -3.046 -1.775 -1.807 -2.387 -2.956 2.081 -0.827 -0.934 -1.897 -0.706 3.325 -3.357 -2.461 -2.113 2.285 6.705 -1.003
52 F -2.199 -2.554 -2.654 -3.252 -1.501 -3.127 -3.14 -2.915 0.325 -0.017 0.191 -2.842 -0.049 5.935 -4.107 -2.872 -2.311 1.324 4.57 -0.658
53 L -1.744 -2.518 -3.22 -3.488 -0.474 -3.047 -3.431 -3.265 -1.875 2.204 3.116 -2.745 1.549 3.756 -3.83 -3.133 -1.725 -0.765 0.681 1.074
54 S 0.668 -0.795 1.542 -0.209 -0.078 -0.684 -0.735 -0.331 -0.462 -1.587 -2.125 -0.4 -1.15 -1.932 -1.629 2.765 1.907 -2.536 -1.798 -1.045
55 K -0.668 1.326 -0.837 -1.26 -1.131 0.148 -0.325 -1.743 -0.813 0.401 -0.951 3.681 -0.498 -1.916 -2.063 -1.241 -0.911 -2.526 -1.659 1.309
56 D -1.415 -0.922 0.666 4.775 -2.4 0.214 2.947 -1.438 -0.14 -2.753 -3.162 -0.142 -2.294 -2.803 -2.131 -0.899 -1.379 -3.03 -2.546 -2.562
57 G -1.018 -2.21 -1.497 -2.311 -1.727 -2.254 -2.662 3.583 0.096 -1.983 -2.03 -2.025 -1.601 1.153 -3.523 -1.939 -2.195 7.219 3.745 -2.057
58 L -1.737 -2.769 -3.173 -3.369 -0.527 -3.249 -3.529 -3.261 -1.871 2.967 2.341 -2.834 1.236 4.01 -3.841 -3.108 -1.624 -0.712 0.869 1.55
59 L -1.47 -0.878 -1.819 -2.192 -0.983 1.843 -1.005 -2.611 0.066 0.595 2.215 -0.863 0.944 2.267 -3.146 -2.15 -1.567 -0.24 2.847 -0.029
60 G -0.141 -1.098 0.275 1.738 -1.211 -0.648 0.457 2.843 3.796 -2.604 -2.885 -0.69 -1.835 -2.077 -2.214 0.957 -0.708 -2.396 -1.095 -2.306
61 I -1.284 -1.823 -2.123 -0.996 -0.661 -1.05 1.329 -2.966 -1.428 3.347 1.55 -1.278 0.826 -0.256 -2.976 -2.253 -1.23 -2.181 -1.438 1.806
62 P -0.812 -0.945 2.397 0.146 -1.143 -0.516 1.057 -1.253 -0.36 -1.705 -2.247 -0.424 -1.605 -2.413 3.403 -0.293 1.655 -2.96 -2.098 -1.342
63 L -1.564 -2.21 -3.386 -3.644 -0.174 -2.664 -3.329 -3.406 -2.337 1.981 4.076 -2.502 2.109 0.809 -3.628 -3.182 -1.604 -1.674 -1.08 1.082
64 D -1.394 -1.105 2.456 2.523 -1.477 -0.364 1.877 -1.568 -0.233 1.485 -0.817 -0.555 -0.716 -1.509 -2.548 -1.132 -1.056 -2.667 -1.949 0.185
65 E -0.565 0.445 1.417 2.158 -1.615 0.441 2.183 -1.072 -0.012 -2.409 -2.646 2.146 -1.646 -2.564 -1.879 0.582 -0.604 -2.683 -2.017 -2.064
66 G -0.55 -2.029 -0.202 2.742 -0.955 -1.718 -0.957 2.723 -1.303 1.488 -0.87 -1.413 -0.8 -1.509 -2.605 -0.128 -0.965 -2.67 -2.288 0.179
67 E -1.171 -0.53 -0.77 0.753 -2.231 0.718 3.68 -2.222 0.969 -2.08 -2.092 0.123 -1.429 0.505 -2.251 -1.197 -1.529 -0.177 3.431 -1.778
68 V -0.582 -2.219 -1.832 -2.446 -0.467 -2.323 -2.613 1.67 -1.919 1.231 -0.375 -2.059 -0.268 -0.382 -3.208 -1.568 0.504 6.593 -0.256 2.225
69 D -1.329 -0.524 -0.247 2.924 -1.469 2.204 1.442 -1.878 -0.321 -0.426 1.083 -0.165 0.08 -1.287 -2.519 -1.359 -1.334 -2.381 -1.726 -0.865
70 V 1.453 -1.978 -1.718 -2.037 0.223 -1.924 -2.062 -1.299 -1.831 2.624 0.362 -1.557 0.322 -0.742 -2.412 0.299 -0.273 -2.394 -1.501 2.467
71 F -2.304 -2.793 -2.805 -3.309 -1.432 -3.611 -3.379 -2.904 -0.404 0.166 0.429 -3.157 0.104 6.36 -4.345 -2.992 -2.366 1.003 3.574 -0.573
72 W 1.681 -1.997 -2.55 -2.749 -0.48 -2.151 -2.285 -1.131 -1.38 -0.351 0.67 -1.869 -0.156 0.221 -3.063 -1.295 -1.461 8.235 0.616 -0.402
73 K -1.234 0.739 -0.735 -1.087 -1.789 3.017 0.247 -1.793 0.08 -1.273 -1.078 2.171 -0.439 3.196 -2.501 -1.31 -1.368 -1.041 0.543 -1.435
74 S 0.702 -0.877 0.276 -0.506 0.065 -0.761 -0.828 -0.483 -0.768 -1.257 -1.863 -0.468 -0.975 -1.841 -1.568 2.696 2.557 -2.446 -1.763 -0.715
75 F -0.691 -2.393 -1.964 -2.412 3.655 -2.581 -2.674 -2.197 -1.622 2.386 0.52 -2.195 0.335 3.479 -3.144 -0.239 -0.758 -1.094 0.51 1.718
76 I -1.439 -2.879 -3.31 -3.303 -0.174 -3.087 -3.615 -3.48 -2.635 4.143 2.439 -2.653 1.477 0.353 -3.552 -3.12 -1.211 -2.072 -1.253 2.505
77 L -0.203 -1.415 -0.872 -1.569 -0.03 -1.492 -1.753 -1.554 -1.446 0.666 2.117 -1.233 0.787 -0.383 -2.306 1.0 1.886 -2.059 -1.446 0.305
78 L -1.878 -2.493 -3.16 -3.509 -0.637 -3.127 -3.404 -3.178 -1.606 1.362 3.036 -2.827 1.432 4.59 -3.96 -3.127 -1.917 -0.333 1.296 0.497
79 L -1.355 -2.764 -3.199 -3.32 -0.241 -3.072 -3.464 -3.308 -2.314 3.501 2.263 -2.69 1.3 2.442 -3.618 -2.985 -1.263 -1.44 -0.153 2.462
80 L 0.559 -1.962 -2.325 -2.66 0.14 -2.005 -2.437 -2.036 -1.972 1.987 2.128 -1.851 2.227 -0.113 -2.865 -0.876 -0.663 -2.051 -1.274 2.512
81 I -0.92 -2.295 -1.845 -2.295 -0.085 -2.354 -2.727 -2.601 -2.239 3.682 0.99 -1.933 0.757 -0.295 -2.793 -1.249 1.926 -2.213 -1.447 2.19
82 V -0.841 -1.93 -1.727 -2.469 -0.297 -1.903 -2.249 -2.722 4.238 2.911 0.598 -1.977 0.538 -0.361 -3.165 -2.286 -0.995 -2.105 -0.251 3.069
83 L -1.141 -2.601 -3.117 -3.295 -0.148 -2.79 -3.28 -3.297 -1.813 3.457 2.236 -2.508 1.273 0.654 -3.456 -2.849 -1.117 -1.356 1.069 2.763
84 T 0.202 -1.029 0.005 -0.832 0.081 -0.989 -1.178 -1.0 -1.172 -0.591 -1.355 -0.684 -0.711 -1.696 -1.661 1.613 3.785 -2.3 -1.747 -0.111
85 Y -1.841 -1.806 -2.154 -3.051 -1.78 -1.812 -2.392 -2.961 2.076 -0.832 -0.939 -1.902 -0.711 3.32 -3.362 -2.466 -2.118 2.28 6.714 -1.008
86 R -1.745 3.732 -1.518 -2.388 -1.403 -0.806 -1.671 -2.609 -0.611 -0.092 1.312 0.478 0.295 3.139 -3.307 -2.157 -1.719 -1.027 0.335 -0.627
87 L -0.845 -2.043 -1.761 -2.321 -0.31 -2.288 -2.489 -2.252 -1.562 1.752 1.753 -1.964 0.769 3.285 -2.993 -0.433 0.824 -1.05 0.393 1.207
88 L 0.271 -1.812 -2.009 -2.506 0.007 -2.029 -2.44 -2.066 -1.939 1.286 2.995 -1.764 1.344 0.097 -2.72 -1.164 1.33 -1.895 -1.317 0.77
89 S 0.378 -1.131 -0.146 -0.745 -0.256 -1.021 -1.017 -0.778 -0.966 -1.497 -2.07 -0.615 -1.28 -2.157 3.147 2.096 1.969 -2.854 -1.967 -1.023
90 L -0.735 -2.229 -2.107 -2.555 -0.257 -2.472 -2.636 -2.367 -1.686 2.131 1.692 -2.162 0.821 3.298 -3.196 -0.488 -0.794 -1.098 0.414 2.03
91 I -0.484 -0.955 -0.998 -1.576 -0.224 -1.351 -1.674 -1.838 -1.558 2.617 0.219 0.362 0.218 -0.847 -2.307 0.155 2.056 -2.3 -1.567 1.374
92 V -1.308 -2.217 0.543 2.354 -0.761 -2.134 -1.335 -2.179 -1.325 2.335 0.244 -1.894 0.08 2.31 -3.139 -1.93 -1.125 -1.734 -0.306 2.004
93 K -0.633 1.526 -0.359 -0.888 -1.629 0.405 -0.045 -1.331 0.127 -1.924 -2.075 3.868 -1.174 -0.873 -1.848 0.002 -0.845 -1.317 1.611 -1.785
94 I -0.773 -0.511 -1.494 -1.764 -0.657 -1.22 -1.539 -2.069 -1.486 2.862 0.28 1.371 0.187 -0.91 1.41 -0.544 -0.775 -2.564 -1.635 1.348
95 R -0.926 4.182 -0.444 -1.337 -1.967 0.086 -0.749 2.373 -0.327 -2.666 -2.401 2.316 -1.551 -2.618 -2.506 -1.215 -1.507 -2.377 -2.092 -2.314
96 N -1.718 -1.0 3.799 -0.116 -1.782 -1.07 -1.413 -1.204 1.609 -1.586 -1.802 -0.961 -1.311 1.737 -2.92 -1.034 -1.139 0.755 4.759 -1.646
97 N -1.643 -0.398 5.607 1.298 -1.829 -0.51 -0.708 -0.138 0.985 -2.696 -3.135 -0.279 -2.144 -2.357 -2.571 -0.101 -0.434 -2.949 -2.052 -2.544
98 H -1.743 -0.964 -0.536 -1.795 -2.011 -0.846 -1.267 -2.232 6.325 -1.569 -1.614 -1.25 -0.94 1.97 -3.01 -1.96 -2.14 1.018 5.099 -1.811
99 P 0.233 -0.521 -0.189 -0.173 -0.753 -0.287 1.074 -0.856 -0.542 -2.185 -2.51 0.605 -1.574 -2.446 3.141 1.909 0.057 -2.931 -2.01 -1.707
100 P -0.196 -1.184 -0.485 1.411 -1.613 -0.695 0.714 -1.496 4.405 -2.364 -2.663 -0.695 -1.908 -2.287 4.341 -1.146 -1.479 -2.942 -0.798 -2.16
101 L -0.946 -0.877 -0.539 2.077 -0.881 1.717 -0.226 -1.814 -0.734 1.307 1.293 -0.59 0.411 -0.888 -2.608 -0.372 -0.886 -2.336 -1.596 0.266
102 L -1.315 -0.6 -2.233 -2.49 -0.539 -1.483 -2.015 -2.779 -1.782 2.872 2.431 1.206 1.201 -0.03 -2.991 -2.405 -1.285 -2.082 -1.34 1.478
103 N 0.191 -0.629 3.77 0.461 -0.609 -0.58 -0.653 -0.155 0.194 -2.247 -2.672 -0.318 -1.582 -2.144 -1.917 2.359 0.46 -2.744 -1.91 -1.784
104 N -1.099 -1.325 3.792 1.778 -1.221 -1.297 -1.124 1.783 -0.21 0.639 -1.324 -1.035 -1.087 -1.721 -2.776 -0.869 -0.869 -2.779 -2.126 0.436
105 L -0.13 -1.624 -1.277 -1.858 -0.008 -1.705 -1.936 -1.685 -1.571 1.306 2.381 -1.47 1.005 -0.182 -2.588 1.028 -0.207 -2.107 -1.368 1.388
106 I -1.461 -0.206 -1.906 -2.212 -1.163 -1.176 -1.615 -2.37 -1.325 2.449 0.083 1.817 0.045 -0.192 -3.076 -2.224 -1.434 6.733 -0.097 0.953
107 D -1.763 -1.574 1.213 5.811 -2.358 -0.858 1.065 -1.109 -0.522 -2.711 -3.477 -0.815 -2.683 -2.905 -2.275 -0.938 -1.398 -3.517 -3.029 -2.85
108 F -2.04 -2.589 -2.628 -2.436 -1.227 -2.789 -1.144 -2.903 -0.963 1.477 0.599 -2.602 0.269 5.811 -3.989 -2.797 -2.042 0.304 2.274 0.293
109 S 0.606 2.36 0.288 -0.523 -0.356 -0.255 -0.554 -0.492 -0.308 -2.069 -2.248 0.487 -1.194 -2.064 -1.735 2.609 0.566 -2.465 -1.757 -1.484
110 Y -0.345 -1.6 -0.824 -1.656 -1.081 -1.513 -1.844 2.394 0.973 -1.523 -1.714 -1.336 -1.198 1.733 -2.621 0.438 -0.922 0.811 4.774 -1.431
111 K -1.121 2.975 -0.83 -1.387 -1.455 0.123 -0.525 -1.949 -0.584 1.239 -0.638 3.139 -0.369 -1.646 -2.297 -1.433 -1.166 -2.372 -1.648 0.121
112 N -1.228 0.4 3.984 0.594 -1.862 3.244 0.54 -0.725 0.887 -2.45 -2.496 0.578 -1.133 -2.635 -2.344 -0.402 -0.684 -2.532 -1.634 -2.131
113 S 1.085 -0.724 0.514 -0.232 0.089 -0.553 -0.538 -0.089 -0.443 -1.895 -2.312 -0.268 -1.17 -1.926 -1.459 3.203 1.028 -2.532 -1.739 -1.276
114 G -0.845 1.927 2.598 -0.293 -1.827 -0.115 -0.615 2.546 -0.106 -2.602 -2.719 2.567 -1.782 -2.647 -2.299 -0.784 -1.16 -2.606 -2.174 -2.383
115 S 0.899 -1.056 -0.789 -1.319 -0.2 -1.288 -1.392 -0.987 -1.035 1.549 -0.325 0.024 -0.19 1.676 -2.193 1.478 -0.075 -1.777 -0.515 0.539
116 G -0.737 -2.688 -1.489 -2.156 -1.021 -2.81 -3.091 3.96 -1.575 1.469 -0.327 -2.266 -0.481 3.062 -3.33 -1.878 -1.81 -1.194 0.024 0.163
117 Y -1.001 -2.045 -1.993 -2.812 5.916 -2.043 -2.489 -2.58 3.153 0.597 -0.517 -2.11 -0.39 1.384 -3.211 -2.105 -1.446 0.249 4.219 1.346
118 V -0.863 2.027 -1.846 -2.473 -0.539 -1.541 -2.273 0.682 -1.626 2.478 0.858 -0.548 0.413 -0.707 -3.134 -2.099 -1.119 -2.265 -1.59 2.277
119 L -1.158 -2.647 -2.768 -3.134 5.966 -2.944 -3.356 -2.805 -2.248 2.291 2.033 -2.598 0.889 2.052 -3.377 -2.183 -0.233 -1.649 -0.502 1.167
120 L -1.217 -2.421 -2.248 -2.821 -0.716 -2.801 -3.188 2.188 -1.693 0.856 2.567 -2.447 0.972 3.343 -3.578 -2.454 -1.874 -0.955 0.301 0.073
121 L -1.748 -2.377 -3.257 -3.569 -0.44 -2.93 -3.377 -3.275 -1.893 1.631 3.522 -2.692 1.729 3.547 -3.822 -3.154 -1.787 -0.824 0.523 0.751
122 L -1.61 -2.291 -3.081 -3.38 -0.398 -2.589 -3.228 -3.165 -1.761 2.17 3.049 -2.475 2.837 3.181 -3.709 -2.928 -1.586 -0.95 0.316 1.103
123 L -1.569 -2.215 -3.391 -3.649 -0.179 -2.669 -3.334 -3.411 -2.342 1.976 4.084 -2.507 2.104 0.804 -3.633 -3.187 -1.609 -1.679 -1.085 1.077
124 Y -1.841 -1.806 -2.154 -3.051 -1.78 -1.812 -2.392 -2.961 2.076 -0.832 -0.939 -1.902 -0.711 3.32 -3.362 -2.466 -2.118 2.28 6.714 -1.008
125 C -0.707 -2.619 -1.922 -2.447 5.937 -2.789 -2.96 0.859 -1.718 1.693 0.022 -2.351 -0.143 3.101 -3.204 -0.649 -1.132 -1.317 0.127 0.56
126 L -1.409 -2.611 -3.157 -3.437 3.368 -3.061 -3.414 -3.116 -2.035 2.183 2.605 -2.757 1.252 3.41 -3.71 -2.872 -1.518 -1.011 0.427 1.621
127 G 1.633 -2.142 -0.729 -1.438 -0.705 -1.979 -2.259 5.146 -1.436 -2.44 -2.789 -1.457 -2.132 -2.476 -2.423 -0.592 -1.495 -2.469 -2.761 -1.805
128 V -0.538 -2.437 -3.06 -3.3 0.196 -2.629 -3.02 -3.085 -2.781 2.777 2.085 -2.439 1.187 -0.067 -3.302 -2.508 -0.723 -2.213 -1.255 3.679
129 L -1.081 -2.44 -3.105 -3.276 -0.05 -2.565 -3.204 -3.219 -2.388 3.302 2.519 -2.397 2.484 0.282 -3.441 -2.762 -1.061 -1.973 -1.186 2.711
130 L -0.838 -2.217 -2.182 -2.52 -0.142 -2.274 -2.722 -2.519 -1.976 3.341 2.224 -2.001 2.012 0.128 -3.081 -0.544 -0.732 -2.043 -1.286 1.881
131 Y -1.841 -1.806 -2.154 -3.051 -1.78 -1.812 -2.392 -2.961 2.076 -0.832 -0.939 -1.902 -0.711 3.32 -3.362 -2.466 -2.118 2.28 6.714 -1.008
132 I -0.695 -2.327 -2.076 -2.494 0.04 -2.396 -2.747 -2.674 -2.407 3.452 0.937 -2.036 0.748 -0.355 -2.878 -1.459 1.497 -2.271 -1.413 2.91
133 L -1.279 -0.296 -1.983 -2.417 -0.662 -0.992 -1.709 -2.543 -0.789 1.05 2.536 1.324 3.098 0.523 -2.926 -2.124 -1.375 -1.129 1.089 0.37
134 K -0.836 0.918 2.675 0.054 -1.711 3.116 0.538 -0.961 0.484 -2.319 -2.364 2.2 -1.06 -2.699 -2.093 0.013 -0.668 -2.514 -1.656 -1.997
135 N -1.688 -0.443 5.703 1.253 -1.875 -0.555 -0.754 -0.183 0.94 -2.741 -3.18 -0.324 -2.19 -2.403 -2.616 -0.146 -0.48 -2.995 -2.097 -2.589
136 G 0.061 -2.386 -0.468 -1.351 -1.349 -2.224 -2.651 5.836 -1.505 -3.244 -3.489 -1.679 -2.695 -2.707 -2.808 -1.031 -1.948 -2.469 -3.177 -2.893
137 I -1.074 -2.963 -3.204 -3.205 -0.048 -3.069 -3.496 -3.367 -2.789 4.271 1.482 -2.632 1.139 0.047 -3.446 -2.886 -0.934 -2.263 -1.314 3.239
138 A 3.483 -1.308 -0.982 -1.284 0.511 -1.142 -1.122 0.232 -1.033 -1.093 -1.571 -0.726 -0.977 -1.9 -1.504 1.48 -0.02 -2.496 -1.784 -0.187
139 F -2.005 -2.608 -3.088 -3.466 -0.829 -3.319 -3.436 -3.104 -1.386 1.096 2.548 -2.959 1.137 5.271 -4.095 -3.112 -2.043 0.025 1.823 0.248
140 G 0.061 -2.386 -0.468 -1.351 -1.349 -2.224 -2.651 5.836 -1.505 -3.244 -3.489 -1.679 -2.695 -2.707 -2.808 -1.031 -1.948 -2.469 -3.177 -2.893
141 L 1.247 -2.062 -1.965 -2.398 -0.179 -2.175 -2.537 2.434 -1.815 0.664 2.391 -1.811 0.796 -0.339 -2.755 -1.331 -1.345 -2.047 -1.667 0.216
142 G 0.29 -1.31 0.467 2.674 -0.743 -1.009 -0.42 2.683 -0.731 -2.417 -2.874 -0.74 -1.867 -2.367 -1.981 1.934 -0.053 -2.764 -2.377 -2.001
143 Y -1.841 -1.806 -2.154 -3.051 -1.78 -1.812 -2.392 -2.961 2.076 -0.832 -0.939 -1.902 -0.711 3.32 -3.362 -2.466 -2.118 2.28 6.714 -1.008
144 N -1.485 -0.367 4.988 1.314 -2.006 0.038 1.682 -0.538 0.806 -2.754 -3.061 -0.049 -2.082 -2.459 -2.423 -0.301 -0.67 -2.839 -2.056 -2.476
145 D 1.434 -1.146 0.29 3.571 -0.702 -0.532 1.176 -0.521 -0.559 -1.97 -2.46 -0.49 -1.672 -2.357 -1.836 1.075 -0.396 -2.854 -2.224 -1.405
146 R -1.563 5.563 -0.491 -1.592 -2.288 0.489 -0.589 -2.157 0.07 -2.64 -2.056 1.99 -1.252 -2.501 -2.733 -1.435 -1.482 -2.263 -1.801 -2.19
147 L -1.527 -2.418 -3.366 -3.532 -0.179 -2.801 -3.425 -3.435 -2.436 2.884 3.64 -2.555 1.911 0.662 -3.608 -3.166 -1.474 -1.804 -1.14 1.625
148 T -0.014 -0.679 -0.056 0.211 -0.547 0.031 2.111 -1.169 -0.496 -1.306 -1.855 -0.132 -1.084 -2.009 -1.723 1.317 2.561 -2.368 -1.813 -0.783
149 A 2.475 0.424 -0.855 -1.082 -0.372 2.066 -0.021 -0.411 -0.382 -1.456 -1.719 1.945 -0.857 -2.347 -1.713 -0.14 -0.738 -2.429 -1.667 -0.73
150 N -1.688 -0.443 5.703 1.253 -1.875 -0.555 -0.754 -0.183 0.94 -2.741 -3.18 -0.324 -2.19 -2.403 -2.616 -0.146 -0.48 -2.995 -2.097 -2.589
151 T 1.743 -1.119 -0.288 -0.975 0.231 -1.039 -1.159 -0.528 -1.125 -0.749 -1.425 -0.698 -0.797 -1.762 -1.608 1.569 2.978 -2.364 -1.759 -0.136
152 G 0.061 -2.386 -0.468 -1.351 -1.349 -2.224 -2.651 5.836 -1.505 -3.244 -3.489 -1.679 -2.695 -2.707 -2.808 -1.031 -1.948 -2.469 -3.177 -2.893
153 G 0.061 -2.386 -0.468 -1.351 -1.349 -2.224 -2.651 5.836 -1.505 -3.244 -3.489 -1.679 -2.695 -2.707 -2.808 -1.031 -1.948 -2.469 -3.177 -2.893
154 G 0.061 -2.386 -0.468 -1.351 -1.349 -2.224 -2.651 5.836 -1.505 -3.244 -3.489 -1.679 -2.695 -2.707 -2.808 -1.031 -1.948 -2.469 -3.177 -2.893
155 L -1.548 -2.315 -3.378 -3.59 -0.179 -2.734 -3.379 -3.423 -2.389 2.466 3.87 -2.531 2.009 0.734 -3.62 -3.177 -1.541 -1.741 -1.112 1.364
156 S 2.1 -0.938 0.061 -0.575 0.208 -0.768 -0.752 -0.007 -0.659 -1.629 -2.07 -0.444 -1.134 -1.948 -1.504 2.858 0.685 -2.55 -1.784 -0.891
157 I -1.405 -3.129 -3.291 -3.209 -0.179 -3.238 -3.715 -3.508 -2.74 4.595 1.648 -2.707 1.243 0.189 -3.533 -3.105 -1.103 -2.213 -1.314 2.832
158 I -1.405 -3.129 -3.291 -3.209 -0.179 -3.238 -3.715 -3.508 -2.74 4.595 1.648 -2.707 1.243 0.189 -3.533 -3.105 -1.103 -2.213 -1.314 2.832
159 L -1.569 -2.215 -3.391 -3.649 -0.179 -2.669 -3.334 -3.411 -2.342 1.976 4.084 -2.507 2.104 0.804 -3.633 -3.187 -1.609 -1.679 -1.085 1.077
160 L -1.109 -1.412 -2.388 -2.842 -0.197 -1.08 -2.382 -2.612 -0.997 1.575 2.107 -1.481 5.752 0.439 -3.271 -2.045 -1.074 -1.335 -0.861 0.961
161 Y -1.841 -1.806 -2.154 -3.051 -1.78 -1.812 -2.392 -2.961 2.076 -0.832 -0.939 -1.902 -0.711 3.32 -3.362 -2.466 -2.118 2.28 6.714 -1.008
162 A 3.194 -1.211 -0.684 -1.09 0.438 -1.044 -1.025 0.174 -0.935 -1.218 -1.688 -0.653 -1.016 -1.912 -1.504 1.891 0.173 -2.509 -1.784 -0.347
163 Y -1.963 -2.048 -2.321 -3.121 -1.681 -2.209 -2.634 -2.946 1.575 -0.522 -0.494 -2.199 -0.463 4.524 -3.603 -2.603 -2.186 1.979 6.13 -0.883
164 V -0.777 -2.806 -3.12 -3.201 0.077 -2.91 -3.292 -3.234 -2.84 3.907 1.306 -2.558 1.031 -0.102 -3.362 -2.682 -0.775 -2.313 -1.314 3.596
165 P -0.865 -2.042 -1.962 -1.592 -1.486 -1.962 -1.651 -1.881 -1.636 -2.346 -2.779 -1.093 -2.432 -3.364 6.692 -1.48 -1.377 -4.578 -2.664 -2.19
166 A 3.051 -1.759 -1.554 -1.81 6.051 -1.633 -1.672 -0.176 -1.468 -0.948 -1.388 -1.21 -0.99 -1.932 -1.849 0.675 -0.411 -2.662 -2.011 -0.169
167 L -0.547 -1.75 -1.671 -2.159 -0.126 -1.695 -2.232 -2.055 -1.494 2.383 2.143 -1.589 3.074 0.042 -2.843 0.254 -0.512 -1.912 -1.241 1.241
168 I -1.445 -2.872 -3.316 -3.313 -0.179 -3.085 -3.615 -3.483 -2.635 4.129 2.474 -2.656 1.483 0.356 -3.558 -3.125 -1.222 -2.07 -1.255 2.483
169 L -0.842 -2.361 -3.166 -3.412 0.077 -2.642 -3.121 -3.19 -2.627 2.534 2.915 -2.461 1.526 0.254 -3.408 -2.717 -0.99 -2.024 -1.197 3.042
170 L 0.964 -2.268 -2.637 -2.863 -0.292 -2.507 -2.695 -1.837 -1.049 1.753 1.763 -2.139 0.731 3.471 -3.051 -1.717 -1.381 -0.505 1.926 0.831
171 Y -1.963 -2.048 -2.321 -3.121 -1.681 -2.209 -2.634 -2.946 1.575 -0.522 -0.494 -2.199 -0.463 4.524 -3.603 -2.603 -2.186 1.979 6.13 -0.883
172 L -0.605 -2.139 -1.826 -2.227 -0.122 -2.209 -2.497 -2.219 -1.912 3.247 2.036 -1.86 1.075 -0.028 -2.897 0.152 -0.518 -2.153 -1.363 1.783
173 R -0.284 2.272 1.417 -0.793 -0.665 -0.697 -1.132 -1.165 -0.494 1.3 -0.745 0.125 -0.465 -1.399 -2.345 1.278 -0.139 -2.449 -1.699 0.201
174 K -1.324 1.807 -1.266 -1.816 -1.329 -0.382 -1.032 -2.088 -0.53 -0.204 0.146 2.403 2.555 3.083 -2.725 -1.677 -1.421 -1.027 0.367 -0.641
175 P 0.275 -1.491 2.262 -0.591 -1.196 -1.468 -1.36 -1.024 -0.709 -2.199 -2.645 -0.855 -2.132 -2.879 5.414 -0.804 -1.003 -3.782 -2.392 -1.863
176 T 0.284 -0.88 1.735 -0.334 -0.113 -0.825 -0.955 -0.639 -0.633 -1.109 -1.777 -0.536 -0.991 -1.847 -1.721 2.047 2.915 -2.451 -1.799 -0.622
177 K -1.072 3.74 -0.36 -1.005 -2.097 0.685 0.022 -1.61 -0.153 -2.305 -2.196 3.93 -1.252 -2.719 -2.016 -1.074 -1.229 -2.469 -1.812 -2.081
178 L -0.456 -0.243 -0.884 -1.439 -0.588 -0.935 -1.227 -1.574 -1.021 1.22 0.625 1.461 0.121 1.735 -2.347 0.598 0.365 -1.689 -0.48 0.279
179 G -0.441 2.31 2.646 -0.317 -1.218 -0.609 -1.098 2.59 -0.172 -2.372 -2.565 0.205 -1.698 -2.346 -2.386 0.535 0.265 -2.532 -2.158 -1.969
180 L -1.752 -2.292 -3.099 -3.502 -0.565 -2.753 -3.232 -3.24 -0.998 1.433 3.252 -2.573 1.533 3.444 -3.752 -3.06 -1.819 -0.224 2.414 0.596
181 I -1.434 -2.994 -3.143 -3.24 -0.367 -3.298 -3.553 -3.277 -2.162 3.774 1.319 -2.811 0.954 3.358 -3.695 -2.982 -1.283 -1.126 0.426 2.539
182 L -1.028 -2.307 -2.823 -3.141 -0.026 -2.574 -3.067 -3.082 -2.454 2.751 2.924 -2.33 1.517 0.28 -3.293 -2.369 -0.043 -1.979 -1.228 2.443
183 C 1.738 -1.815 -1.117 -1.638 7.335 -1.715 -1.799 -0.663 -1.51 -1.13 -1.525 -1.362 -1.089 -1.982 -2.105 1.336 -0.167 -2.814 -2.173 -0.543
184 L -1.38 -2.23 -2.594 -3.062 -0.353 -2.66 -3.015 -2.906 -1.82 1.526 2.9 -2.394 1.359 3.433 -3.443 -2.231 0.14 -0.911 0.47 1.142
185 L 1.186 -2.531 -2.749 -2.866 6.006 -2.601 -2.902 -1.732 -2.274 2.462 1.364 -2.185 0.554 -0.54 -2.828 -1.486 -1.056 -2.403 -1.701 1.367
186 L -1.682 -2.257 -3.117 -3.458 -0.442 -2.653 -3.238 -3.168 -1.715 1.578 3.296 -2.532 2.619 3.53 -3.771 -2.986 -1.71 -0.79 0.539 0.735
187 A 1.836 -1.565 -0.685 -1.268 6.008 -1.433 -1.498 1.024 -1.23 -1.391 -1.795 -1.075 -1.202 -2.023 -1.949 1.73 -0.003 -2.696 -2.113 -0.759
188 I -0.707 -2.338 -1.852 -2.331 -0.1 -2.385 -2.752 -0.019 -2.274 3.343 0.781 -1.985 0.592 -0.457 -2.858 -1.381 1.437 -2.267 -1.534 2.462
189 F -1.343 -2.66 -3.033 -3.386 3.339 -3.172 -3.341 -2.973 -1.775 1.567 1.9 -2.85 0.861 4.423 -3.79 -2.75 -1.53 -0.541 1.171 1.779
190 C -0.979 -3.212 -2.958 -3.412 8.57 -3.616 -3.798 -2.41 -2.087 -0.384 -0.441 -3.204 -0.615 3.666 -3.593 -2.085 -1.656 -1.205 0.433 -0.47
191 G 0.061 -2.386 -0.468 -1.351 -1.349 -2.224 -2.651 5.836 -1.505 -3.244 -3.489 -1.679 -2.695 -2.707 -2.808 -1.031 -1.948 -2.469 -3.177 -2.893
192 L -0.4 -1.8 -1.541 -2.086 -0.034 -1.91 -2.2 -2.001 -1.777 1.998 2.374 -1.648 1.08 -0.1 -2.712 0.386 0.415 -2.082 -1.356 1.568
193 L -1.11 -2.72 -3.228 -3.309 -0.048 -2.925 -3.403 -3.344 -2.683 3.745 2.35 -2.582 1.388 0.222 -3.47 -2.904 -1.046 -2.117 -1.255 2.939
194 Y -1.841 -1.806 -2.154 -3.051 -1.78 -1.812 -2.392 -2.961 2.076 -0.832 -0.939 -1.902 -0.711 3.32 -3.362 -2.466 -2.118 2.28 6.714 -1.008
195 Y -1.841 -1.806 -2.154 -3.051 -1.78 -1.812 -2.392 -2.961 2.076 -0.832 -0.939 -1.902 -0.711 3.32 -3.362 -2.466 -2.118 2.28 6.714 -1.008
196 I -1.276 -2.639 -2.91 -3.166 -0.406 -2.712 -3.194 -3.271 -0.647 3.637 1.057 -2.437 0.785 1.277 -3.432 -2.792 -1.203 -0.323 3.206 2.582
197 V -0.508 -2.657 -3.038 -3.197 0.196 -2.759 -3.101 -3.106 -2.891 3.489 1.118 -2.487 0.919 -0.26 -3.28 -2.491 -0.623 -2.364 -1.314 3.914
198 I -1.405 -3.129 -3.291 -3.209 -0.179 -3.238 -3.715 -3.508 -2.74 4.595 1.648 -2.707 1.243 0.189 -3.533 -3.105 -1.103 -2.213 -1.314 2.832
199 G 0.061 -2.386 -0.468 -1.351 -1.349 -2.224 -2.651 5.836 -1.505 -3.244 -3.489 -1.679 -2.695 -2.707 -2.808 -1.031 -1.948 -2.469 -3.177 -2.893
200 G 0.061 -2.386 -0.468 -1.351 -1.349 -2.224 -2.651 5.836 -1.505 -3.244 -3.489 -1.679 -2.695 -2.707 -2.808 -1.031 -1.948 -2.469 -3.177 -2.893
201 S 1.039 -0.77 0.468 -0.277 0.044 -0.598 -0.584 -0.135 -0.489 -1.94 -2.357 -0.314 -1.215 -1.972 -1.504 3.359 0.982 -2.578 -1.784 -1.321
202 R -1.563 5.563 -0.491 -1.592 -2.288 0.489 -0.589 -2.157 0.07 -2.64 -2.056 1.99 -1.252 -2.501 -2.733 -1.435 -1.482 -2.263 -1.801 -2.19
203 N -1.688 -0.443 5.703 1.253 -1.875 -0.555 -0.754 -0.183 0.94 -2.741 -3.18 -0.324 -2.19 -2.403 -2.616 -0.146 -0.48 -2.995 -2.097 -2.589
204 V -0.538 -2.437 -3.06 -3.3 0.196 -2.629 -3.02 -3.085 -2.781 2.777 2.085 -2.439 1.187 -0.067 -3.302 -2.508 -0.723 -2.213 -1.255 3.679
205 L -1.447 -1.992 -3.106 -3.425 -0.183 -2.182 -3.065 -3.19 -1.943 1.881 3.702 -2.214 3.523 0.717 -3.538 -2.856 -1.466 -1.589 -1.027 1.049
206 G 2.645 -1.916 -1.015 -1.528 -0.179 -1.753 -1.914 4.237 -1.369 -1.812 -2.226 -1.25 -1.662 -2.262 -2.083 -0.211 -1.103 -2.469 -2.397 -1.017
207 A 3.986 -1.512 -1.691 -1.716 0.651 -1.349 -1.327 0.345 -1.24 -0.859 -1.35 -0.877 -0.902 -1.877 -1.504 0.426 -0.451 -2.469 -1.784 0.11
208 G 1.633 -2.142 -0.729 -1.438 -0.705 -1.979 -2.259 5.146 -1.436 -2.44 -2.789 -1.457 -2.132 -2.476 -2.423 -0.592 -1.495 -2.469 -2.761 -1.805
209 V -0.424 -2.609 -3.011 -3.196 0.235 -2.711 -3.04 -3.065 -2.908 3.335 1.052 -2.463 0.881 -0.315 -3.253 -2.43 -0.575 -2.381 -1.314 4.012
210 F -2.143 -2.73 -3.006 -3.416 -1.045 -3.535 -3.466 -3.022 -1.163 0.786 1.901 -3.103 0.789 5.857 -4.242 -3.091 -2.18 0.371 2.304 -0.041
211 A 1.912 -1.308 -0.583 -1.135 0.274 -1.182 -1.212 -0.476 -1.134 0.399 -0.944 -0.864 -0.499 -1.481 -1.844 2.005 0.348 -2.509 -1.659 1.441
212 L -1.527 -2.418 -3.366 -3.532 -0.179 -2.801 -3.425 -3.435 -2.436 2.884 3.64 -2.555 1.911 0.662 -3.608 -3.166 -1.474 -1.804 -1.14 1.625
213 I -0.788 -2.37 -2.095 -2.495 -0.002 -2.439 -2.802 -2.71 -2.393 3.599 1.005 -2.056 0.789 -0.3 -2.901 -1.502 1.474 -2.254 -1.413 2.764
214 Y -1.881 -1.884 -2.209 -3.074 -1.747 -1.938 -2.47 -2.956 1.918 -0.725 -0.782 -1.997 -0.626 3.779 -3.44 -2.511 -2.14 2.183 6.532 -0.966
215 L -1.618 -2.142 -2.984 -3.351 -0.445 -2.401 -3.104 -3.064 -1.548 1.524 3.051 -2.381 3.299 3.513 -3.721 -2.827 -1.635 -0.756 0.556 0.718
216 A 3.704 -1.608 -1.506 -1.668 0.465 -1.445 -1.463 1.899 -1.271 -1.069 -1.545 -0.966 -1.074 -1.968 -1.638 0.279 -0.601 -2.469 -1.926 -0.133
217 L -1.228 -2.242 -2.92 -3.337 -0.358 -2.457 -2.995 -3.191 -0.57 2.183 2.511 -2.337 1.204 1.436 -3.443 -2.754 -1.346 -0.207 3.226 2.107
218 L -1.534 -1.863 -1.606 0.985 -0.976 -1.461 0.118 -2.738 -0.101 2.011 1.595 -1.565 0.56 1.136 -3.088 -2.256 -1.53 -0.313 3.169 0.782
219 Y -1.486 1.539 -1.125 -1.698 -1.838 1.91 -0.518 -2.206 0.915 -1.222 -1.096 1.091 -0.591 3.032 -2.836 -1.687 -1.627 0.479 4.116 -1.346
220 K -0.934 2.811 -0.32 -0.843 -2.04 0.744 0.189 -1.458 -0.227 -2.208 -2.241 4.341 -1.252 -2.79 -1.825 -0.97 -1.154 -2.536 -1.815 -2.047
221 H -1.281 -0.806 2.614 -0.561 -1.335 -0.736 -1.031 -1.481 6.199 0.002 -1.343 -0.983 -0.765 -1.059 -2.835 -1.305 -1.233 -2.024 0.432 0.858
222 I -1.445 -2.872 -3.316 -3.313 -0.179 -3.085 -3.615 -3.483 -2.635 4.129 2.474 -2.656 1.483 0.356 -3.558 -3.125 -1.222 -2.07 -1.255 2.483
223 S -0.174 1.527 2.725 -0.078 -0.792 -0.299 -0.619 -0.666 -0.086 -1.838 -2.222 1.179 -1.31 -2.168 -1.952 1.503 1.333 -2.568 -1.857 -1.417
224 K -1.135 0.544 -1.428 -1.756 -0.95 -0.55 -1.051 -2.238 -1.218 2.439 0.984 2.789 0.428 -0.819 -2.492 -1.81 -1.166 -2.313 -1.522 1.032
225 K -1.042 1.612 2.622 -0.105 -1.973 0.498 0.058 -1.025 0.082 -2.288 -2.471 3.903 -1.46 -2.72 -1.916 -0.699 -0.939 -2.676 -1.885 -2.158
226 E -1.102 0.706 -0.55 -0.131 -1.973 2.801 2.105 -1.778 0.184 -1.74 -1.586 2.119 -0.789 1.898 -2.248 -1.103 -1.307 -1.537 -0.215 -1.683
227 L -1.146 -2.495 -3.252 -3.416 -0.048 -2.787 -3.313 -3.321 -2.58 3.1 3.017 -2.532 1.617 0.386 -3.494 -2.923 -1.162 -1.979 -1.197 2.603
228 I 1.264 -2.443 -2.645 -2.745 -0.148 -2.624 -2.732 -1.689 -1.685 2.641 1.152 -2.144 0.594 3.255 -2.947 -1.571 -1.191 -1.125 0.367 1.414
229 L -1.03 -2.522 -3.215 -3.379 -0.006 -2.782 -3.276 -3.284 -2.63 3.169 2.775 -2.525 1.512 0.288 -3.457 -2.847 -1.065 -2.039 -1.216 2.867
230 L 1.067 -2.415 -2.821 -2.846 0.052 -2.513 -2.834 -1.962 -2.196 3.301 2.101 -2.088 1.112 -0.015 -2.897 -1.761 -1.037 -2.129 -1.363 1.937
231 L 0.232 -1.383 -0.585 -1.22 -0.047 -1.345 -1.468 -1.101 -1.164 1.38 1.324 -1.057 0.422 -0.634 -2.201 2.012 0.213 -2.267 -1.514 0.47
232 G 2.069 -2.035 -1.727 -2.11 0.064 -1.993 -2.199 2.573 -1.788 0.79 0.447 -1.587 -0.112 -1.137 -2.401 -0.78 -0.903 -2.345 -1.834 1.589
233 C -0.713 -2.685 -2.716 -3.058 6.389 -2.827 -3.248 -2.718 -2.667 2.626 1.279 -2.507 0.624 -0.508 -3.177 -1.965 0.03 -2.455 -1.682 2.353
234 G -0.064 -2.602 -0.923 -1.75 5.891 -2.492 -2.925 5.065 -1.809 -2.397 -2.679 -1.981 -2.209 -2.53 -2.909 -1.184 -1.785 -2.648 -3.085 -2.058
235 V -0.595 -2.622 -3.069 -3.364 6.009 -2.824 -3.253 -2.858 -2.789 2.144 1.833 -2.605 0.864 -0.355 -3.311 -2.33 -0.934 -2.39 -1.558 2.889
236 L -0.884 -2.35 -2.951 -3.259 -0.082 -2.546 -3.018 -3.003 -2.087 2.308 2.007 -2.428 2.258 2.609 -3.477 -2.554 -1.023 -1.318 0.025 2.928
237 A 2.116 -1.15 -0.393 -1.024 0.28 -1.056 -1.153 -0.387 -1.109 -0.804 -1.449 -0.703 -0.826 -1.785 -1.59 1.555 2.649 -2.385 -1.764 -0.144
238 L -1.569 -2.215 -3.391 -3.649 -0.179 -2.669 -3.334 -3.411 -2.342 1.976 4.084 -2.507 2.104 0.804 -3.633 -3.187 -1.609 -1.679 -1.085 1.077
239 I -1.115 -2.224 -2.842 -3.049 -0.12 -2.08 -2.993 -3.038 -1.901 3.468 1.772 -2.101 3.948 0.228 -3.379 -2.521 -1.006 -1.836 -1.116 2.453
240 L -0.86 -2.538 -2.282 -2.733 -0.358 -2.693 -3.194 2.172 -2.276 2.678 2.189 -2.318 0.977 -0.125 -3.323 -2.363 -1.366 -2.105 -1.59 1.837
241 L -1.447 -1.992 -3.106 -3.425 -0.183 -2.182 -3.065 -3.19 -1.943 1.881 3.702 -2.214 3.523 0.717 -3.538 -2.856 -1.466 -1.589 -1.027 1.049
242 E -0.66 -0.568 -0.392 0.998 -2.126 0.757 3.807 2.362 -0.002 -2.899 -2.903 0.218 -1.985 -2.654 -2.11 -0.871 -1.472 -2.429 -2.2 -2.328
243 L 1.05 -2.212 -2.842 -2.937 0.052 -2.393 -2.76 -1.947 -2.109 2.534 2.821 -2.046 1.364 0.163 -2.917 -1.774 -1.153 -1.99 -1.303 1.45
244 Y -1.771 -1.903 -2.417 -3.189 -1.289 -2.004 -2.6 -3.067 1.447 0.163 1.304 -2.041 0.287 2.866 -3.427 -2.63 -1.982 1.684 5.948 -0.33
245 R -1.563 5.563 -0.491 -1.592 -2.288 0.489 -0.589 -2.157 0.07 -2.64 -2.056 1.99 -1.252 -2.501 -2.733 -1.435 -1.482 -2.263 -1.801 -2.19
246 Y -1.841 -1.806 -2.154 -3.051 -1.78 -1.812 -2.392 -2.961 2.076 -0.832 -0.939 -1.902 -0.711 3.32 -3.362 -2.466 -2.118 2.28 6.714 -1.008
247 G 1.755 -1.707 -0.887 -1.454 0.007 -1.589 -1.711 2.643 -1.415 0.28 -1.091 -1.214 -0.734 -1.621 -2.155 0.924 -0.29 -2.482 -1.936 1.322
248 N -0.731 -0.522 5.025 0.94 -1.263 -0.566 -0.71 -0.171 0.644 -2.519 -2.951 -0.322 -1.914 -2.289 -2.295 1.196 -0.039 -2.885 -2.016 -2.216
249 N -0.49 -0.809 3.832 3.033 -1.178 -0.653 -0.15 -0.379 0.179 -2.451 -2.952 -0.445 -1.937 -2.372 -2.129 1.431 -0.079 -2.974 -2.195 -2.163
250 I -1.751 -2.923 -3.145 -3.311 -0.579 -3.383 -3.588 -3.255 -1.845 3.278 1.777 -2.898 1.025 4.235 -3.866 -3.098 -1.592 -0.641 1.029 1.739
251 S 0.252 -0.904 1.873 1.662 -0.351 -0.755 -0.516 -0.522 -0.47 -1.568 -2.173 -0.499 -1.283 -2.029 -1.771 2.176 2.007 -2.634 -1.943 -1.108
252 D -1.566 -1.175 0.856 5.248 -2.411 -0.167 2.381 -1.338 -0.303 -2.763 -3.302 -0.402 -2.46 -2.867 -2.21 -0.94 -1.413 -3.228 -2.743 -2.692
253 A 2.582 -1.97 -2.255 -2.361 0.486 -1.913 -2.016 -0.864 -1.968 1.673 0.0 -1.545 0.075 -1.062 -2.229 -0.63 -0.465 -2.442 -1.539 2.826
254 L -1.507 -2.525 -3.353 -3.476 -0.179 -2.869 -3.471 -3.447 -2.485 3.249 3.39 -2.58 1.81 0.589 -3.595 -3.156 -1.409 -1.868 -1.168 1.865
255 D -0.914 -1.049 3.264 4.321 -1.565 -0.732 0.294 -0.615 -0.026 -2.561 -3.142 -0.576 -2.193 -2.559 -2.207 0.758 -0.492 -3.163 -2.464 -2.407
256 F -1.995 -2.466 -2.755 -3.209 -1.051 -2.896 -3.184 -2.827 -0.891 0.641 1.016 -2.747 2.792 5.842 -4.125 -2.77 -2.007 0.416 2.322 -0.083
257 I -1.631 -2.99 -3.193 -3.277 -0.44 -3.334 -3.63 -3.336 -2.113 3.787 1.735 -2.833 1.099 3.4 -3.751 -3.1 -1.42 -1.076 0.437 2.151
258 L -0.417 -1.457 -1.301 -1.924 -0.091 -1.434 -1.951 -1.817 -1.331 1.007 2.352 -1.355 3.052 -0.045 -2.613 0.541 0.754 -1.846 -1.26 0.491
259 N -0.013 -0.602 4.138 0.588 -0.759 -0.577 -0.667 -0.159 0.313 -2.313 -2.739 -0.319 -1.662 -2.179 -2.007 2.109 0.343 -2.779 -1.936 -1.886
260 G -0.16 -1.646 -0.443 -0.341 -1.585 -0.862 1.195 5.07 -0.913 -3.124 -3.28 -0.9 -2.439 -2.689 -2.556 -0.977 -1.78 -2.455 -2.813 -2.692
261 G 0.339 -1.89 -0.204 -1.043 -0.933 -1.724 -1.98 5.125 -1.215 -2.859 -3.162 -1.273 -2.248 -2.505 -2.423 0.813 -0.895 -2.496 -2.761 -2.413
262 I -0.299 -1.948 -1.462 -1.965 -0.138 -1.838 -2.245 0.253 -1.629 2.801 0.794 -1.615 2.225 -0.431 -2.754 0.34 -0.401 -2.173 -1.458 1.938
263 K -0.727 0.626 -0.711 -0.481 -1.265 2.719 1.549 -1.854 -0.186 0.116 -1.081 2.051 -0.405 -2.032 -2.222 -1.138 -0.938 -2.385 -1.53 1.076
264 V -0.067 -1.89 -1.632 -2.116 0.127 -1.822 -2.148 -1.977 -1.842 2.493 0.708 -1.651 1.904 -0.515 -2.714 0.351 -0.159 -2.269 -1.361 2.981
265 L -1.459 -2.791 -3.324 -3.348 -0.179 -3.036 -3.583 -3.475 -2.601 3.955 2.704 -2.639 1.559 0.409 -3.566 -3.132 -1.262 -2.024 -1.235 2.356
266 L 0.02 -1.403 -0.859 -1.496 -0.065 -1.452 -1.643 -1.331 -1.269 0.637 2.378 -1.207 0.897 -0.262 -2.376 1.643 -0.032 -2.093 -1.413 0.12
267 F -2.363 -2.925 -2.889 -3.343 -1.403 -3.893 -3.511 -2.903 -0.857 0.248 0.536 -3.333 0.173 6.559 -4.477 -3.059 -2.399 0.823 2.902 -0.536
268 A 3.059 -1.801 -1.834 -1.954 0.42 -1.696 -1.772 -0.377 -1.566 1.697 -0.249 -1.232 -0.176 -1.188 -1.913 -0.108 0.312 -2.381 -1.655 1.07
269 F -2.143 -2.73 -3.006 -3.416 -1.045 -3.535 -3.466 -3.022 -1.163 0.786 1.901 -3.103 0.789 5.857 -4.242 -3.091 -2.18 0.371 2.304 -0.041
270 E -1.139 -0.453 0.101 3.331 -2.43 0.902 3.999 -1.748 0.158 -2.783 -2.909 0.339 -1.991 -2.711 -2.007 -0.859 -1.357 -2.662 -2.181 -2.328
271 S 1.039 -0.77 0.468 -0.277 0.044 -0.598 -0.584 -0.135 -0.489 -1.94 -2.357 -0.314 -1.215 -1.972 -1.504 3.359 0.982 -2.578 -1.784 -1.321
272 F -2.363 -2.925 -2.889 -3.343 -1.403 -3.893 -3.511 -2.903 -0.857 0.248 0.536 -3.333 0.173 6.559 -4.477 -3.059 -2.399 0.823 2.902 -0.536
273 S 1.039 -0.77 0.468 -0.277 0.044 -0.598 -0.584 -0.135 -0.489 -1.94 -2.357 -0.314 -1.215 -1.972 -1.504 3.359 0.982 -2.578 -1.784 -1.321
274 P -0.865 -2.042 -1.962 -1.592 -1.486 -1.962 -1.651 -1.881 -1.636 -2.346 -2.779 -1.093 -2.432 -3.364 6.692 -1.48 -1.377 -4.578 -2.664 -2.19
275 L -1.204 -1.879 -2.659 -2.96 -0.191 -1.637 -2.762 -2.881 -1.469 2.96 1.962 -1.835 4.869 0.358 -3.356 -2.357 -1.084 -1.599 -1.004 1.727
276 H -1.908 -1.191 -0.677 -1.886 -1.948 -1.174 -1.477 -2.266 6.286 -1.214 -1.1 -1.533 -0.715 3.685 -3.271 -2.122 -2.255 0.484 4.091 -1.69
277 A 3.483 -1.308 -0.982 -1.284 0.511 -1.142 -1.122 0.232 -1.033 -1.093 -1.571 -0.726 -0.977 -1.9 -1.504 1.48 -0.02 -2.496 -1.784 -0.187
278 V -0.508 -2.657 -3.038 -3.197 0.196 -2.759 -3.101 -3.106 -2.891 3.489 1.118 -2.487 0.919 -0.26 -3.28 -2.491 -0.623 -2.364 -1.314 3.914
279 L -1.296 -0.657 -2.224 -2.45 -0.539 -1.526 -2.043 -2.789 -1.821 3.239 2.041 1.2 1.071 -0.124 -2.981 -2.397 -1.224 -2.153 -1.37 1.73
280 N -1.717 -0.695 5.066 3.239 -1.998 -0.638 -0.198 -0.397 0.631 -2.744 -3.261 -0.449 -2.315 -2.53 -2.539 -0.334 -0.692 -3.126 -2.312 -2.662
281 I -1.405 -3.129 -3.291 -3.209 -0.179 -3.238 -3.715 -3.508 -2.74 4.595 1.648 -2.707 1.243 0.189 -3.533 -3.105 -1.103 -2.213 -1.314 2.832
282 N -0.678 -1.01 3.987 0.225 -0.83 -1.041 -1.207 -0.71 0.001 1.265 -0.951 -0.758 -0.707 -1.423 -2.477 0.89 -0.162 -2.676 -1.805 0.083
283 D -1.355 -0.915 0.599 4.318 -2.094 -0.001 2.383 -1.459 2.998 -2.443 -2.882 -0.323 -1.999 -2.39 -2.19 -0.821 -0.246 -2.752 -1.534 -2.279
284 A 3.28 -1.583 -1.8 -1.996 0.208 -1.458 -1.559 -0.194 0.004 -0.852 -1.241 -1.101 -0.853 0.481 -1.868 -0.071 -0.786 -0.403 3.137 -0.132
285 L -1.486 -2.636 -3.341 -3.421 -0.179 -2.939 -3.518 -3.459 -2.534 3.573 3.116 -2.605 1.705 0.513 -3.583 -3.146 -1.345 -1.934 -1.197 2.086
286 D -1.075 -0.161 0.149 3.653 -1.266 -0.515 0.089 -1.507 -0.775 -0.486 -1.043 1.581 1.081 -1.818 -2.233 -0.885 0.378 -2.669 -2.052 -0.171
287 K -1.165 2.074 3.172 0.035 -1.984 0.372 -0.092 -0.968 0.217 -2.375 -2.522 3.444 -1.532 -2.655 -2.065 -0.669 -0.912 -2.681 -1.906 -2.217
288 N -1.142 1.796 3.452 0.031 -1.347 0.669 -0.587 -1.008 3.154 -1.843 -2.181 0.213 -1.283 -2.012 -2.363 -0.275 1.452 -2.379 -1.109 -1.539
289 F -1.803 -1.67 -2.256 -2.777 -1.229 -0.088 -2.032 -2.815 0.476 0.299 1.373 -1.773 0.467 4.408 -3.561 -2.521 -1.926 0.886 4.357 -0.312
290 F -1.206 -2.86 -2.19 -2.657 -0.817 -3.131 -3.347 2.189 -1.687 2.636 0.559 -2.588 0.257 3.836 -3.596 -2.419 -1.69 -0.857 0.664 1.132
291 E -1.116 -0.221 2.603 1.432 -2.288 0.951 3.878 -1.414 0.519 -2.78 -2.837 0.434 -1.879 -2.576 -2.071 -0.636 -1.092 -2.55 -1.976 -2.263
292 P -1.168 -2.626 -2.662 -2.423 -0.654 -2.636 -2.672 -2.716 -2.228 3.22 0.506 -1.923 0.213 -0.82 4.28 -2.315 -1.214 -2.979 -1.802 1.617
293 Q -0.911 0.979 -0.121 -0.385 -1.94 4.983 1.364 -1.508 0.741 -2.269 -2.019 1.193 -0.432 -2.987 -2.179 -0.783 -1.004 -2.213 -1.314 -1.815
294 G -0.975 -2.01 -1.402 -2.292 -1.611 -1.96 -2.486 3.226 1.181 -1.521 -1.656 -1.816 -1.306 2.17 -3.141 -1.841 -2.053 1.24 5.414 -1.58
295 L 0.955 -2.429 -2.695 -2.854 -0.272 -2.712 -2.807 -1.838 -1.566 2.153 1.509 -2.258 0.683 3.893 -3.114 -1.748 -1.356 -0.796 0.799 1.063
296 S 0.622 0.071 0.109 1.419 -0.51 -0.379 -0.309 -0.763 -0.708 -1.443 -1.98 1.726 -1.161 -2.163 -1.701 1.389 1.772 -2.575 -1.913 -0.993
297 T -0.141 -1.121 -0.167 -1.043 0.093 -1.131 -1.406 -1.357 -1.441 -0.253 -1.085 -0.819 -0.56 -1.609 -1.715 0.676 4.329 -2.213 -1.735 0.201
298 F -2.363 -2.925 -2.889 -3.343 -1.403 -3.893 -3.511 -2.903 -0.857 0.248 0.536 -3.333 0.173 6.559 -4.477 -3.059 -2.399 0.823 2.902 -0.536
299 L -1.939 -2.548 -3.129 -3.492 -0.726 -3.216 -3.421 -3.146 -1.505 1.24 2.824 -2.89 1.297 4.927 -4.024 -3.122 -1.977 -0.165 1.549 0.382
300 N -1.688 -0.443 5.703 1.253 -1.875 -0.555 -0.754 -0.183 0.94 -2.741 -3.18 -0.324 -2.19 -2.403 -2.616 -0.146 -0.48 -2.995 -2.097 -2.589
301 E -0.947 -0.15 -0.367 1.489 -2.44 1.318 4.56 -1.978 0.364 -2.793 -2.731 0.648 -1.782 -2.636 -1.91 -0.819 -1.329 -2.416 -1.936 -2.162
302 F -2.363 -2.925 -2.889 -3.343 -1.403 -3.893 -3.511 -2.903 -0.857 0.248 0.536 -3.333 0.173 6.559 -4.477 -3.059 -2.399 0.823 2.902 -0.536
303 G 1.952 -1.286 -0.179 -0.835 -0.065 -1.118 -1.173 2.81 -0.895 -1.875 -2.291 -0.744 -1.43 -2.113 -1.779 2.094 0.124 -2.523 -2.074 -1.165
304 I -1.405 -3.129 -3.291 -3.209 -0.179 -3.238 -3.715 -3.508 -2.74 4.595 1.648 -2.707 1.243 0.189 -3.533 -3.105 -1.103 -2.213 -1.314 2.832
305 I -1.329 -2.82 -3.286 -3.312 -0.135 -3.03 -3.543 -3.436 -2.651 4.007 2.434 -2.631 1.452 0.312 -3.528 -3.05 -1.162 -2.086 -1.255 2.643
306 I -1.074 -2.963 -3.204 -3.205 -0.048 -3.069 -3.496 -3.367 -2.789 4.271 1.482 -2.632 1.139 0.047 -3.446 -2.886 -0.934 -2.263 -1.314 3.239
307 P -0.865 -2.042 -1.962 -1.592 -1.486 -1.962 -1.651 -1.881 -1.636 -2.346 -2.779 -1.093 -2.432 -3.364 6.692 -1.48 -1.377 -4.578 -2.664 -2.19
308 R -1.563 5.563 -0.491 -1.592 -2.288 0.489 -0.589 -2.157 0.07 -2.64 -2.056 1.99 -1.252 -2.501 -2.733 -1.435 -1.482 -2.263 -1.801 -2.19
309 F -2.363 -2.925 -2.889 -3.343 -1.403 -3.893 -3.511 -2.903 -0.857 0.248 0.536 -3.333 0.173 6.559 -4.477 -3.059 -2.399 0.823 2.902 -0.536
310 L -1.569 -2.215 -3.391 -3.649 -0.179 -2.669 -3.334 -3.411 -2.342 1.976 4.084 -2.507 2.104 0.804 -3.633 -3.187 -1.609 -1.679 -1.085 1.077
311 W -2.678 -2.411 -3.195 -3.649 -2.363 -2.853 -2.997 -2.394 -1.163 -1.882 -1.679 -2.819 -1.309 1.1 -5.437 -3.383 -2.723 10.639 2.141 -2.256
312 E -0.927 -0.52 -0.691 0.972 -2.17 0.781 3.839 -1.953 -0.021 -2.674 -2.743 0.301 -1.931 -2.802 3.1 -0.971 -1.341 -2.824 -2.102 -2.169
313 D -0.754 -1.536 0.687 4.326 -1.694 -1.064 0.122 2.548 2.078 -2.744 -3.258 -0.958 -2.342 -2.521 -2.349 0.025 -1.156 -2.908 -2.092 -2.656
314 K -0.855 2.065 -0.297 -0.751 -2.006 0.778 0.285 -1.371 -0.272 -2.151 -2.269 4.562 -1.252 -2.834 -1.715 -0.91 -1.111 -2.578 -1.817 -2.027
315 P -0.865 -2.042 -1.962 -1.592 -1.486 -1.962 -1.651 -1.881 -1.636 -2.346 -2.779 -1.093 -2.432 -3.364 6.692 -1.48 -1.377 -4.578 -2.664 -2.19
316 I -1.445 -2.872 -3.316 -3.313 -0.179 -3.085 -3.615 -3.483 -2.635 4.129 2.474 -2.656 1.483 0.356 -3.558 -3.125 -1.222 -2.07 -1.255 2.483
317 N -1.688 -0.443 5.703 1.253 -1.875 -0.555 -0.754 -0.183 0.94 -2.741 -3.18 -0.324 -2.19 -2.403 -2.616 -0.146 -0.48 -2.995 -2.097 -2.589
318 V -0.662 -2.612 -2.94 -3.23 -0.031 -2.886 -3.058 -2.963 -2.265 2.519 0.826 -2.62 0.658 3.24 -3.47 -2.482 -0.853 -1.211 0.426 3.55
319 L -1.882 -2.317 -2.872 -3.387 -0.902 -2.753 -3.121 -3.119 -0.16 0.923 2.4 -2.579 0.998 4.389 -3.811 -2.949 -1.979 0.591 3.821 0.164
320 N -1.688 -0.443 5.703 1.253 -1.875 -0.555 -0.754 -0.183 0.94 -2.741 -3.18 -0.324 -2.19 -2.403 -2.616 -0.146 -0.48 -2.995 -2.097 -2.589
321 N -1.688 -0.443 5.703 1.253 -1.875 -0.555 -0.754 -0.183 0.94 -2.741 -3.18 -0.324 -2.19 -2.403 -2.616 -0.146 -0.48 -2.995 -2.097 -2.589
322 G 0.061 -2.386 -0.468 -1.351 -1.349 -2.224 -2.651 5.836 -1.505 -3.244 -3.489 -1.679 -2.695 -2.707 -2.808 -1.031 -1.948 -2.469 -3.177 -2.893
323 Y -1.841 -1.806 -2.154 -3.051 -1.78 -1.812 -2.392 -2.961 2.076 -0.832 -0.939 -1.902 -0.711 3.32 -3.362 -2.466 -2.118 2.28 6.714 -1.008
324 F -2.363 -2.925 -2.889 -3.343 -1.403 -3.893 -3.511 -2.903 -0.857 0.248 0.536 -3.333 0.173 6.559 -4.477 -3.059 -2.399 0.823 2.902 -0.536
325 Y -1.841 -1.806 -2.154 -3.051 -1.78 -1.812 -2.392 -2.961 2.076 -0.832 -0.939 -1.902 -0.711 3.32 -3.362 -2.466 -2.118 2.28 6.714 -1.008
326 T -0.141 -1.121 -0.167 -1.043 0.093 -1.131 -1.406 -1.357 -1.441 -0.253 -1.085 -0.819 -0.56 -1.609 -1.715 0.676 4.329 -2.213 -1.735 0.201
327 A 2.116 -1.15 -0.393 -1.024 0.28 -1.056 -1.153 -0.387 -1.109 -0.804 -1.449 -0.703 -0.826 -1.785 -1.59 1.555 2.649 -2.385 -1.764 -0.144
328 E -1.131 -0.349 1.395 1.157 -2.274 0.874 3.847 -1.778 0.714 -2.456 -2.484 0.315 -1.67 -0.83 -2.14 -0.882 -1.292 -1.268 1.573 -2.037
329 I -0.873 -2.857 -3.148 -3.203 0.036 -2.962 -3.358 -3.278 -2.823 4.033 1.366 -2.583 1.068 -0.052 -3.39 -2.748 -0.827 -2.296 -1.314 3.482
330 L -1.569 -2.215 -3.391 -3.649 -0.179 -2.669 -3.334 -3.411 -2.342 1.976 4.084 -2.507 2.104 0.804 -3.633 -3.187 -1.609 -1.679 -1.085 1.077
331 G -0.289 -0.002 2.654 -0.182 -1.318 -0.561 -0.878 3.235 -0.265 -2.582 -2.869 1.654 -1.89 -2.524 -2.217 0.495 -0.695 -2.638 -2.274 -2.282
332 L -1.407 -2.18 -3.083 -3.317 -0.183 -2.294 -3.147 -3.212 -2.025 2.815 3.189 -2.258 3.406 0.571 -3.514 -2.838 -1.337 -1.71 -1.081 1.602
333 D -1.723 -1.462 1.069 5.681 -2.404 -0.635 1.549 -1.213 -0.475 -2.757 -3.445 -0.698 -2.635 -2.921 -2.282 -0.967 -1.432 -3.445 -2.958 -2.824
334 T -0.141 -1.121 -0.167 -1.043 0.093 -1.131 -1.406 -1.357 -1.441 -0.253 -1.085 -0.819 -0.56 -1.609 -1.715 0.676 4.329 -2.213 -1.735 0.201
335 N -1.474 -0.017 4.998 0.922 -1.891 2.035 -0.062 -0.462 0.891 -2.615 -2.843 0.136 -1.64 -2.538 -2.501 -0.293 -0.602 -2.779 -1.881 -2.375
336 L -1.569 -2.215 -3.391 -3.649 -0.179 -2.669 -3.334 -3.411 -2.342 1.976 4.084 -2.507 2.104 0.804 -3.633 -3.187 -1.609 -1.679 -1.085 1.077
337 T -0.141 -1.121 -0.167 -1.043 0.093 -1.131 -1.406 -1.357 -1.441 -0.253 -1.085 -0.819 -0.56 -1.609 -1.715 0.676 4.329 -2.213 -1.735 0.201
338 L -1.18 -1.755 -2.589 -2.93 -0.192 -1.487 -2.662 -2.811 -1.344 2.671 1.999 -1.742 5.116 0.379 -3.334 -2.276 -1.082 -1.531 -0.967 1.554
339 S 1.039 -0.77 0.468 -0.277 0.044 -0.598 -0.584 -0.135 -0.489 -1.94 -2.357 -0.314 -1.215 -1.972 -1.504 3.359 0.982 -2.578 -1.784 -1.321
340 P -0.865 -2.042 -1.962 -1.592 -1.486 -1.962 -1.651 -1.881 -1.636 -2.346 -2.779 -1.093 -2.432 -3.364 6.692 -1.48 -1.377 -4.578 -2.664 -2.19
341 T -0.141 -1.121 -0.167 -1.043 0.093 -1.131 -1.406 -1.357 -1.441 -0.253 -1.085 -0.819 -0.56 -1.609 -1.715 0.676 4.329 -2.213 -1.735 0.201
342 F -1.891 -2.777 -3.106 -3.381 -0.726 -3.377 -3.515 -3.168 -1.575 2.365 2.105 -2.946 1.04 4.894 -3.995 -3.102 -1.824 -0.238 1.527 1.063
343 L -1.183 -2.287 -3.276 -3.528 -0.048 -2.656 -3.225 -3.298 -2.481 2.269 3.558 -2.484 1.829 0.542 -3.519 -2.942 -1.283 -1.846 -1.14 2.224
344 G 0.061 -2.386 -0.468 -1.351 -1.349 -2.224 -2.651 5.836 -1.505 -3.244 -3.489 -1.679 -2.695 -2.707 -2.808 -1.031 -1.948 -2.469 -3.177 -2.893
345 S 0.873 -0.825 0.372 -0.391 0.052 -0.681 -0.706 -0.306 -0.627 -1.581 -2.102 -0.392 -1.095 -1.908 -1.538 3.052 1.88 -2.514 -1.776 -1.005
346 F -0.861 -2.553 -2.012 -2.577 6.679 -2.91 -2.877 -2.013 -1.329 -0.349 -0.291 -2.508 -0.411 4.702 -3.346 -0.329 -1.194 -0.5 1.324 -0.618
347 L -1.486 -2.636 -3.341 -3.421 -0.179 -2.939 -3.518 -3.459 -2.534 3.573 3.116 -2.605 1.705 0.513 -3.583 -3.146 -1.345 -1.934 -1.197 2.086
348 I -1.405 -3.129 -3.291 -3.209 -0.179 -3.238 -3.715 -3.508 -2.74 4.595 1.648 -2.707 1.243 0.189 -3.533 -3.105 -1.103 -2.213 -1.314 2.832
349 L -1.109 -1.412 -2.388 -2.842 -0.197 -1.08 -2.382 -2.612 -0.997 1.575 2.107 -1.481 5.752 0.439 -3.271 -2.045 -1.074 -1.335 -0.861 0.961
350 F -2.363 -2.925 -2.889 -3.343 -1.403 -3.893 -3.511 -2.903 -0.857 0.248 0.536 -3.333 0.173 6.559 -4.477 -3.059 -2.399 0.823 2.902 -0.536
351 G 0.061 -2.386 -0.468 -1.351 -1.349 -2.224 -2.651 5.836 -1.505 -3.244 -3.489 -1.679 -2.695 -2.707 -2.808 -1.031 -1.948 -2.469 -3.177 -2.893
352 N -0.247 -0.221 2.728 0.017 -0.753 1.977 -0.144 -0.726 0.091 -1.636 -2.063 0.04 -1.02 -2.198 -1.972 1.255 1.791 -2.482 -1.719 -1.193
353 T -0.971 -1.191 2.476 -0.626 -0.803 -1.301 -1.532 -1.216 -0.584 -1.092 -1.642 -1.054 -1.081 -0.788 -2.539 -0.157 2.701 6.731 -0.241 -0.821
354 F -2.295 -2.479 -2.755 -3.339 -1.711 -2.979 -3.065 -2.781 0.146 -0.427 -0.233 -2.785 -0.352 5.175 -4.344 -2.972 -2.402 6.971 4.31 -1.005
355 Y -1.963 -2.048 -2.321 -3.121 -1.681 -2.209 -2.634 -2.946 1.575 -0.522 -0.494 -2.199 -0.463 4.524 -3.603 -2.603 -2.186 1.979 6.13 -0.883
356 W -2.678 -2.411 -3.195 -3.649 -2.363 -2.853 -2.997 -2.394 -1.163 -1.882 -1.679 -2.819 -1.309 1.1 -5.437 -3.383 -2.723 10.639 2.141 -2.256
357 L -1.23 -2.692 -3.265 -3.346 -0.091 -2.93 -3.441 -3.382 -2.632 3.689 2.629 -2.589 1.498 0.322 -3.507 -2.983 -1.142 -2.055 -1.235 2.681
358 G -0.812 -2.349 -1.548 -2.277 -1.205 -2.479 -2.894 3.975 -1.597 -0.685 0.797 -2.128 -0.39 -0.33 -3.494 -1.943 -2.029 6.739 -0.425 -1.195
359 G 0.061 -2.386 -0.468 -1.351 -1.349 -2.224 -2.651 5.836 -1.505 -3.244 -3.489 -1.679 -2.695 -2.707 -2.808 -1.031 -1.948 -2.469 -3.177 -2.893
360 V -0.955 -2.682 -3.078 -3.275 -0.101 -2.953 -3.25 -3.144 -2.36 3.127 1.676 -2.636 1.024 2.58 -3.518 -2.717 -1.018 -1.445 -0.027 3.123
361 L -1.172 -2.704 -3.193 -3.32 -0.129 -2.969 -3.387 -3.292 -2.474 3.482 2.289 -2.627 1.316 1.696 -3.536 -2.901 -1.132 -1.713 -0.564 2.774
362 T 0.326 -1.177 -0.126 -0.921 4.349 -1.113 -1.264 -0.913 -1.179 -0.847 -1.5 -0.811 -0.857 -1.794 -1.782 1.856 3.019 -2.462 -1.87 -0.367
363 G 0.061 -2.386 -0.468 -1.351 -1.349 -2.224 -2.651 5.836 -1.505 -3.244 -3.489 -1.679 -2.695 -2.707 -2.808 -1.031 -1.948 -2.469 -3.177 -2.893
364 L -0.614 -2.178 -2.334 -2.756 -0.055 -2.405 -2.677 -2.535 -2.019 2.057 2.21 -2.168 1.084 2.108 -3.174 -0.864 -0.74 -1.552 -0.297 2.589
365 I -0.952 -2.664 -2.603 -2.829 -0.036 -2.749 -3.144 -3.03 -2.58 3.987 1.269 -2.335 0.978 -0.108 -3.167 -2.125 0.506 -2.254 -1.363 2.977
366 L -1.527 -2.418 -3.366 -3.532 -0.179 -2.801 -3.425 -3.435 -2.436 2.884 3.64 -2.555 1.911 0.662 -3.608 -3.166 -1.474 -1.804 -1.14 1.625
367 F -1.786 -0.55 -1.844 -2.391 -1.636 -1.52 -1.815 -2.449 0.307 -0.466 -0.315 1.173 -0.342 5.041 -3.271 -2.228 -1.955 0.798 4.044 -0.967
368 L -1.421 -2.506 -3.193 -3.447 -0.3 -2.945 -3.341 -3.236 -2.086 2.409 2.929 -2.67 1.48 3.132 -3.696 -2.986 -1.458 -1.084 0.27 1.923
369 F -2.117 -2.85 -2.995 -3.362 -1.045 -3.623 -3.513 -3.032 -1.194 1.497 1.426 -3.133 0.639 5.845 -4.226 -3.081 -2.097 0.341 2.296 0.373
370 D -1.806 -1.617 1.17 5.875 -2.401 -0.901 1.022 -1.152 -0.565 -2.754 -3.52 -0.858 -2.726 -2.948 -2.318 -0.981 -1.441 -3.56 -3.072 -2.893
371 R 0.134 2.671 -0.192 2.487 -1.379 -0.085 -0.089 -1.319 -0.438 -1.363 -1.252 2.094 1.032 -2.003 -2.232 -0.953 -1.179 -2.496 -1.923 -1.302
372 V -0.377 -0.455 -1.376 -1.809 3.373 -1.155 -1.508 -1.906 -1.548 2.28 0.087 1.353 0.121 -1.024 -2.503 -0.118 -0.507 -2.491 -1.615 2.057
373 L -1.205 -2.183 -2.118 -2.624 -0.275 -2.464 -2.816 -2.691 -1.885 2.404 2.259 -2.128 1.089 2.608 -3.101 -1.625 1.273 -1.287 -0.058 1.279
374 K -0.042 1.965 -0.104 -0.77 -0.956 -0.002 -0.366 -0.946 -0.359 -1.824 -1.906 2.611 -1.088 0.556 -1.884 1.553 -0.142 -2.047 -0.951 -1.586
375 K -0.345 0.13 -0.21 -1.026 -1.149 -0.344 -0.658 -1.222 3.801 -1.769 -1.949 1.647 -1.101 0.465 -2.133 1.076 -0.52 -0.338 3.328 -1.629
376 S 0.69 -0.968 0.141 -0.618 0.079 -0.852 -0.914 -0.565 -0.851 -0.625 -1.568 -0.565 -0.817 -1.717 -1.666 2.631 2.179 -2.469 -1.73 0.133
377 R -0.725 4.173 -0.245 -1.044 -1.664 0.439 -0.267 -1.459 -0.129 -2.346 -2.175 2.936 -1.246 -2.509 -2.137 0.225 -0.791 -2.416 -1.803 -1.974
378 N -0.455 -0.78 3.649 0.15 -0.629 -0.762 -1.032 -0.656 -0.02 -0.979 -1.193 -0.565 1.082 -1.596 -2.177 1.054 1.779 -2.451 -1.759 -0.853
379 L -1.494 2.291 2.309 -0.9 -1.122 0.323 -1.236 -1.845 -0.366 1.687 0.921 0.044 0.224 -0.906 -2.965 -1.505 -1.087 -2.3 -1.568 0.459
380 Y -1.621 -2.087 -2.077 -2.789 -1.155 -2.261 -2.618 -2.748 0.837 0.921 -0.09 -2.115 -0.143 4.149 -3.336 -2.0 -0.016 1.266 5.148 0.079
381 L -0.891 -1.968 -1.482 -2.13 -0.417 -2.089 -2.429 0.139 -1.774 1.904 0.829 -1.768 0.252 -0.23 -2.848 -0.986 2.043 5.636 -0.546 0.882
382 K -0.855 2.065 -0.297 -0.751 -2.006 0.778 0.285 -1.371 -0.272 -2.151 -2.269 4.562 -1.252 -2.834 -1.715 -0.91 -1.111 -2.578 -1.817 -2.027
383 L -1.38 -2.311 -3.068 -3.248 -0.183 -2.37 -3.204 -3.226 -2.081 3.303 2.789 -2.288 3.326 0.469 -3.497 -2.826 -1.255 -1.793 -1.118 1.919
384 L -0.52 -1.722 -1.208 -1.845 -0.046 -1.802 -2.117 -1.975 -1.774 2.185 1.671 -1.488 0.743 -0.385 -2.465 0.12 2.236 -2.111 -1.459 1.192
385 L -1.704 -2.592 -3.233 -3.456 -0.44 -3.075 -3.469 -3.298 -1.974 2.636 2.973 -2.744 1.508 3.493 -3.795 -3.134 -1.644 -0.916 0.491 1.358
386 L -1.35 -2.352 -3.321 -3.53 -0.113 -2.727 -3.323 -3.366 -2.459 2.593 3.599 -2.519 1.871 0.603 -3.563 -3.052 -1.377 -1.825 -1.14 1.94
387 S 0.786 -0.854 0.322 -0.45 0.056 -0.723 -0.768 -0.395 -0.699 -1.417 -1.983 -0.432 -1.037 -1.877 -1.555 2.886 2.242 -2.482 -1.772 -0.859
388 S 0.729 -1.233 -0.085 -0.803 5.998 -1.095 -1.129 -0.528 -0.939 -1.597 -1.984 -0.804 -1.188 -1.993 -1.849 2.691 0.553 -2.734 -2.011 -1.074
389 I -1.181 -3.017 -3.233 -3.207 -0.091 -3.125 -3.567 -3.413 -2.773 4.383 1.538 -2.657 1.174 0.095 -3.475 -2.957 -0.99 -2.246 -1.314 3.11
390 G 0.061 -2.386 -0.468 -1.351 -1.349 -2.224 -2.651 5.836 -1.505 -3.244 -3.489 -1.679 -2.695 -2.707 -2.808 -1.031 -1.948 -2.469 -3.177 -2.893
391 Y -1.841 -1.806 -2.154 -3.051 -1.78 -1.812 -2.392 -2.961 2.076 -0.832 -0.939 -1.902 -0.711 3.32 -3.362 -2.466 -2.118 2.28 6.714 -1.008
392 L -1.255 -2.463 -3.286 -3.597 5.978 -2.853 -3.477 -3.055 -2.489 1.497 3.409 -2.653 1.574 0.311 -3.528 -2.737 -1.541 -2.001 -1.431 0.766
393 F -2.363 -2.925 -2.889 -3.343 -1.403 -3.893 -3.511 -2.903 -0.857 0.248 0.536 -3.333 0.173 6.559 -4.477 -3.059 -2.399 0.823 2.902 -0.536
394 F -2.363 -2.925 -2.889 -3.343 -1.403 -3.893 -3.511 -2.903 -0.857 0.248 0.536 -3.333 0.173 6.559 -4.477 -3.059 -2.399 0.823 2.902 -0.536
395 W -2.678 -2.411 -3.195 -3.649 -2.363 -2.853 -2.997 -2.394 -1.163 -1.882 -1.679 -2.819 -1.309 1.1 -5.437 -3.383 -2.723 10.639 2.141 -2.256
396 V -0.262 -2.515 -2.958 -3.193 0.311 -2.616 -2.922 -2.984 -2.943 3.001 0.917 -2.417 0.803 -0.427 -3.2 -2.313 -0.48 -2.416 -1.314 4.2
397 R -1.563 5.563 -0.491 -1.592 -2.288 0.489 -0.589 -2.157 0.07 -2.64 -2.056 1.99 -1.252 -2.501 -2.733 -1.435 -1.482 -2.263 -1.801 -2.19
398 D -1.806 -1.617 1.17 5.875 -2.401 -0.901 1.022 -1.152 -0.565 -2.754 -3.52 -0.858 -2.726 -2.948 -2.318 -0.981 -1.441 -3.56 -3.072 -2.893
399 G 0.061 -2.386 -0.468 -1.351 -1.349 -2.224 -2.651 5.836 -1.505 -3.244 -3.489 -1.679 -2.695 -2.707 -2.808 -1.031 -1.948 -2.469 -3.177 -2.893
400 F -2.143 -2.73 -3.006 -3.416 -1.045 -3.535 -3.466 -3.022 -1.163 0.786 1.901 -3.103 0.789 5.857 -4.242 -3.091 -2.18 0.371 2.304 -0.041
401 E -0.947 -0.15 -0.367 1.489 -2.44 1.318 4.56 -1.978 0.364 -2.793 -2.731 0.648 -1.782 -2.636 -1.91 -0.819 -1.329 -2.416 -1.936 -2.162
402 V -0.262 -2.515 -2.958 -3.193 0.311 -2.616 -2.922 -2.984 -2.943 3.001 0.917 -2.417 0.803 -0.427 -3.2 -2.313 -0.48 -2.416 -1.314 4.2
403 F -2.047 -2.221 -2.438 -3.169 -1.617 -2.507 -2.807 -2.936 1.184 -0.332 -0.231 -2.415 -0.309 5.116 -3.775 -2.698 -2.232 1.759 5.662 -0.802
404 C -0.622 -2.741 -2.83 -3.284 8.91 -2.673 -3.473 -2.291 -2.342 0.022 0.093 -2.629 2.46 -1.204 -3.244 -1.781 -1.275 -2.648 -2.195 -0.02
405 Y -1.841 -1.806 -2.154 -3.051 -1.78 -1.812 -2.392 -2.961 2.076 -0.832 -0.939 -1.902 -0.711 3.32 -3.362 -2.466 -2.118 2.28 6.714 -1.008
406 I -0.922 -2.883 -3.162 -3.203 0.015 -2.989 -3.392 -3.3 -2.814 4.095 1.395 -2.595 1.086 -0.027 -3.404 -2.782 -0.853 -2.288 -1.314 3.423
407 L -0.636 -1.954 -1.841 -2.301 -0.122 -2.101 -2.431 -2.203 -1.833 2.463 2.77 -1.822 1.329 0.151 -2.917 0.146 -0.614 -2.013 -1.303 1.267
408 I -1.617 -3.077 -3.185 -3.242 -0.44 -3.388 -3.663 -3.344 -2.142 3.971 1.408 -2.851 1.01 3.381 -3.742 -3.093 -1.377 -1.109 0.426 2.286
409 K -0.855 2.065 -0.297 -0.751 -2.006 0.778 0.285 -1.371 -0.272 -2.151 -2.269 4.562 -1.252 -2.834 -1.715 -0.91 -1.111 -2.578 -1.817 -2.027
410 F -2.363 -2.925 -2.889 -3.343 -1.403 -3.893 -3.511 -2.903 -0.857 0.248 0.536 -3.333 0.173 6.559 -4.477 -3.059 -2.399 0.823 2.902 -0.536
411 G -1.365 -2.605 -1.892 -2.572 -1.595 -2.985 -3.071 2.951 -1.136 -1.06 -0.865 -2.561 -0.899 4.367 -3.974 -2.273 -2.314 6.834 1.656 -1.558
412 L -1.466 -2.752 -3.328 -3.366 -0.179 -3.011 -3.566 -3.471 -2.584 3.864 2.813 -2.63 1.596 0.436 -3.57 -3.135 -1.283 -2.001 -1.226 2.291
413 C 1.285 -2.512 -2.693 -2.834 6.016 -2.551 -2.814 -1.685 -2.333 2.332 0.85 -2.157 0.354 -0.74 -2.776 -1.397 -0.908 -2.491 -1.724 1.967
414 I -1.091 -2.084 -2.768 -3.018 -0.122 -1.906 -2.885 -2.965 -1.756 3.227 1.811 -1.999 4.283 0.25 -3.357 -2.435 -1.004 -1.761 -1.078 2.319
415 L -0.883 -2.035 -1.971 -2.514 -0.165 -2.163 -2.592 -2.523 -1.762 2.111 1.452 -1.96 2.039 2.508 -2.993 -1.413 1.379 -1.312 -0.05 1.984
416 L -1.551 -2.848 -3.262 -3.33 -0.306 -3.155 -3.59 -3.401 -2.331 3.779 2.386 -2.726 1.379 2.29 -3.661 -3.119 -1.361 -1.492 -0.272 2.188
417 L 1.074 -1.89 -2.325 -2.641 -0.251 -1.76 -2.333 -1.743 -0.149 2.048 0.754 -1.667 2.755 1.128 -2.789 -1.453 -1.127 -0.207 3.209 1.076
418 K -1.36 2.903 -0.885 -1.581 -1.959 -0.009 -0.653 -2.014 0.552 -1.592 -1.506 2.843 -0.965 1.791 -2.486 -1.516 -1.525 -0.159 3.307 -1.628
419 L 1.004 -1.872 1.23 -1.604 -0.278 -2.037 -2.244 -1.369 -1.121 1.862 1.632 -1.677 0.603 1.956 -2.834 -1.264 -1.051 -1.632 -0.432 0.867
420 L -1.682 -2.706 -3.221 -3.401 -0.44 -3.15 -3.517 -3.31 -2.015 3.032 2.654 -2.771 1.392 3.465 -3.782 -3.124 -1.575 -0.963 0.475 1.619
421 N 0.416 0.535 2.486 -0.575 -0.796 -0.905 -1.23 -0.916 0.604 -1.348 -1.712 -0.473 -1.125 0.422 -2.293 0.405 0.994 -0.438 3.125 -1.009
422 S 0.325 -0.72 -0.14 -0.84 -0.106 -0.874 -1.029 -0.89 -0.971 0.851 -0.926 0.293 -0.488 -1.451 -1.833 2.051 1.991 -2.42 -1.691 0.196
423 F -1.712 -2.971 -3.056 -3.274 -0.673 -3.483 -3.539 -3.147 -1.659 3.001 1.081 -2.975 0.717 4.851 -3.933 -3.008 -1.609 -0.321 1.504 1.828
424 L -1.497 -2.319 -2.833 -3.249 -0.597 -2.547 -3.054 -3.053 -0.635 1.992 1.9 -2.434 2.144 3.709 -3.649 -2.741 -1.545 0.021 2.956 1.482
425 G -0.143 -0.522 1.031 1.361 -0.674 -0.867 -0.75 1.242 -0.848 0.099 -1.325 0.928 -0.873 -1.808 -2.242 0.735 -0.347 -2.66 -1.96 1.048
426 C -0.094 -1.852 -1.044 -1.693 5.96 -1.936 -1.976 -1.326 -1.183 -0.494 -0.001 -1.614 -0.362 3.043 -2.604 1.334 -0.307 -1.332 0.166 -0.618
427 L -1.569 -2.215 -3.391 -3.649 -0.179 -2.669 -3.334 -3.411 -2.342 1.976 4.084 -2.507 2.104 0.804 -3.633 -3.187 -1.609 -1.679 -1.085 1.077
428 I 1.238 -1.987 -1.813 -2.174 0.117 -2.016 -2.277 -1.535 -1.915 2.651 1.183 -1.613 0.585 -0.506 -2.421 -0.735 1.466 -2.201 -1.496 1.548
429 P -0.639 1.657 -0.982 -1.448 -0.873 -0.862 -1.237 -1.746 -1.078 1.051 -0.853 0.968 -0.636 -1.715 3.052 -0.083 0.569 -2.759 -1.869 0.074
430 K -0.755 2.805 -0.347 -0.983 -1.903 0.363 -0.232 1.836 -0.378 -2.402 -2.401 3.594 -1.457 -2.728 -2.051 -1.008 -1.303 -2.479 -2.008 -2.186
431 K -0.224 0.87 -0.365 -0.774 -1.2 -0.014 -0.282 -1.083 -0.584 -2.113 -2.38 2.935 -1.464 -2.676 3.115 0.74 -0.449 -2.932 -1.967 -1.84
432 S 1.085 -0.724 0.514 -0.232 0.089 -0.553 -0.538 -0.089 -0.443 -1.895 -2.312 -0.268 -1.17 -1.926 -1.459 3.203 1.028 -2.532 -1.739 -1.276
433 N -1.643 -0.398 5.607 1.298 -1.829 -0.51 -0.708 -0.138 0.985 -2.696 -3.135 -0.279 -2.144 -2.357 -2.571 -0.101 -0.434 -2.949 -2.052 -2.544
434 E -0.902 -0.105 -0.322 1.535 -2.394 1.363 4.454 -1.933 0.409 -2.747 -2.686 0.694 -1.737 -2.591 -1.865 -0.774 -1.284 -2.37 -1.891 -2.117
435 N -1.643 -0.398 5.607 1.298 -1.829 -0.51 -0.708 -0.138 0.985 -2.696 -3.135 -0.279 -2.144 -2.357 -2.571 -0.101 -0.434 -2.949 -2.052 -2.544
436 F -1.799 -2.98 -3.038 -3.23 -0.681 -3.501 -3.566 -3.144 -1.602 3.084 1.191 -2.958 0.802 4.801 -3.921 -3.037 -1.634 -0.267 1.55 1.659
437 F 0.579 -1.513 2.28 -0.861 -0.664 -1.72 -1.777 -1.012 -0.416 -0.569 -0.697 -1.358 -0.603 3.945 -2.662 -0.549 0.898 -0.798 0.883 -0.594
438 R -1.456 2.621 2.675 0.143 -2.197 0.297 1.181 -1.35 4.606 -2.658 -2.58 1.218 -1.558 -2.023 -2.466 -0.951 -1.299 -2.25 -0.553 -2.466
439 L -1.417 2.732 -1.243 -1.865 -1.394 -0.385 -1.03 -2.22 -0.664 -0.191 1.179 2.372 0.204 2.247 -2.738 -1.8 -1.512 -1.417 -0.182 -0.703