#Seq2Logo.py -f /work3/idamei/wzy_ssn/run/1e-50/run/150/MSAs/0008_52.afa -o /work3/idamei/wzy_ssn/run/1e-50/run/150/logos/0008_52.logo
Last position-specific scoring matrix computed, values are in halfbits
A R N D C Q E G H I L K M F P S T W Y V
0 L -1.375 -1.722 -2.506 -2.96 -0.454 -1.568 -2.625 -2.682 -0.961 1.296 1.787 -1.844 5.057 3.445 -3.528 -2.267 -1.353 -0.627 0.621 0.653
1 L -1.734 -1.968 2.076 -1.392 -0.814 -2.294 -2.543 -2.137 -0.87 2.133 1.785 -1.972 0.724 3.295 -3.489 -2.045 -1.314 -1.126 0.365 0.844
2 I -1.927 -2.786 -3.171 -3.39 -0.893 -3.219 -3.432 -3.031 -1.714 2.721 1.284 -2.858 0.637 3.491 -4.155 -3.169 -1.798 6.801 1.229 1.236
3 L -1.818 -2.263 -2.91 -3.412 -0.797 -2.669 -3.108 -3.161 -0.237 1.075 2.69 -2.518 1.165 3.911 -3.747 -2.959 -1.914 0.436 3.687 0.302
4 F -1.558 -2.293 -1.968 -2.598 -0.823 -2.813 -2.81 -2.472 -1.117 0.367 0.9 -2.402 0.284 5.439 -3.435 -1.6 1.094 0.104 1.975 -0.139
5 F -2.36 -2.922 -2.886 -3.34 -1.4 -3.89 -3.508 -2.9 -0.854 0.251 0.539 -3.33 0.176 6.554 -4.474 -3.056 -2.396 0.826 2.905 -0.533
6 L -0.622 -2.061 -2.359 -2.774 0.026 -2.273 -2.656 -2.575 -2.178 2.101 2.877 -2.07 1.419 0.17 -3.105 -0.821 -0.732 -2.015 -1.242 2.385
7 P -1.322 -2.407 -2.634 -2.661 -0.863 -2.725 -2.654 -2.61 -1.601 0.727 1.236 -2.146 0.247 3.787 3.661 -2.359 -1.572 -1.105 0.683 0.744
8 L -0.576 -1.824 -1.388 -1.988 -0.443 -2.058 -2.139 -1.763 -1.122 0.516 1.882 -1.755 0.678 3.883 -2.919 0.736 -0.625 -0.766 0.804 -0.079
9 I 0.589 -2.254 -1.87 -2.148 -0.007 -2.218 -2.422 -1.781 -1.92 3.59 0.873 -1.782 0.657 -0.358 -2.686 0.059 -0.466 -2.313 -1.459 2.065
10 F -1.647 -2.424 -2.632 -3.21 -1.069 -2.791 -2.974 -2.935 0.287 0.813 0.218 -2.598 0.061 5.048 -3.787 -2.69 -1.815 1.059 4.534 1.128
11 L -0.915 -2.268 -2.06 -2.663 -0.516 -2.51 -3.085 2.889 -2.032 1.036 3.012 -2.201 1.198 0.036 -3.328 -2.275 -1.715 -1.916 -1.626 0.253
12 C -0.794 -2.927 -3.117 -3.51 8.583 -3.185 -3.729 -2.541 -2.748 0.464 1.74 -2.911 0.394 -0.761 -3.359 -2.112 -1.428 -2.631 -2.119 0.163
13 L -1.043 -2.419 -3.224 -3.427 -0.003 -2.717 -3.233 -3.271 -2.579 2.819 3.06 -2.499 1.619 0.367 -3.466 -2.852 -1.116 -1.973 -1.186 2.709
14 L -1.709 -2.341 -3.28 -3.582 -0.383 -2.873 -3.366 -3.299 -1.975 1.707 3.639 -2.651 1.81 3.167 -3.78 -3.158 -1.748 -0.973 0.268 0.822
15 A 2.777 -1.09 -0.343 -0.858 0.346 -0.922 -0.904 0.102 -0.812 -1.382 -1.84 -0.56 -1.062 -1.924 -1.501 2.333 0.403 -2.523 -1.781 -0.562
16 C -0.954 -2.717 -3.168 -3.529 7.785 -3.032 -3.61 -2.72 -2.626 0.938 2.507 -2.79 0.941 -0.268 -3.41 -2.331 -1.457 -2.347 -1.809 0.435
17 L 2.346 -1.825 -2.4 -2.506 0.283 -1.917 -2.142 -0.943 -1.721 0.911 2.471 -1.561 0.993 -0.218 -2.359 -0.831 -0.955 -2.03 -1.396 0.651
18 N -1.158 -1.245 2.94 -0.681 -0.977 -1.28 -1.589 -1.587 3.319 0.703 -0.763 -1.254 -0.507 0.438 -2.962 -1.34 -0.939 -0.703 2.816 1.612
19 P -1.095 -0.673 3.787 0.162 -1.405 -0.9 -1.014 -0.88 -0.064 -2.102 -2.611 0.194 -1.912 -2.583 3.763 -0.431 0.63 -3.261 -2.197 -1.872
20 L -1.85 -1.662 2.786 -0.972 -1.058 -2.034 -2.235 -1.792 -0.441 0.415 1.826 -1.76 0.531 3.865 -3.472 -1.76 -1.385 -0.836 0.763 -0.311
21 K -0.8 2.119 -0.242 -0.696 -1.951 0.833 0.339 -1.316 -0.217 -2.097 -2.214 4.423 -1.198 -2.78 -1.661 -0.855 -1.056 -2.523 -1.763 -1.973
22 N -1.634 -0.389 5.587 1.307 -1.82 -0.501 -0.699 -0.129 0.994 -2.686 -3.126 -0.27 -2.135 -2.348 -2.562 -0.092 -0.425 -2.94 -2.043 -2.534
23 K -0.8 2.119 -0.242 -0.696 -1.951 0.833 0.339 -1.316 -0.217 -2.097 -2.214 4.423 -1.198 -2.78 -1.661 -0.855 -1.056 -2.523 -1.763 -1.973
24 N -1.634 -0.389 5.587 1.307 -1.82 -0.501 -0.699 -0.129 0.994 -2.686 -3.126 -0.27 -2.135 -2.348 -2.562 -0.092 -0.425 -2.94 -2.043 -2.534
25 K -0.8 2.119 -0.242 -0.696 -1.951 0.833 0.339 -1.316 -0.217 -2.097 -2.214 4.423 -1.198 -2.78 -1.661 -0.855 -1.056 -2.523 -1.763 -1.973
26 N -1.634 -0.389 5.587 1.307 -1.82 -0.501 -0.699 -0.129 0.994 -2.686 -3.126 -0.27 -2.135 -2.348 -2.562 -0.092 -0.425 -2.94 -2.043 -2.534
27 K -0.8 2.119 -0.242 -0.696 -1.951 0.833 0.339 -1.316 -0.217 -2.097 -2.214 4.423 -1.198 -2.78 -1.661 -0.855 -1.056 -2.523 -1.763 -1.973
28 N -1.634 -0.389 5.587 1.307 -1.82 -0.501 -0.699 -0.129 0.994 -2.686 -3.126 -0.27 -2.135 -2.348 -2.562 -0.092 -0.425 -2.94 -2.043 -2.534
29 K -0.8 2.119 -0.242 -0.696 -1.951 0.833 0.339 -1.316 -0.217 -2.097 -2.214 4.423 -1.198 -2.78 -1.661 -0.855 -1.056 -2.523 -1.763 -1.973
30 N -1.634 -0.389 5.587 1.307 -1.82 -0.501 -0.699 -0.129 0.994 -2.686 -3.126 -0.27 -2.135 -2.348 -2.562 -0.092 -0.425 -2.94 -2.043 -2.534
31 K -0.8 2.119 -0.242 -0.696 -1.951 0.833 0.339 -1.316 -0.217 -2.097 -2.214 4.423 -1.198 -2.78 -1.661 -0.855 -1.056 -2.523 -1.763 -1.973
32 N -1.634 -0.389 5.587 1.307 -1.82 -0.501 -0.699 -0.129 0.994 -2.686 -3.126 -0.27 -2.135 -2.348 -2.562 -0.092 -0.425 -2.94 -2.043 -2.534
33 K -0.8 2.119 -0.242 -0.696 -1.951 0.833 0.339 -1.316 -0.217 -2.097 -2.214 4.423 -1.198 -2.78 -1.661 -0.855 -1.056 -2.523 -1.763 -1.973
34 N -1.634 -0.389 5.587 1.307 -1.82 -0.501 -0.699 -0.129 0.994 -2.686 -3.126 -0.27 -2.135 -2.348 -2.562 -0.092 -0.425 -2.94 -2.043 -2.534
35 K -0.8 2.119 -0.242 -0.696 -1.951 0.833 0.339 -1.316 -0.217 -2.097 -2.214 4.423 -1.198 -2.78 -1.661 -0.855 -1.056 -2.523 -1.763 -1.973
36 N -1.634 -0.389 5.587 1.307 -1.82 -0.501 -0.699 -0.129 0.994 -2.686 -3.126 -0.27 -2.135 -2.348 -2.562 -0.092 -0.425 -2.94 -2.043 -2.534
37 K -0.8 2.119 -0.242 -0.696 -1.951 0.833 0.339 -1.316 -0.217 -2.097 -2.214 4.423 -1.198 -2.78 -1.661 -0.855 -1.056 -2.523 -1.763 -1.973
38 N -1.634 -0.389 5.587 1.307 -1.82 -0.501 -0.699 -0.129 0.994 -2.686 -3.126 -0.27 -2.135 -2.348 -2.562 -0.092 -0.425 -2.94 -2.043 -2.534
39 K -0.838 2.082 -0.279 -0.733 -1.989 0.795 0.302 -1.354 -0.254 -2.134 -2.252 4.519 -1.235 -2.817 -1.698 -0.893 -1.093 -2.561 -1.8 -2.01
40 D -0.91 0.396 2.525 3.39 -1.716 -0.133 0.293 -0.843 -0.094 -2.42 -2.823 2.225 -1.847 -2.648 -2.037 0.267 -0.692 -2.954 -2.231 -2.28
41 K -0.951 1.045 3.166 0.029 -1.863 0.102 -0.306 1.448 0.078 -2.464 -2.689 3.13 -1.701 -2.664 -2.119 -0.644 -0.973 -2.692 -2.058 -2.308
42 N -1.394 0.566 4.237 2.143 -1.981 -0.073 -0.089 -0.651 0.41 -2.53 -2.879 2.265 -1.898 -2.607 -2.244 -0.483 -0.791 -2.912 -2.107 -2.423
43 L -1.597 -2.329 -2.886 -3.289 -0.618 -2.51 -3.089 -3.28 -0.111 2.697 2.278 -2.348 1.103 1.777 -3.504 -2.898 -1.578 0.213 3.889 1.374
44 T -0.568 -0.874 3.199 -0.058 -0.424 -0.924 -1.169 -0.908 -0.412 -0.867 -1.627 -0.642 -1.006 -1.847 -1.983 0.43 3.412 -2.448 -1.848 -0.464
45 L 0.046 -1.313 3.05 2.292 -0.86 -1.298 -0.902 -1.028 -0.429 -0.096 1.399 -1.09 0.067 -0.917 -2.655 -0.928 -0.991 -2.505 -1.824 -0.528
46 F -0.61 -2.086 -1.772 -2.347 -0.462 -2.27 -2.357 -2.121 -0.603 1.189 0.127 -2.011 0.087 4.03 -3.102 -0.116 -0.742 -0.105 2.752 1.887
47 V -1.107 -2.319 -2.769 -3.201 -0.417 -2.429 -2.915 -3.125 -0.172 2.573 1.36 -2.295 0.726 1.585 -3.371 -2.614 -1.218 0.133 3.882 2.512
48 L -1.632 -2.115 -2.858 -3.256 -0.536 -2.314 -3.029 -2.954 -1.323 1.359 2.603 -2.338 3.599 4.044 -3.748 -2.714 -1.641 -0.502 0.948 0.591
49 F 1.656 -2.252 -2.448 -2.65 -0.014 -2.432 -2.431 -1.395 -1.545 1.275 0.193 -2.025 0.111 3.77 -2.8 -1.234 -0.975 -0.908 0.765 2.07
50 L -1.799 -2.323 -2.931 -3.327 -0.688 -2.708 -3.189 -2.996 -1.301 1.201 2.463 -2.594 2.811 4.756 -3.907 -2.862 -1.819 -0.197 1.454 0.408
51 L -1.456 -2.788 -3.321 -3.346 -0.176 -3.033 -3.58 -3.472 -2.598 3.95 2.703 -2.636 1.562 0.412 -3.563 -3.129 -1.259 -2.021 -1.232 2.359
52 F -0.209 -1.908 -1.311 -1.897 -0.254 -2.044 -2.043 -1.678 -1.243 1.127 0.022 -1.731 0.04 3.766 -2.8 0.822 -0.314 -0.929 0.765 1.872
53 L -1.062 -2.309 -3.236 -3.486 -0.003 -2.648 -3.187 -3.259 -2.526 2.363 3.355 -2.473 1.735 0.452 -3.478 -2.862 -1.179 -1.901 -1.156 2.52
54 L -1.807 -2.43 -3.211 -3.54 -0.529 -3.019 -3.389 -3.229 -1.755 1.51 3.304 -2.754 1.595 4.081 -3.885 -3.141 -1.846 -0.584 0.909 0.636
55 L -1.405 -1.919 -3.014 -3.351 -0.182 -2.034 -2.978 -3.116 -1.818 1.851 3.559 -2.12 3.866 0.69 -3.504 -2.751 -1.417 -1.557 -1.005 1.042
56 F -0.401 -1.999 -1.347 -1.899 -0.366 -2.137 -2.147 -1.739 -1.22 1.84 0.241 -1.775 0.161 3.797 -2.856 0.775 -0.422 -0.904 0.765 1.343
57 L -1.807 -2.43 -3.211 -3.54 -0.529 -3.019 -3.389 -3.229 -1.755 1.51 3.304 -2.754 1.595 4.081 -3.885 -3.141 -1.846 -0.584 0.909 0.636
58 L -1.677 -2.344 -2.982 -3.309 -0.533 -2.644 -3.213 -3.072 -1.525 2.036 2.555 -2.523 2.879 4.034 -3.787 -2.867 -1.646 -0.578 0.918 0.965
59 A 3.288 -1.24 -0.777 -1.15 0.465 -1.073 -1.055 0.197 -0.964 -1.173 -1.645 -0.674 -1.0 -1.905 -1.501 1.756 0.113 -2.502 -1.781 -0.29
60 G 2.008 -2.062 -0.818 -1.465 -0.516 -1.899 -2.136 4.872 -1.411 -2.212 -2.586 -1.384 -1.964 -2.4 -2.302 -0.457 -1.355 -2.466 -2.632 -1.515
61 L -1.807 -2.43 -3.211 -3.54 -0.529 -3.019 -3.389 -3.229 -1.755 1.51 3.304 -2.754 1.595 4.081 -3.885 -3.141 -1.846 -0.584 0.909 0.636
62 R -1.56 5.558 -0.488 -1.589 -2.285 0.492 -0.586 -2.154 0.073 -2.637 -2.054 1.993 -1.249 -2.498 -2.73 -1.432 -1.48 -2.26 -1.798 -2.187
63 L -0.175 -1.685 -1.39 -1.941 0.001 -1.715 -2.012 -1.785 -1.596 1.761 2.071 -1.513 1.639 -0.206 -2.644 0.802 -0.237 -2.102 -1.344 1.731
64 G -0.533 -1.614 2.975 -0.523 -0.811 -1.651 -1.936 3.12 -0.715 0.481 -1.161 -1.338 -0.916 -1.655 -2.862 -1.028 -0.889 -2.612 -2.094 1.503
65 D -1.803 -1.614 1.173 5.871 -2.398 -0.898 1.024 -1.149 -0.562 -2.751 -3.517 -0.855 -2.723 -2.945 -2.315 -0.978 -1.438 -3.557 -3.069 -2.89
66 A 3.288 -1.24 -0.777 -1.15 0.465 -1.073 -1.055 0.197 -0.964 -1.173 -1.645 -0.674 -1.0 -1.905 -1.501 1.756 0.113 -2.502 -1.781 -0.29
67 D -1.803 -1.614 1.173 5.871 -2.398 -0.898 1.024 -1.149 -0.562 -2.751 -3.517 -0.855 -2.723 -2.945 -2.315 -0.978 -1.438 -3.557 -3.069 -2.89
68 Y -1.838 -1.803 -2.151 -3.048 -1.777 -1.809 -2.389 -2.958 2.079 -0.829 -0.936 -1.899 -0.708 3.323 -3.359 -2.463 -2.115 2.283 6.709 -1.005
69 L 1.557 -2.056 -2.693 -2.802 0.128 -2.214 -2.534 -1.575 -1.966 1.943 2.799 -1.874 1.276 0.063 -2.725 -1.43 -1.104 -1.988 -1.328 1.128
70 E -0.698 -0.743 -0.999 0.594 -1.207 0.498 3.489 -2.273 -0.378 0.52 -0.958 -0.059 -0.642 -1.697 -2.277 -1.234 -1.015 -2.413 -1.711 1.599
71 Y -1.838 -1.803 -2.151 -3.048 -1.777 -1.809 -2.389 -2.958 2.079 -0.829 -0.936 -1.899 -0.708 3.323 -3.359 -2.463 -2.115 2.283 6.709 -1.005
72 K 1.668 0.811 2.068 -0.458 -0.808 -0.041 -0.368 -0.454 -0.242 -1.742 -2.068 2.853 -1.286 -2.395 -1.795 -0.247 -0.744 -2.616 -1.857 -1.201
73 K -1.136 1.275 0.282 3.231 -2.129 0.322 0.555 -1.293 -0.363 -2.336 -2.626 3.598 -1.662 -2.869 -1.9 -0.93 -1.214 -2.866 -2.175 -2.285
74 I -1.3 -2.434 -2.955 -3.079 -0.182 -2.325 -3.196 -3.174 -2.032 3.886 1.812 -2.235 3.583 0.278 -3.44 -2.704 -1.091 -1.887 -1.152 2.335
75 F -2.175 -2.499 -2.62 -3.239 -1.52 -3.019 -3.085 -2.919 0.48 -0.066 0.126 -2.77 -0.09 5.82 -4.052 -2.845 -2.3 1.397 4.776 -0.682
76 N -1.724 -0.781 4.813 3.68 -2.037 -0.663 -0.031 -0.469 0.523 -2.742 -3.286 -0.489 -2.355 -2.571 -2.51 -0.396 -0.763 -3.168 -2.384 -2.684
77 E -1.137 -0.686 -1.068 0.556 -1.473 0.492 3.476 -2.379 -0.287 -0.255 1.409 -0.072 0.145 -0.994 -2.376 -1.413 -1.417 -2.146 -1.621 -0.644
78 V -0.547 -2.126 -1.772 -2.288 0.085 -2.186 -2.516 -2.462 -2.292 3.057 0.708 -1.853 0.594 -0.52 -2.7 -1.091 2.0 -2.276 -1.444 2.837
79 P -0.862 -2.039 -1.959 -1.589 -1.483 -1.959 -1.648 -1.878 -1.633 -2.343 -2.776 -1.09 -2.429 -3.361 6.689 -1.478 -1.374 -4.575 -2.661 -2.187
80 E -0.696 -1.056 -0.908 -0.302 -1.234 -0.269 1.943 -1.896 0.722 0.36 -1.049 -0.565 -0.726 1.036 -2.407 0.215 -0.857 0.068 3.831 -0.383
81 L -1.511 -2.486 -3.355 -3.492 -0.176 -2.844 -3.453 -3.44 -2.466 3.13 3.472 -2.569 1.847 0.616 -3.597 -3.156 -1.428 -1.843 -1.156 1.79
82 N -1.519 -0.944 4.611 0.378 4.216 -1.041 -1.309 -0.79 0.935 -1.939 -2.255 -0.85 -1.674 -0.034 -2.827 -0.667 -0.85 -0.945 2.548 -1.843
83 N -1.085 -0.791 4.246 2.108 -1.107 -0.779 -0.622 -0.647 0.145 -1.655 -2.331 -0.547 -1.589 -2.171 -2.244 0.069 2.033 -2.77 -2.076 -1.359
84 F -2.36 -2.922 -2.886 -3.34 -1.4 -3.89 -3.508 -2.9 -0.854 0.251 0.539 -3.33 0.176 6.554 -4.474 -3.056 -2.396 0.826 2.905 -0.533
85 L 0.152 -1.25 -0.498 -1.208 -0.015 -1.255 -1.428 -1.142 -1.181 0.232 1.555 -0.989 0.436 -0.675 -2.102 1.781 1.601 -2.175 -1.52 -0.015
86 L -1.654 -2.069 -2.915 -3.432 -0.618 -2.351 -2.982 -3.25 -0.054 1.309 3.152 -2.288 1.435 1.906 -3.537 -2.923 -1.766 0.297 3.902 0.537
87 S 1.17 -1.471 -0.612 -1.163 0.065 -1.351 -1.415 -0.796 -1.17 2.009 -0.271 -0.997 -0.114 -1.048 -2.033 1.958 0.255 -2.434 -1.616 0.901
88 S 1.666 -1.019 -0.071 -0.764 0.195 -0.906 -0.976 -0.369 -0.92 -1.059 -1.669 -0.58 -0.917 -1.824 -1.57 2.2 2.426 -2.427 -1.765 -0.431
89 A 1.769 -1.796 -1.439 -1.852 0.212 -1.761 -1.956 -1.098 -1.732 2.259 0.082 -1.343 0.091 -0.942 -2.116 -0.233 2.004 -2.293 -1.6 1.346
90 K -0.672 2.318 -0.275 -0.944 -1.15 0.229 -0.295 -1.457 -0.555 -1.415 -1.79 3.267 -1.0 -2.323 -1.829 -0.328 1.902 -2.406 -1.785 -1.093
91 D -1.45 0.178 0.762 4.843 -2.26 -0.224 0.799 -1.22 -0.461 -2.536 -3.037 2.157 -2.144 -2.907 -2.1 -0.954 -1.324 -3.191 -2.588 -2.572
92 I -0.969 -2.907 -3.173 -3.201 -0.003 -3.013 -3.423 -3.319 -2.803 4.15 1.427 -2.604 1.106 0.001 -3.415 -2.813 -0.877 -2.276 -1.311 3.361
93 H -1.733 -0.383 0.434 -0.987 -2.36 -0.191 -0.526 -1.723 8.043 -2.687 -2.621 -0.791 -1.287 -0.878 -2.775 -1.605 -2.252 -1.48 1.641 -3.061
94 G 0.064 -2.383 -0.466 -1.348 -1.346 -2.221 -2.648 5.834 -1.502 -3.241 -3.486 -1.676 -2.693 -2.704 -2.805 -1.028 -1.945 -2.466 -3.174 -2.89
95 E -0.945 -0.147 -0.364 1.492 -2.437 1.321 4.553 -1.975 0.367 -2.79 -2.729 0.651 -1.779 -2.634 -1.907 -0.817 -1.327 -2.413 -1.934 -2.16
96 I -0.812 -2.823 -3.128 -3.199 0.063 -2.928 -3.315 -3.248 -2.83 3.954 1.333 -2.565 1.049 -0.079 -3.37 -2.705 -0.793 -2.303 -1.311 3.548
97 G 0.064 -2.383 -0.466 -1.348 -1.346 -2.221 -2.648 5.834 -1.502 -3.241 -3.486 -1.676 -2.693 -2.704 -2.805 -1.028 -1.945 -2.466 -3.174 -2.89
98 Y -2.002 -2.13 -2.376 -3.142 -1.646 -2.351 -2.716 -2.938 1.389 -0.423 -0.356 -2.302 -0.382 4.834 -3.685 -2.647 -2.206 1.874 5.901 -0.839
99 L -1.566 -2.212 -3.388 -3.646 -0.176 -2.666 -3.331 -3.408 -2.339 1.979 4.079 -2.504 2.107 0.807 -3.63 -3.184 -1.606 -1.676 -1.082 1.08
100 F -2.36 -2.922 -2.886 -3.34 -1.4 -3.89 -3.508 -2.9 -0.854 0.251 0.539 -3.33 0.176 6.554 -4.474 -3.056 -2.396 0.826 2.905 -0.533
101 L -1.747 -2.726 -3.179 -3.392 -0.529 -3.221 -3.513 -3.259 -1.858 2.823 2.481 -2.825 1.282 4.021 -3.848 -3.114 -1.653 -0.698 0.872 1.448
102 G 0.014 -1.081 3.243 0.077 -0.94 -1.026 -1.187 3.31 -0.173 -2.588 -2.965 -0.702 -1.964 -2.342 -2.247 1.383 -0.236 -2.669 -2.291 -2.181
103 S 1.042 -0.767 0.471 -0.274 0.047 -0.596 -0.581 -0.132 -0.486 -1.937 -2.354 -0.311 -1.212 -1.969 -1.501 3.35 0.985 -2.575 -1.781 -1.318
104 I -1.058 -2.261 -1.79 -2.311 -0.282 -2.439 -2.694 -2.502 -1.821 2.984 0.751 -2.017 0.54 2.789 -2.917 -1.241 1.846 -1.296 0.076 1.648
105 F -1.479 -2.779 -2.909 -3.289 -0.709 -3.399 -3.298 -2.927 -1.397 1.482 0.672 -2.991 0.401 5.51 -3.983 -2.785 -1.606 0.091 2.052 1.97
106 K -0.852 2.068 -0.294 -0.748 -2.003 0.781 0.288 -1.368 -0.269 -2.149 -2.266 4.555 -1.249 -2.831 -1.713 -0.907 -1.108 -2.575 -1.814 -2.025
107 T -0.081 -1.198 -0.417 -1.237 -0.424 -1.136 -1.365 -1.259 0.451 -0.923 -1.391 -0.936 -0.813 0.999 -2.08 1.406 2.167 0.076 3.83 -0.629
108 L -1.65 -2.628 -3.248 -3.431 -0.383 -3.064 -3.489 -3.33 -2.086 2.95 2.919 -2.72 1.521 3.085 -3.745 -3.131 -1.561 -1.103 0.221 1.59
109 G -0.298 -2.318 -0.256 1.983 4.248 -2.028 -1.545 4.774 -1.434 -2.67 -3.031 -1.64 -2.429 -2.653 -2.752 -1.098 -1.752 -2.754 -3.104 -2.415
110 L -1.807 -2.43 -3.211 -3.54 -0.529 -3.019 -3.389 -3.229 -1.755 1.51 3.304 -2.754 1.595 4.081 -3.885 -3.141 -1.846 -0.584 0.909 0.636
111 G -0.543 -1.347 -0.844 -0.117 -1.716 -0.468 1.907 3.031 -0.77 -2.768 -2.977 -0.529 -2.274 -2.882 3.762 -1.094 -1.535 -2.992 -2.544 -2.393
112 F -2.36 -2.922 -2.886 -3.34 -1.4 -3.89 -3.508 -2.9 -0.854 0.251 0.539 -3.33 0.176 6.554 -4.474 -3.056 -2.396 0.826 2.905 -0.533
113 E -0.639 0.033 -0.214 0.231 -1.207 2.779 2.472 -1.6 0.035 -1.55 -1.863 0.461 -0.861 -2.347 -1.926 -0.218 1.906 -2.276 -1.647 -1.057
114 S 0.445 -1.29 -0.284 -0.975 -0.15 -1.251 -1.23 -0.801 -0.791 -0.189 -0.951 -0.95 -0.549 2.515 -2.102 2.35 0.373 -1.487 -0.024 0.425
115 F -1.479 -2.779 -2.909 -3.289 -0.709 -3.399 -3.298 -2.927 -1.397 1.482 0.672 -2.991 0.401 5.51 -3.983 -2.785 -1.606 0.091 2.052 1.97
116 L -1.015 -2.592 -3.205 -3.34 -0.003 -2.825 -3.303 -3.289 -2.661 3.392 2.55 -2.538 1.438 0.235 -3.447 -2.838 -1.024 -2.083 -1.232 2.971
117 F -2.36 -2.922 -2.886 -3.34 -1.4 -3.89 -3.508 -2.9 -0.854 0.251 0.539 -3.33 0.176 6.554 -4.474 -3.056 -2.396 0.826 2.905 -0.533
118 F -2.143 -2.73 -3.006 -3.416 -1.045 -3.535 -3.466 -3.022 -1.163 0.786 1.901 -3.103 0.789 5.857 -4.242 -3.091 -2.18 0.371 2.304 -0.041
119 I -1.336 -3.133 -3.11 -3.3 5.948 -3.452 -3.719 -2.975 -2.189 3.095 0.882 -2.959 0.538 3.249 -3.659 -2.674 -1.441 -1.263 0.261 1.625
120 A 3.26 -1.806 -1.947 -2.045 0.258 -1.806 -1.738 -0.189 -1.139 -0.54 -0.751 -1.323 -0.594 2.99 -2.01 -0.13 -0.829 -1.237 0.243 -0.038
121 L -1.201 -2.154 -2.244 -2.737 -0.512 -2.566 -2.764 -2.473 -1.432 1.072 2.697 -2.275 1.183 4.096 -3.424 -0.764 -1.245 -0.621 0.932 0.306
122 L -1.339 -2.453 -3.148 -3.452 -0.297 -2.915 -3.267 -3.168 -2.012 1.959 2.87 -2.668 1.414 3.448 -3.7 -2.912 -1.441 -0.947 0.491 2.008
123 S 0.491 -1.177 -0.076 -0.793 -0.256 -1.137 -1.085 -0.618 -0.576 -1.219 -1.322 -0.824 -0.801 2.977 -2.01 2.631 0.436 -1.29 0.243 -1.104
124 L -0.98 -2.531 -3.042 -3.339 -0.161 -2.901 -3.161 -3.064 -2.135 2.253 2.025 -2.644 1.061 3.346 -3.583 -2.689 -1.132 -1.076 0.459 2.881
125 L -0.708 -1.971 -1.661 -2.166 -0.38 -2.045 -2.34 -2.026 -1.269 2.122 1.315 -1.818 2.171 3.29 -3.016 0.221 -0.675 -1.024 0.42 0.945
126 L -1.748 -2.377 -3.257 -3.569 -0.44 -2.93 -3.377 -3.275 -1.893 1.631 3.522 -2.692 1.729 3.547 -3.822 -3.154 -1.787 -0.824 0.523 0.751
127 T -0.442 -1.842 -1.281 -1.925 0.085 -1.886 -2.198 -2.146 -2.057 2.519 0.351 -1.56 0.344 -0.758 -2.423 -0.539 2.783 -2.263 -1.517 2.371
128 F -1.102 -2.595 -2.727 -3.254 5.927 -2.838 -3.134 -2.74 -0.374 0.886 -0.01 -2.641 -0.114 3.66 -3.523 -2.343 -1.486 0.202 3.613 1.48
129 F -1.891 -2.777 -3.106 -3.381 -0.726 -3.377 -3.515 -3.168 -1.575 2.365 2.105 -2.946 1.04 4.894 -3.995 -3.102 -1.824 -0.238 1.527 1.063
130 S 0.491 -1.177 -0.076 -0.793 -0.256 -1.137 -1.085 -0.618 -0.576 -1.219 -1.322 -0.824 -0.801 2.977 -2.01 2.631 0.436 -1.29 0.243 -1.104
131 L 1.372 -1.745 -1.463 -1.92 -0.13 -1.866 -1.916 -1.077 -1.153 0.226 1.352 -1.511 0.354 3.184 -2.497 0.667 -0.582 -1.109 0.339 -0.033
132 K -1.235 2.152 -0.782 -1.3 -1.868 0.098 -0.392 -1.762 -0.369 -1.375 -1.26 3.562 -0.825 2.879 -2.301 -1.372 -1.421 -1.269 0.231 -1.59
133 K -0.855 2.065 -0.297 -0.751 -2.006 0.778 0.285 -1.371 -0.272 -2.151 -2.269 4.562 -1.252 -2.834 -1.715 -0.91 -1.111 -2.578 -1.817 -2.027
134 L 0.364 -0.415 -2.027 -2.307 -0.38 -1.233 -1.695 -1.957 -1.543 1.554 2.578 1.31 1.096 -0.18 -2.656 -1.693 -1.23 -2.047 -1.376 0.696
135 S 1.039 -0.77 0.468 -0.277 0.044 -0.598 -0.584 -0.135 -0.489 -1.94 -2.357 -0.314 -1.215 -1.972 -1.504 3.359 0.982 -2.578 -1.784 -1.321
136 L -1.414 -2.178 -2.636 -2.8 -0.814 -2.319 -2.631 -2.856 -0.406 1.581 1.975 -1.965 0.666 1.152 2.933 -2.481 -1.582 -0.411 3.167 0.531
137 I 1.055 -1.824 2.145 -1.078 -0.26 -1.855 -2.068 -1.179 -1.019 2.909 0.339 -1.457 0.193 -0.743 -2.67 -1.038 -0.767 -2.455 -1.608 1.524
138 P -0.865 -2.042 -1.962 -1.592 -1.486 -1.962 -1.651 -1.881 -1.636 -2.346 -2.779 -1.093 -2.432 -3.364 6.692 -1.48 -1.377 -4.578 -2.664 -2.19
139 I -0.741 -2.349 -2.085 -2.495 0.019 -2.417 -2.774 -2.692 -2.4 3.526 0.972 -2.046 0.769 -0.328 -2.889 -1.48 1.486 -2.263 -1.413 2.838
140 L -1.527 -2.418 -3.366 -3.532 -0.179 -2.801 -3.425 -3.435 -2.436 2.884 3.64 -2.555 1.911 0.662 -3.608 -3.166 -1.474 -1.804 -1.14 1.625
141 S 2.1 -0.938 0.061 -0.575 0.208 -0.768 -0.752 -0.007 -0.659 -1.629 -2.07 -0.444 -1.134 -1.948 -1.504 2.858 0.685 -2.55 -1.784 -0.891
142 L -1.527 -2.418 -3.366 -3.532 -0.179 -2.801 -3.425 -3.435 -2.436 2.884 3.64 -2.555 1.911 0.662 -3.608 -3.166 -1.474 -1.804 -1.14 1.625
143 V -0.81 -2.575 -3.143 -3.305 0.077 -2.773 -3.205 -3.212 -2.731 3.301 2.221 -2.509 1.289 0.081 -3.385 -2.699 -0.88 -2.165 -1.255 3.332
144 F -2.143 -2.73 -3.006 -3.416 -1.045 -3.535 -3.466 -3.022 -1.163 0.786 1.901 -3.103 0.789 5.857 -4.242 -3.091 -2.18 0.371 2.304 -0.041
145 Y -1.963 -2.048 -2.321 -3.121 -1.681 -2.209 -2.634 -2.946 1.575 -0.522 -0.494 -2.199 -0.463 4.524 -3.603 -2.603 -2.186 1.979 6.13 -0.883
146 L -1.939 -2.548 -3.129 -3.492 -0.726 -3.216 -3.421 -3.146 -1.505 1.24 2.824 -2.89 1.297 4.927 -4.024 -3.122 -1.977 -0.165 1.549 0.382
147 S 1.039 -0.77 0.468 -0.277 0.044 -0.598 -0.584 -0.135 -0.489 -1.94 -2.357 -0.314 -1.215 -1.972 -1.504 3.359 0.982 -2.578 -1.784 -1.321
148 H -1.736 -0.386 0.431 -0.99 -2.363 -0.194 -0.529 -1.726 8.048 -2.69 -2.624 -0.794 -1.29 -0.881 -2.778 -1.608 -2.255 -1.483 1.638 -3.064
149 G 1.336 -2.287 -1.814 -2.268 -0.297 -2.381 -2.486 2.467 -1.537 0.636 -0.383 -1.937 -0.379 3.043 -2.804 -1.184 -1.192 -1.228 0.168 1.411
150 F -2.363 -2.925 -2.889 -3.343 -1.403 -3.893 -3.511 -2.903 -0.857 0.248 0.536 -3.333 0.173 6.559 -4.477 -3.059 -2.399 0.823 2.902 -0.536
151 I -1.445 -2.872 -3.316 -3.313 -0.179 -3.085 -3.615 -3.483 -2.635 4.129 2.474 -2.656 1.483 0.356 -3.558 -3.125 -1.222 -2.07 -1.255 2.483
152 L -0.842 -2.361 -3.166 -3.412 0.077 -2.642 -3.121 -3.19 -2.627 2.534 2.915 -2.461 1.526 0.254 -3.408 -2.717 -0.99 -2.024 -1.197 3.042
153 R -0.663 4.838 -0.219 -1.203 -1.507 0.253 -0.588 -1.504 -0.06 -2.449 -2.129 1.563 -1.243 -2.359 -2.373 0.66 -0.644 -2.338 -1.796 -1.947
154 D -1.345 -0.791 0.503 4.446 -2.42 0.417 3.302 -1.536 -0.063 -2.773 -3.099 -0.008 -2.216 -2.788 -2.107 -0.899 -1.385 -2.931 -2.449 -2.505
155 L -1.262 -1.668 -2.701 -3.1 -0.19 -1.543 -2.681 -2.867 -1.4 1.722 2.961 -1.8 4.917 0.572 -3.392 -2.395 -1.251 -1.451 -0.937 1.002
156 I -0.575 -2.336 -1.811 -2.156 -0.122 -2.321 -2.564 -2.234 -1.993 3.863 1.049 -1.899 0.796 -0.218 -2.878 0.159 -0.425 -2.3 -1.424 2.221
157 Q -0.911 0.979 -0.121 -0.385 -1.94 4.983 1.364 -1.508 0.741 -2.269 -2.019 1.193 -0.432 -2.987 -2.179 -0.783 -1.004 -2.213 -1.314 -1.815
158 I -1.405 -3.129 -3.291 -3.209 -0.179 -3.238 -3.715 -3.508 -2.74 4.595 1.648 -2.707 1.243 0.189 -3.533 -3.105 -1.103 -2.213 -1.314 2.832
159 R -1.563 5.563 -0.491 -1.592 -2.288 0.489 -0.589 -2.157 0.07 -2.64 -2.056 1.99 -1.252 -2.501 -2.733 -1.435 -1.482 -2.263 -1.801 -2.19
160 A 3.324 -1.107 -1.299 -0.528 0.133 -0.419 1.51 -0.084 -0.748 -1.235 -1.638 -0.414 -1.098 -2.049 -1.6 0.161 -0.647 -2.455 -1.821 -0.313
161 G 1.633 -2.142 -0.729 -1.438 -0.705 -1.979 -2.259 5.146 -1.436 -2.44 -2.789 -1.457 -2.132 -2.476 -2.423 -0.592 -1.495 -2.469 -2.761 -1.805
162 L -1.569 -2.215 -3.391 -3.649 -0.179 -2.669 -3.334 -3.411 -2.342 1.976 4.084 -2.507 2.104 0.804 -3.633 -3.187 -1.609 -1.679 -1.085 1.077
163 A 3.483 -1.308 -0.982 -1.284 0.511 -1.142 -1.122 0.232 -1.033 -1.093 -1.571 -0.726 -0.977 -1.9 -1.504 1.48 -0.02 -2.496 -1.784 -0.187
164 V -0.508 -2.657 -3.038 -3.197 0.196 -2.759 -3.101 -3.106 -2.891 3.489 1.118 -2.487 0.919 -0.26 -3.28 -2.491 -0.623 -2.364 -1.314 3.914
165 S 2.1 -0.938 0.061 -0.575 0.208 -0.768 -0.752 -0.007 -0.659 -1.629 -2.07 -0.444 -1.134 -1.948 -1.504 2.858 0.685 -2.55 -1.784 -0.891
166 I -1.359 -2.797 -3.136 -3.151 -0.182 -2.793 -3.472 -3.354 -2.401 4.3 1.722 -2.487 2.536 0.228 -3.492 -2.919 -1.099 -2.063 -1.241 2.617
167 V 0.272 -1.612 -0.8 -1.384 0.06 -1.529 -1.631 -1.287 -1.431 2.264 0.02 -1.223 0.121 -0.888 -2.286 1.694 0.236 -2.442 -1.539 2.078
168 L -1.527 -2.418 -3.366 -3.532 -0.179 -2.801 -3.425 -3.435 -2.436 2.884 3.64 -2.555 1.911 0.662 -3.608 -3.166 -1.474 -1.804 -1.14 1.625
169 F -2.09 -2.311 -2.498 -3.193 -1.585 -2.669 -2.897 -2.932 0.967 -0.242 -0.108 -2.529 -0.235 5.372 -3.866 -2.747 -2.255 1.643 5.397 -0.762
170 S 0.89 -0.82 0.382 -0.38 0.051 -0.672 -0.693 -0.288 -0.613 -1.615 -2.127 -0.384 -1.107 -1.914 -1.535 3.084 1.802 -2.52 -1.777 -1.035
171 I -1.617 -3.077 -3.185 -3.242 -0.44 -3.388 -3.663 -3.344 -2.142 3.971 1.408 -2.851 1.01 3.381 -3.742 -3.093 -1.377 -1.109 0.426 2.286
172 I 1.54 -1.884 -1.479 -1.833 0.177 -1.808 -1.925 -1.124 -1.656 2.595 0.256 -1.423 0.231 -0.793 -2.309 0.706 -0.206 -2.395 -1.539 1.992
173 K -1.076 0.102 -1.218 -1.76 -1.032 -0.737 -1.214 -2.147 0.056 1.565 -0.351 2.059 -0.209 0.698 -2.453 -1.303 0.529 -0.369 3.159 0.471
174 F -0.63 -2.139 -1.56 -2.211 5.921 -2.312 -2.389 -1.793 -0.408 -0.595 -0.602 -2.022 -0.561 4.086 -3.022 0.339 -0.898 -0.061 2.89 -0.756
175 K -0.983 1.39 -0.805 -1.197 -1.43 0.178 -0.314 -1.775 -0.719 1.329 -0.701 3.808 -0.4 -1.737 -2.074 -1.322 -1.109 -2.482 -1.683 0.109
176 G 0.038 0.435 -0.14 -0.812 -1.144 -0.34 -0.697 3.295 -0.706 -2.428 -2.665 2.482 -1.669 -2.552 -1.992 0.839 -0.637 -2.539 -2.214 -2.09
177 N -1.059 0.126 3.944 0.133 -1.18 -0.5 -0.823 -0.974 0.029 0.055 -1.363 1.648 -0.923 -1.85 -2.487 -0.755 -0.625 -2.734 -1.813 0.97
178 K -1.094 2.036 -0.789 -1.469 -1.422 -0.31 -0.828 -1.705 -0.676 -1.545 -1.755 2.381 -1.076 -1.016 -2.454 -0.869 1.257 6.733 -0.213 -1.352
179 S -0.278 0.344 2.014 -0.242 -1.161 -0.09 -0.351 -0.763 4.525 -2.28 -2.51 1.779 -1.371 -1.888 -1.989 1.337 -0.293 -2.315 -0.519 -2.042
180 I -1.238 1.978 -2.263 -2.711 -0.489 -1.714 -2.477 -3.032 -1.765 3.593 0.952 -0.651 0.719 -0.385 -3.263 -2.476 -1.088 -2.255 -1.428 2.479
181 I -1.262 -2.913 -3.101 -3.238 -0.297 -3.211 -3.447 -3.212 -2.182 3.563 1.227 -2.772 0.897 3.335 -3.648 -2.875 -1.192 -1.143 0.426 2.772
182 L 0.003 -1.697 -1.382 -2.033 0.116 -1.802 -2.133 -1.983 -1.961 1.45 1.553 -1.529 0.657 -0.539 -2.425 -0.566 2.544 -2.129 -1.456 1.955
183 G -0.903 -2.643 -1.432 -2.179 -1.376 -2.939 -3.049 3.973 -1.163 -0.999 -0.825 -2.389 -0.919 4.673 -3.523 -1.87 -2.165 -0.377 1.233 -1.48
184 I -0.952 -2.899 -3.17 -3.204 0.002 -3.005 -3.412 -3.313 -2.809 4.131 1.413 -2.602 1.096 -0.012 -3.412 -2.802 -0.869 -2.283 -1.314 3.387
185 L -1.569 -2.215 -3.391 -3.649 -0.179 -2.669 -3.334 -3.411 -2.342 1.976 4.084 -2.507 2.104 0.804 -3.633 -3.187 -1.609 -1.679 -1.085 1.077
186 F -1.97 -2.854 -3.057 -3.352 -0.85 -3.507 -3.533 -3.117 -1.43 2.249 1.668 -3.031 0.828 5.306 -4.079 -3.089 -1.9 -0.006 1.855 0.936
187 A 3.483 -1.308 -0.982 -1.284 0.511 -1.142 -1.122 0.232 -1.033 -1.093 -1.571 -0.726 -0.977 -1.9 -1.504 1.48 -0.02 -2.496 -1.784 -0.187
188 S 1.927 -1.027 -0.108 -0.768 0.22 -0.901 -0.949 -0.256 -0.882 -1.156 -1.73 -0.569 -0.96 -1.853 -1.555 2.285 2.053 -2.455 -1.772 -0.489
189 L -1.569 -2.215 -3.391 -3.649 -0.179 -2.669 -3.334 -3.411 -2.342 1.976 4.084 -2.507 2.104 0.804 -3.633 -3.187 -1.609 -1.679 -1.085 1.077
190 F -1.845 -3.025 -3.083 -3.275 -0.726 -3.547 -3.611 -3.19 -1.647 3.173 1.145 -3.003 0.757 4.86 -3.967 -3.082 -1.679 -0.313 1.504 1.614
191 H -1.736 -0.386 0.431 -0.99 -2.363 -0.194 -0.529 -1.726 8.048 -2.69 -2.624 -0.794 -1.29 -0.881 -2.778 -1.608 -2.255 -1.483 1.638 -3.064
192 S 0.669 0.238 0.295 -0.388 -0.348 -0.188 -0.341 -0.398 -0.433 -1.991 -2.335 1.833 -1.224 -2.164 -1.555 2.74 0.584 -2.578 -1.792 -1.482
193 G 1.633 -2.142 -0.729 -1.438 -0.705 -1.979 -2.259 5.146 -1.436 -2.44 -2.789 -1.457 -2.132 -2.476 -2.423 -0.592 -1.495 -2.469 -2.761 -1.805
194 A 3.483 -1.308 -0.982 -1.284 0.511 -1.142 -1.122 0.232 -1.033 -1.093 -1.571 -0.726 -0.977 -1.9 -1.504 1.48 -0.02 -2.496 -1.784 -0.187
195 L -1.503 -2.547 -3.351 -3.465 -0.179 -2.883 -3.481 -3.449 -2.495 3.317 3.337 -2.585 1.789 0.574 -3.593 -3.154 -1.396 -1.881 -1.174 1.91
196 I -1.405 -3.129 -3.291 -3.209 -0.179 -3.238 -3.715 -3.508 -2.74 4.595 1.648 -2.707 1.243 0.189 -3.533 -3.105 -1.103 -2.213 -1.314 2.832
197 I -1.445 -2.872 -3.316 -3.313 -0.179 -3.085 -3.615 -3.483 -2.635 4.129 2.474 -2.656 1.483 0.356 -3.558 -3.125 -1.222 -2.07 -1.255 2.483
198 A 2.389 -2.02 -2.399 -2.444 0.266 -2.036 -2.219 -0.971 -1.815 2.136 1.672 -1.614 0.687 -0.441 -2.36 -0.839 -0.863 -2.189 -1.476 1.264
199 P -1.174 -2.244 -2.578 -2.395 -0.759 -2.362 -2.41 -2.556 -2.017 1.451 1.848 -1.736 0.457 -0.722 4.772 -2.2 -1.412 -2.888 -1.81 0.385
200 C -1.268 -3.137 -2.94 -3.394 7.77 -3.683 -3.723 -2.526 -1.727 -0.212 -0.164 -3.236 -0.397 4.701 -3.79 -2.3 -1.824 -0.55 1.274 -0.487
201 Y -1.726 -2.084 -2.399 -3.09 -1.289 -2.108 -2.67 -3.088 1.422 1.682 -0.046 -2.083 -0.085 2.798 -3.404 -2.613 -1.829 1.646 5.943 0.516
202 P -1.352 -2.284 -2.487 -2.388 -1.081 -2.521 -2.402 -2.445 -1.57 -0.029 1.211 -1.854 -0.003 3.085 4.761 -2.186 -1.661 -1.599 0.151 -0.627
203 L -1.939 -2.548 -3.129 -3.492 -0.726 -3.216 -3.421 -3.146 -1.505 1.24 2.824 -2.89 1.297 4.927 -4.024 -3.122 -1.977 -0.165 1.549 0.382
204 F -1.866 -2.452 -2.851 -3.318 -0.924 -2.852 -3.174 -3.124 -0.171 1.699 1.848 -2.621 0.793 4.452 -3.808 -2.935 -1.899 0.588 3.841 0.598
205 R -1.323 3.76 2.594 -0.349 -2.081 0.374 -0.288 -1.28 0.208 -2.483 -2.378 2.889 -1.46 -2.587 -2.309 -0.883 -1.074 -2.542 -1.878 -2.225
206 K -1.016 3.404 -0.344 -0.939 -2.074 0.709 0.09 -1.548 -0.182 -2.266 -2.214 4.101 -1.252 -2.747 -1.938 -1.032 -1.199 -2.496 -1.813 -2.067
207 K -0.749 2.56 -0.292 -0.935 -1.354 0.359 -0.184 -1.472 -0.464 -1.603 -1.895 3.534 -1.063 -2.429 -1.847 -0.486 1.39 -2.434 -1.794 -1.309
208 Y -1.12 -0.358 -1.713 -2.31 -1.143 -1.049 -1.547 -2.479 0.854 0.528 -0.578 1.323 -0.359 1.836 -2.82 -1.958 -1.371 0.785 4.874 1.261
209 I -1.642 -2.923 -3.199 -3.305 -0.44 -3.291 -3.603 -3.33 -2.091 3.631 1.972 -2.819 1.169 3.415 -3.758 -3.106 -1.454 -1.05 0.446 2.038
210 R -0.37 2.738 -0.169 -0.961 -0.824 -0.053 -0.582 -1.307 -0.563 -1.398 -1.762 2.156 -0.986 -2.149 -1.903 0.661 2.14 -2.366 -1.779 -0.984
211 L -1.721 -2.277 -3.318 -3.624 -0.559 -2.711 -3.225 -3.101 -2.023 1.463 3.256 -2.577 1.49 0.832 -3.963 -3.183 -1.776 6.756 0.106 0.856
212 K -1.099 1.88 0.138 2.625 -2.114 0.426 0.452 -1.348 -0.324 -2.314 -2.522 3.765 -1.556 -2.845 -1.9 -0.952 -1.208 -2.776 -2.083 -2.229
213 V -0.901 -0.986 -2.254 -2.564 -0.256 -1.381 -2.126 -2.659 -1.616 2.77 1.321 0.389 3.515 -0.159 -3.018 -2.123 -0.926 -1.965 -1.213 2.405
214 I -1.501 -2.365 -2.848 -3.107 -0.446 -2.396 -3.132 -3.016 -1.531 3.015 1.591 -2.338 3.573 3.411 -3.64 -2.678 -1.366 -0.874 0.519 1.636
215 L -1.861 -2.478 -3.18 -3.522 -0.608 -3.098 -3.403 -3.197 -1.654 1.403 3.124 -2.809 1.477 4.451 -3.942 -3.135 -1.9 -0.411 1.181 0.535
216 L -1.164 -2.353 -2.227 -2.652 -0.512 -2.693 -2.839 -2.49 -1.501 2.253 1.941 -2.32 0.915 4.051 -3.401 -0.755 -1.126 -0.707 0.904 1.003
217 L -1.704 -2.592 -3.233 -3.456 -0.44 -3.075 -3.469 -3.298 -1.974 2.636 2.973 -2.744 1.508 3.493 -3.795 -3.134 -1.644 -0.916 0.491 1.358
218 F -2.092 -2.975 -2.984 -3.309 -1.045 -3.715 -3.561 -3.043 -1.225 2.066 0.857 -3.163 0.48 5.833 -4.21 -3.071 -2.017 0.311 2.287 0.735
219 L -1.068 -2.257 -2.342 -2.882 -0.43 -2.551 -3.147 2.168 -2.109 1.3 3.322 -2.276 1.451 0.246 -3.404 -2.48 -1.69 -1.857 -1.483 0.48
220 V -0.508 -2.657 -3.038 -3.197 0.196 -2.759 -3.101 -3.106 -2.891 3.489 1.118 -2.487 0.919 -0.26 -3.28 -2.491 -0.623 -2.364 -1.314 3.914
221 A 2.588 -1.044 -0.214 -0.77 0.302 -0.876 -0.858 0.067 -0.766 -1.458 -1.911 -0.526 -1.086 -1.933 -1.504 2.509 0.491 -2.534 -1.784 -0.661
222 L -1.43 -2.332 -2.966 -3.333 -0.445 -2.546 -3.11 -3.27 -0.559 2.636 2.535 -2.38 1.248 1.483 -3.493 -2.876 -1.454 -0.197 3.226 1.78
223 I -1.445 -2.872 -3.316 -3.313 -0.179 -3.085 -3.615 -3.483 -2.635 4.129 2.474 -2.656 1.483 0.356 -3.558 -3.125 -1.222 -2.07 -1.255 2.483
224 F 0.814 -2.502 -2.539 -2.842 -0.737 -3.019 -2.792 -1.694 -0.948 0.009 0.167 -2.498 -0.061 5.78 -3.404 -1.727 -1.776 0.285 2.256 -0.36
225 S 0.661 -0.224 0.332 -0.304 -0.339 2.022 0.039 -0.422 -0.129 -2.019 -2.269 0.143 -0.999 -2.194 -1.659 2.749 0.599 -2.482 -1.659 -1.437
226 Y -1.793 -1.358 2.545 2.615 -1.948 -1.216 -0.766 -1.564 1.317 -1.634 -1.898 -1.165 -1.45 1.662 -2.878 -1.341 -1.458 0.674 4.829 -1.745
227 L -0.842 -2.361 -3.166 -3.412 0.077 -2.642 -3.121 -3.19 -2.627 2.534 2.915 -2.461 1.526 0.254 -3.408 -2.717 -0.99 -2.024 -1.197 3.042
228 N -1.148 -0.811 4.475 0.5 -1.799 -0.827 -1.085 2.684 3.548 -2.851 -3.161 -0.681 -2.148 -2.183 -2.687 -0.534 -1.013 -2.583 -1.297 -2.73
229 G -0.328 -2.588 -1.5 -2.13 -0.549 -2.547 -2.953 3.958 -2.096 2.139 -0.193 -2.085 -0.268 -1.12 -3.072 -1.74 -1.302 -2.39 -2.097 1.886
230 L 1.033 -2.023 -2.863 -3.032 0.052 -2.278 -2.687 -1.933 -2.025 1.486 3.396 -2.005 1.595 0.331 -2.937 -1.787 -1.273 -1.857 -1.244 0.864
231 K -1.256 0.988 3.358 2.106 -2.014 0.15 0.1 -0.869 0.177 -2.433 -2.729 3.026 -1.745 -2.692 -2.091 -0.629 -0.917 -2.851 -2.074 -2.334
232 L -1.454 -2.211 -2.851 -2.931 -0.637 -2.522 -2.781 -2.879 -1.546 1.067 2.89 -2.116 1.164 2.0 2.918 -2.612 -1.641 -1.335 0.751 0.293
233 L -0.328 -1.891 -1.395 -1.886 -0.099 -1.921 -2.148 -1.836 -1.666 2.802 1.84 -1.595 0.894 -0.196 -2.67 0.845 -0.278 -2.186 -1.407 1.448
234 L -1.47 -2.728 -3.331 -3.377 -0.179 -2.997 -3.557 -3.469 -2.574 3.809 2.876 -2.625 1.618 0.451 -3.573 -3.137 -1.295 -1.988 -1.22 2.251
235 N -1.403 0.149 3.625 0.278 -2.013 2.68 0.216 -0.946 4.686 -2.555 -2.591 0.213 -1.249 -2.103 -2.493 -0.679 -1.028 -2.28 -0.447 -2.395
236 L -1.141 -0.904 -1.64 -2.043 -0.481 1.606 -1.104 -2.463 -1.11 1.055 2.864 -0.858 1.325 -0.095 -2.864 -1.577 0.508 -1.881 -1.231 0.442
237 L -1.748 -2.377 -3.257 -3.569 -0.44 -2.93 -3.377 -3.275 -1.893 1.631 3.522 -2.692 1.729 3.547 -3.822 -3.154 -1.787 -0.824 0.523 0.751
238 S 0.503 -1.114 -0.03 -0.76 0.024 -1.007 -1.091 -0.742 -0.963 0.696 -1.02 -0.698 -0.536 -1.444 -1.787 2.39 2.094 -2.426 -1.696 0.135
239 N -1.009 -0.174 2.53 -0.365 -1.226 2.545 -0.089 -1.409 3.47 0.064 -1.195 -0.074 -0.487 -1.677 -2.607 -1.019 -0.872 -2.31 -0.769 0.996
240 Y -1.299 -2.07 -2.616 -3.226 -0.705 -2.197 -2.733 -3.073 0.592 1.316 1.588 -2.168 0.619 2.176 -3.385 -2.589 -1.499 0.866 4.895 1.676
241 G 0.265 -1.401 1.881 -0.427 -0.842 -1.29 -1.469 4.178 -0.644 -2.65 -2.999 -0.918 -2.021 -2.384 -2.257 1.38 -0.39 -2.58 -2.453 -2.203
242 L -1.748 -2.377 -3.257 -3.569 -0.44 -2.93 -3.377 -3.275 -1.893 1.631 3.522 -2.692 1.729 3.547 -3.822 -3.154 -1.787 -0.824 0.523 0.751
243 L -1.569 -2.215 -3.391 -3.649 -0.179 -2.669 -3.334 -3.411 -2.342 1.976 4.084 -2.507 2.104 0.804 -3.633 -3.187 -1.609 -1.679 -1.085 1.077
244 P -0.865 -2.042 -1.962 -1.592 -1.486 -1.962 -1.651 -1.881 -1.636 -2.346 -2.779 -1.093 -2.432 -3.364 6.692 -1.48 -1.377 -4.578 -2.664 -2.19
245 E -0.732 -0.268 0.043 2.044 -1.191 2.204 2.062 -1.505 -0.171 -1.536 -1.967 0.184 -1.043 -2.346 -1.961 -0.216 1.992 -2.432 -1.832 -1.106
246 A 3.483 -1.308 -0.982 -1.284 0.511 -1.142 -1.122 0.232 -1.033 -1.093 -1.571 -0.726 -0.977 -1.9 -1.504 1.48 -0.02 -2.496 -1.784 -0.187
247 I -0.893 -2.868 -3.153 -3.203 0.027 -2.973 -3.371 -3.287 -2.819 4.058 1.377 -2.588 1.075 -0.042 -3.395 -2.762 -0.838 -2.293 -1.314 3.459
248 A 2.318 -0.951 2.572 -0.226 -0.037 -0.864 -0.904 0.056 -0.297 -1.61 -2.069 -0.529 -1.291 -2.034 -1.744 1.732 0.129 -2.631 -1.859 -0.873
249 N -1.688 -0.443 5.703 1.253 -1.875 -0.555 -0.754 -0.183 0.94 -2.741 -3.18 -0.324 -2.19 -2.403 -2.616 -0.146 -0.48 -2.995 -2.097 -2.589
250 Y -1.841 -1.806 -2.154 -3.051 -1.78 -1.812 -2.392 -2.961 2.076 -0.832 -0.939 -1.902 -0.711 3.32 -3.362 -2.466 -2.118 2.28 6.714 -1.008
251 V -0.698 -2.519 -3.11 -3.303 0.125 -2.715 -3.129 -3.16 -2.751 3.103 2.167 -2.481 1.249 0.023 -3.352 -2.621 -0.816 -2.184 -1.255 3.476
252 G -0.538 -1.154 2.585 0.322 -1.719 -0.53 1.367 4.099 -0.22 -2.996 -3.205 -0.588 -2.315 -2.61 -2.511 -0.733 -1.361 -2.578 -2.538 -2.618
253 W -1.221 -1.906 -1.768 -2.376 -1.549 -2.104 -2.181 -1.644 -0.979 -1.896 -1.834 -1.962 -1.285 0.584 -3.86 0.094 -1.273 9.819 1.547 -1.992
254 E -0.901 -0.692 0.144 3.099 -1.564 0.381 3.109 -1.593 -0.227 -1.913 -2.372 -0.001 -1.608 -2.411 -1.955 -0.401 1.334 -2.606 -2.125 -1.493
255 L -1.242 -1.002 -1.5 -0.061 -1.093 -0.036 2.741 -2.607 -0.683 0.482 2.344 -0.518 0.771 -0.431 -2.645 -1.767 -1.466 -2.024 -1.479 -0.11
256 Y -1.841 -1.806 -2.154 -3.051 -1.78 -1.812 -2.392 -2.961 2.076 -0.832 -0.939 -1.902 -0.711 3.32 -3.362 -2.466 -2.118 2.28 6.714 -1.008
257 D -0.773 -1.065 3.02 4.303 -1.465 -0.734 0.299 -0.613 -0.093 -2.525 -3.103 -0.576 -2.145 -2.538 -2.158 0.959 -0.413 -3.143 -2.449 -2.346
258 Y -0.812 -1.51 -1.245 -2.072 -1.205 -1.458 -1.823 -1.958 1.617 -1.072 -1.233 -1.416 -0.829 2.639 -2.774 0.327 -0.983 1.623 5.934 -1.083
259 R -1.425 4.005 -0.143 -1.095 -2.215 2.316 0.048 -1.873 4.587 -2.555 -2.178 1.291 -1.033 -2.099 -2.595 -1.297 -1.522 -2.035 -0.41 -2.28
260 L -1.021 -2.441 -3.218 -3.415 0.002 -2.728 -3.234 -3.268 -2.599 2.887 2.976 -2.504 1.581 0.334 -3.46 -2.839 -1.092 -1.997 -1.197 2.787
261 S 0.35 -0.983 1.874 -0.239 -0.514 -0.876 -0.843 -0.491 -0.448 -2.147 -2.57 -0.491 -1.614 -2.329 3.13 2.294 0.341 -3.03 -2.028 -1.684
262 I -1.034 -2.482 -2.144 -2.498 -0.108 -2.551 -2.944 -2.803 -2.356 3.939 1.169 -2.108 0.886 -0.166 -2.961 -1.613 1.414 -2.213 -1.413 2.364
263 F -2.143 -2.73 -3.006 -3.416 -1.045 -3.535 -3.466 -3.022 -1.163 0.786 1.901 -3.103 0.789 5.857 -4.242 -3.091 -2.18 0.371 2.304 -0.041
264 T -0.141 -1.121 -0.167 -1.043 0.093 -1.131 -1.406 -1.357 -1.441 -0.253 -1.085 -0.819 -0.56 -1.609 -1.715 0.676 4.329 -2.213 -1.735 0.201
265 N -1.688 -0.443 5.703 1.253 -1.875 -0.555 -0.754 -0.183 0.94 -2.741 -3.18 -0.324 -2.19 -2.403 -2.616 -0.146 -0.48 -2.995 -2.097 -2.589
266 P -0.865 -2.042 -1.962 -1.592 -1.486 -1.962 -1.651 -1.881 -1.636 -2.346 -2.779 -1.093 -2.432 -3.364 6.692 -1.48 -1.377 -4.578 -2.664 -2.19
267 V -0.262 -2.515 -2.958 -3.193 0.311 -2.616 -2.922 -2.984 -2.943 3.001 0.917 -2.417 0.803 -0.427 -3.2 -2.313 -0.48 -2.416 -1.314 4.2
268 F -1.678 -2.817 -2.906 -3.305 -0.87 -3.517 -3.352 -2.923 -1.254 1.217 0.636 -3.075 0.344 5.813 -4.101 -2.854 -1.787 0.29 2.287 1.522
269 W -1.972 -2.748 -3.243 -3.421 -1.069 -3.039 -3.334 -2.897 -1.845 2.886 0.44 -2.763 0.24 0.68 -4.331 -3.241 -1.801 8.673 0.902 1.288
270 K -0.855 2.065 -0.297 -0.751 -2.006 0.778 0.285 -1.371 -0.272 -2.151 -2.269 4.562 -1.252 -2.834 -1.715 -0.91 -1.111 -2.578 -1.817 -2.027
271 G 2.645 -1.916 -1.015 -1.528 -0.179 -1.753 -1.914 4.237 -1.369 -1.812 -2.226 -1.25 -1.662 -2.262 -2.083 -0.211 -1.103 -2.469 -2.397 -1.017
272 V -0.613 -2.715 -3.07 -3.199 0.149 -2.819 -3.176 -3.156 -2.87 3.664 1.194 -2.515 0.965 -0.196 -3.312 -2.566 -0.683 -2.343 -1.314 3.791
273 L -1.698 -2.506 -3.019 -3.3 -0.554 -2.834 -3.314 -3.118 -1.602 2.484 2.281 -2.624 2.496 4.12 -3.811 -2.923 -1.625 -0.587 0.968 1.227
274 L -1.125 -2.628 -3.238 -3.351 -0.048 -2.869 -3.366 -3.335 -2.641 3.504 2.636 -2.562 1.482 0.289 -3.48 -2.912 -1.092 -2.061 -1.231 2.809
275 I -1.24 -2.78 -3.263 -3.311 -0.1 -2.988 -3.486 -3.399 -2.664 3.905 2.401 -2.611 1.426 0.276 -3.505 -2.991 -1.115 -2.098 -1.255 2.765
276 L -1.186 -2.3 -2.82 -3.285 -0.462 -2.553 -2.953 -3.066 -0.428 1.755 1.808 -2.416 0.834 3.051 -3.511 -2.657 -1.357 0.118 3.502 2.228
277 L -1.704 -2.592 -3.233 -3.456 -0.44 -3.075 -3.469 -3.298 -1.974 2.636 2.973 -2.744 1.508 3.493 -3.795 -3.134 -1.644 -0.916 0.491 1.358
278 L -0.933 -1.512 -1.823 -2.425 -0.117 -1.417 -2.296 -2.401 -1.395 1.334 2.325 -1.511 4.271 0.156 -2.87 -1.265 1.371 -1.619 -1.114 0.82
279 H -1.572 2.958 2.705 -0.355 -2.175 0.057 -0.507 -1.327 5.374 -2.629 -2.526 1.307 -1.474 -1.831 -2.6 -1.056 -1.382 -2.143 -0.141 -2.552
280 K -1.042 1.612 2.622 -0.105 -1.973 0.498 0.058 -1.025 0.082 -2.288 -2.471 3.903 -1.46 -2.72 -1.916 -0.699 -0.939 -2.676 -1.885 -2.158
281 F -2.09 -2.311 -2.498 -3.193 -1.585 -2.669 -2.897 -2.932 0.967 -0.242 -0.108 -2.529 -0.235 5.372 -3.866 -2.747 -2.255 1.643 5.397 -0.762
282 I -1.033 -2.473 -1.34 2.225 -0.387 -2.275 -1.504 -2.567 -2.079 3.22 0.673 -2.037 0.465 -0.576 -3.071 -2.17 -0.944 -2.572 -1.663 2.822
283 L -1.287 2.557 -1.136 -0.727 -1.359 0.074 1.52 -2.337 -0.532 -0.116 1.58 1.509 0.326 -0.932 -2.586 -1.644 -1.427 -2.122 -1.562 -0.58
284 T 0.241 -1.135 -0.11 -0.892 0.05 -1.077 -1.237 -0.999 -1.165 0.463 -0.991 -0.765 -0.515 -1.482 -1.774 1.776 3.194 -2.336 -1.707 0.216
285 D -1.319 -0.251 2.096 3.656 -2.206 2.249 2.313 -1.244 0.281 -2.632 -2.835 0.236 -1.692 -2.79 -2.217 -0.752 -1.14 -2.797 -2.12 -2.362
286 L -1.309 -0.564 -0.617 -2.067 -0.612 -1.406 -1.902 -2.555 -1.562 3.018 1.937 1.247 0.962 -0.221 -2.937 -2.202 -1.188 -2.186 -1.405 1.545
287 K -0.698 1.102 1.754 -0.467 -1.808 0.072 -0.377 2.53 -0.297 -2.476 -2.66 3.347 -1.687 -2.734 -2.081 -0.81 -1.188 -2.608 -2.146 -2.304
288 N -1.713 -0.77 4.793 3.671 -2.026 -0.652 -0.02 -0.457 0.534 -2.731 -3.275 -0.477 -2.344 -2.559 -2.499 -0.384 -0.752 -3.157 -2.373 -2.672
289 N -1.648 -0.403 5.618 1.293 -1.835 -0.515 -0.714 -0.143 0.98 -2.701 -3.14 -0.284 -2.15 -2.363 -2.576 -0.106 -0.44 -2.955 -2.057 -2.549
290 I -1.411 -2.431 1.048 -1.785 -0.361 -2.541 -2.922 -2.578 -1.668 4.012 1.269 -2.108 0.927 -0.071 -3.319 -2.312 -0.949 -2.29 -1.39 2.433
291 N -1.634 -0.389 5.587 1.307 -1.82 -0.501 -0.699 -0.129 0.994 -2.686 -3.126 -0.27 -2.135 -2.348 -2.562 -0.092 -0.425 -2.94 -2.043 -2.534
292 N -1.634 -0.389 5.587 1.307 -1.82 -0.501 -0.699 -0.129 0.994 -2.686 -3.126 -0.27 -2.135 -2.348 -2.562 -0.092 -0.425 -2.94 -2.043 -2.534
293 N -1.634 -0.389 5.587 1.307 -1.82 -0.501 -0.699 -0.129 0.994 -2.686 -3.126 -0.27 -2.135 -2.348 -2.562 -0.092 -0.425 -2.94 -2.043 -2.534
294 N -1.634 -0.389 5.587 1.307 -1.82 -0.501 -0.699 -0.129 0.994 -2.686 -3.126 -0.27 -2.135 -2.348 -2.562 -0.092 -0.425 -2.94 -2.043 -2.534
295 N -1.634 -0.389 5.587 1.307 -1.82 -0.501 -0.699 -0.129 0.994 -2.686 -3.126 -0.27 -2.135 -2.348 -2.562 -0.092 -0.425 -2.94 -2.043 -2.534
296 N -1.634 -0.389 5.587 1.307 -1.82 -0.501 -0.699 -0.129 0.994 -2.686 -3.126 -0.27 -2.135 -2.348 -2.562 -0.092 -0.425 -2.94 -2.043 -2.534
297 D -1.751 -1.562 1.225 5.794 -2.346 -0.846 1.076 -1.098 -0.51 -2.699 -3.465 -0.803 -2.672 -2.894 -2.263 -0.926 -1.387 -3.505 -3.017 -2.838
298 N -1.634 -0.389 5.587 1.307 -1.82 -0.501 -0.699 -0.129 0.994 -2.686 -3.126 -0.27 -2.135 -2.348 -2.562 -0.092 -0.425 -2.94 -2.043 -2.534
299 D -1.751 -1.562 1.225 5.794 -2.346 -0.846 1.076 -1.098 -0.51 -2.699 -3.465 -0.803 -2.672 -2.894 -2.263 -0.926 -1.387 -3.505 -3.017 -2.838
300 N -1.648 -0.403 5.618 1.293 -1.835 -0.515 -0.714 -0.143 0.98 -2.701 -3.14 -0.284 -2.15 -2.363 -2.576 -0.106 -0.44 -2.955 -2.057 -2.549
301 I -1.411 -2.431 1.048 -1.785 -0.361 -2.541 -2.922 -2.578 -1.668 4.012 1.269 -2.108 0.927 -0.071 -3.319 -2.312 -0.949 -2.29 -1.39 2.433
302 E -0.996 -0.151 1.462 1.495 -2.328 1.175 4.162 -1.648 0.477 -2.752 -2.75 0.577 -1.796 -2.572 -1.955 -0.692 -1.174 -2.448 -1.922 -2.178
303 T -0.098 -1.078 -0.124 -1.0 0.136 -1.089 -1.363 -1.314 -1.399 -0.21 -1.043 -0.776 -0.517 -1.566 -1.673 0.719 4.201 -2.17 -1.692 0.244
304 A 2.816 -0.468 2.309 -0.513 -0.035 -0.752 -0.893 0.082 -0.378 -1.345 -1.79 0.718 -1.186 -2.074 -1.738 0.184 -0.499 -2.571 -1.829 -0.563
305 D -1.444 -0.682 3.168 3.799 -2.245 0.158 2.561 -1.06 0.276 -2.763 -3.123 -0.099 -2.208 -2.667 -2.25 -0.652 -1.082 -2.95 -2.339 -2.53
306 K -0.383 3.105 -0.129 -0.805 -1.396 0.414 -0.118 -1.165 -0.233 -2.21 -2.236 3.313 -1.243 -2.513 -1.879 0.796 -0.499 -2.496 -1.805 -1.871
307 I -1.24 -2.78 -3.263 -3.311 -0.1 -2.988 -3.486 -3.399 -2.664 3.905 2.401 -2.611 1.426 0.276 -3.505 -2.991 -1.115 -2.098 -1.255 2.765
308 I -1.298 -2.649 -2.915 -3.166 -0.415 -2.722 -3.206 -3.28 -0.645 3.665 1.07 -2.442 0.793 1.283 -3.438 -2.805 -1.215 -0.322 3.206 2.55
309 V -0.829 -2.699 -2.988 -3.232 -0.108 -2.98 -3.17 -3.036 -2.24 2.874 0.952 -2.665 0.732 3.269 -3.522 -2.594 -0.951 -1.19 0.426 3.338
310 L -1.527 -2.418 -3.366 -3.532 -0.179 -2.801 -3.425 -3.435 -2.436 2.884 3.64 -2.555 1.911 0.662 -3.608 -3.166 -1.474 -1.804 -1.14 1.625
311 Y -1.952 2.134 -1.829 -2.73 -2.04 -1.216 -1.94 -2.596 1.072 -1.45 -1.363 -0.465 -0.982 2.073 -3.563 -2.355 -2.077 6.971 5.063 -1.552
312 N -1.688 -0.443 5.703 1.253 -1.875 -0.555 -0.754 -0.183 0.94 -2.741 -3.18 -0.324 -2.19 -2.403 -2.616 -0.146 -0.48 -2.995 -2.097 -2.589
313 L -1.527 -2.418 -3.366 -3.532 -0.179 -2.801 -3.425 -3.435 -2.436 2.884 3.64 -2.555 1.911 0.662 -3.608 -3.166 -1.474 -1.804 -1.14 1.625
314 Y -1.841 -1.806 -2.154 -3.051 -1.78 -1.812 -2.392 -2.961 2.076 -0.832 -0.939 -1.902 -0.711 3.32 -3.362 -2.466 -2.118 2.28 6.714 -1.008
315 V 1.712 -1.732 -1.414 -1.83 0.338 -1.664 -1.758 -1.037 -1.704 1.578 -0.136 -1.356 0.021 -1.079 -2.229 0.79 -0.033 -2.469 -1.539 2.714
316 L -0.666 -1.78 -1.856 -2.376 -0.122 -1.997 -2.366 -2.188 -1.756 1.384 3.355 -1.784 1.563 0.32 -2.937 0.139 -0.714 -1.879 -1.244 0.638
317 G 0.061 -2.386 -0.468 -1.351 -1.349 -2.224 -2.651 5.836 -1.505 -3.244 -3.489 -1.679 -2.695 -2.707 -2.808 -1.031 -1.948 -2.469 -3.177 -2.893
318 L -0.842 -2.361 -3.166 -3.412 0.077 -2.642 -3.121 -3.19 -2.627 2.534 2.915 -2.461 1.526 0.254 -3.408 -2.717 -0.99 -2.024 -1.197 3.042
319 L -1.146 -2.495 -3.252 -3.416 -0.048 -2.787 -3.313 -3.321 -2.58 3.1 3.017 -2.532 1.617 0.386 -3.494 -2.923 -1.162 -1.979 -1.197 2.603
320 A 2.334 -1.984 -2.321 -2.469 0.044 -2.134 -2.188 -0.902 -1.369 0.377 1.434 -1.712 0.402 3.188 -2.497 -0.834 -1.114 -1.093 0.339 0.249
321 L -1.109 -1.412 -2.388 -2.842 -0.197 -1.08 -2.382 -2.612 -0.997 1.575 2.107 -1.481 5.752 0.439 -3.271 -2.045 -1.074 -1.335 -0.861 0.961
322 V -0.81 -2.575 -3.143 -3.305 0.077 -2.773 -3.205 -3.212 -2.731 3.301 2.221 -2.509 1.289 0.081 -3.385 -2.699 -0.88 -2.165 -1.255 3.332
323 L 1.699 -2.12 -2.05 -2.395 -0.236 -2.287 -2.411 1.525 -1.409 0.214 1.346 -1.855 0.272 3.169 -2.728 -1.112 -1.344 -1.093 0.258 -0.031
324 L -1.748 -2.377 -3.257 -3.569 -0.44 -2.93 -3.377 -3.275 -1.893 1.631 3.522 -2.692 1.729 3.547 -3.822 -3.154 -1.787 -0.824 0.523 0.751
325 S 1.039 -0.77 0.468 -0.277 0.044 -0.598 -0.584 -0.135 -0.489 -1.94 -2.357 -0.314 -1.215 -1.972 -1.504 3.359 0.982 -2.578 -1.784 -1.321
326 G -0.875 -1.231 2.767 2.942 -1.87 -0.688 1.005 3.286 -0.21 -2.919 -3.292 -0.671 -2.418 -2.674 -2.486 -0.742 -1.305 -2.83 -2.643 -2.695
327 F -1.668 -2.07 -2.628 -3.082 -0.737 -2.156 -2.891 -2.754 -0.926 0.987 1.427 -2.261 4.141 4.886 -3.811 -2.508 -1.661 -0.059 1.595 0.309
328 A 3.483 -1.308 -0.982 -1.284 0.511 -1.142 -1.122 0.232 -1.033 -1.093 -1.571 -0.726 -0.977 -1.9 -1.504 1.48 -0.02 -2.496 -1.784 -0.187
329 I -1.405 -3.129 -3.291 -3.209 -0.179 -3.238 -3.715 -3.508 -2.74 4.595 1.648 -2.707 1.243 0.189 -3.533 -3.105 -1.103 -2.213 -1.314 2.832
330 L -1.527 -2.418 -3.366 -3.532 -0.179 -2.801 -3.425 -3.435 -2.436 2.884 3.64 -2.555 1.911 0.662 -3.608 -3.166 -1.474 -1.804 -1.14 1.625
331 S 2.1 -0.938 0.061 -0.575 0.208 -0.768 -0.752 -0.007 -0.659 -1.629 -2.07 -0.444 -1.134 -1.948 -1.504 2.858 0.685 -2.55 -1.784 -0.891
332 G 0.061 -2.386 -0.468 -1.351 -1.349 -2.224 -2.651 5.836 -1.505 -3.244 -3.489 -1.679 -2.695 -2.707 -2.808 -1.031 -1.948 -2.469 -3.177 -2.893
333 R -1.563 5.563 -0.491 -1.592 -2.288 0.489 -0.589 -2.157 0.07 -2.64 -2.056 1.99 -1.252 -2.501 -2.733 -1.435 -1.482 -2.263 -1.801 -2.19
334 L -1.527 -2.418 -3.366 -3.532 -0.179 -2.801 -3.425 -3.435 -2.436 2.884 3.64 -2.555 1.911 0.662 -3.608 -3.166 -1.474 -1.804 -1.14 1.625
335 S 1.039 -0.77 0.468 -0.277 0.044 -0.598 -0.584 -0.135 -0.489 -1.94 -2.357 -0.314 -1.215 -1.972 -1.504 3.359 0.982 -2.578 -1.784 -1.321
336 T 0.509 -0.94 0.168 -0.635 0.069 -0.853 -0.966 -0.682 -0.926 -0.975 -1.652 -0.555 -0.869 -1.785 -1.608 2.319 3.116 -2.39 -1.759 -0.461
337 F -2.363 -2.925 -2.889 -3.343 -1.403 -3.893 -3.511 -2.903 -0.857 0.248 0.536 -3.333 0.173 6.559 -4.477 -3.059 -2.399 0.823 2.902 -0.536
338 L -1.569 -2.215 -3.391 -3.649 -0.179 -2.669 -3.334 -3.411 -2.342 1.976 4.084 -2.507 2.104 0.804 -3.633 -3.187 -1.609 -1.679 -1.085 1.077
339 F -1.043 -1.884 -1.218 -1.97 -0.559 -2.194 -2.271 -2.028 -1.134 0.009 -0.162 -1.811 -0.171 4.724 -2.778 -0.625 2.596 -0.313 1.429 -0.144
340 L -1.748 -2.377 -3.257 -3.569 -0.44 -2.93 -3.377 -3.275 -1.893 1.631 3.522 -2.692 1.729 3.547 -3.822 -3.154 -1.787 -0.824 0.523 0.751
341 G 0.061 -2.386 -0.468 -1.351 -1.349 -2.224 -2.651 5.836 -1.505 -3.244 -3.489 -1.679 -2.695 -2.707 -2.808 -1.031 -1.948 -2.469 -3.177 -2.893
342 E -0.947 -0.15 -0.367 1.489 -2.44 1.318 4.56 -1.978 0.364 -2.793 -2.731 0.648 -1.782 -2.636 -1.91 -0.819 -1.329 -2.416 -1.936 -2.162
343 S 0.028 -1.105 2.612 -0.233 -0.391 -1.054 -1.156 -0.695 -0.418 1.322 -0.843 -0.755 -0.539 -1.342 -2.17 1.889 0.236 -2.578 -1.731 0.236
344 I -1.328 -2.595 -3.038 -3.113 -0.183 -2.53 -3.32 -3.256 -2.196 4.084 1.77 -2.348 3.159 0.254 -3.465 -2.801 -1.096 -1.967 -1.193 2.465
345 L -1.569 -2.215 -3.391 -3.649 -0.179 -2.669 -3.334 -3.411 -2.342 1.976 4.084 -2.507 2.104 0.804 -3.633 -3.187 -1.609 -1.679 -1.085 1.077
346 I -1.405 -3.129 -3.291 -3.209 -0.179 -3.238 -3.715 -3.508 -2.74 4.595 1.648 -2.707 1.243 0.189 -3.533 -3.105 -1.103 -2.213 -1.314 2.832
347 V 0.149 -1.621 -0.991 -1.639 0.193 -1.602 -1.781 -1.609 -1.762 1.65 -0.091 -1.339 0.086 -1.027 -2.295 0.847 1.845 -2.403 -1.528 2.723
348 Y -2.029 -1.946 -2.381 -3.189 -1.915 -2.039 -2.532 -2.808 1.543 -1.061 -1.107 -2.105 -0.849 2.904 -3.758 -2.669 -2.258 7.081 6.075 -1.273
349 A 2.98 -1.776 -1.175 -1.575 2.571 -1.62 -1.714 3.184 -1.34 -1.441 -1.877 -1.147 -1.362 -2.116 -1.911 0.257 -0.763 -2.509 -2.186 -0.615
350 L -1.661 -2.392 -3.235 -3.545 -0.411 -2.927 -3.355 -3.254 -1.917 1.7 3.403 -2.687 1.668 3.527 -3.797 -3.104 -1.715 -0.848 0.516 1.05
351 L -1.939 -2.548 -3.129 -3.492 -0.726 -3.216 -3.421 -3.146 -1.505 1.24 2.824 -2.89 1.297 4.927 -4.024 -3.122 -1.977 -0.165 1.549 0.382
352 Y -1.726 -2.084 -2.399 -3.09 -1.289 -2.108 -2.67 -3.088 1.422 1.682 -0.046 -2.083 -0.085 2.798 -3.404 -2.613 -1.829 1.646 5.943 0.516
353 L -1.526 -2.172 -3.348 -3.606 -0.136 -2.626 -3.291 -3.368 -2.299 2.019 4.014 -2.464 2.147 0.847 -3.59 -3.144 -1.566 -1.636 -1.042 1.12
354 N -1.645 -0.4 5.612 1.296 -1.832 -0.512 -0.711 -0.14 0.983 -2.698 -3.137 -0.281 -2.147 -2.36 -2.573 -0.104 -0.437 -2.952 -2.054 -2.546
355 K -0.855 2.065 -0.297 -0.751 -2.006 0.778 0.285 -1.371 -0.272 -2.151 -2.269 4.562 -1.252 -2.834 -1.715 -0.91 -1.111 -2.578 -1.817 -2.027
356 R -1.398 4.116 2.587 -0.413 -2.108 0.342 -0.382 -1.347 0.238 -2.534 -2.355 2.568 -1.46 -2.555 -2.416 -0.931 -1.109 -2.509 -1.876 -2.242
357 N -1.656 2.48 4.983 0.761 -1.973 -0.257 -0.712 -0.565 0.746 -2.715 -2.856 0.449 -1.925 -2.427 -2.645 -0.419 -0.7 -2.794 -2.02 -2.484
358 R -1.52 5.483 -0.448 -1.549 -2.245 0.532 -0.546 -2.114 0.113 -2.597 -2.013 2.033 -1.209 -2.458 -2.69 -1.392 -1.439 -2.22 -1.758 -2.147
359 L -0.805 -0.255 -1.109 -1.691 -0.428 -0.981 -1.421 -2.028 -1.431 1.484 1.443 1.431 0.524 -0.7 -2.329 -0.796 1.978 -2.153 -1.514 0.672
360 L -0.647 -1.879 -1.524 -1.886 -0.673 -2.036 -2.011 -1.794 -1.245 0.02 1.239 -1.576 0.156 3.133 2.985 0.327 -0.797 -1.353 0.247 -0.483
361 L -0.462 -1.993 -1.8 -2.255 -0.044 -2.094 -2.383 -2.158 -1.902 2.615 2.275 -1.811 1.116 -0.043 -2.863 0.193 -0.471 -2.124 -1.339 1.966
362 G 2.967 -1.831 -1.138 -1.564 0.007 -1.668 -1.786 3.775 -1.343 -1.594 -2.028 -1.172 -1.493 -2.181 -1.957 -0.072 -0.96 -2.469 -2.264 -0.754
363 F -1.568 -2.505 -2.703 -3.23 -0.944 -2.915 -3.045 -2.937 -0.073 1.051 0.343 -2.68 0.159 5.102 -3.817 -2.704 -1.728 0.81 4.062 1.468
364 L -1.218 -2.238 -2.918 -2.925 -0.396 -2.494 -2.791 -2.911 -2.218 1.743 2.963 -2.084 1.284 0.03 2.929 -2.57 -1.391 -2.285 -1.443 1.266
365 L -1.796 -2.796 -3.147 -3.368 -0.608 -3.316 -3.534 -3.228 -1.758 2.815 2.183 -2.886 1.134 4.396 -3.902 -3.107 -1.693 -0.523 1.146 1.408
366 F -1.125 -2.713 -2.923 -3.267 -0.42 -3.184 -3.202 -2.943 -1.715 1.941 0.733 -2.839 0.505 4.804 -3.768 -2.662 -1.283 -0.364 1.504 2.711
367 L -0.111 -1.682 -1.357 -1.923 0.028 -1.756 -1.985 -1.748 -1.656 1.496 2.202 -1.523 0.949 -0.238 -2.616 0.9 -0.201 -2.148 -1.371 1.813
368 L -1.823 -2.444 -3.205 -3.538 -0.551 -3.041 -3.395 -3.223 -1.732 1.481 3.263 -2.77 1.564 4.18 -3.901 -3.142 -1.862 -0.542 0.978 0.609
369 L -1.447 -1.992 -3.106 -3.425 -0.183 -2.182 -3.065 -3.19 -1.943 1.881 3.702 -2.214 3.523 0.717 -3.538 -2.856 -1.466 -1.589 -1.027 1.049
370 T 1.743 -1.119 -0.288 -0.975 0.231 -1.039 -1.159 -0.528 -1.125 -0.749 -1.425 -0.698 -0.797 -1.762 -1.608 1.569 2.978 -2.364 -1.759 -0.136
371 L -0.699 -2.116 -1.787 -2.241 -0.272 -2.271 -2.476 -2.155 -1.627 2.653 1.912 -1.924 0.929 2.387 -2.996 0.154 -0.649 -1.454 -0.183 1.319
372 L -0.919 -2.201 -2.948 -3.208 -0.002 -2.232 -2.974 -3.057 -2.165 2.818 2.397 -2.211 3.214 0.231 -3.37 -2.544 -0.971 -1.896 -1.137 2.771
373 Q -0.911 0.979 -0.121 -0.385 -1.94 4.983 1.364 -1.508 0.741 -2.269 -2.019 1.193 -0.432 -2.987 -2.179 -0.783 -1.004 -2.213 -1.314 -1.815
374 L -1.454 -2.272 -3.193 -3.401 -0.182 -2.486 -3.255 -3.299 -2.182 2.842 3.378 -2.373 2.897 0.608 -3.551 -2.965 -1.391 -1.747 -1.105 1.611
375 G -0.438 -2.124 -0.819 -1.644 -0.927 -2.209 -2.454 4.019 -1.314 -1.182 -1.371 -1.744 -1.165 2.936 -2.793 -0.821 1.139 -1.194 -0.038 -1.203
376 Y -1.889 -2.153 -2.601 -3.263 -1.205 -2.43 -2.861 -3.052 0.809 0.386 1.517 -2.354 0.464 4.234 -3.674 -2.775 -2.047 1.309 5.16 -0.23
377 D -1.776 -1.276 3.101 5.233 -2.26 -0.81 0.669 -0.878 -0.109 -2.751 -3.431 -0.715 -2.582 -2.802 -2.39 -0.748 -1.169 -3.408 -2.796 -2.814
378 L -1.569 -2.215 -3.391 -3.649 -0.179 -2.669 -3.334 -3.411 -2.342 1.976 4.084 -2.507 2.104 0.804 -3.633 -3.187 -1.609 -1.679 -1.085 1.077
379 F -0.901 -1.877 -1.535 -2.202 -0.85 -2.077 -2.214 -1.988 0.144 -0.017 0.823 -1.849 0.119 4.348 -3.086 0.217 -0.99 0.532 3.819 -0.493
380 I -1.074 -2.963 -3.204 -3.205 -0.048 -3.069 -3.496 -3.367 -2.789 4.271 1.482 -2.632 1.139 0.047 -3.446 -2.886 -0.934 -2.263 -1.314 3.239
381 S 0.119 0.298 2.777 0.093 -0.781 -0.179 -0.379 -0.411 -0.012 -2.175 -2.518 1.832 -1.44 -2.274 -1.8 2.031 0.234 -2.676 -1.868 -1.767
382 N -1.485 -0.367 4.988 1.314 -2.006 0.038 1.682 -0.538 0.806 -2.754 -3.061 -0.049 -2.082 -2.459 -2.423 -0.301 -0.67 -2.839 -2.056 -2.476
383 V -0.135 -1.403 2.375 -0.723 -0.174 -1.42 -1.58 -1.239 -0.878 1.426 -0.367 -1.181 -0.174 -1.172 -2.542 0.673 -0.039 -2.592 -1.608 2.53
384 H -1.736 -0.386 0.431 -0.99 -2.363 -0.194 -0.529 -1.726 8.048 -2.69 -2.624 -0.794 -1.29 -0.881 -2.778 -1.608 -2.255 -1.483 1.638 -3.064
385 P 1.26 -0.848 -1.323 -1.267 -0.87 1.721 -0.5 -1.068 -0.756 -1.88 -2.169 -0.288 -1.41 -2.83 4.839 -0.718 -1.026 -3.246 -2.047 -1.347
386 E -0.648 -0.042 -0.381 0.707 -2.064 0.666 3.337 2.385 -0.101 -2.789 -2.824 1.392 -1.893 -2.683 -2.078 -0.884 -1.436 -2.453 -2.18 -2.307
387 L -1.197 -1.803 -1.95 -2.628 -0.425 -1.997 -2.502 -2.65 -0.346 0.988 2.539 -1.847 1.048 1.345 -2.965 -1.532 1.221 -0.159 3.21 0.455
388 S 0.246 -0.321 0.115 -0.552 -0.319 1.952 -0.17 -0.835 -0.391 -1.293 -1.772 0.001 -0.769 -2.052 -1.735 1.874 2.413 -2.354 -1.643 -0.786
389 L -1.748 -2.377 -3.257 -3.569 -0.44 -2.93 -3.377 -3.275 -1.893 1.631 3.522 -2.692 1.729 3.547 -3.822 -3.154 -1.787 -0.824 0.523 0.751
390 I -1.53 -3.098 -3.227 -3.229 -0.332 -3.327 -3.684 -3.408 -2.366 4.237 1.506 -2.793 1.105 2.482 -3.656 -3.098 -1.264 -1.502 -0.15 2.517
391 L -1.66 -2.824 -3.209 -3.347 -0.44 -3.227 -3.564 -3.321 -2.057 3.38 2.296 -2.797 1.27 3.438 -3.768 -3.114 -1.507 -1.011 0.459 1.859
392 L -1.939 -2.548 -3.129 -3.492 -0.726 -3.216 -3.421 -3.146 -1.505 1.24 2.824 -2.89 1.297 4.927 -4.024 -3.122 -1.977 -0.165 1.549 0.382
393 K -0.812 2.108 -0.254 -0.708 -1.963 0.821 0.328 -1.328 -0.229 -2.109 -2.226 4.453 -1.209 -2.791 -1.673 -0.867 -1.068 -2.535 -1.774 -1.984
394 G -0.287 -1.765 2.576 -0.45 -1.472 -1.708 -2.048 5.123 -0.675 -3.11 -3.409 -1.276 -2.56 -2.628 -2.759 -0.783 -1.505 -2.592 -2.867 -2.814