#Seq2Logo.py -f /work3/idamei/wzy_ssn/run/1e-50/run/150/MSAs/0009_143.afa -o /work3/idamei/wzy_ssn/run/1e-50/run/150/logos/0009_143.logo
Last position-specific scoring matrix computed, values are in halfbits
A R N D C Q E G H I L K M F P S T W Y V
0 L -1.137 -1.44 -2.417 -2.871 -0.225 -1.108 -2.41 -2.64 -1.025 1.546 2.078 -1.509 5.883 0.411 -3.299 -2.073 -1.103 -1.363 -0.889 0.933
1 R -0.471 2.758 -0.682 -1.37 -0.823 -0.494 -1.046 -1.592 -0.766 1.638 -0.541 1.426 -0.317 -1.394 -2.376 0.794 -0.448 -2.407 -1.679 0.369
2 N -1.71 -0.802 4.569 0.419 -1.814 -0.888 -1.175 -0.82 1.399 -1.928 -2.198 -0.732 -1.58 0.88 -2.815 -0.705 -0.901 -0.057 3.753 -1.932
3 L -0.989 -2.567 -3.179 -3.314 0.023 -2.799 -3.277 -3.263 -2.636 3.372 2.537 -2.512 1.463 0.261 -3.421 -2.812 -0.998 -2.057 -1.207 2.95
4 K -0.805 2.115 -0.246 -0.7 -1.956 0.828 0.335 -1.321 -0.221 -2.101 -2.219 4.434 -1.202 -2.784 -1.665 -0.86 -1.06 -2.527 -1.767 -1.977
5 D -1.755 -1.566 1.221 5.8 -2.351 -0.85 1.072 -1.102 -0.515 -2.704 -3.47 -0.808 -2.676 -2.898 -2.268 -0.931 -1.391 -3.509 -3.022 -2.843
6 V -0.212 -2.465 -2.908 -3.143 0.362 -2.566 -2.872 -2.934 -2.893 3.051 0.967 -2.367 0.853 -0.377 -3.15 -2.262 -0.43 -2.366 -1.263 4.066
7 R -1.151 4.272 -0.356 -1.105 -2.108 0.673 -0.084 -1.701 -0.06 -2.35 -2.125 3.501 -1.217 -2.627 -2.144 -1.125 -1.255 -2.38 -1.773 -2.072
8 K 0.438 0.051 1.415 -0.987 -0.801 -0.624 -1.024 -1.175 -0.515 -0.566 -0.553 1.834 1.56 1.844 -2.299 -0.635 0.646 -1.627 -0.42 -0.603
9 F -1.837 -2.532 -2.915 -3.388 -1.07 -3.017 -3.169 -2.938 -0.593 0.808 1.139 -2.787 0.356 4.749 -4.089 -2.937 -1.951 5.522 3.299 0.866
10 I -1.598 -2.588 -3.019 -3.264 -0.53 -2.718 -3.311 -3.276 -1.139 3.409 1.836 -2.512 2.323 2.603 -3.646 -2.926 -1.467 -0.62 2.213 1.768
11 L -1.005 -2.348 -2.468 -2.831 -0.264 -2.597 -2.913 -2.711 -2.018 2.715 2.521 -2.292 1.193 2.228 -3.327 -0.912 -0.999 -1.544 -0.346 1.898
12 N -1.745 -0.5 5.815 1.197 -1.931 -0.612 -0.81 -0.239 0.884 -2.797 -3.236 -0.381 -2.246 -2.459 -2.672 -0.203 -0.536 -3.051 -2.154 -2.645
13 P -0.602 -1.905 -1.577 -1.447 -1.3 -1.808 -1.55 -1.652 -1.521 -2.348 -2.779 -1.039 -2.305 -3.205 6.384 -0.179 -1.009 -4.294 -2.595 -2.122
14 F -2.419 -2.981 -2.945 -3.399 -1.459 -3.949 -3.567 -2.959 -0.913 0.192 0.48 -3.389 0.117 6.643 -4.533 -3.115 -2.455 0.767 2.846 -0.592
15 F -1.976 -2.496 -2.672 -3.269 -1.352 -2.883 -3.071 -3.02 0.441 0.77 0.138 -2.678 -0.049 5.301 -3.922 -2.832 -2.095 1.204 4.873 0.305
16 I -1.317 -2.482 -2.787 -3.219 4.261 -2.552 -3.11 -2.981 -0.422 2.352 0.68 -2.441 1.922 2.751 -3.529 -2.546 -1.457 -0.038 3.504 1.644
17 Y -2.019 -2.104 -2.377 -3.177 -1.737 -2.265 -2.69 -3.002 1.518 -0.578 -0.55 -2.255 -0.52 4.54 -3.659 -2.659 -2.242 1.923 6.229 -0.939
18 S 1.009 -1.681 -0.875 -1.451 4.386 -1.597 -1.715 -1.047 -1.459 1.655 -0.498 -1.244 -0.328 -1.28 -2.174 1.577 1.087 -2.552 -1.816 0.646
19 L -1.292 -2.255 -2.318 -2.776 -0.605 -2.527 -2.839 -2.555 -1.38 1.706 2.042 -2.304 2.235 4.28 -3.514 -0.881 -1.284 -0.606 0.989 0.614
20 S 1.971 -1.353 -0.43 -1.037 0.053 -1.206 -1.248 1.614 -1.069 -0.576 -1.596 -0.86 -0.983 -1.836 -1.867 2.181 0.182 -2.572 -1.916 0.459
21 F -2.419 -2.981 -2.945 -3.399 -1.459 -3.949 -3.567 -2.959 -0.913 0.192 0.48 -3.389 0.117 6.643 -4.533 -3.115 -2.455 0.767 2.846 -0.592
22 F -0.478 -2.212 -1.45 -2.014 -0.491 -2.311 -2.409 0.974 -1.469 2.097 0.12 -1.917 0.024 3.206 -2.977 0.432 -0.699 -1.263 0.213 1.393
23 L -1.114 -2.42 -2.186 -2.723 -0.515 -2.718 -3.01 0.719 -1.833 1.848 1.795 -2.357 0.686 3.336 -3.361 -1.979 0.245 -1.104 0.281 1.402
24 A 2.639 -1.901 -1.911 -2.134 0.351 -1.837 -1.956 -0.819 -1.836 1.72 -0.163 -1.435 -0.082 -1.162 -2.144 -0.385 0.762 -2.446 -1.649 2.131
25 L -1.542 -2.692 -3.397 -3.477 -0.235 -2.996 -3.575 -3.515 -2.59 3.657 3.161 -2.661 1.649 0.457 -3.639 -3.202 -1.401 -1.99 -1.253 2.029
26 L -0.924 -2.071 -1.957 -2.516 -0.356 -2.36 -2.584 -2.372 -1.634 1.205 2.267 -2.077 0.9 3.376 -3.136 -0.493 0.49 -1.063 0.363 1.188
27 L 0.129 -2.386 -3.047 -3.239 -0.173 -2.699 -3.059 -2.55 -2.116 2.26 2.9 -2.397 1.332 2.272 -3.338 -2.344 -1.35 -1.478 -0.325 1.745
28 Y -1.958 -1.981 -2.293 -3.142 -1.787 -2.06 -2.567 -3.01 1.78 -0.729 -0.764 -2.103 -0.641 3.972 -3.536 -2.59 -2.208 2.077 6.543 -1.001
29 S -0.127 -0.701 -0.453 -1.122 -0.719 -0.99 -1.209 1.233 -0.431 -1.503 -1.975 0.659 -1.292 -0.704 1.579 1.098 1.709 -1.418 1.619 -1.166
30 L -1.768 -2.258 -3.213 -3.552 -0.572 -2.609 -3.231 -3.149 -1.821 1.401 3.286 -2.536 2.622 2.504 -3.908 -3.08 -1.797 5.007 0.287 0.572
31 K -0.663 0.308 1.723 1.796 -1.693 1.376 1.206 1.289 -0.095 -2.532 -2.733 1.987 -1.652 -2.704 -2.12 0.223 -0.855 -2.704 -2.122 -2.227
32 W -2.415 -2.417 -3.299 -3.705 -1.7 -2.862 -3.134 -2.673 -1.472 -0.404 1.116 -2.794 -0.071 0.972 -4.926 -3.389 -2.458 9.877 1.553 -1.06
33 S 0.983 -0.826 0.412 -0.333 -0.012 -0.655 -0.64 -0.191 -0.545 -1.996 -2.413 -0.37 -1.272 -2.028 -1.56 3.539 0.926 -2.634 -1.84 -1.377
34 D -0.87 -1.264 2.07 4.282 -1.221 -0.927 0.124 -0.972 -0.554 -1.868 -2.587 -0.76 -1.83 -2.421 -2.135 0.53 1.626 -3.027 -2.443 -1.62
35 L -1.594 -2.422 -3.428 -3.617 -0.235 -2.824 -3.458 -3.485 -2.469 2.698 3.833 -2.599 1.904 0.642 -3.67 -3.228 -1.564 -1.828 -1.183 1.441
36 Y -1.821 -1.427 -1.936 -2.635 -1.806 0.462 -1.704 -2.783 1.631 -0.866 -0.87 -1.452 -0.606 3.71 -3.352 -2.311 -2.041 1.761 6.142 -1.088
37 P -0.999 -1.155 -1.881 -1.711 -1.398 -1.563 -1.528 -2.017 -1.556 -1.345 -0.411 0.506 -1.242 -2.388 5.954 -1.62 -1.426 -3.787 -2.358 -1.557
38 K -0.799 1.355 1.432 -0.321 -1.454 0.08 0.881 -1.375 -0.307 -1.352 -0.323 2.641 -0.783 -1.949 0.261 0.051 -0.835 -2.599 -1.858 -1.459
39 L -1.721 -2.366 -2.257 0.613 -0.572 -2.612 -2.383 -3.018 -1.934 2.059 3.221 -2.403 1.422 2.32 -3.563 -2.833 -1.661 -1.483 -0.382 0.896
40 S 0.284 -0.658 2.871 0.38 -0.633 -0.324 0.808 -0.379 -0.011 -2.277 -2.645 -0.233 -1.556 -2.208 -1.853 2.592 0.394 -2.711 -1.935 -1.748
41 G -0.852 -2.304 -1.734 -2.399 -0.685 -2.425 -2.793 2.284 -0.993 1.449 0.778 -2.095 0.079 2.277 -3.149 -1.681 0.239 -0.744 2.079 1.126
42 N -0.479 -0.703 2.844 2.116 -1.19 -0.114 1.861 -0.844 -0.0 -2.162 -2.606 -0.212 -1.691 -2.349 -2.037 1.193 0.914 -2.747 -2.085 -1.739
43 L 0.412 -2.264 -2.56 -2.917 -0.105 -2.455 -2.871 0.839 -2.249 1.691 2.727 -2.174 1.128 -0.084 -3.12 -1.998 -1.218 -2.092 -1.479 2.014
44 L 0.708 -1.796 -1.404 -1.977 -0.014 -1.878 -2.046 -1.582 -1.642 1.069 0.789 -1.566 0.222 1.835 -2.486 0.198 1.682 -1.705 -0.498 1.81
45 L -0.58 -1.078 -1.17 -1.115 -0.555 0.818 0.478 -1.901 -0.967 1.359 2.037 -0.788 0.72 -0.526 -2.595 0.53 -0.634 -2.162 -1.461 0.377
46 F -2.307 -2.882 -3.003 -3.436 -1.274 -3.764 -3.544 -3.018 -1.062 0.473 1.29 -3.272 0.441 6.31 -4.413 -3.131 -2.344 0.55 2.562 -0.334
47 L -1.141 -2.517 -2.492 -2.79 -0.332 -2.73 -3.038 -2.774 -2.04 3.411 2.183 -2.347 1.118 2.221 -3.356 -0.96 -1.027 -1.582 -0.367 1.765
48 V -1.083 -2.795 -3.178 -3.327 -0.16 -3.04 -3.38 -3.268 -2.5 3.49 1.751 -2.694 1.044 2.17 -3.57 -2.842 -1.088 -1.665 -0.35 3.12
49 F -0.612 -1.858 -1.26 -1.894 -0.759 -2.067 -2.051 -1.589 -0.947 -0.318 0.537 -1.76 -0.106 4.192 -3.031 1.14 -0.662 5.071 1.256 -0.746
50 T 0.828 -1.367 -0.621 -1.377 0.14 -1.364 -1.603 -1.282 -1.621 0.306 -0.83 -1.041 -0.444 -1.518 -1.892 0.345 3.82 -2.325 -1.741 1.128
51 L -1.061 -2.255 -2.42 -2.84 -0.426 -2.174 -2.96 0.694 -1.656 2.579 1.264 -2.141 3.794 2.131 -3.444 -2.318 -1.286 -1.409 -0.362 1.816
52 V -0.234 -2.486 -2.929 -3.164 0.34 -2.587 -2.894 -2.955 -2.915 3.03 0.945 -2.388 0.832 -0.398 -3.171 -2.284 -0.451 -2.387 -1.285 4.125
53 V -0.573 -2.258 -2.363 -2.783 -0.069 -2.457 -2.704 -2.563 -2.116 2.099 1.907 -2.218 0.901 2.083 -3.198 -0.755 -0.712 -1.66 -0.367 2.956
54 F 0.045 -2.665 -2.92 -3.123 -0.428 -3.028 -3.138 -2.459 -1.743 2.491 1.45 -2.596 0.697 4.237 -3.493 -2.312 -1.444 -0.729 0.948 1.74
55 S 1.406 -1.316 -0.188 -0.875 4.367 -1.163 -1.207 1.602 -0.973 -1.789 -2.19 -0.83 -1.363 -2.109 -1.87 2.558 0.29 -2.683 -2.099 -1.175
56 L -1.67 -2.56 -3.355 -3.55 -0.363 -2.991 -3.503 -3.422 -2.252 2.8 3.387 -2.705 1.661 2.43 -3.756 -3.206 -1.614 -1.382 -0.267 1.438
57 F -1.724 -2.83 -3.008 -3.099 -0.791 -3.235 -3.304 -3.071 -1.78 2.793 1.482 -2.679 0.674 4.236 1.201 -2.894 -1.687 -0.816 0.912 1.212
58 L -1.67 -2.56 -3.355 -3.55 -0.363 -2.991 -3.503 -3.422 -2.252 2.8 3.387 -2.705 1.661 2.43 -3.756 -3.206 -1.614 -1.382 -0.267 1.438
59 G 0.965 -2.142 -0.744 -1.459 -0.727 -2.0 -2.266 4.701 -1.5 -0.007 -1.827 -1.518 -1.476 -2.019 -2.55 0.11 -1.143 -2.505 -2.547 -0.804
60 F 0.022 -2.626 -2.438 -2.844 -0.783 -3.035 -3.079 0.873 -1.385 1.27 1.075 -2.553 0.278 4.867 -3.534 -2.117 -1.807 -0.363 1.373 0.235
61 F -1.816 -2.975 -3.049 -3.346 -0.853 -3.588 -3.535 -3.11 -1.5 2.409 0.846 -3.095 0.501 5.451 -4.089 -3.022 -1.789 -0.052 1.866 1.574
62 F -1.78 -2.38 -2.708 -3.303 -1.128 -2.718 -3.008 -3.05 0.345 0.681 0.986 -2.569 0.259 4.745 -3.801 -2.796 -1.939 1.014 4.736 0.769
63 R -1.182 2.484 2.553 -0.617 -1.497 1.044 -0.764 -1.347 -0.032 -1.387 -0.254 0.277 -0.674 -1.214 -2.808 -0.057 -0.904 4.899 -0.887 -1.514
64 K -0.539 -0.281 1.27 -0.957 -0.978 -0.908 -1.192 1.151 -0.907 0.784 -1.132 1.608 -0.837 -1.833 1.489 -0.066 -0.758 -2.783 -1.995 0.623
65 R -1.196 2.703 1.283 -1.09 -1.224 -0.384 -0.997 -1.816 -0.596 1.469 -0.677 2.084 -0.458 -1.571 -2.506 -1.1 0.468 -2.459 -1.757 0.2
66 L -1.704 -2.5 -3.174 -3.473 -0.528 -2.857 -3.362 -3.363 -1.219 2.63 2.963 -2.618 1.392 2.697 -3.72 -3.107 -1.672 -0.569 2.221 1.273
67 K 0.401 0.85 -0.99 -1.358 4.185 1.271 -0.353 -1.423 -0.707 -0.96 -0.071 3.086 -0.467 -1.925 -2.144 -1.021 -1.146 -2.518 -1.804 -0.952
68 C -0.447 -3.339 -2.965 -3.419 9.68 -3.458 -3.925 -2.163 -2.95 -0.732 -1.061 -3.113 -1.079 -2.027 -3.207 -1.67 -1.317 -3.235 -2.796 -0.409
69 V -0.692 -2.252 -2.657 -3.138 -0.226 -2.315 -2.727 -2.969 -0.218 2.197 0.427 -2.228 0.388 1.414 -3.246 -2.356 -0.923 0.073 3.869 3.241
70 K -1.17 3.3 1.527 -0.633 -2.113 0.512 -0.086 -1.415 -0.062 -2.393 -2.368 3.837 -1.41 -2.748 -2.101 -0.977 -1.166 -2.599 -1.903 -2.189
71 R -1.202 3.479 -0.464 1.323 -1.684 -0.54 -0.78 -1.828 0.171 -1.703 -1.562 0.501 -1.112 2.225 -2.76 -0.162 -1.178 -0.684 2.331 -1.701
72 F -1.473 1.32 -1.935 -2.505 -1.146 -1.464 -1.971 -2.648 -0.382 1.466 0.047 0.706 -0.018 3.747 -3.255 -2.26 -1.545 -0.2 2.764 1.131
73 K 0.231 0.194 1.08 -1.218 -0.842 -0.688 -1.096 -1.512 -0.894 1.768 0.643 2.348 0.048 -1.118 -2.421 -1.238 -1.044 -2.446 -1.668 0.506
74 V -0.672 1.072 1.241 -1.417 -0.44 -1.461 -1.897 -1.905 -1.162 2.569 0.177 -0.774 0.153 -0.889 -2.863 -0.236 -0.531 -2.473 -1.589 2.32
75 L 0.501 1.428 -0.848 -1.515 -0.392 -1.15 -1.546 0.577 -1.088 1.157 0.742 -0.423 0.029 -1.013 -2.405 1.121 -0.368 -2.315 -1.7 0.221
76 E -1.179 -0.022 1.836 0.379 -1.724 2.837 2.49 -1.641 0.276 -1.176 0.129 0.343 -0.37 -1.788 -2.383 -0.989 -1.139 -2.331 -1.623 -1.299
77 P -0.601 -1.753 -0.738 1.741 -1.322 -1.532 -0.866 -1.423 -1.252 -2.372 -2.848 -0.944 -2.268 -3.049 5.628 0.187 -0.869 -3.999 -2.593 -2.161
78 L -1.666 -1.967 -2.671 -3.298 -0.834 -2.173 -2.789 -3.141 0.677 0.937 2.506 -2.153 1.063 2.364 -3.458 -2.768 -1.817 0.968 4.834 0.255
79 K -0.805 2.115 -0.246 -0.7 -1.956 0.828 0.335 -1.321 -0.221 -2.101 -2.219 4.434 -1.202 -2.784 -1.665 -0.86 -1.06 -2.527 -1.767 -1.977
80 S 0.537 -0.527 0.237 0.46 -0.551 0.211 2.195 -0.607 -0.154 -2.176 -2.455 0.065 -1.371 -2.155 -1.612 2.448 0.418 -2.501 -1.813 -1.554
81 L -1.187 -1.969 -1.757 -2.407 -0.405 -2.322 -2.562 -2.398 -1.462 0.844 1.987 -2.003 0.821 3.879 -3.014 -1.234 1.697 -0.679 0.829 0.344
82 L -0.807 -1.53 -1.496 -0.594 -0.865 -0.698 1.805 1.345 -1.152 1.713 0.955 -0.978 0.167 -0.887 -2.766 -1.724 -1.285 -2.276 -1.737 1.404
83 N -0.793 -0.05 3.153 0.308 -1.244 -0.145 1.067 -1.007 0.028 -1.104 0.048 1.256 -0.633 -1.6 -2.269 0.432 -0.557 -2.526 -1.803 -1.288
84 L -0.2 -1.815 -1.206 -1.725 -0.095 -1.814 -2.007 -1.671 -1.572 2.733 1.547 -1.485 0.733 -0.332 -2.567 1.158 -0.156 -2.24 -1.45 1.369
85 S -0.069 0.394 3.03 0.114 -0.949 -0.152 -0.379 -0.481 0.022 -2.239 -2.57 2.079 -1.502 -2.348 -1.874 1.841 0.082 -2.719 -1.908 -1.865
86 N -1.348 0.774 3.7 0.089 -1.945 -0.054 -0.445 -0.976 0.677 -2.169 -2.392 2.741 -1.551 -0.678 -2.306 -0.742 -0.964 -1.307 1.889 -2.1
87 K -0.789 0.956 -0.658 -1.206 -1.526 -0.093 -0.49 -1.526 0.085 -1.47 -1.509 3.254 -0.947 2.193 -2.176 -0.016 -0.974 -0.682 2.35 -1.537
88 N -1.464 -0.691 5.338 0.881 -1.47 -0.802 -1.009 -0.479 0.589 -0.914 -2.14 -0.573 -1.551 -2.052 -2.721 -0.401 -0.508 -2.933 -2.0 -0.077
89 V -0.851 -2.047 -1.388 -0.293 -0.483 -2.053 -2.042 -0.376 2.683 2.033 0.113 -1.938 0.09 1.858 -3.042 -1.668 0.439 -1.708 -0.084 2.447
90 F -0.068 -2.158 -2.143 -2.73 -1.059 -2.425 -2.559 -2.055 0.037 -0.463 -0.471 -2.169 -0.467 4.548 -3.347 -1.639 0.062 5.277 4.043 -0.669
91 L -1.187 -2.291 -2.814 -3.113 -0.297 -2.317 -3.005 -2.947 -1.643 2.692 1.452 -2.294 3.484 3.151 -3.549 -2.534 -1.179 -1.016 0.363 2.273
92 L -1.046 -2.509 -3.1 -3.347 -0.143 -2.751 -3.2 -3.162 -2.28 2.727 2.265 -2.552 1.898 2.311 -3.549 -2.742 -1.128 -1.5 -0.235 2.879
93 L 0.757 -1.581 -1.007 -1.618 -0.178 -1.593 -1.756 -1.231 -1.383 0.956 0.452 -1.286 -0.079 -0.642 -2.348 1.021 1.75 4.909 -0.823 0.292
94 V 0.413 -1.053 -1.782 -2.269 -0.4 -1.47 -1.884 -1.906 -0.703 0.955 0.125 0.277 1.731 2.237 -2.698 -1.237 0.488 -0.733 2.157 1.702
95 F -0.202 -2.581 -2.875 -3.205 -0.788 -3.172 -3.146 -2.386 -1.269 0.633 1.815 -2.744 0.641 5.46 -3.754 -2.398 -1.931 0.013 1.868 -0.022
96 I -0.967 -2.198 -2.33 -2.653 -0.211 -2.139 -2.781 -2.65 -1.88 3.452 1.944 -2.0 3.258 0.094 -3.193 -0.812 -0.846 -1.996 -1.273 1.861
97 V -0.834 -2.862 -3.176 -3.257 0.02 -2.966 -3.348 -3.29 -2.896 3.976 1.249 -2.615 0.975 -0.159 -3.418 -2.738 -0.831 -2.369 -1.37 3.662
98 L 0.323 -2.321 -2.779 -3.057 -0.167 -2.49 -2.823 -2.332 -1.801 1.78 1.466 -2.294 2.13 3.342 -3.285 -2.041 -1.123 -1.1 0.39 2.487
99 G -0.166 -2.143 -0.865 -1.651 -0.873 -2.115 -2.49 4.645 -1.591 -0.838 0.753 -1.697 -0.539 -1.353 -2.838 -0.19 -1.357 -2.319 -2.381 -1.205
100 L -0.737 -1.95 -1.822 -2.363 -0.26 -1.942 -2.412 -2.363 -0.989 2.475 1.382 -1.781 2.103 0.506 -2.905 -0.393 0.64 -1.071 1.811 1.792
101 I 0.505 -2.301 -1.94 -2.312 -0.206 -2.331 -2.624 0.972 -1.979 2.986 1.57 -1.921 0.666 -0.385 -2.867 -0.431 -0.878 -2.263 -1.615 1.465
102 L 1.192 -2.207 -2.861 -2.992 0.057 -2.385 -2.735 -1.962 -2.185 2.204 2.824 -2.072 1.258 0.036 -2.938 -1.759 -1.122 -2.069 -1.359 1.785
103 E -1.098 -0.354 -0.18 2.553 -2.491 1.061 4.409 -1.917 0.207 -2.844 -2.875 0.441 -1.941 -2.73 -2.014 -0.895 -1.399 -2.593 -2.113 -2.301
104 F -1.759 -2.81 -2.943 -3.309 -0.89 -3.27 -3.371 -3.117 -0.81 2.356 0.716 -2.893 0.417 5.048 -3.947 -2.943 -1.76 0.247 3.078 1.549
105 L 1.088 -2.348 -2.842 -2.962 -0.122 -2.565 -2.834 -1.962 -1.95 2.447 2.437 -2.18 1.07 2.175 -3.045 -1.82 -1.284 -1.539 -0.384 1.255
106 Y 0.233 -1.674 -1.668 -2.405 -1.134 -1.627 -2.008 -1.894 1.52 -1.009 -1.189 -1.567 -0.849 2.586 -2.83 -0.365 -1.332 1.57 6.044 -0.934
107 A 1.443 -1.05 2.63 -0.429 -0.595 -1.023 -1.103 -0.46 3.071 -1.552 -1.776 -0.824 -1.183 1.528 -2.222 1.135 -0.397 -1.844 -0.196 -1.225
108 G -0.306 0.058 -0.459 -1.167 -1.634 -0.772 -1.241 4.666 -1.035 -2.841 -3.026 2.342 -2.123 -2.81 -2.405 -1.041 -1.661 -2.565 -2.646 -2.594
109 G 0.849 -2.297 -0.903 -1.659 -0.909 -2.205 -2.576 5.144 -1.618 -1.606 -0.548 -1.71 -1.32 -1.921 -2.75 -1.04 -1.728 -2.414 -2.681 -1.595
110 I -1.291 -3.101 -3.304 -3.264 -0.169 -3.209 -3.66 -3.493 -2.821 4.562 1.51 -2.726 1.135 0.063 -3.546 -3.049 -1.074 -2.294 -1.37 3.024
111 P -0.921 -2.098 -2.018 -1.649 -1.542 -2.018 -1.707 -1.937 -1.692 -2.402 -2.835 -1.149 -2.488 -3.42 6.747 -1.537 -1.433 -4.634 -2.72 -2.247
112 L -1.782 -2.539 -3.301 -3.568 -0.496 -3.057 -3.479 -3.343 -1.99 2.179 3.325 -2.774 1.564 3.565 -3.865 -3.2 -1.771 -0.926 0.45 1.014
113 F -1.971 -2.716 -3.174 -3.492 -0.783 -3.352 -3.524 -3.213 -1.596 1.865 2.525 -2.974 1.115 4.978 -4.066 -3.168 -1.956 -0.257 1.481 0.686
114 L -1.353 -0.61 -1.96 -2.371 -0.775 0.734 -1.433 -2.61 -0.44 0.884 2.411 0.493 3.216 0.64 -3.056 -2.132 -1.434 -0.88 1.866 0.245
115 V -0.565 -2.713 -3.094 -3.253 0.14 -2.816 -3.157 -3.162 -2.947 3.506 1.061 -2.543 0.863 -0.316 -3.336 -2.548 -0.68 -2.42 -1.37 4.021
116 F 1.036 -2.291 -2.628 -2.858 -0.374 -2.49 -2.718 -1.809 -1.372 1.501 1.353 -2.181 2.021 4.217 -3.166 -1.702 -1.435 -0.658 0.951 0.612
117 K 0.763 0.294 -0.499 -0.549 -0.81 1.335 1.006 -1.043 -0.429 -1.121 -0.191 1.961 -0.52 -1.809 -1.947 0.97 -0.468 -2.427 -1.707 -1.008
118 G 0.005 -2.442 -0.525 -1.408 -1.405 -2.28 -2.707 5.888 -1.561 -3.3 -3.546 -1.736 -2.752 -2.763 -2.864 -1.087 -2.004 -2.525 -3.233 -2.949
119 S -0.474 -0.705 -0.53 1.411 -0.892 -0.651 0.702 -1.581 -0.298 0.888 -0.94 0.679 -0.642 -0.346 -2.329 0.69 -0.551 -1.382 1.679 0.745
120 D 1.161 -1.478 -0.127 3.547 -0.94 -0.904 1.02 -1.004 -0.767 -1.397 -1.77 -0.875 -1.382 1.408 -2.196 -0.518 0.416 -2.092 -0.932 -1.109
121 Y -2.005 -1.865 -1.871 -2.816 -1.802 -1.969 -2.354 -2.817 3.65 -0.736 -0.69 -2.074 -0.58 4.356 -3.572 -2.531 -2.259 1.615 5.831 -1.12
122 D -1.17 -0.675 3.718 3.806 -1.783 1.015 0.285 -0.711 0.205 -2.628 -3.064 -0.313 -1.993 -2.66 -2.345 0.355 -0.668 -3.075 -2.314 -2.45
123 Y -1.884 -1.642 -1.73 -2.754 -1.903 -1.609 -2.138 -2.83 3.9 -1.065 -1.159 -1.794 -0.833 2.973 -3.338 -2.4 -2.191 1.948 6.507 -1.254
124 F -0.959 1.435 -0.87 -1.529 -1.255 0.901 -0.895 -1.809 0.021 -1.041 -1.034 0.989 -0.637 3.319 -2.619 -0.071 0.46 -0.414 2.458 -1.102
125 D 0.2 -0.437 0.198 3.733 -1.756 2.316 2.355 -1.226 -0.067 -2.386 -2.628 0.117 -1.592 -2.779 -2.123 -0.734 -1.217 -2.798 -2.156 -1.949
126 F -2.419 -2.981 -2.945 -3.399 -1.459 -3.949 -3.567 -2.959 -0.913 0.192 0.48 -3.389 0.117 6.643 -4.533 -3.115 -2.455 0.767 2.846 -0.592
127 G 0.005 -2.442 -0.525 -1.408 -1.405 -2.28 -2.707 5.888 -1.561 -3.3 -3.546 -1.736 -2.752 -2.763 -2.864 -1.087 -2.004 -2.525 -3.233 -2.949
128 I -1.462 -3.186 -3.347 -3.266 -0.235 -3.294 -3.772 -3.564 -2.796 4.734 1.592 -2.764 1.186 0.133 -3.589 -3.161 -1.16 -2.27 -1.37 2.775
129 P 1.329 -1.957 -1.948 -1.679 -0.842 -1.852 -1.623 -1.201 -1.588 -1.953 -2.406 -1.093 -2.023 -2.971 5.97 -0.93 -1.172 -3.946 -2.474 -1.479
130 T 0.12 -1.366 -0.506 -1.264 0.081 -1.335 -1.52 -1.345 -1.508 0.685 -0.71 -1.049 -0.341 -1.398 -2.017 1.324 3.09 -2.407 -1.692 1.705
131 F -2.199 -2.787 -3.063 -3.473 -1.101 -3.591 -3.522 -3.078 -1.219 0.73 1.922 -3.159 0.733 5.935 -4.298 -3.147 -2.237 0.315 2.248 -0.097
132 H -1.792 -0.442 0.375 -1.046 -2.419 -0.25 -0.585 -1.782 8.144 -2.746 -2.68 -0.85 -1.346 -0.938 -2.834 -1.664 -2.311 -1.539 1.582 -3.12
133 V 0.765 -2.425 -2.822 -3.018 0.3 -2.48 -2.724 -2.348 -2.723 2.666 0.657 -2.229 0.581 -0.629 -2.981 -1.848 -0.532 -2.479 -1.425 4.046
134 F -1.924 -2.955 -3.151 -3.384 -0.783 -3.517 -3.619 -3.235 -1.667 2.879 1.651 -3.031 0.845 4.946 -4.037 -3.148 -1.807 -0.331 1.459 1.295
135 L -1.76 -2.648 -3.289 -3.512 -0.496 -3.131 -3.526 -3.355 -2.03 2.678 3.024 -2.8 1.452 3.538 -3.851 -3.19 -1.7 -0.972 0.435 1.302
136 L -0.897 -1.466 -2.029 -2.42 -0.305 0.382 -1.809 -2.495 -1.58 1.499 3.108 -1.448 1.39 0.06 -3.072 -0.726 -0.974 -1.985 -1.277 1.348
137 P 0.094 -1.337 -0.468 -0.961 -0.481 -1.239 -1.205 -1.047 -1.165 -1.594 -2.171 -0.768 -1.466 -2.365 4.168 1.709 1.894 -3.116 -2.126 -1.166
138 Y -1.898 -2.122 -2.416 -3.162 -1.535 -2.214 -2.708 -3.072 1.443 0.822 -0.317 -2.197 -0.324 3.779 -3.558 -2.664 -2.058 1.761 6.142 -0.156
139 L 0.556 -2.205 -2.276 -2.573 0.035 -2.288 -2.563 -2.057 -2.146 2.783 1.946 -1.97 0.928 -0.231 -2.883 -0.493 -0.671 -2.245 -1.419 2.453
140 S 0.282 -1.271 -0.274 -0.919 -0.18 -1.172 -1.225 -0.942 -1.114 0.463 -1.248 -0.806 -0.773 -1.688 1.627 2.181 2.046 -2.669 -1.859 -0.125
141 L 2.062 -1.88 -1.923 -2.225 0.079 -1.951 -2.056 -1.05 -1.537 0.762 1.465 -1.593 0.403 1.902 -2.454 0.088 -0.701 -1.675 -0.484 1.131
142 L -0.755 -1.826 -1.687 -2.291 -0.496 -1.91 -2.26 -2.173 -0.237 1.502 2.133 -1.73 0.765 1.199 -2.928 0.327 -0.805 -0.294 3.288 0.5
143 G 2.311 -1.696 -0.727 -1.334 -0.171 -1.557 -1.702 3.609 -1.308 -1.635 -2.127 -1.117 -1.499 -2.191 -2.013 0.677 0.68 -2.505 -2.28 -0.924
144 I 0.287 -2.212 -2.0 -2.419 -0.169 -2.352 -2.613 -2.101 -1.907 2.787 1.31 -1.949 0.624 2.012 -2.815 -1.197 1.466 -1.631 -0.459 1.447
145 I -0.999 -2.214 -2.065 -2.576 -0.251 -2.311 -2.727 -2.737 -1.281 3.013 1.369 -2.021 0.711 0.497 -2.973 -1.556 1.474 -1.128 1.792 2.101
146 G -0.863 0.762 -1.278 -2.061 -1.174 -1.8 -2.224 2.365 -0.425 -0.667 0.28 -1.099 -0.414 3.408 -3.13 -0.469 -1.444 -0.385 2.403 -1.058
147 F -1.648 -2.46 -2.163 -2.755 -1.274 -2.981 -2.857 -2.436 -0.298 -0.13 0.081 -2.607 -0.126 5.98 -3.811 -0.896 -1.718 0.754 3.539 -0.736
148 Y -1.092 -1.082 -0.97 -0.748 -1.486 -0.482 1.477 -2.134 3.439 -0.937 -0.015 -0.824 -0.528 1.31 -2.676 -0.376 -1.334 0.298 4.331 -1.142
149 R -1.573 4.523 1.625 1.417 -2.257 1.473 -0.102 -1.672 0.16 -2.673 -2.38 1.37 -1.437 -2.654 -2.646 -1.155 -1.327 -2.532 -1.956 -2.322
150 Y -2.019 -2.104 -2.377 -3.177 -1.737 -2.265 -2.69 -3.002 1.518 -0.578 -0.55 -2.255 -0.52 4.54 -3.659 -2.659 -2.242 1.923 6.229 -0.939
151 L -1.367 -2.621 -3.352 -3.475 -0.169 -2.918 -3.47 -3.445 -2.613 3.404 3.114 -2.625 1.605 0.394 -3.594 -3.089 -1.308 -2.012 -1.253 2.348
152 L 0.366 -2.231 -2.346 -2.617 -0.09 -2.356 -2.682 -2.136 -2.065 2.989 2.495 -2.008 1.167 0.013 -2.963 -0.589 -0.874 -2.126 -1.389 1.565
153 F -0.243 -1.707 -0.803 -1.477 -0.646 -1.855 -1.747 -1.255 -0.723 -0.7 -0.618 -1.501 -0.495 4.782 -2.68 1.813 -0.295 -0.459 1.365 -0.958
154 G -0.889 2.913 1.506 -0.764 -1.931 -0.039 -0.651 2.506 -0.3 -2.646 -2.632 2.806 -1.721 -2.717 -2.368 -1.007 -1.354 -2.572 -2.191 -2.39
155 N -1.336 2.608 3.547 1.798 -2.033 -0.301 -0.496 1.323 0.129 -2.75 -2.861 1.38 -1.964 -2.637 -2.555 -0.788 -1.12 -2.791 -2.256 -2.535
156 K -0.889 2.618 -0.36 -0.936 -1.73 0.505 -0.038 -1.513 -0.404 -1.941 -2.122 4.11 -1.212 -2.665 -1.881 -0.769 0.442 -2.545 -1.861 -1.709
157 R -1.106 3.218 1.252 -1.283 -1.24 -0.551 -1.309 -1.799 0.102 0.539 -0.52 0.371 1.467 -0.207 -2.802 -0.239 -0.936 -1.174 1.732 -0.355
158 Y -1.819 -1.477 2.441 1.298 -1.667 -1.463 -1.398 -1.856 1.173 -0.82 0.007 -1.401 -0.644 1.794 -3.099 -1.624 -1.535 0.693 4.956 -1.161
159 L -1.605 -2.371 -3.435 -3.646 -0.235 -2.79 -3.435 -3.479 -2.445 2.462 3.95 -2.587 1.953 0.678 -3.677 -3.233 -1.597 -1.797 -1.169 1.308
160 F -1.081 -1.344 -1.938 -2.39 -0.721 -2.037 -2.232 -2.335 -1.313 1.625 1.11 0.042 0.416 4.178 -3.202 -0.716 -1.141 -0.762 0.922 1.192
161 L -1.47 -2.188 -1.893 0.785 -0.92 -2.209 -1.908 -2.622 -1.02 1.396 2.039 -1.861 0.526 0.339 2.996 -2.305 -1.574 -1.386 1.699 0.294
162 L 0.354 -2.009 -1.866 -2.402 -0.255 -2.132 -2.404 -2.014 -0.958 1.657 0.965 -1.835 0.333 2.327 -2.765 -1.096 1.458 -0.726 2.15 1.438
163 L -1.326 -2.471 -3.081 -3.414 -0.384 -2.777 -3.212 -3.243 -1.279 2.395 2.504 -2.57 1.172 2.603 -3.617 -2.882 -1.407 -0.637 2.212 2.241
164 L -1.716 -2.88 -3.265 -3.403 -0.496 -3.283 -3.621 -3.377 -2.113 3.473 2.307 -2.854 1.214 3.485 -3.825 -3.17 -1.564 -1.067 0.403 1.803
165 G 0.043 -1.737 -0.716 -1.319 -0.535 -1.658 -1.779 2.541 -1.345 0.549 0.086 -1.242 -0.527 -1.413 1.492 1.366 -0.396 -2.606 -2.056 -0.352
166 L -1.307 -2.578 -3.069 -3.361 -0.384 -2.843 -3.254 -3.254 -1.311 2.861 2.097 -2.594 1.043 2.567 -3.604 -2.873 -1.345 -0.679 2.204 2.433
167 L 0.015 -2.349 -3.098 -3.292 -0.24 -2.705 -3.108 -2.592 -2.055 2.12 3.259 -2.407 1.495 2.345 -3.39 -2.439 -1.509 -1.405 -0.304 1.065
168 F -2.239 -2.722 -2.898 -3.397 -1.316 -3.427 -3.38 -3.026 -0.46 0.369 1.179 -3.058 0.355 6.017 -4.254 -3.049 -2.309 0.795 3.554 -0.384
169 S 0.503 -1.238 -0.172 -0.83 4.347 -1.114 -1.129 -0.707 -1.009 -1.603 -2.083 -0.764 -1.29 -2.13 1.642 2.558 1.367 -2.85 -2.045 -1.105
170 I -0.995 -2.819 -3.23 -3.311 -0.041 -2.974 -3.403 -3.345 -2.817 3.899 1.858 -2.626 1.159 0.008 -3.472 -2.847 -0.963 -2.27 -1.34 3.333
171 L -0.953 -2.172 -2.527 -2.906 -0.141 -2.421 -2.857 -2.755 -2.195 2.365 3.258 -2.19 1.534 0.297 -3.258 -0.924 -0.986 -1.985 -1.277 1.787
172 I -0.959 -2.696 -2.647 -2.884 -0.071 -2.781 -3.169 -3.067 -2.644 4.022 1.182 -2.381 0.903 -0.191 -3.211 -2.155 0.567 -2.319 -1.419 3.064
173 V -0.845 -2.634 -2.973 -3.244 -0.152 -2.762 -3.116 -3.154 -1.517 3.179 0.875 -2.521 0.682 1.614 -3.424 -2.612 -0.948 -1.011 2.007 3.465
174 N -1.02 -0.616 5.115 0.828 -1.31 -0.683 -0.862 -0.356 0.518 -2.245 -2.772 -0.437 -1.855 -2.292 -2.385 0.713 0.943 -2.888 -2.065 -1.949
175 R -1.619 5.663 -0.547 -1.649 -2.344 0.433 -0.645 -2.213 0.014 -2.696 -2.113 1.934 -1.309 -2.557 -2.789 -1.491 -1.539 -2.319 -1.857 -2.247
176 G 2.322 -1.853 -0.77 -1.374 -0.328 -1.689 -1.843 4.261 -1.315 -2.029 -2.43 -1.22 -1.767 -2.332 -2.139 0.515 -0.882 -2.538 -2.454 -1.29
177 A 2.289 -1.405 -0.643 -1.255 0.119 -1.309 -1.44 1.57 -1.293 -0.978 -1.604 -0.921 -1.027 -1.93 -1.776 0.977 2.433 -2.439 -1.962 -0.308
178 L 0.452 -1.874 -2.274 -2.681 0.037 -1.862 -2.46 -2.14 -1.859 1.706 2.096 -1.786 3.196 -0.133 -2.87 -1.431 0.558 -1.962 -1.292 2.116
179 L -1.546 -2.315 -3.078 -3.338 -0.367 -2.461 -3.224 -3.204 -1.871 2.73 2.847 -2.398 3.422 2.381 -3.659 -2.88 -1.473 -1.302 -0.225 1.414
180 F -1.574 -1.947 -2.622 -3.076 -0.649 -1.903 -2.812 -2.774 -1.0 1.089 1.556 -2.101 4.867 4.315 -3.723 -2.441 -1.559 -0.385 1.093 0.43
181 I -0.814 -1.613 -1.612 -2.001 -0.337 0.378 -1.746 -2.309 -1.569 3.221 1.352 -1.329 0.747 -0.431 -2.815 -0.361 0.656 -2.239 -1.444 1.632
182 L -1.488 -2.492 -3.311 -3.548 -0.294 -2.914 -3.401 -3.355 -2.273 2.454 3.344 -2.667 1.617 2.398 -3.71 -3.093 -1.514 -1.4 -0.267 1.824
183 L -1.674 -2.628 -3.139 -3.352 -0.498 -2.909 -3.426 -3.257 -1.886 3.072 2.355 -2.663 2.449 3.495 -3.788 -3.014 -1.559 -0.984 0.436 1.551
184 S 1.227 -1.367 -0.391 -0.904 -0.386 -1.215 -1.176 1.524 -1.006 -2.059 -2.479 -0.767 -1.646 -2.396 3.171 2.112 0.025 -2.988 -2.188 -1.487
185 C 0.738 -2.217 -1.587 -2.126 7.077 -2.307 -2.345 -1.316 -1.474 -0.769 -0.899 -1.935 -0.786 3.039 -2.716 0.72 -0.691 -1.487 0.019 -0.637
186 L -1.255 -2.584 -2.296 -2.833 -0.772 -2.926 -3.287 2.225 -1.786 1.567 2.245 -2.527 0.774 3.367 -3.622 -2.502 -1.855 -1.059 0.228 0.415
187 F -1.437 -2.824 -3.119 -3.363 -0.486 -3.262 -3.434 -3.182 -1.937 2.787 1.605 -2.874 0.856 4.264 -3.825 -2.935 -1.449 -0.726 0.972 2.356
188 L 0.132 -2.453 -2.995 -3.08 -0.119 -2.517 -3.082 -2.584 -2.208 3.504 2.353 -2.25 2.471 0.152 -3.234 -2.299 -1.18 -2.035 -1.304 1.946
189 Y -1.976 -1.706 -1.824 -2.814 -1.971 -1.711 -2.2 -2.758 3.771 -1.184 -1.247 -1.888 -0.903 2.75 -3.524 -2.496 -2.261 5.524 6.163 -1.393
190 L -1.073 -2.234 -2.49 -2.948 4.317 -2.565 -2.943 -2.593 -1.94 1.182 3.111 -2.324 1.292 2.25 -3.354 -0.87 -1.227 -1.497 -0.408 0.465
191 S -0.055 -0.986 -0.623 -1.268 -0.367 0.745 -0.992 -1.355 -0.324 0.107 0.262 -0.734 -0.119 -0.134 -2.259 1.487 1.028 -1.216 1.754 0.659
192 L -1.181 -0.925 -1.308 -2.05 -1.122 -1.352 -1.708 -2.195 3.183 0.917 0.601 0.286 0.008 2.661 -2.944 -0.59 -1.303 0.007 3.621 -0.116
193 N -1.503 1.881 4.154 0.284 -2.071 -0.042 -0.468 -0.876 3.292 -2.62 -2.761 2.069 -1.745 -2.324 -2.451 -0.681 -0.982 -2.62 -1.245 -2.496
194 N -1.645 -0.4 5.612 1.296 -1.832 -0.512 -0.711 -0.14 0.983 -2.698 -3.137 -0.281 -2.147 -2.36 -2.573 -0.104 -0.437 -2.952 -2.054 -2.546
195 N -1.645 -0.4 5.612 1.296 -1.832 -0.512 -0.711 -0.14 0.983 -2.698 -3.137 -0.281 -2.147 -2.36 -2.573 -0.104 -0.437 -2.952 -2.054 -2.546
196 L 0.15 -1.444 0.958 -1.537 -0.876 0.39 -1.636 1.077 -0.747 -0.036 1.304 -1.315 0.194 3.2 -3.048 -1.455 -1.451 -1.166 0.229 -0.478
197 K -0.447 -0.008 1.466 -0.752 -0.823 -0.571 -0.906 -1.145 -0.462 -0.844 -0.842 1.706 1.375 1.584 -2.219 0.982 0.854 -1.771 -0.589 -0.905
198 P -1.101 -2.513 -2.529 -2.268 -0.737 -2.508 -2.481 -2.56 -2.114 2.795 0.233 -1.767 -0.024 -1.05 4.754 -2.158 -1.215 -3.138 -1.889 1.319
199 R 0.044 3.835 0.05 -0.839 -0.871 0.018 -0.565 -0.951 -0.174 -2.247 -2.181 1.084 -1.212 -2.203 -2.032 1.804 0.027 -2.394 -1.771 -1.702
200 L -1.307 -2.535 -2.969 -3.08 -0.462 -2.688 -3.063 -3.15 -1.395 3.086 2.023 -2.322 0.939 0.639 1.268 -2.738 -1.333 -1.216 1.79 2.062
201 K -0.739 3.29 -0.291 -0.928 -1.771 0.509 -0.069 -1.406 -0.264 -2.294 -2.281 3.837 -1.304 -2.684 -1.965 0.064 -0.884 -2.552 -1.865 -2.024
202 K 0.816 0.809 -0.431 -0.873 -0.946 -0.057 -0.343 -0.865 -0.635 -1.982 -2.27 3.112 -1.374 -2.576 1.671 1.023 -0.438 -2.805 -1.954 -1.558
203 V -1.085 -1.329 -2.441 -2.745 -0.405 -1.779 -2.397 -2.791 -1.676 2.755 1.137 0.068 3.087 2.077 -3.239 -2.329 -1.11 -1.534 -0.325 2.383
204 I -1.041 -2.645 -2.402 -2.716 -0.393 -2.85 -3.008 -2.676 -1.889 3.406 0.942 -2.421 0.66 3.347 -3.386 -0.895 -0.958 -1.212 0.34 2.211
205 A 1.15 -0.881 -1.206 -1.691 -0.287 -1.227 -1.475 -1.212 -0.594 1.118 0.525 0.481 -0.016 -0.004 -2.293 0.794 -0.469 -1.239 1.742 0.712
206 I -0.549 -2.221 -1.655 -2.181 -0.224 -2.259 -2.58 0.857 -2.049 2.907 1.218 -1.892 0.553 -0.502 -2.868 -0.343 0.646 -2.294 -1.626 1.965
207 L -0.919 -2.368 -2.508 -2.817 -0.141 -2.54 -2.932 -2.774 -2.283 3.24 2.604 -2.233 1.303 0.131 -3.237 -0.915 -0.878 -2.121 -1.335 2.216
208 I -0.827 -2.488 -2.418 -2.743 -0.198 -2.653 -2.904 -2.676 -2.12 3.234 1.565 -2.304 0.875 2.11 -3.265 -0.851 -0.813 -1.68 -0.388 2.602
209 L 0.372 -2.322 -2.05 -2.538 4.319 -2.49 -2.791 0.951 -1.898 1.36 1.544 -2.106 0.402 1.922 -2.961 -1.396 0.309 -1.685 -0.639 0.512
210 L 0.485 -2.153 -1.852 -2.353 -0.393 -2.346 -2.498 1.023 -1.516 0.743 1.518 -1.988 0.4 3.267 -2.997 -0.385 -1.069 -1.153 0.247 0.913
211 L -1.572 -2.578 -3.246 -3.51 -0.424 -3.05 -3.423 -3.289 -2.049 2.316 2.974 -2.762 1.405 3.517 -3.803 -3.077 -1.597 -0.988 0.435 1.705
212 I -0.928 -3.029 -2.661 -3.022 6.005 -3.19 -3.537 0.699 -2.384 2.804 0.457 -2.742 0.203 1.876 -3.467 -2.338 -1.359 -1.897 -0.72 1.854
213 V 0.46 -2.289 -2.383 -2.731 -0.012 -2.445 -2.68 -2.214 -2.12 2.36 1.286 -2.118 0.642 1.991 -2.959 -1.537 0.562 -1.69 -0.423 2.705
214 L -1.468 -2.599 -3.299 -3.492 -0.294 -2.983 -3.446 -3.366 -2.317 2.911 3.045 -2.693 1.507 2.359 -3.697 -3.083 -1.449 -1.455 -0.288 2.044
215 F -1.758 -2.484 -2.698 -3.251 -1.128 -2.784 -3.047 -3.061 0.327 1.476 0.259 -2.593 0.081 4.727 -3.788 -2.787 -1.864 0.991 4.733 1.081
216 L 0.76 -1.512 -1.214 -1.766 -0.033 -1.398 -1.817 -1.371 -1.303 1.427 1.219 -1.248 2.97 -0.516 -2.397 0.871 0.895 -2.063 -1.43 0.669
217 F -2.419 -2.981 -2.945 -3.399 -1.459 -3.949 -3.567 -2.959 -0.913 0.192 0.48 -3.389 0.117 6.643 -4.533 -3.115 -2.455 0.767 2.846 -0.592
218 G 0.005 -2.442 -0.525 -1.408 -1.405 -2.28 -2.707 5.888 -1.561 -3.3 -3.546 -1.736 -2.752 -2.763 -2.864 -1.087 -2.004 -2.525 -3.233 -2.949
219 V -1.019 -2.385 -2.83 -3.284 -0.405 -2.578 -2.948 -3.074 -0.552 1.924 1.225 -2.441 0.582 2.767 -3.484 -2.591 -1.214 -0.046 3.526 2.869
220 L 0.21 -2.619 -3.074 -3.124 -0.054 -2.768 -3.161 -2.627 -2.485 3.617 2.241 -2.381 1.197 0.049 -3.226 -2.333 -1.098 -2.179 -1.365 2.471
221 G 0.005 -2.442 -0.525 -1.408 -1.405 -2.28 -2.707 5.888 -1.561 -3.3 -3.546 -1.736 -2.752 -2.763 -2.864 -1.087 -2.004 -2.525 -3.233 -2.949
222 D -1.895 -1.451 3.012 4.834 -2.178 -1.102 0.271 -1.087 -0.195 -2.213 -2.572 -0.976 -2.099 1.314 -2.648 -0.981 -1.32 -2.446 -1.177 -2.458
223 L 0.355 -0.823 1.08 -1.366 -0.769 -1.21 -1.539 -1.435 0.195 0.825 0.409 0.459 -0.175 0.741 -2.572 -0.115 -0.885 -0.43 3.248 -0.018
224 R -1.619 5.663 -0.547 -1.649 -2.344 0.433 -0.645 -2.213 0.014 -2.696 -2.113 1.934 -1.309 -2.557 -2.789 -1.491 -1.539 -2.319 -1.857 -2.247
225 L -0.461 -1.294 -1.427 -2.015 -0.191 -1.008 -1.873 -1.824 -0.917 0.96 1.418 -1.198 5.253 -0.058 -2.774 0.56 -0.464 -1.655 -1.122 0.481
226 K -0.958 0.003 -1.642 -1.92 -0.946 -0.97 -1.314 -2.235 -1.328 1.533 -0.254 2.256 -0.198 1.644 1.429 -1.8 -1.151 -1.99 -0.597 1.685
227 S 1.383 -0.481 0.012 -0.66 -0.26 -0.672 -0.783 1.633 -0.711 -1.989 -2.369 0.856 -1.382 -2.195 -1.721 2.583 0.307 -2.606 -1.986 -1.375
228 S 0.38 -1.197 -0.367 -1.051 -0.05 -1.16 -1.266 -0.896 -1.006 -0.017 1.499 -0.898 0.328 -0.749 -2.077 2.4 0.326 -2.267 -1.553 -0.306
229 G 0.04 -2.407 -0.49 -1.373 -1.37 -2.245 -2.672 5.856 -1.526 -3.265 -3.51 -1.701 -2.717 -2.728 -2.829 -1.052 -1.969 -2.49 -3.198 -2.914
230 Y -1.862 -1.827 -2.175 -3.072 -1.801 -1.833 -2.413 -2.982 2.055 -0.853 -0.96 -1.923 -0.732 3.299 -3.383 -2.487 -2.139 2.259 6.757 -1.029
231 D -0.497 -0.254 0.296 2.938 -1.268 1.167 0.127 1.488 -0.525 -2.068 -2.503 1.067 -1.53 -2.553 -2.077 0.435 0.751 -2.719 -2.219 -1.765
232 D -1.146 -1.421 2.131 3.872 -2.01 -1.069 -0.165 2.839 3.243 -2.902 -3.345 -1.0 -2.416 -2.44 -2.586 -0.966 -1.542 -2.803 -1.681 -2.899
233 E -1.299 -0.573 1.963 3.52 -2.369 0.567 3.487 -1.437 0.197 -2.802 -3.028 0.127 -2.11 -2.715 -2.144 -0.785 -1.25 -2.811 -2.271 -2.442
234 S 1.09 -0.719 0.519 -0.227 0.094 -0.548 -0.534 -0.085 -0.438 -1.89 -2.307 -0.263 -1.165 -1.922 -1.454 3.186 1.033 -2.527 -1.734 -1.271
235 D 0.26 -0.398 2.028 3.98 -1.636 -0.226 1.476 -0.884 -0.221 -2.343 -2.79 1.04 -1.985 -2.66 -2.104 -0.607 -1.097 -3.005 -2.378 -2.016
236 G 1.378 -2.117 -1.64 -1.927 -0.685 -2.02 -2.128 2.536 -0.856 0.294 -1.352 -1.488 -1.174 -0.578 3.075 -1.044 -1.337 -1.544 1.566 -0.392
237 I -1.502 -2.928 -3.372 -3.369 -0.235 -3.141 -3.671 -3.539 -2.691 4.245 2.482 -2.712 1.427 0.299 -3.614 -3.182 -1.278 -2.126 -1.311 2.426
238 L -1.782 -2.228 -2.674 -2.209 -0.87 -2.15 -0.33 -3.068 -1.365 1.73 2.402 -2.169 0.986 4.284 -3.657 -2.767 -1.823 -0.627 0.968 0.585
239 R -1.14 2.579 -0.924 -0.619 -1.313 0.027 1.614 -2.201 -0.583 0.643 0.283 1.398 -0.259 -1.425 -2.451 -1.197 0.353 -2.3 -1.719 -0.216
240 L -1.029 -2.591 -3.253 -3.416 -0.041 -2.836 -3.315 -3.322 -2.711 3.227 2.68 -2.577 1.402 0.182 -3.495 -2.865 -1.074 -2.126 -1.282 3.048
241 G 1.668 -2.021 -0.742 -1.453 -0.58 -1.887 -2.15 4.736 -1.485 -2.038 -2.499 -1.4 -1.881 -2.382 -2.337 -0.409 0.31 -2.492 -2.621 -1.421
242 Q -0.958 1.128 -0.25 -0.207 -2.071 4.182 1.833 -1.583 0.415 -2.355 -2.218 2.469 -0.82 -2.959 -2.079 -0.875 -1.125 -2.382 -1.562 -1.965
243 A 3.013 -1.965 -2.108 -2.062 0.2 -1.854 -1.866 -0.547 -1.656 1.695 -0.419 -1.323 -0.375 -1.38 1.584 -0.41 -0.763 -2.648 -1.808 0.862
244 N -0.722 -0.324 3.68 3.026 -1.432 -0.494 -0.094 -0.573 0.084 -2.503 -2.958 0.902 -1.955 -2.518 -2.169 1.103 -0.342 -3.011 -2.242 -2.268
245 S -0.019 -0.397 1.99 2.864 -0.909 -0.504 -0.06 -0.56 -0.314 -2.302 -2.75 0.904 -1.705 -2.402 -1.897 2.12 0.072 -2.903 -2.158 -1.938
246 N 0.215 -1.06 3.445 -0.064 -0.677 -1.054 -1.14 -0.666 -0.281 -0.753 -1.853 -0.728 -1.274 -2.031 1.531 1.129 0.488 -2.922 -1.983 0.153
247 F -1.679 -2.713 -2.859 -3.323 -0.963 -3.257 -3.251 -2.987 -0.66 1.079 0.437 -2.927 0.196 5.551 -4.011 -2.834 -1.814 0.506 3.323 1.566
248 L -1.207 1.346 -1.356 -1.41 -1.001 -0.541 0.349 -2.36 -0.31 0.157 1.448 0.9 1.901 0.198 -2.692 -1.45 0.299 -1.027 1.778 -0.237
249 K -1.229 0.803 2.776 1.941 -2.117 1.559 1.355 -1.132 0.202 -2.511 -2.69 2.71 -1.61 -2.783 -2.132 -0.738 -1.045 -2.769 -2.017 -2.302
250 S 0.859 -0.868 0.34 -0.419 -0.006 -0.716 -0.731 -0.318 -0.648 -1.723 -2.22 -0.428 -1.181 -1.98 -1.586 3.299 1.692 -2.586 -1.834 -1.137
251 L -1.58 -1.736 2.824 -0.983 -0.67 -1.939 -2.309 -1.949 -0.902 2.6 2.124 -1.659 0.859 -0.203 -3.252 -1.801 -1.055 -2.274 -1.495 1.16
252 L 0.296 -2.444 -3.045 -3.171 0.008 -2.633 -3.03 -2.567 -2.46 2.975 2.573 -2.325 1.27 0.066 -3.198 -2.256 -1.069 -2.132 -1.335 2.575
253 P -0.921 -2.098 -2.018 -1.649 -1.542 -2.018 -1.707 -1.937 -1.692 -2.402 -2.835 -1.149 -2.488 -3.42 6.747 -1.537 -1.433 -4.634 -2.72 -2.247
254 S 0.637 -0.462 1.685 -0.447 -0.496 -0.717 -0.905 1.511 -0.587 -1.74 -2.239 0.818 -1.367 -2.178 -1.888 1.812 1.542 -2.589 -2.016 -1.247
255 G -0.699 -0.432 -0.54 0.154 -1.943 2.346 2.598 2.426 -0.15 -2.751 -2.758 0.146 -1.681 -2.879 1.519 -0.994 -1.445 -2.627 -2.156 -2.292
256 F -1.967 -2.534 -2.342 -2.957 -1.265 -3.121 -3.057 -2.721 -0.393 0.017 0.164 -2.736 -0.065 5.983 -3.867 -2.229 -0.086 0.769 3.539 -0.542
257 F -1.315 -2.264 -1.871 -2.477 -0.856 -2.716 -2.676 -2.271 -1.08 0.238 0.985 -2.325 0.239 5.419 -3.425 -0.524 0.277 -0.026 1.842 -0.317
258 W -2.734 -2.468 -3.251 -3.705 -2.419 -2.909 -3.054 -2.45 -1.219 -1.938 -1.735 -2.876 -1.365 1.044 -5.493 -3.44 -2.78 10.695 2.084 -2.312
259 F 0.683 -1.673 -0.935 -1.589 -0.363 -1.793 -1.793 -1.2 -0.993 -0.498 -0.657 -1.423 -0.493 4.055 -2.424 1.035 1.684 -0.809 0.84 -0.467
260 Y -1.897 -1.862 -2.21 -3.107 -1.837 -1.868 -2.448 -3.017 2.02 -0.888 -0.995 -1.958 -0.767 3.263 -3.418 -2.522 -2.174 2.224 6.826 -1.064
261 L -1.387 -2.513 -3.365 -3.53 -0.169 -2.85 -3.425 -3.434 -2.564 3.024 3.406 -2.6 1.712 0.471 -3.607 -3.098 -1.37 -1.946 -1.225 2.15
262 Y -1.897 -1.862 -2.21 -3.107 -1.837 -1.868 -2.448 -3.017 2.02 -0.888 -0.995 -1.958 -0.767 3.263 -3.418 -2.522 -2.174 2.224 6.826 -1.064
263 L 1.966 -2.094 -2.514 -2.612 0.162 -2.042 -2.391 -1.389 -1.889 2.483 1.388 -1.751 2.092 -0.421 -2.607 -1.174 -0.868 -2.185 -1.443 1.924
264 S 0.584 -1.084 -0.011 -0.761 0.035 -0.975 -1.047 -0.711 -0.987 -0.355 -1.438 -0.69 -0.769 -1.696 -1.78 2.639 2.207 -2.518 -1.765 0.557
265 S 0.859 -0.868 0.34 -0.419 -0.006 -0.716 -0.731 -0.318 -0.648 -1.723 -2.22 -0.428 -1.181 -1.98 -1.586 3.299 1.692 -2.586 -1.834 -1.137
266 P -0.921 -2.098 -2.018 -1.649 -1.542 -2.018 -1.707 -1.937 -1.692 -2.402 -2.835 -1.149 -2.488 -3.42 6.747 -1.537 -1.433 -4.634 -2.72 -2.247
267 L -1.771 -2.383 -2.842 -3.323 -0.89 -2.607 -3.099 -3.247 0.141 2.255 1.865 -2.451 0.764 3.167 -3.649 -2.918 -1.791 0.584 4.437 0.911
268 A 3.863 -1.465 -1.371 -1.548 0.526 -1.3 -1.279 0.233 -1.191 -1.03 -1.514 -0.857 -0.996 -1.945 -1.56 1.013 -0.284 -2.538 -1.84 -0.091
269 N -1.745 -0.5 5.815 1.197 -1.931 -0.612 -0.81 -0.239 0.884 -2.797 -3.236 -0.381 -2.246 -2.459 -2.672 -0.203 -0.536 -3.051 -2.154 -2.645
270 L -1.714 -2.351 -3.38 -3.665 -0.363 -2.853 -3.412 -3.399 -2.165 1.753 3.899 -2.654 1.866 2.506 -3.782 -3.227 -1.753 -1.276 -0.227 0.862
271 Q -1.126 0.175 -0.767 -0.435 -1.517 3.821 1.871 -2.029 0.087 -0.617 0.984 0.446 0.229 -1.505 -2.478 -1.287 -1.261 -2.162 -1.416 -0.88
272 N -1.575 -1.162 3.978 -0.224 -1.517 -1.242 -1.559 -1.308 1.128 -0.601 -1.489 -1.106 -1.117 1.133 -3.003 -1.123 -1.048 0.105 4.215 0.062
273 Q 0.667 0.36 -0.306 -0.349 -1.004 3.033 1.377 -1.08 -0.047 -1.788 -1.993 1.425 -0.895 -2.491 -1.904 0.49 0.733 -2.414 -1.67 -1.239
274 V -0.72 -1.113 -1.057 1.471 -0.764 1.02 1.722 -2.286 -0.971 1.326 -0.415 -0.66 -0.2 -1.432 -2.639 -1.546 -0.905 -2.565 -1.692 2.616
275 N -1.657 1.287 4.144 2.086 -2.096 -0.309 0.843 -1.004 0.749 -2.473 -2.678 -0.028 -1.895 -0.848 -2.63 -0.745 -1.033 -1.529 1.597 -2.326
276 N 0.518 -0.203 3.497 0.358 -0.986 -0.251 0.768 -0.591 0.05 -1.927 -2.365 0.994 -1.529 -2.297 -2.043 0.654 0.846 -2.697 -1.971 -1.45
277 G 0.223 0.874 1.035 -1.473 -1.153 -1.413 -1.828 1.094 0.191 0.302 -1.22 -0.748 -0.998 0.43 1.399 -1.295 -1.371 -0.552 3.191 -0.513
278 E -0.777 2.009 -0.532 -0.074 -1.64 0.294 2.225 -1.655 -0.138 -1.818 -1.701 1.654 -1.139 1.992 -2.258 0.224 -0.942 -1.614 -0.359 -1.698
279 R -1.563 2.313 -1.538 -2.1 -1.624 0.767 -1.275 -2.491 0.33 0.454 -0.756 -0.084 -0.546 2.453 1.332 -1.974 -1.652 -0.135 3.475 -0.506
280 N -0.892 -1.497 2.606 1.539 -1.3 -1.399 -1.16 1.237 -0.043 0.101 -1.669 -1.096 -1.341 -0.583 1.432 -0.001 -0.887 -1.587 1.574 -0.875
281 N -1.512 1.76 4.158 0.317 -2.062 1.309 -0.267 -0.89 3.335 -2.637 -2.724 1.351 -1.61 -2.339 -2.519 -0.667 -0.969 -2.572 -1.19 -2.464
282 Q -0.868 1.022 -0.078 -0.342 -1.897 4.831 1.406 -1.465 0.784 -2.226 -1.976 1.236 -0.389 -2.944 -2.137 -0.74 -0.961 -2.17 -1.271 -1.773
283 G -0.606 -1.989 1.199 -1.37 -1.287 -1.952 -2.358 4.067 0.024 -0.879 -1.818 -1.655 -1.457 0.341 -3.015 -1.385 -1.597 -0.485 3.134 -0.102
284 N -0.519 -0.857 3.613 2.081 -1.362 -0.494 0.846 1.505 0.082 -2.637 -3.022 -0.43 -2.029 -2.469 -2.25 1.106 -0.401 -2.857 -2.268 -2.285
285 I 0.119 -2.477 -2.898 -3.105 -0.398 -2.603 -2.957 -2.464 -1.224 2.941 1.327 -2.314 0.633 0.737 -3.352 -2.284 -1.305 5.024 2.072 1.988
286 E -0.615 -0.523 -0.923 -0.573 -0.887 -0.325 1.555 -1.896 -0.247 0.023 0.214 0.787 -0.288 -0.205 -2.317 0.008 0.608 -1.22 1.724 0.556
287 D -1.32 -0.535 1.698 3.553 -1.476 0.907 0.082 -1.52 -0.524 0.745 -1.236 0.769 -0.885 -1.933 -2.531 -1.208 -1.094 -2.888 -2.09 0.527
288 F -0.275 -2.608 -2.669 -3.103 -1.146 -3.172 -3.039 -2.297 -0.375 -0.045 0.144 -2.75 -0.099 5.981 -3.811 -2.31 -2.094 0.758 3.539 -0.556
289 L 0.143 -2.183 -2.506 -2.867 -0.204 -2.464 -2.813 -2.328 -1.94 1.933 2.81 -2.148 1.219 2.225 -3.099 -1.758 0.312 -1.459 -0.359 0.971
290 N 0.264 -0.557 3.346 -0.346 -0.975 -0.907 -1.301 1.372 -0.257 -0.695 0.212 0.641 1.438 -1.368 -2.576 -0.762 -0.961 -2.433 -1.859 -0.9
291 Y 0.52 -1.579 1.103 -1.381 -0.46 -1.569 -1.818 -1.405 0.064 1.148 -0.578 -1.333 -0.4 0.668 -2.533 0.115 0.707 -0.459 3.243 1.07
292 E 1.186 -0.602 2.619 0.567 -1.255 0.144 2.461 -0.795 3.188 -2.21 -2.455 -0.137 -1.618 -2.164 -2.111 -0.421 -1.007 -2.479 -1.221 -1.618
293 I -1.502 -2.928 -3.372 -3.369 -0.235 -3.141 -3.671 -3.539 -2.691 4.245 2.482 -2.712 1.427 0.299 -3.614 -3.182 -1.278 -2.126 -1.311 2.426
294 L -1.203 -2.552 -3.308 -3.473 -0.105 -2.843 -3.369 -3.377 -2.637 3.127 3.066 -2.589 1.561 0.33 -3.55 -2.98 -1.218 -2.035 -1.253 2.634
295 P -1.047 -2.334 -2.298 -1.976 -1.156 -2.288 -2.102 -2.266 -1.931 1.384 -0.969 -1.476 -1.055 -2.052 5.943 -1.865 -1.362 -3.839 -2.319 -0.005
296 D -1.862 -1.673 1.114 5.955 -2.457 -0.957 0.965 -1.208 -0.621 -2.81 -3.576 -0.914 -2.783 -3.004 -2.374 -1.037 -1.498 -3.616 -3.128 -2.949
297 F 0.896 -2.558 -2.596 -2.899 -0.793 -3.075 -2.848 -1.75 -1.004 -0.048 0.111 -2.554 -0.117 5.861 -3.46 -1.784 -1.832 0.229 2.2 -0.417
298 I -1.148 -2.895 -3.272 -3.313 -0.105 -3.052 -3.505 -3.412 -2.792 4.114 1.931 -2.663 1.21 0.079 -3.514 -2.951 -1.046 -2.245 -1.34 3.11
299 S 0.55 -0.723 0.164 -0.551 -0.342 0.944 -0.567 1.524 -0.562 -1.882 -2.289 -0.317 -1.212 -2.171 -1.802 2.603 1.36 -2.525 -1.909 -1.335
300 K -0.911 2.009 -0.353 -0.807 -2.062 0.722 0.228 -1.427 -0.328 -2.208 -2.325 4.696 -1.309 -2.891 -1.772 -0.966 -1.167 -2.634 -1.874 -2.084
301 R -1.619 5.663 -0.547 -1.649 -2.344 0.433 -0.645 -2.213 0.014 -2.696 -2.113 1.934 -1.309 -2.557 -2.789 -1.491 -1.539 -2.319 -1.857 -2.247
302 I -1.11 -2.769 -2.682 -2.886 -0.134 -2.855 -3.263 -3.128 -2.621 4.227 1.273 -2.414 0.959 -0.114 -3.25 -2.236 0.519 -2.294 -1.419 2.819
303 D -1.504 0.748 -0.364 3.369 -1.483 -1.515 -0.711 0.94 -1.055 0.649 0.276 -0.932 -0.491 1.654 -2.985 -1.741 -1.642 -1.979 -0.907 -0.489
304 D -1.654 -1.443 1.835 4.303 -2.126 -0.84 1.231 -1.405 -0.393 -2.174 -2.452 -0.831 -2.017 1.295 1.451 -1.14 -1.435 -2.452 -1.135 -2.323
305 D -0.38 -1.302 1.746 3.663 -1.372 -0.747 1.087 -1.222 -0.583 -1.374 -2.301 -0.702 -1.746 -2.448 1.526 -0.653 0.468 -3.128 -2.392 -0.73
306 V 0.488 -1.589 2.537 -1.012 -0.301 -1.587 -1.951 -1.371 -0.88 1.973 0.301 -1.395 1.919 -0.819 -2.816 -1.137 -0.679 -2.399 -1.55 2.146
307 I -1.355 -3.079 -3.241 -3.159 -0.129 -3.188 -3.665 -3.457 -2.689 4.463 1.698 -2.657 1.293 0.239 -3.483 -3.055 -1.053 -2.163 -1.263 2.882
308 D -1.755 -1.566 1.221 5.8 -2.351 -0.85 1.072 -1.102 -0.515 -2.704 -3.47 -0.808 -2.676 -2.898 -2.268 -0.931 -1.391 -3.509 -3.022 -2.843
309 P -0.815 -1.992 -1.912 -1.542 -1.435 -1.911 -1.601 -1.831 -1.586 -2.296 -2.729 -1.042 -2.381 -3.314 6.641 -1.43 -1.327 -4.527 -2.614 -2.14
310 D -1.556 2.189 0.628 4.584 -2.309 -0.199 0.603 -1.386 -0.382 -2.615 -2.912 1.734 -2.058 -2.845 -2.276 -1.065 -1.394 -3.061 -2.513 -2.567
311 E -0.658 0.386 -0.958 -0.208 -1.095 0.283 2.13 -2.022 -0.623 0.607 -0.858 2.228 -0.503 -1.732 -2.19 -1.257 -0.936 -2.454 -1.662 1.59
312 G -0.199 -1.925 -1.301 -1.767 -0.454 -1.921 -2.063 1.918 -1.677 0.556 0.816 -1.495 -0.088 -1.134 2.476 0.181 -0.691 -2.614 -1.913 1.071
313 R -1.307 2.908 1.444 -0.386 -2.126 1.566 1.069 -1.663 0.51 -2.265 -2.181 2.369 -1.276 -0.915 -2.376 -1.103 -1.287 -1.307 1.685 -2.024
314 F -0.524 1.186 -0.602 -0.793 -1.255 0.987 0.648 1.127 -0.352 -1.553 -1.432 -0.152 -0.946 2.986 -2.557 0.719 -0.826 -1.267 0.139 -1.55
315 D -1.359 -0.56 0.243 4.196 -2.096 0.956 0.45 -1.447 -0.6 -2.562 -2.988 0.874 -2.111 -3.093 3.107 -1.118 -1.381 -3.473 -2.576 -2.498
316 V -0.409 -0.792 1.267 -1.082 -0.332 -1.173 -1.458 -1.547 -1.158 1.584 -0.392 0.513 -0.205 -1.271 -2.355 0.259 1.75 -2.498 -1.682 1.857
317 L 0.182 -0.246 1.004 -1.43 -0.826 -0.879 -1.37 -1.606 -0.262 1.064 0.801 1.546 1.77 0.091 -2.6 -1.322 -1.144 -1.161 1.76 0.172
318 L -1.625 0.73 -2.882 -3.352 -0.428 -2.085 -2.868 -3.277 -1.962 1.617 3.833 -1.453 1.788 0.491 -3.56 -2.957 -1.649 -1.802 -1.221 0.766
319 L -1.348 -2.734 -3.34 -3.42 -0.169 -2.988 -3.516 -3.457 -2.664 3.74 2.788 -2.65 1.495 0.315 -3.582 -3.079 -1.248 -2.08 -1.282 2.532
320 D 1.375 -1.002 -0.091 2.607 -0.448 0.825 -0.22 -0.856 -0.858 -1.159 -1.782 -0.554 -1.1 -2.177 -1.91 0.049 2.301 -2.62 -2.023 -0.629
321 D -1.272 -0.401 0.136 3.803 -2.289 0.202 2.789 -1.611 -0.302 -2.689 -2.997 1.08 -2.157 -2.916 1.56 -1.023 -1.404 -3.1 -2.443 -2.456
322 E -0.384 -0.714 -0.366 0.449 -1.193 0.243 3.018 -1.462 -0.213 -1.687 -1.83 -0.104 -1.215 1.427 -2.046 1.009 0.754 -1.818 -0.698 -1.379
323 L -1.714 -2.351 -3.38 -3.665 -0.363 -2.853 -3.412 -3.399 -2.165 1.753 3.899 -2.654 1.866 2.506 -3.782 -3.227 -1.753 -1.276 -0.227 0.862
324 N -1.273 -0.655 5.101 0.771 -1.3 -0.745 -0.96 -0.491 0.447 -1.948 -2.554 -0.497 -1.745 -2.239 -2.42 0.026 1.705 -2.835 -2.059 -1.659
325 V 2.167 -2.153 -2.472 -2.604 0.387 -2.13 -2.273 -1.322 -2.239 2.01 0.202 -1.796 0.218 -0.946 -2.499 -1.024 -0.525 -2.492 -1.537 3.351
326 A 1.657 2.339 -0.464 -1.193 -0.4 -0.706 -1.116 1.471 -0.774 -1.686 -1.984 0.141 -1.251 -2.161 -1.999 1.22 0.876 -2.466 -1.98 -1.025
327 T 0.076 -1.171 -0.11 -0.957 -0.045 -1.135 -1.35 0.316 -1.297 -0.689 -1.453 -0.819 -0.828 -1.789 -1.788 1.377 3.881 -2.35 -1.873 -0.218
328 L -0.97 -2.377 -2.173 -2.64 -0.491 -2.301 -3.068 2.235 -1.91 2.845 1.637 -2.123 3.093 -0.191 -3.338 -2.252 -1.403 -2.012 -1.567 1.34
329 Y -2.019 -2.104 -2.377 -3.177 -1.737 -2.265 -2.69 -3.002 1.518 -0.578 -0.55 -2.255 -0.52 4.54 -3.659 -2.659 -2.242 1.923 6.229 -0.939
330 G 0.898 -2.09 -0.905 -1.644 4.236 -1.969 -2.254 4.143 -0.755 -2.006 -2.305 -1.576 -1.767 -0.772 -2.579 0.089 -1.188 -1.377 1.485 -1.589
331 D -1.598 0.923 1.689 3.504 -2.139 -1.099 -0.421 1.129 0.012 -2.411 -2.622 -0.626 -1.99 -0.462 -2.909 -1.339 -1.626 4.98 1.824 -2.437
332 A 2.738 -1.728 -1.345 -1.623 0.073 -1.596 -1.61 1.596 -1.431 -0.409 -1.412 -1.124 -1.021 -1.945 1.608 0.547 -0.524 -2.726 -2.015 0.648
333 V 0.355 -2.205 -2.663 -2.966 -0.169 -2.256 -2.71 -2.255 -1.632 1.731 0.942 -2.157 3.012 3.325 -3.243 -1.928 -1.062 -1.063 0.407 2.478
334 S -0.238 1.466 1.612 -0.473 -0.895 2.118 -0.235 -1.005 -0.087 0.115 -1.464 0.281 -0.725 -1.951 -2.199 1.528 -0.145 -2.498 -1.692 -0.652
335 T 0.482 1.477 -0.895 -1.503 -0.685 0.996 -0.8 -1.543 -0.24 -0.249 -1.118 1.087 -0.595 -0.509 -2.243 -0.585 1.521 -1.233 1.726 0.58
336 L 0.124 -1.777 -2.479 -2.897 -0.407 -1.673 -2.499 -2.223 -0.558 0.983 1.792 -1.792 4.39 2.566 -3.202 -1.894 -1.355 -0.427 2.25 0.472
337 G -0.273 -1.114 -0.375 -1.279 -1.591 -1.401 -1.827 5.129 2.812 -3.068 -3.246 0.379 -2.324 -2.475 -2.699 -1.138 -1.92 -2.394 -1.853 -2.846
338 F -1.299 -2.122 -1.841 -2.463 -1.065 -2.352 -2.488 -2.176 -0.562 0.771 -0.382 -2.099 -0.363 3.621 -3.437 -0.517 0.297 6.902 2.896 -0.184
339 L -0.784 -2.262 -2.277 -2.565 -0.33 -2.437 -2.603 -2.473 -1.95 2.107 1.796 -2.062 0.722 2.023 1.321 -0.735 -0.895 -1.787 -0.464 2.064
340 G 0.963 -2.318 -0.652 -1.451 -1.065 -2.155 -2.504 5.561 -1.527 -2.87 -3.174 -1.622 -2.456 -2.645 -2.665 -0.859 -1.769 -2.525 -3.018 -2.354
341 A 1.904 -2.099 -1.958 -2.246 4.437 -2.047 -2.179 -1.177 -1.974 1.846 -0.093 -1.684 -0.054 -1.125 -2.423 0.082 -0.454 -2.576 -1.728 2.32
342 L 0.174 -2.368 -2.909 -3.094 -0.176 -2.507 -2.974 -2.476 -1.968 2.711 2.199 -2.277 2.365 2.205 -3.285 -2.211 -1.225 -1.492 -0.324 1.961
343 L -1.448 -2.711 -3.287 -3.438 -0.294 -3.055 -3.492 -3.377 -2.363 3.305 2.711 -2.718 1.392 2.319 -3.684 -3.073 -1.386 -1.511 -0.308 2.248
344 L -1.503 -2.455 -3.265 -3.425 -0.237 -2.655 -3.383 -3.389 -2.324 3.282 3.197 -2.483 2.74 0.486 -3.604 -3.044 -1.397 -1.876 -1.195 1.798
345 F -2.28 -2.658 -2.743 -3.323 -1.549 -3.273 -3.244 -2.974 0.141 -0.043 0.176 -2.96 -0.08 6.096 -4.211 -2.955 -2.383 1.206 4.45 -0.703
346 L -1.166 -2.41 -2.381 -2.816 -0.528 -2.779 -2.911 -2.597 -1.585 1.914 1.918 -2.437 0.822 4.256 -3.505 -0.902 -1.198 -0.694 0.961 1.407
347 W -0.227 -2.033 -2.488 -3.097 -1.57 -2.146 -2.492 -2.152 0.828 -1.243 -1.304 -2.103 -1.002 2.211 -3.657 -2.212 -2.098 8.071 5.248 -1.282
348 Y -1.63 -1.852 -2.536 -3.189 -0.932 -1.845 -2.654 -3.028 0.733 0.705 1.889 -1.981 3.068 2.221 -3.46 -2.569 -1.753 0.913 5.01 0.124
349 I 0.556 -1.981 -1.73 -2.18 -0.113 -1.973 -2.272 -1.765 -1.599 2.337 0.573 -1.706 1.916 1.935 -2.708 -0.104 0.707 -1.64 -0.44 1.737
350 L -1.135 -2.641 -2.665 -3.076 -0.481 -2.976 -3.273 0.644 -2.002 2.184 1.922 -2.625 0.821 3.368 -3.624 -2.617 -1.47 -1.12 0.308 2.081
351 L -0.91 -2.468 -2.379 -2.757 -0.323 -2.712 -2.884 -2.615 -1.868 2.708 1.447 -2.365 0.748 3.353 -3.356 -0.848 -0.931 -1.178 0.357 2.325
352 V -0.962 -2.571 -3.105 -3.262 -0.043 -2.635 -3.222 -3.226 -2.53 3.556 1.914 -2.45 2.413 0.042 -3.439 -2.707 -0.96 -2.144 -1.28 3.187
353 L 0.328 -2.403 -2.008 -2.511 4.293 -2.607 -2.809 0.966 -1.701 1.155 0.811 -2.184 0.072 3.202 -3.033 -1.388 0.265 -1.233 0.147 0.321
354 F -1.56 -2.685 -3.081 -3.433 -0.626 -3.257 -3.366 -3.099 -1.665 1.555 1.983 -2.921 0.872 4.936 -3.95 -2.939 -1.665 -0.319 1.47 1.834
355 F -0.49 -2.488 -2.366 -2.842 -0.588 -2.921 -2.897 -2.405 -1.414 1.077 0.336 -2.521 0.155 5.139 -3.456 -1.848 0.253 -0.232 1.638 1.661
356 T -0.182 -1.494 -0.737 -1.359 -0.202 -1.482 -1.633 -1.467 -1.467 0.98 0.416 -1.112 -0.12 -1.175 1.556 1.117 2.464 -2.492 -1.755 0.306
357 L -1.574 -0.509 -2.026 -2.466 -1.186 -1.302 -1.832 -2.515 -0.515 1.18 1.009 1.345 1.864 2.458 -3.213 -2.277 -1.647 5.084 2.413 0.118
358 L -1.605 -2.371 -3.435 -3.646 -0.235 -2.79 -3.435 -3.479 -2.445 2.462 3.95 -2.587 1.953 0.678 -3.677 -3.233 -1.597 -1.797 -1.169 1.308
359 L -1.541 -2.186 -3.362 -3.62 -0.15 -2.64 -3.306 -3.383 -2.314 2.005 4.037 -2.478 2.132 0.833 -3.604 -3.158 -1.581 -1.65 -1.056 1.106
360 V -0.664 -1.601 2.451 -0.84 -0.481 -1.655 -1.936 1.109 -1.042 1.527 -0.502 -1.35 -0.378 -1.3 -2.662 -0.715 1.605 -2.532 -1.849 1.79
361 G -0.496 2.692 -0.494 -1.174 -1.549 -0.347 -0.878 2.494 -0.67 -2.565 -2.601 2.13 -1.739 -2.71 1.516 -0.003 -1.084 -2.704 -2.252 -2.234
362 A 3.865 -1.462 -1.64 -1.666 0.701 -1.298 -1.277 0.395 -1.189 -0.809 -1.3 -0.827 -0.852 -1.827 -1.454 0.476 -0.401 -2.419 -1.734 0.16
363 D -1.755 -1.566 1.221 5.8 -2.351 -0.85 1.072 -1.102 -0.515 -2.704 -3.47 -0.808 -2.676 -2.898 -2.268 -0.931 -1.391 -3.509 -3.022 -2.843
364 R -0.239 2.831 1.694 -0.457 -1.153 0.033 -0.418 -0.89 -0.134 -2.306 -2.401 2.276 -1.396 -2.409 -2.01 1.57 -0.196 -2.599 -1.89 -1.893
365 R -0.826 3.566 -0.484 -0.687 -1.783 0.306 0.915 -1.626 -0.266 -2.455 -2.365 2.469 -1.491 -2.675 1.547 -0.016 -0.978 -2.669 -1.971 -2.079
366 F -2.068 -1.983 -1.944 -2.847 -1.752 -2.168 -2.469 -2.81 3.516 -0.585 -0.481 -2.224 -0.462 4.86 -3.697 -2.599 -2.294 1.433 5.422 -1.056
367 L 0.091 -0.634 -2.025 -2.311 -0.745 -1.523 -1.849 -2.055 -1.313 2.01 1.069 1.334 0.378 3.244 -2.893 -1.831 -1.398 -1.195 0.293 0.723
368 L -0.857 2.175 -1.605 -2.124 -0.677 -1.332 -1.887 -2.299 -1.39 2.134 0.875 -0.359 0.236 -0.898 1.375 -0.545 -0.883 -2.485 -1.655 1.435
369 P 0.742 -1.918 -1.575 -1.848 -0.18 -1.873 -1.92 -1.557 -1.818 1.553 -0.427 -1.404 -0.339 -1.404 3.093 0.062 0.784 -2.85 -1.832 1.857
370 V 0.709 -1.757 -1.661 -2.134 0.063 -1.638 -2.099 -1.702 -1.637 2.039 0.707 -1.505 2.958 -0.559 -2.579 -0.013 0.82 -2.138 -1.405 2.182
371 I 1.173 -1.778 -2.313 -2.38 -0.16 0.304 -1.857 -1.821 -1.662 3.227 1.38 -1.428 0.742 -0.445 -2.776 -1.545 -1.025 -2.257 -1.45 1.706
372 A 3.084 -1.947 -1.84 -2.025 0.266 -1.831 -1.919 1.586 -1.656 1.144 -0.622 -1.371 -0.479 -1.453 -2.078 -0.327 -0.739 -2.485 -1.851 1.304
373 I -0.868 -2.362 -2.037 -2.416 -0.171 -2.431 -2.768 -2.552 -2.182 3.729 1.621 -2.038 0.926 -0.152 -2.985 -0.535 0.649 -2.239 -1.444 2.032
374 L -1.626 -2.271 -3.447 -3.705 -0.235 -2.725 -3.39 -3.467 -2.398 1.92 4.172 -2.563 2.048 0.748 -3.689 -3.243 -1.665 -1.735 -1.141 1.021
375 C 0.032 -1.781 1.254 -1.148 7.851 -1.744 -1.89 -1.048 -1.221 -1.417 -1.782 -1.452 -1.32 -2.121 -2.451 1.475 -0.214 -3.011 -2.358 -1.013
376 T -0.399 -1.663 -1.014 -1.782 4.387 -1.731 -2.054 -1.879 -1.919 0.634 0.535 -1.44 0.012 -1.118 -2.282 -0.183 3.364 -2.331 -1.757 1.176
377 L 0.143 -2.139 -2.89 -3.082 -0.122 -2.172 -2.883 -2.484 -1.934 2.682 2.77 -2.074 3.386 0.268 -3.215 -2.189 -1.236 -1.855 -1.216 1.458
378 S 1.405 -1.128 -0.152 -0.829 0.111 -0.999 -1.038 -0.492 -0.965 -0.425 -1.473 -0.696 -0.812 -1.728 -1.752 2.624 1.465 -2.552 -1.771 0.548
379 L 1.254 -2.325 -2.818 -2.971 4.399 -2.466 -2.791 -1.852 -2.252 1.996 2.294 -2.133 0.921 -0.27 -2.897 -1.617 -1.093 -2.245 -1.541 1.67
380 L -1.995 -2.604 -3.185 -3.548 -0.783 -3.273 -3.477 -3.202 -1.561 1.183 2.88 -2.947 1.241 4.994 -4.08 -3.179 -2.033 -0.221 1.492 0.326
381 L 0.618 -1.309 -1.661 -2.058 4.347 0.595 -1.494 -1.645 -1.21 0.794 1.138 -1.12 2.95 -0.707 -2.663 -0.16 -0.704 -2.15 -1.475 1.088
382 I -1.127 -2.509 -2.592 -2.915 4.344 -2.559 -3.164 -2.896 -2.31 3.392 1.73 -2.303 2.269 -0.122 -3.234 -2.052 0.422 -2.179 -1.477 1.843
383 F -2.419 -2.981 -2.945 -3.399 -1.459 -3.949 -3.567 -2.959 -0.913 0.192 0.48 -3.389 0.117 6.643 -4.533 -3.115 -2.455 0.767 2.846 -0.592
384 D -1.146 -1.117 0.485 4.353 -1.613 -0.267 2.163 -1.447 -0.537 -1.962 -2.585 -0.45 -1.861 -2.536 -2.11 -0.491 1.419 -2.926 -2.443 -1.68
385 N -1.745 -0.5 5.815 1.197 -1.931 -0.612 -0.81 -0.239 0.884 -2.797 -3.236 -0.381 -2.246 -2.459 -2.672 -0.203 -0.536 -3.051 -2.154 -2.645
386 L -1.184 -1.959 -2.844 -3.171 -0.178 -1.865 -2.866 -3.001 -1.737 2.433 2.602 -2.015 4.567 0.357 -3.437 -2.507 -1.174 -1.695 -1.08 1.897
387 L -1.629 -2.333 -3.225 -3.497 -0.365 -2.65 -3.316 -3.3 -2.014 2.283 3.42 -2.523 2.748 2.444 -3.72 -3.048 -1.61 -1.289 -0.226 1.151
388 V -0.67 1.166 -1.506 -2.123 -0.672 -1.238 -1.679 -2.174 -0.587 1.044 -0.267 0.648 -0.145 2.159 -2.842 -0.47 -0.82 -0.835 2.137 2.101
389 F -1.862 -2.736 -3.072 -3.453 -0.853 -3.419 -3.443 -3.089 -1.433 1.172 1.953 -3.037 0.803 5.478 -4.119 -3.041 -1.937 0.015 1.885 1.027
390 A 2.429 -1.174 -0.406 -0.997 0.242 -1.05 -1.099 -0.245 -1.035 -1.09 -1.667 -0.696 -0.979 -1.898 -1.612 2.021 2.021 -2.498 -1.828 -0.377
391 G 1.066 -2.069 -0.511 -1.29 -0.873 -1.905 -2.172 5.183 -1.38 -2.698 -3.026 -1.42 -2.246 -2.547 -2.479 0.229 -1.236 -2.538 -2.817 -2.149
392 F -1.525 -2.591 -2.857 -3.355 5.964 -2.892 -3.315 -2.79 -0.817 0.367 1.14 -2.742 1.867 4.378 -3.774 -2.527 -1.846 -0.046 2.762 -0.143
393 V -0.306 -2.399 -1.985 -2.429 -0.064 -2.407 -2.682 0.814 -2.317 2.949 0.523 -2.078 0.412 -0.664 -3.005 -0.589 -0.582 -2.446 -1.605 3.196
394 L -1.55 -1.981 -2.791 -3.205 -0.506 -2.011 -2.911 -2.923 -1.296 1.356 2.495 -2.157 4.513 3.526 -3.679 -2.59 -1.547 -0.747 0.532 0.63
395 Q -0.986 0.448 -0.569 -0.792 -1.656 4.43 0.763 -1.727 0.294 -1.469 -1.171 0.689 1.511 -2.355 1.497 -1.052 -1.113 -2.344 -1.444 -1.377
396 L -1.7 -2.41 -3.101 -3.282 -0.643 -2.878 -3.157 -3.101 -1.865 1.241 3.165 -2.515 1.327 3.486 1.211 -2.937 -1.812 -1.055 0.378 0.407
397 V -1.274 -2.801 -3.105 -3.344 -0.486 -3.133 -3.313 -3.058 -2.049 2.824 0.764 -2.804 0.529 3.407 -3.843 -2.858 -1.319 5.016 0.794 2.759
398 L -1.824 -2.526 -3.151 -3.473 -0.748 -2.881 -3.318 -3.219 -1.1 2.414 2.441 -2.656 1.059 2.717 -3.895 -3.13 -1.79 5.093 2.443 1.037
399 L -1.467 -2.556 -3.19 -3.199 -0.37 -2.82 -3.242 -3.258 -2.438 3.133 2.992 -2.411 1.419 0.219 1.251 -2.938 -1.437 -2.179 -1.386 1.616
400 L 0.548 -1.983 -1.512 -2.063 -0.296 -2.088 -2.31 1.072 -1.583 1.302 1.493 -1.722 0.394 1.924 -2.708 -0.075 0.546 -1.631 -0.568 0.444
401 L -1.08 -2.575 -3.27 -3.503 4.364 -2.869 -3.394 -3.188 -2.664 2.532 2.93 -2.636 1.379 0.142 -3.512 -2.774 -1.248 -2.138 -1.398 2.365
402 F -2.071 -2.81 -3.112 -3.455 -0.937 -3.511 -3.546 -3.15 -1.418 1.695 2.024 -3.08 0.861 5.489 -4.172 -3.153 -2.053 0.027 1.885 0.507
403 G 0.111 -2.336 -0.418 -1.301 -1.299 -2.174 -2.6 5.789 -1.455 -3.194 -3.439 -1.629 -2.645 -2.657 -2.758 -0.981 -1.898 -2.419 -3.127 -2.843
404 Y -1.791 -1.756 -2.104 -3.001 -1.73 -1.762 -2.342 -2.91 2.126 -0.782 -0.888 -1.852 -0.661 3.37 -3.312 -2.416 -2.068 2.33 6.609 -0.958
405 I -1.355 -3.079 -3.241 -3.159 -0.129 -3.188 -3.665 -3.457 -2.689 4.463 1.698 -2.657 1.293 0.239 -3.483 -3.055 -1.053 -2.163 -1.263 2.882
406 S 1.276 -1.581 -0.516 -1.181 6.038 -1.449 -1.527 1.502 -1.226 -1.624 -2.011 -1.107 -1.348 -2.119 -2.057 2.097 0.03 -2.762 -2.221 -1.057
407 R -0.858 3.99 -0.235 -1.178 -1.779 1.358 -0.477 1.074 3.111 -2.623 -2.359 1.04 -1.332 -2.305 -2.547 -0.077 -1.152 -2.263 -1.183 -2.242
408 F -1.8 1.048 -2.092 -2.658 -1.29 -1.698 -2.178 -2.742 -0.422 1.146 0.961 0.427 0.243 4.356 -3.453 -2.463 -1.834 -0.026 2.79 0.043
409 K -1.065 1.066 -0.747 -1.292 -1.602 -0.05 -0.498 -1.744 -0.073 -1.34 -1.476 3.511 -0.932 1.907 -2.178 -1.043 0.329 -0.865 2.086 -1.364
410 F -1.345 -2.797 -2.92 -3.048 -0.633 -3.144 -3.157 -2.962 -1.853 2.572 0.668 -2.631 0.389 4.182 1.22 -2.685 -1.421 -0.891 0.898 2.198
411 K -0.805 2.115 -0.246 -0.7 -1.956 0.828 0.335 -1.321 -0.221 -2.101 -2.219 4.434 -1.202 -2.784 -1.665 -0.86 -1.06 -2.527 -1.767 -1.977
412 T -0.776 2.349 -0.058 -1.135 -0.848 -0.388 -0.93 -1.61 4.39 -1.192 -1.618 0.202 -0.872 -1.572 -2.167 -0.196 2.596 -2.003 -0.451 -0.849
413 K 0.266 1.004 0.133 -0.483 -0.781 0.193 -0.096 -0.666 -0.357 -2.022 -2.291 3.009 -1.212 -2.35 -1.586 1.897 0.143 -2.556 -1.779 -1.631
414 K -1.376 3.007 -0.829 -1.452 -2.14 0.146 -0.467 -1.765 -0.353 -2.172 -2.037 3.153 -1.245 -1.185 -2.545 -1.48 -1.515 6.71 -0.203 -2.102
415 V -0.756 -2.784 -3.098 -3.18 0.098 -2.889 -3.27 -3.212 -2.818 3.88 1.327 -2.537 1.053 -0.081 -3.34 -2.66 -0.753 -2.291 -1.292 3.57
416 G 0.09 -2.358 -0.44 -1.323 -1.32 -2.195 -2.622 5.809 -1.476 -3.215 -3.461 -1.651 -2.667 -2.678 -2.779 -1.002 -1.919 -2.44 -3.148 -2.864
417 E -0.919 -0.122 -0.338 1.518 -2.411 1.346 4.494 -1.95 0.392 -2.764 -2.703 0.677 -1.754 -2.608 -1.882 -0.791 -1.301 -2.387 -1.908 -2.134
418 A 3.918 -1.484 -1.662 -1.687 0.68 -1.32 -1.298 0.374 -1.211 -0.83 -1.321 -0.849 -0.874 -1.848 -1.475 0.455 -0.422 -2.44 -1.756 0.139
419 G -0.371 -1.028 -0.389 0.434 -1.814 0.088 2.729 3.999 -0.393 -2.981 -3.057 -0.258 -2.174 -2.643 -2.296 -0.895 -1.594 -2.414 -2.462 -2.476
420 Q -0.883 1.007 -0.093 -0.357 -1.911 4.883 1.392 -1.479 0.769 -2.24 -1.991 1.222 -0.403 -2.959 -2.151 -0.755 -0.975 -2.185 -1.285 -1.787
421 D -1.777 -1.588 1.199 5.833 -2.372 -0.872 1.05 -1.124 -0.536 -2.725 -3.491 -0.829 -2.698 -2.92 -2.289 -0.952 -1.413 -3.531 -3.043 -2.864
422 C -0.94 3.642 -1.45 -2.345 7.725 -0.834 -1.778 -2.146 -1.041 -1.521 -1.504 0.469 -1.15 -2.241 -2.944 -1.535 -1.384 -2.691 -2.239 -1.155
423 H -1.759 -0.981 -0.553 -1.811 -2.028 -0.862 -1.284 -2.249 6.35 -1.586 -1.631 -1.267 -0.957 1.953 -3.026 -1.977 -2.157 1.002 5.126 -1.828
424 D -1.777 -1.588 1.199 5.833 -2.372 -0.872 1.05 -1.124 -0.536 -2.725 -3.491 -0.829 -2.698 -2.92 -2.289 -0.952 -1.413 -3.531 -3.043 -2.864
425 D -1.777 -1.588 1.199 5.833 -2.372 -0.872 1.05 -1.124 -0.536 -2.725 -3.491 -0.829 -2.698 -2.92 -2.289 -0.952 -1.413 -3.531 -3.043 -2.864
426 A 3.918 -1.484 -1.662 -1.687 0.68 -1.32 -1.298 0.374 -1.211 -0.83 -1.321 -0.849 -0.874 -1.848 -1.475 0.455 -0.422 -2.44 -1.756 0.139
427 G -0.695 -1.947 0.494 4.065 -1.799 -1.458 -0.237 4.059 -0.968 -2.96 -3.476 -1.211 -2.682 -2.796 -2.524 -0.977 -1.655 -2.934 -3.095 -2.864
428 E -0.919 -0.122 -0.338 1.518 -2.411 1.346 4.494 -1.95 0.392 -2.764 -2.703 0.677 -1.754 -2.608 -1.882 -0.791 -1.301 -2.387 -1.908 -2.134
429 Q -0.883 1.007 -0.093 -0.357 -1.911 4.883 1.392 -1.479 0.769 -2.24 -1.991 1.222 -0.403 -2.959 -2.151 -0.755 -0.975 -2.185 -1.285 -1.787
430 G 0.09 -2.358 -0.44 -1.323 -1.32 -2.195 -2.622 5.809 -1.476 -3.215 -3.461 -1.651 -2.667 -2.678 -2.779 -1.002 -1.919 -2.44 -3.148 -2.864
431 G -0.671 -1.188 0.045 -1.136 -1.783 -1.005 -1.371 4.016 6.104 -2.925 -2.996 -1.174 -1.879 -1.623 -2.764 -1.276 -2.069 -1.905 0.165 -2.949
432 S 1.068 -0.741 0.497 -0.249 0.072 -0.57 -0.555 -0.106 -0.46 -1.911 -2.328 -0.285 -1.187 -1.943 -1.475 3.262 1.011 -2.549 -1.756 -1.292
433 A 3.918 -1.484 -1.662 -1.687 0.68 -1.32 -1.298 0.374 -1.211 -0.83 -1.321 -0.849 -0.874 -1.848 -1.475 0.455 -0.422 -2.44 -1.756 0.139
434 R -1.534 5.51 -0.462 -1.564 -2.259 0.518 -0.561 -2.128 0.098 -2.612 -2.028 2.018 -1.224 -2.472 -2.704 -1.406 -1.454 -2.234 -1.772 -2.162
435 Q -0.883 1.007 -0.093 -0.357 -1.911 4.883 1.392 -1.479 0.769 -2.24 -1.991 1.222 -0.403 -2.959 -2.151 -0.755 -0.975 -2.185 -1.285 -1.787
436 R -1.19 4.06 -0.272 -0.898 -2.08 3.457 0.578 -1.785 0.453 -2.42 -2.009 1.648 -0.784 -2.705 -2.414 -1.062 -1.204 -2.209 -1.518 -1.968
437 H -1.707 -0.358 0.459 -0.961 -2.334 -0.165 -0.501 -1.697 7.998 -2.662 -2.595 -0.766 -1.261 -0.853 -2.749 -1.579 -2.227 -1.454 1.667 -3.036
438 G 0.09 -2.358 -0.44 -1.323 -1.32 -2.195 -2.622 5.809 -1.476 -3.215 -3.461 -1.651 -2.667 -2.678 -2.779 -1.002 -1.919 -2.44 -3.148 -2.864
439 A 2.532 -1.942 -2.227 -2.332 0.515 -1.885 -1.987 -0.835 -1.939 1.702 0.029 -1.517 0.103 -1.033 -2.2 -0.601 -0.437 -2.414 -1.511 2.772
440 D -1.316 -0.763 0.531 4.416 -2.392 0.445 3.258 -1.507 -0.035 -2.745 -3.07 0.021 -2.187 -2.76 -2.078 -0.87 -1.356 -2.903 -2.42 -2.476
441 Q -0.883 1.007 -0.093 -0.357 -1.911 4.883 1.392 -1.479 0.769 -2.24 -1.991 1.222 -0.403 -2.959 -2.151 -0.755 -0.975 -2.185 -1.285 -1.787
442 R -1.19 4.06 -0.272 -0.898 -2.08 3.457 0.578 -1.785 0.453 -2.42 -2.009 1.648 -0.784 -2.705 -2.414 -1.062 -1.204 -2.209 -1.518 -1.968
443 G 0.09 -2.358 -0.44 -1.323 -1.32 -2.195 -2.622 5.809 -1.476 -3.215 -3.461 -1.651 -2.667 -2.678 -2.779 -1.002 -1.919 -2.44 -3.148 -2.864
444 K -0.234 0.86 -0.374 -0.784 -1.21 -0.023 -0.292 -1.092 -0.594 -2.122 -2.389 2.954 -1.473 -2.685 3.122 0.756 -0.458 -2.942 -1.977 -1.85
445 G -0.419 -2.01 -1.408 -2.101 -0.222 -2.097 -2.491 2.294 -2.0 1.189 1.395 -1.78 0.403 -0.698 -2.755 -1.095 1.373 -2.184 -1.73 1.695
446 L -1.117 -2.727 -3.235 -3.316 -0.055 -2.932 -3.41 -3.351 -2.69 3.755 2.352 -2.589 1.381 0.215 -3.477 -2.911 -1.053 -2.124 -1.262 2.941
447 F 0.061 -1.741 2.238 -1.025 -0.633 -1.92 -2.058 -1.39 -0.702 1.715 -0.034 -1.547 -0.121 3.119 -2.871 -0.986 0.43 -1.257 0.265 0.615
448 G -0.151 -2.303 -0.783 -1.417 -1.389 -2.163 -2.373 5.078 -1.544 -2.999 -3.302 -1.528 -2.634 -2.865 3.002 -1.144 -1.801 -2.876 -3.047 -2.708
449 R 0.313 3.049 1.764 1.683 -1.576 0.028 -0.184 -1.055 -0.157 -2.244 -2.35 2.445 -1.53 -2.579 -2.19 -0.74 -1.091 -2.684 -2.039 -1.851
450 K -1.281 0.325 1.454 1.449 -1.497 2.139 0.015 -1.627 -0.264 0.551 0.163 1.917 -0.248 -1.626 -2.464 -1.234 -1.147 -2.512 -1.727 -0.461
451 V -1.073 -0.138 0.97 -1.714 -0.59 -1.638 -2.084 -2.244 1.696 1.824 0.872 -1.29 0.274 0.238 -2.994 -1.53 0.478 -1.17 1.877 1.924
452 N -1.046 0.983 2.525 -0.734 -1.012 -1.281 -1.681 1.14 -0.554 0.494 -0.984 -0.633 -0.781 1.576 -2.716 -0.689 1.468 -1.839 -0.746 -0.323
453 L -1.129 -1.182 -1.924 -2.381 -0.656 -1.75 -2.162 -2.343 -1.286 1.583 1.909 0.135 2.167 3.36 -3.134 -0.703 -1.151 -1.039 0.375 0.517
454 L -1.542 -2.692 -3.397 -3.477 -0.235 -2.996 -3.575 -3.515 -2.59 3.657 3.161 -2.661 1.649 0.457 -3.639 -3.202 -1.401 -1.99 -1.253 2.029