#Seq2Logo.py -f /work3/idamei/wzy_ssn/run/1e-50/run/150/MSAs/0009_8.afa -o /work3/idamei/wzy_ssn/run/1e-50/run/150/logos/0009_8.logo
Last position-specific scoring matrix computed, values are in halfbits
A R N D C Q E G H I L K M F P S T W Y V
0 L -1.123 -1.426 -2.403 -2.857 -0.211 -1.094 -2.396 -2.626 -1.011 1.56 2.092 -1.495 5.818 0.425 -3.285 -2.059 -1.089 -1.349 -0.875 0.947
1 K -0.972 1.622 1.061 0.346 -2.011 2.174 0.488 -1.287 0.046 -2.254 -2.334 3.811 -1.188 -2.845 -1.904 -0.832 -1.06 -2.579 -1.784 -2.068
2 G 1.516 -1.391 2.146 0.874 -0.495 -1.315 -1.216 2.29 -0.677 -1.45 -1.954 -0.963 -1.415 -0.49 -2.148 -0.078 1.137 -2.355 -1.684 -0.951
3 D -0.443 0.222 2.465 2.441 1.657 -0.262 -0.052 -0.724 -0.171 -2.249 -2.628 1.951 -1.668 -2.484 -1.99 1.107 -0.318 -2.874 -2.128 -1.985
4 S 0.705 -0.242 -0.216 -0.861 5.415 -0.651 -0.828 -0.667 -0.836 -1.666 -2.01 1.32 -1.202 -2.153 -1.836 2.175 0.216 -2.712 -1.986 -1.184
5 V 0.888 -1.855 1.756 -1.364 -0.311 -2.003 -2.114 -1.322 -0.974 1.525 -0.015 -1.662 -0.056 2.726 -2.859 -1.163 -0.845 -1.464 0.047 1.937
6 V -0.219 -2.472 -2.915 -3.15 0.354 -2.573 -2.879 -2.941 -2.9 3.044 0.96 -2.374 0.846 -0.384 -3.157 -2.27 -0.437 -2.373 -1.271 4.086
7 N -1.645 -0.4 5.612 1.296 -1.832 -0.512 -0.711 -0.14 0.983 -2.698 -3.137 -0.281 -2.147 -2.36 -2.573 -0.104 -0.437 -2.952 -2.054 -2.546
8 L -1.349 -0.657 -2.323 -2.61 -0.498 -1.527 -2.08 -2.817 -1.788 2.408 2.914 1.007 1.411 0.143 -3.048 -2.47 -1.364 -1.975 -1.283 1.197
9 T -0.79 -1.255 2.195 -0.679 -0.517 -1.391 -1.581 -1.317 -0.665 -0.507 -0.957 -1.078 -0.659 2.595 -2.314 0.01 3.083 -1.382 -0.04 -0.369
10 P -0.866 1.721 -1.757 -1.872 -1.146 -1.36 -1.61 -2.149 -1.393 -0.216 -1.433 -0.3 -1.205 -2.322 5.219 -1.636 -1.197 -3.441 -2.157 0.692
11 I -1.62 -1.911 -1.794 -2.586 -0.962 -1.903 -2.367 -2.894 4.145 2.682 0.916 -1.971 0.454 1.399 -3.329 -2.562 -1.647 0.01 3.774 1.179
12 S 1.094 -0.715 0.523 -0.223 0.098 -0.544 -0.529 -0.08 -0.434 -1.885 -2.302 -0.259 -1.161 -1.917 -1.449 3.17 1.037 -2.523 -1.73 -1.266
13 T -0.086 -1.067 -0.113 -0.989 0.147 -1.077 -1.352 -1.303 -1.387 -0.198 -1.031 -0.765 -0.506 -1.555 -1.661 0.731 4.166 -2.159 -1.681 0.255
14 K -0.8 2.119 -0.242 -0.696 -1.951 0.833 0.339 -1.316 -0.217 -2.097 -2.214 4.423 -1.198 -2.78 -1.661 -0.855 -1.056 -2.523 -1.763 -1.973
15 I -1.351 -3.075 -3.237 -3.155 -0.124 -3.183 -3.661 -3.453 -2.685 4.451 1.703 -2.653 1.297 0.244 -3.479 -3.05 -1.049 -2.159 -1.259 2.886
16 S 1.094 -0.715 0.523 -0.223 0.098 -0.544 -0.529 -0.08 -0.434 -1.885 -2.302 -0.259 -1.161 -1.917 -1.449 3.17 1.037 -2.523 -1.73 -1.266
17 E -0.893 -0.096 -0.312 1.544 -2.385 1.372 4.432 -1.924 0.418 -2.738 -2.677 0.703 -1.728 -2.582 -1.856 -0.765 -1.275 -2.361 -1.882 -2.108
18 K -0.8 2.119 -0.242 -0.696 -1.951 0.833 0.339 -1.316 -0.217 -2.097 -2.214 4.423 -1.198 -2.78 -1.661 -0.855 -1.056 -2.523 -1.763 -1.973
19 I -1.351 -3.075 -3.237 -3.155 -0.124 -3.183 -3.661 -3.453 -2.685 4.451 1.703 -2.653 1.297 0.244 -3.479 -3.05 -1.049 -2.159 -1.259 2.886
20 L -0.523 -2.125 -1.994 -2.404 -0.035 -2.226 -2.527 -2.323 -2.05 2.885 2.14 -1.934 1.091 -0.065 -2.952 -0.104 -0.531 -2.166 -1.346 2.315
21 N -0.492 -1.061 3.052 2.57 -1.195 -0.897 -0.389 -0.654 -0.191 -2.418 -2.905 -0.585 -2.019 -2.556 2.654 1.159 -0.275 -3.246 -2.298 -2.145
22 W -2.214 -2.294 -2.937 -3.486 -1.912 -2.595 -2.866 -2.561 -0.217 -0.8 -1.207 -2.581 -0.947 1.632 -4.654 -3.08 -2.34 9.705 3.764 -0.538
23 I -1.365 -3.089 -3.251 -3.169 -0.139 -3.198 -3.675 -3.467 -2.7 4.49 1.688 -2.667 1.283 0.229 -3.493 -3.065 -1.063 -2.173 -1.273 2.872
24 T -0.101 -1.081 -0.127 -1.003 0.133 -1.091 -1.366 -1.317 -1.401 -0.212 -1.045 -0.779 -0.52 -1.569 -1.675 0.716 4.21 -2.173 -1.695 0.241
25 A 3.89 -1.472 -1.65 -1.676 0.691 -1.308 -1.287 0.385 -1.2 -0.819 -1.31 -0.837 -0.862 -1.837 -1.464 0.466 -0.411 -2.429 -1.744 0.15
26 T -0.101 -1.081 -0.127 -1.003 0.133 -1.091 -1.366 -1.317 -1.401 -0.212 -1.045 -0.779 -0.52 -1.569 -1.675 0.716 4.21 -2.173 -1.695 0.241
27 F -2.323 -2.885 -2.849 -3.303 -1.363 -3.853 -3.471 -2.863 -0.817 0.288 0.576 -3.293 0.213 6.496 -4.437 -3.019 -2.359 0.863 2.942 -0.496
28 N -1.648 -0.403 5.618 1.293 -1.835 -0.515 -0.714 -0.143 0.98 -2.701 -3.14 -0.284 -2.15 -2.363 -2.576 -0.106 -0.44 -2.955 -2.057 -2.549
29 S 1.079 -0.73 0.509 -0.237 0.084 -0.558 -0.544 -0.095 -0.449 -1.9 -2.317 -0.273 -1.175 -1.932 -1.464 3.222 1.023 -2.538 -1.744 -1.281
30 Q -0.871 1.019 -0.081 -0.345 -1.9 4.841 1.404 -1.467 0.781 -2.229 -1.979 1.233 -0.391 -2.947 -2.139 -0.743 -0.963 -2.173 -1.273 -1.775
31 L -1.441 -0.112 -2.797 -3.245 -0.512 -2.489 -2.95 -3.058 -1.673 1.632 2.529 -1.882 1.164 3.705 -3.672 -2.779 -1.525 -0.845 0.656 1.672
32 Y -1.995 -2.101 -2.361 -3.144 -1.676 -2.292 -2.687 -2.955 1.47 -0.485 -0.437 -2.262 -0.435 4.689 -3.656 -2.638 -2.209 1.914 6.04 -0.873
33 G 1.521 -1.844 -0.61 -1.278 -0.432 -1.693 -1.875 4.175 -1.297 -0.518 -1.902 -1.243 -1.42 -2.02 -2.247 0.742 -0.719 -2.48 -2.356 -0.826
34 F -1.834 -2.351 -2.921 -3.325 -0.742 -2.738 -3.2 -2.987 -1.261 1.126 2.326 -2.622 2.854 4.924 -3.945 -2.861 -1.853 -0.131 1.557 0.34
35 L -1.564 -2.336 -2.582 -0.274 -0.322 -2.586 -2.66 -3.168 -2.229 2.604 3.468 -2.376 1.719 0.487 -3.489 -2.919 -1.494 -1.916 -1.267 1.372
36 C 1.29 -2.322 -1.737 -2.248 6.397 -2.287 -2.545 2.107 -2.077 0.296 -0.896 -1.892 -0.74 -1.681 -2.569 -0.849 0.054 -2.654 -2.196 1.232
37 F -1.954 -2.717 -3.005 -3.363 -0.887 -3.284 -3.421 -3.132 -0.975 2.02 1.795 -2.904 0.824 5.079 -4.006 -3.055 -1.925 0.188 2.651 0.77
38 K -0.815 2.105 -0.257 -0.711 -1.966 0.818 0.325 -1.331 -0.231 -2.111 -2.229 4.461 -1.212 -2.794 -1.675 -0.87 -1.07 -2.538 -1.777 -1.987
39 S 1.079 -0.73 0.509 -0.237 0.084 -0.558 -0.544 -0.095 -0.449 -1.9 -2.317 -0.273 -1.175 -1.932 -1.464 3.222 1.023 -2.538 -1.744 -1.281
40 L -1.193 -2.492 -3.277 -3.468 2.135 -2.807 -3.353 -3.294 -2.57 2.86 3.148 -2.564 1.617 0.378 -3.519 -2.917 -1.25 -1.984 -1.243 2.331
41 S 0.834 -0.582 0.41 -0.325 -0.156 0.541 -0.382 -0.289 1.167 -2.006 -2.353 -0.19 -1.161 -2.001 -1.609 3.12 0.769 -2.509 -1.51 -1.425
42 L -0.476 -2.191 -3.205 -3.439 -0.156 -2.59 -3.132 -2.847 -2.177 1.759 3.814 -2.378 1.876 1.338 -3.433 -2.671 -1.538 -1.591 -0.818 0.946
43 W -1.236 -1.597 -1.633 -2.2 -1.642 -0.339 -1.748 -0.517 -0.842 -1.981 -1.901 -1.593 -1.266 0.365 -3.741 -0.151 -1.381 9.555 1.342 -2.043
44 P -0.694 -1.938 -1.727 -1.533 -1.281 -1.864 -1.613 -1.754 -1.564 -1.954 -1.802 -1.08 -1.933 -2.903 6.355 -0.652 -1.121 -4.19 -2.516 -1.897
45 F -1.985 -2.469 -2.452 -3.067 -1.441 -2.975 -2.992 -2.752 0.297 -0.098 0.096 -2.695 -0.111 5.834 -3.955 -2.099 -2.092 1.228 4.508 -0.704
46 F -2.223 -2.029 -2.585 -3.039 -1.461 -3.098 -2.956 -2.76 -0.82 0.101 0.375 -1.105 0.067 6.349 -4.143 -2.829 -2.286 0.645 2.696 -0.645
47 S 0.569 -1.01 1.164 -0.532 -0.094 -0.895 -0.95 -0.597 0.991 -0.133 -1.403 -0.664 -0.755 -1.585 -1.916 2.528 0.539 -2.537 -1.476 0.85
48 W -2.515 -2.425 -3.033 -3.526 -2.329 -2.839 -2.997 -0.946 -1.19 -1.94 -1.747 -2.778 -1.367 1.0 -5.284 -3.256 -2.702 10.537 2.028 -2.293
49 K -0.914 1.464 2.256 -0.004 -1.908 0.546 0.813 -1.089 0.044 -2.313 -2.484 3.742 -1.471 -2.703 -1.895 -0.392 -0.888 -2.657 -1.893 -2.123
50 W -2.1 -1.809 -2.247 -1.612 -2.344 -1.407 0.679 -0.893 -0.811 -2.103 -1.933 -1.693 -1.457 0.532 -4.208 -2.56 -2.368 9.871 1.536 -2.274
51 P -0.692 -1.886 -1.615 -1.643 -0.884 -1.858 -1.748 -1.901 -1.72 -0.692 -1.154 -1.18 -1.275 -2.329 5.653 -1.006 1.01 -3.596 -2.268 -0.193
52 V 1.716 -0.722 -1.54 -1.915 0.186 -1.669 -1.848 -1.109 -1.634 2.152 0.049 -1.191 0.098 -0.966 -2.307 0.505 -0.261 -2.428 -1.563 2.249
53 I -1.472 -2.821 -2.766 -2.994 -0.428 -3.054 -3.361 -3.135 -1.779 3.779 1.21 -2.587 0.863 3.022 -3.499 -2.522 -0.206 -1.014 1.034 2.119
54 P -1.049 -1.988 -1.652 0.294 -1.259 -1.051 -1.407 -2.066 -1.583 0.854 -1.226 -1.196 -1.187 -2.202 5.639 -1.673 -1.324 -3.751 -2.319 -0.31
55 V -0.539 -0.804 -1.67 0.024 -0.275 -1.41 -1.492 -2.422 -1.61 2.098 0.202 0.879 0.235 -0.599 -2.783 -1.874 -0.732 -2.086 -0.068 3.272
56 A 2.391 -1.065 -0.222 -0.766 0.216 -0.899 -0.872 -0.02 -0.782 -1.53 -1.98 -0.535 -1.15 -1.993 0.202 2.475 0.462 -2.611 -1.822 -0.767
57 L -0.989 -1.93 -1.598 -2.243 -0.445 -2.241 -2.413 -2.169 -1.336 0.659 1.81 -1.92 0.678 3.992 -2.975 -0.445 1.33 -0.679 0.874 0.162
58 I -1.418 -2.537 -2.947 -2.48 -0.321 -2.364 -1.222 -3.342 -2.252 3.919 2.307 -2.212 1.318 0.195 -3.4 -2.871 -1.249 -2.105 -1.315 2.262
59 L 1.568 -1.58 -1.148 0.297 -0.057 -0.765 -1.318 -1.025 -1.326 1.611 1.147 -1.178 0.323 -0.776 -2.285 0.514 -0.489 -2.335 -1.607 0.726
60 L -1.468 -1.868 -2.932 -3.085 -0.345 -2.449 -2.974 -3.219 -2.218 3.41 2.746 -0.792 1.452 1.086 -3.419 -2.895 -1.355 -1.833 -0.918 1.89
61 C 0.318 -1.923 -1.077 -1.77 7.716 -1.9 -2.117 -1.323 -1.815 -0.817 -1.326 -1.58 -0.97 -1.915 -2.296 0.789 1.831 -2.777 -2.235 -0.381
62 F -2.004 -2.617 -2.763 -3.295 -1.245 -3.201 -3.21 -2.954 -0.124 0.504 0.607 -2.89 0.173 5.776 -4.081 -2.885 -2.116 0.961 3.999 0.294
63 F -0.657 -2.221 -1.53 -2.143 5.364 -2.502 -2.426 -1.734 -1.068 -0.438 -0.36 -2.118 -0.409 4.825 -3.113 0.529 -0.862 -0.413 1.427 -0.728
64 L -1.158 -2.096 -2.307 -2.77 -0.115 -2.354 -2.854 -2.838 -2.194 2.511 3.03 -2.08 1.509 0.287 -3.074 -1.795 1.06 -1.896 -1.262 1.42
65 F -2.054 -2.485 -2.805 -3.336 -1.156 -3.036 -3.189 -3.016 -0.106 0.553 1.585 -2.776 0.578 5.381 -4.005 -2.943 -2.146 0.874 3.941 -0.18
66 L 0.966 -2.272 -2.821 -2.933 0.132 -2.414 -2.746 -2.035 -2.248 2.683 2.341 -2.082 1.176 -0.018 -2.918 -1.781 -0.955 -2.104 -1.322 2.33
67 F -1.711 -2.423 -2.04 -2.662 -1.002 -3.027 -2.903 -2.487 -0.971 0.149 0.256 -2.568 0.031 5.894 -3.611 -1.744 0.785 0.386 2.354 -0.356
68 D 1.127 -1.386 0.588 4.429 -0.869 -0.919 0.33 -0.529 -0.678 -2.055 -2.648 -0.732 -1.876 -2.455 -1.933 0.864 -0.519 -3.06 -2.438 -1.615
69 L -1.721 -2.352 -3.271 -3.577 -0.401 -2.891 -3.369 -3.29 -1.945 1.682 3.598 -2.664 1.783 3.304 -3.794 -3.156 -1.761 -0.919 0.36 0.798
70 C -0.963 -2.797 -3.041 -3.406 6.821 -3.159 -3.469 -2.743 -2.236 1.268 1.52 -2.859 0.543 2.923 -3.541 -2.38 -1.37 -1.39 0.038 1.574
71 F -2.115 -2.546 -2.675 -3.25 -1.408 -3.023 -3.132 -2.98 0.348 0.729 0.248 -2.762 0.015 5.598 -4.009 -2.873 -2.196 1.233 4.641 -0.201
72 L -1.635 -2.819 -3.247 -3.367 -0.4 -3.194 -3.577 -3.364 -2.167 3.495 2.425 -2.776 1.329 3.049 -3.742 -3.133 -1.478 -1.196 0.178 1.928
73 N -1.63 2.141 4.088 0.124 -1.958 -0.392 -0.886 -1.026 0.974 -2.198 -2.307 0.878 -1.58 -0.096 -2.701 -0.808 -1.001 -0.848 2.608 -2.095
74 K 0.894 2.8 -0.588 -0.804 -1.325 0.438 0.648 -1.111 -0.321 -1.981 -2.065 3.357 -1.231 -2.55 -1.876 -0.683 -1.064 -2.491 -1.831 -1.504
75 L -1.404 0.198 -1.698 -2.107 -1.049 -0.905 -1.363 -2.354 -1.083 0.515 2.115 2.271 0.745 2.792 -2.831 -2.051 -1.545 -1.243 0.084 -0.177
76 K -1.022 1.611 2.25 -0.212 -1.988 1.283 0.2 -1.115 0.087 -2.284 -2.422 3.882 -1.352 -2.768 -1.925 -0.745 -0.979 -2.639 -1.841 -2.127
77 I -0.748 -2.673 -2.653 -2.838 -0.009 -2.734 -3.067 -2.898 -2.551 3.948 1.227 -2.35 0.953 -0.141 -3.218 -1.441 -0.684 -2.319 -1.363 3.201
78 N -0.786 0.042 3.718 2.635 -1.494 -0.316 -0.081 -0.57 0.179 -2.458 -2.872 1.472 -1.869 -2.505 -2.131 0.793 -0.392 -2.933 -2.152 -2.242
79 K -0.52 0.809 -0.356 0.672 -1.104 -0.11 -0.298 -1.36 -0.712 0.915 -1.031 3.045 -0.633 -1.803 -2.012 0.411 -0.587 -2.581 -1.796 -0.171
80 K -0.56 1.026 2.376 1.178 -1.48 0.173 0.001 -0.823 -0.058 -2.274 -2.55 3.144 -1.522 -2.577 -1.888 0.7 -0.473 -2.74 -1.962 -2.043
81 G -0.386 1.809 -0.885 -1.603 -0.706 -1.249 -1.788 2.079 -1.153 1.963 -0.355 -0.347 -0.288 -1.206 -2.657 0.268 -0.701 -2.352 -1.848 0.64
82 F -1.946 -2.793 -3.074 -3.374 -0.803 -3.436 -3.511 -3.129 -1.468 2.16 1.942 -2.991 0.943 5.17 -4.051 -3.094 -1.89 -0.072 1.751 0.901
83 L -1.885 -2.5 -3.159 -3.509 -0.646 -3.136 -3.407 -3.176 -1.598 1.35 3.02 -2.834 1.419 4.622 -3.967 -3.128 -1.924 -0.32 1.317 0.486
84 I -1.144 -2.767 -3.233 -3.293 -0.062 -2.961 -3.439 -3.362 -2.687 3.866 2.268 -2.595 1.372 0.22 -3.475 -2.927 -1.05 -2.127 -1.259 2.924
85 L 0.785 -2.435 -2.782 -2.913 -0.161 -2.674 -2.867 -2.015 -1.813 2.581 1.839 -2.25 0.903 3.044 -3.104 -1.87 -1.242 -1.182 0.229 1.568
86 F -0.99 -1.969 -1.678 -2.262 -0.746 -2.158 -2.365 -1.985 -0.799 0.283 0.595 -1.979 2.443 5.093 -3.295 -0.008 -1.02 -0.062 1.737 -0.268
87 F -0.337 -1.911 -1.254 -1.86 -0.423 -2.095 -2.044 -1.628 -1.047 0.685 -0.067 -1.759 -0.064 4.39 -2.863 0.885 -0.425 -0.588 1.2 1.192
88 L -1.002 -1.848 -1.63 -2.297 -0.349 -1.951 -2.386 -2.457 -0.507 1.971 1.489 -1.719 0.627 0.985 -2.749 -1.117 1.901 -0.422 2.867 1.019
89 L -0.612 -2.01 -1.879 -2.393 -0.227 -2.245 -2.429 -2.17 -1.579 1.453 2.123 -1.977 0.936 3.037 -3.063 -0.051 -0.701 -1.167 0.247 1.621
90 F -1.21 -2.298 -1.758 -2.345 -1.018 -2.791 -2.574 -2.034 -0.77 -0.103 0.112 -2.356 -0.074 5.889 -3.52 -0.101 -1.257 0.355 2.352 -0.687
91 I -1.013 -0.336 -2.852 -3.05 -0.142 -2.522 -3.068 -3.217 -2.453 3.941 1.234 -1.831 0.951 -0.161 -3.366 -2.681 -0.929 -2.295 -1.364 3.189
92 L -1.385 -2.486 -3.201 -3.468 -0.287 -2.923 -3.323 -3.236 -2.116 2.281 2.983 -2.665 1.479 3.069 -3.692 -2.973 -1.446 -1.125 0.212 1.996
93 I 0.69 -1.844 -2.495 -2.617 -0.311 -2.31 -2.536 -2.0 -1.725 3.161 0.794 -0.624 0.537 2.804 -2.977 -1.81 -1.181 -1.369 0.063 1.683
94 L -1.676 -2.597 -3.27 -3.472 -0.4 -3.049 -3.486 -3.342 -2.085 2.798 3.063 -2.726 1.553 3.109 -3.768 -3.152 -1.607 -1.099 0.212 1.463
95 F -2.2 -2.782 -2.997 -3.416 -1.127 -3.617 -3.489 -3.012 -1.113 0.672 1.678 -3.162 0.662 6.032 -4.301 -3.098 -2.237 0.453 2.42 -0.147
96 L -1.051 -1.282 -1.636 -2.001 -0.407 1.144 -1.407 -2.493 -1.377 2.822 1.648 -1.071 0.888 -0.393 -2.816 -1.45 1.043 -2.112 -1.359 1.481
97 L -1.735 -2.16 -0.377 -2.734 -0.512 -2.634 -3.063 -2.891 -1.59 1.478 3.405 -2.406 1.588 3.109 -3.696 -2.777 -1.651 -1.057 0.208 0.617
98 L 0.484 -1.444 -1.008 -1.65 -0.27 -1.446 -1.66 -1.294 -0.185 0.122 1.527 -1.233 0.366 0.74 -2.395 1.328 -0.287 -0.596 2.697 -0.186
99 P -1.102 -1.609 -0.974 0.456 -1.722 -1.439 -1.098 -1.798 3.816 -2.457 -2.813 -1.025 -2.199 -2.654 5.801 -1.476 -1.552 -3.583 -1.185 -2.412
100 G -0.346 -1.713 2.812 -0.373 -1.501 -1.666 -1.997 5.036 -0.604 -3.108 -3.413 -1.246 -2.559 -2.633 -2.767 -0.769 -1.471 -2.621 -2.846 -2.819
101 G -0.016 -1.656 -0.469 -1.313 -1.41 -1.844 -2.283 5.629 -1.399 -3.154 -3.384 -0.288 -2.563 -2.731 -2.718 -1.035 -1.885 -2.491 -3.055 -2.827
102 I -1.186 2.006 -1.569 -2.07 -0.925 -1.022 -1.691 -0.062 -1.322 2.959 0.348 1.405 0.236 -0.862 -2.875 -2.01 -1.252 -2.327 -1.635 1.359
103 P 0.098 -2.097 -2.126 -1.874 -0.832 -2.039 -1.849 -1.811 -1.832 -0.179 -1.489 -1.308 -1.335 -2.392 5.802 -1.424 -1.108 -3.814 -2.28 0.726
104 P -0.176 -2.164 -2.115 -1.892 -1.242 -2.212 -1.923 -1.8 -1.445 -1.504 -1.658 -1.416 -1.582 2.303 5.793 -1.522 -1.477 -2.335 -0.396 -1.555
105 W -1.474 -2.014 -2.016 -2.604 -1.709 -2.254 -2.341 -1.793 -1.029 -1.908 -1.816 -2.129 -1.304 0.68 -4.128 -0.312 -1.525 10.017 1.662 -2.057
106 F -1.713 -2.73 -2.5 -2.926 -0.994 -3.33 -3.18 -2.666 -1.127 1.723 0.645 -2.83 0.325 5.734 -3.914 -1.589 -1.675 0.217 2.179 0.469
107 R -1.523 5.489 -0.451 -1.552 -2.248 0.529 -0.549 -2.117 0.11 -2.6 -2.016 2.03 -1.212 -2.461 -2.693 -1.395 -1.442 -2.222 -1.761 -2.15
108 N -1.648 -0.403 5.618 1.293 -1.835 -0.515 -0.714 -0.143 0.98 -2.701 -3.14 -0.284 -2.15 -2.363 -2.576 -0.106 -0.44 -2.955 -2.057 -2.549
109 N -1.648 -0.403 5.618 1.293 -1.835 -0.515 -0.714 -0.143 0.98 -2.701 -3.14 -0.284 -2.15 -2.363 -2.576 -0.106 -0.44 -2.955 -2.057 -2.549
110 S 1.079 -0.73 0.509 -0.237 0.084 -0.558 -0.544 -0.095 -0.449 -1.9 -2.317 -0.273 -1.175 -1.932 -1.464 3.222 1.023 -2.538 -1.744 -1.281
111 L -1.069 -1.372 -2.348 -2.802 -0.157 -1.04 -2.342 -2.572 -0.957 1.615 2.147 -1.441 5.552 0.479 -3.231 -2.005 -1.034 -1.295 -0.821 1.001
112 K -0.815 2.105 -0.257 -0.711 -1.966 0.818 0.325 -1.331 -0.231 -2.111 -2.229 4.461 -1.212 -2.794 -1.675 -0.87 -1.07 -2.538 -1.777 -1.987
113 E -0.907 -0.11 -0.327 1.53 -2.4 1.358 4.467 -1.938 0.404 -2.753 -2.691 0.688 -1.742 -2.596 -1.87 -0.779 -1.289 -2.376 -1.896 -2.122
114 S 1.079 -0.73 0.509 -0.237 0.084 -0.558 -0.544 -0.095 -0.449 -1.9 -2.317 -0.273 -1.175 -1.932 -1.464 3.222 1.023 -2.538 -1.744 -1.281
115 K -0.815 2.105 -0.257 -0.711 -1.966 0.818 0.325 -1.331 -0.231 -2.111 -2.229 4.461 -1.212 -2.794 -1.675 -0.87 -1.07 -2.538 -1.777 -1.987
116 G 0.101 -2.346 -0.428 -1.311 -1.309 -2.184 -2.61 5.798 -1.465 -3.204 -3.449 -1.639 -2.655 -2.667 -2.768 -0.991 -1.908 -2.429 -3.137 -2.853
117 N -0.859 -0.373 4.949 0.88 -1.394 0.55 -0.496 -0.273 0.674 -2.538 -2.904 -0.181 -1.807 -2.367 -2.337 0.956 -0.17 -2.852 -1.976 -2.238
118 Y -1.005 -1.581 -1.419 -2.257 -1.326 -1.539 -1.943 -2.146 1.7 -1.036 -1.186 -1.521 -0.819 2.775 -2.896 -0.03 -1.191 1.753 6.136 -1.082
119 Y -1.729 -1.81 -2.267 -3.044 -1.373 -1.779 -2.479 -2.897 1.482 -0.096 0.075 -1.916 2.205 3.426 -3.432 -2.433 -1.911 1.712 5.933 -0.472
120 S 1.244 -0.905 0.208 -0.526 0.093 -0.767 -0.8 -0.311 -0.726 -1.439 -1.983 -0.465 -1.061 -1.902 -1.559 2.853 1.977 -2.507 -1.788 -0.833
121 L -1.645 -2.381 -3.019 -3.314 -0.491 -2.642 -3.244 -3.121 -1.64 2.371 2.561 -2.514 2.934 3.699 -3.757 -2.886 -1.589 -0.768 0.654 1.175
122 F -1.743 -2.868 -2.947 -3.316 -0.88 -3.55 -3.412 -2.977 -1.311 1.602 0.706 -3.087 0.393 5.736 -4.107 -2.911 -1.806 0.212 2.189 1.489
123 L -0.608 -1.88 -1.549 0.029 -0.164 -1.968 -1.936 -2.162 -1.805 1.568 2.693 -1.773 1.165 -0.045 -2.897 -0.092 -0.67 -2.118 -1.397 1.656
124 F 0.674 -2.247 -2.266 -2.638 -0.518 -2.625 -2.597 -1.722 -1.157 0.396 1.379 -2.211 0.428 4.916 -3.185 -0.883 -1.373 -0.251 1.534 -0.07
125 L -1.602 -2.176 -2.629 -0.383 -0.32 -2.494 -2.632 -3.163 -2.166 1.77 3.883 -2.348 1.896 0.617 -3.517 -2.948 -1.61 -1.806 -1.216 0.885
126 F -2.113 -2.848 -2.328 -0.28 -1.189 -3.389 -2.788 -2.835 -1.135 1.707 0.618 -2.926 0.269 5.729 -4.047 -2.848 -2.023 0.192 2.158 0.416
127 L -1.726 -2.358 -3.298 -3.599 -0.4 -2.89 -3.383 -3.316 -1.992 1.69 3.663 -2.668 1.793 3.178 -3.797 -3.175 -1.765 -0.99 0.251 0.805
128 L -1.337 -2.302 -3.298 -3.566 -0.209 -2.687 -3.233 -3.242 -2.348 2.037 3.45 -2.526 1.694 0.609 -3.661 -3.018 -1.428 3.773 -0.697 1.92
129 L -1.596 -2.032 -2.829 -3.333 -0.318 -2.385 -2.992 -3.248 1.563 1.771 3.89 -2.339 1.925 0.686 -3.569 -3.038 -1.67 -1.677 -0.758 0.882
130 P -1.044 -1.966 -1.021 2.002 -1.661 -1.73 -0.897 -1.734 -1.402 -2.437 -2.927 -1.058 -2.502 -3.29 6.093 -1.387 -1.404 -4.357 -2.755 -2.332
131 R -1.505 2.694 -0.775 1.987 -1.292 -0.724 0.129 -2.353 -0.892 2.308 -0.146 0.107 -0.182 -1.188 -2.863 -1.827 -1.319 -2.485 -1.819 0.805
132 D -1.233 0.598 0.357 3.796 -2.258 0.345 1.983 -1.404 -0.255 -2.519 -2.822 2.658 -1.887 -2.852 -1.997 -0.934 -1.297 -2.908 -2.297 -2.387
133 R -1.557 4.088 -0.973 -1.797 -1.828 -0.127 -0.926 -2.203 -0.322 -1.128 -0.253 2.156 -0.501 2.47 -2.828 -1.698 -1.586 -1.347 -0.052 -1.371
134 S 1.079 -0.73 0.509 -0.237 0.084 -0.558 -0.544 -0.095 -0.449 -1.9 -2.317 -0.273 -1.175 -1.932 -1.464 3.222 1.023 -2.538 -1.744 -1.281
135 R -1.523 5.489 -0.451 -1.552 -2.248 0.529 -0.549 -2.117 0.11 -2.6 -2.016 2.03 -1.212 -2.461 -2.693 -1.395 -1.442 -2.222 -1.761 -2.15
136 Q -0.871 1.019 -0.081 -0.345 -1.9 4.841 1.404 -1.467 0.781 -2.229 -1.979 1.233 -0.391 -2.947 -2.139 -0.743 -0.963 -2.173 -1.273 -1.775
137 L -1.363 -0.922 -2.437 -2.668 -0.477 -1.735 -2.273 -2.917 -1.932 3.047 2.592 0.771 1.295 0.073 -3.114 -2.553 -1.311 -2.066 -1.325 1.596
138 F -0.726 -2.582 -2.699 -3.105 -0.978 -2.987 -3.068 -2.578 -0.234 1.644 0.451 -2.625 0.193 5.155 -3.699 -2.475 -1.861 0.651 3.739 0.487
139 E -1.19 0.115 -0.109 2.744 -2.259 0.63 3.246 -1.74 -0.026 -2.276 -2.329 1.703 -1.623 0.368 -2.101 -1.013 -1.392 -2.183 -1.213 -2.104
140 I -0.506 -2.244 -1.967 -2.327 -0.045 -2.207 -2.555 -2.328 -2.021 3.523 1.058 -1.916 1.681 -0.249 -2.936 -0.13 -0.448 -2.253 -1.376 2.627
141 A 2.349 -1.077 -0.321 -1.029 -0.118 -0.904 -0.993 1.11 3.895 -1.661 -2.035 -0.736 -1.205 -1.745 -1.824 1.485 -0.242 -2.289 -0.778 -0.976
142 L -1.11 2.172 -0.818 0.311 -0.913 -0.589 -0.956 -2.038 -0.977 0.054 1.491 1.57 0.309 -0.942 -2.483 -1.113 0.959 -2.204 -1.633 -0.314
143 N -1.645 -0.4 5.612 1.296 -1.832 -0.512 -0.711 -0.14 0.983 -2.698 -3.137 -0.281 -2.147 -2.36 -2.573 -0.104 -0.437 -2.952 -2.054 -2.546
144 I -1.362 -3.086 -3.248 -3.166 -0.136 -3.195 -3.672 -3.465 -2.697 4.483 1.691 -2.664 1.286 0.232 -3.49 -3.062 -1.06 -2.17 -1.271 2.875
145 D -1.763 -1.574 1.213 5.811 -2.358 -0.858 1.065 -1.109 -0.522 -2.711 -3.477 -0.815 -2.683 -2.905 -2.275 -0.938 -1.398 -3.517 -3.029 -2.85
146 F -2.32 -2.882 -2.846 -3.3 -1.36 -3.85 -3.468 -2.86 -0.814 0.291 0.579 -3.29 0.216 6.492 -4.434 -3.016 -2.356 0.866 2.945 -0.493
147 S 1.082 -0.727 0.511 -0.234 0.087 -0.555 -0.541 -0.092 -0.446 -1.897 -2.314 -0.271 -1.172 -1.929 -1.461 3.212 1.025 -2.535 -1.741 -1.278
148 F -2.32 -2.882 -2.846 -3.3 -1.36 -3.85 -3.468 -2.86 -0.814 0.291 0.579 -3.29 0.216 6.492 -4.434 -3.016 -2.356 0.866 2.945 -0.493
149 T -0.098 -1.078 -0.124 -1.0 0.136 -1.089 -1.363 -1.314 -1.399 -0.21 -1.043 -0.776 -0.517 -1.566 -1.673 0.719 4.201 -2.17 -1.692 0.244
150 S 1.082 -0.727 0.511 -0.234 0.087 -0.555 -0.541 -0.092 -0.446 -1.897 -2.314 -0.271 -1.172 -1.929 -1.461 3.212 1.025 -2.535 -1.741 -1.278
151 Y -1.798 -1.763 -2.111 -3.008 -1.737 -1.769 -2.349 -2.918 2.119 -0.789 -0.896 -1.859 -0.668 3.363 -3.319 -2.423 -2.075 2.323 6.624 -0.965
152 E -0.905 -0.107 -0.324 1.532 -2.397 1.361 4.46 -1.935 0.407 -2.75 -2.688 0.691 -1.739 -2.593 -1.867 -0.777 -1.286 -2.373 -1.893 -2.12
153 L -1.526 -2.172 -3.348 -3.606 -0.136 -2.626 -3.291 -3.368 -2.299 2.019 4.014 -2.464 2.147 0.847 -3.59 -3.144 -1.566 -1.636 -1.042 1.12
154 V -0.219 -2.472 -2.915 -3.15 0.354 -2.573 -2.879 -2.941 -2.9 3.044 0.96 -2.374 0.846 -0.384 -3.157 -2.27 -0.437 -2.373 -1.271 4.086
155 D -1.763 -1.574 1.213 5.811 -2.358 -0.858 1.065 -1.109 -0.522 -2.711 -3.477 -0.815 -2.683 -2.905 -2.275 -0.938 -1.398 -3.517 -3.029 -2.85
156 V -0.219 -2.472 -2.915 -3.15 0.354 -2.573 -2.879 -2.941 -2.9 3.044 0.96 -2.374 0.846 -0.384 -3.157 -2.27 -0.437 -2.373 -1.271 4.086
157 E -0.905 -0.107 -0.324 1.532 -2.397 1.361 4.46 -1.935 0.407 -2.75 -2.688 0.691 -1.739 -2.593 -1.867 -0.777 -1.286 -2.373 -1.893 -2.12
158 N -1.645 -0.4 5.612 1.296 -1.832 -0.512 -0.711 -0.14 0.983 -2.698 -3.137 -0.281 -2.147 -2.36 -2.573 -0.104 -0.437 -2.952 -2.054 -2.546
159 K -0.812 2.108 -0.254 -0.708 -1.963 0.821 0.328 -1.328 -0.229 -2.109 -2.226 4.453 -1.209 -2.791 -1.673 -0.867 -1.068 -2.535 -1.774 -1.984
160 K -0.812 2.108 -0.254 -0.708 -1.963 0.821 0.328 -1.328 -0.229 -2.109 -2.226 4.453 -1.209 -2.791 -1.673 -0.867 -1.068 -2.535 -1.774 -1.984
161 L -1.526 -2.172 -3.348 -3.606 -0.136 -2.626 -3.291 -3.368 -2.299 2.019 4.014 -2.464 2.147 0.847 -3.59 -3.144 -1.566 -1.636 -1.042 1.12
162 N -1.645 -0.4 5.612 1.296 -1.832 -0.512 -0.711 -0.14 0.983 -2.698 -3.137 -0.281 -2.147 -2.36 -2.573 -0.104 -0.437 -2.952 -2.054 -2.546
163 K -0.812 2.108 -0.254 -0.708 -1.963 0.821 0.328 -1.328 -0.229 -2.109 -2.226 4.453 -1.209 -2.791 -1.673 -0.867 -1.068 -2.535 -1.774 -1.984
164 K -0.812 2.108 -0.254 -0.708 -1.963 0.821 0.328 -1.328 -0.229 -2.109 -2.226 4.453 -1.209 -2.791 -1.673 -0.867 -1.068 -2.535 -1.774 -1.984
165 I -1.362 -3.086 -3.248 -3.166 -0.136 -3.195 -3.672 -3.465 -2.697 4.483 1.691 -2.664 1.286 0.232 -3.49 -3.062 -1.06 -2.17 -1.271 2.875
166 K 0.869 1.074 2.183 0.417 -1.249 0.135 -0.146 -0.701 -0.163 -1.974 -2.263 3.273 -1.401 -2.549 -1.865 -0.453 -0.86 -2.682 -1.92 -1.579
167 F -2.332 -2.947 -2.918 -3.351 -1.357 -3.878 -3.533 -2.939 -0.927 0.621 0.576 -3.319 0.21 6.475 -4.447 -3.075 -2.349 0.733 2.798 -0.305
168 R -1.557 4.869 -0.755 -1.819 -2.054 0.083 -0.916 -2.276 0.544 -2.067 -1.768 1.428 -1.12 -0.089 -2.812 -1.498 -0.909 -0.635 2.64 -1.794
169 K -0.148 0.71 2.351 -0.11 -1.07 -0.009 -0.28 -0.655 -0.109 -2.201 -2.497 2.637 -1.458 -2.443 -0.236 1.489 -0.095 -2.73 -1.903 -1.867
170 L -1.484 -2.742 -3.345 -3.391 -0.193 -3.011 -3.571 -3.483 -2.588 3.834 2.884 -2.639 1.604 0.437 -3.587 -3.152 -1.309 -2.002 -1.234 2.237
171 F -2.265 -2.678 -2.74 -3.296 -1.489 -3.354 -3.264 -2.929 0.001 0.048 0.281 -2.998 0.002 6.159 -4.231 -2.944 -2.355 1.165 4.173 -0.639
172 I 1.967 -2.385 -2.556 -2.531 0.168 -2.344 -2.53 -1.353 -2.058 3.429 0.771 -1.846 0.549 -0.485 -2.56 -1.177 -0.838 -2.327 -1.507 2.009
173 L -1.838 -2.67 -3.175 -3.447 -0.622 -3.235 -3.492 -3.229 -1.727 2.3 2.634 -2.867 1.272 4.435 -3.933 -3.133 -1.794 -0.488 1.147 1.052
174 S 1.025 -0.784 0.454 -0.291 0.03 -0.613 -0.598 -0.149 -0.503 -1.954 -2.371 -0.328 -1.229 -1.986 -1.518 3.406 0.968 -2.592 -1.798 -1.335
175 L -1.583 -2.229 -3.405 -3.663 -0.193 -2.683 -3.348 -3.425 -2.356 1.962 4.106 -2.521 2.09 0.79 -3.647 -3.201 -1.623 -1.693 -1.099 1.063
176 L -1.484 -2.742 -3.345 -3.391 -0.193 -3.011 -3.571 -3.483 -2.588 3.834 2.884 -2.639 1.604 0.437 -3.587 -3.152 -1.309 -2.002 -1.234 2.237
177 P -0.879 -2.056 -1.976 -1.606 -1.5 -1.976 -1.665 -1.895 -1.65 -2.36 -2.793 -1.107 -2.446 -3.378 6.706 -1.495 -1.391 -4.592 -2.678 -2.204
178 G 0.047 -2.4 -0.483 -1.365 -1.363 -2.238 -2.665 5.849 -1.519 -3.258 -3.503 -1.693 -2.71 -2.721 -2.822 -1.045 -1.962 -2.483 -3.191 -2.907
179 L -1.55 -2.39 -3.385 -3.569 -0.193 -2.788 -3.421 -3.444 -2.432 2.729 3.753 -2.56 1.937 0.677 -3.627 -3.185 -1.515 -1.792 -1.143 1.51
180 V -1.047 -2.843 -3.086 -3.243 -0.179 -3.096 -3.348 -3.179 -2.334 3.475 1.153 -2.712 0.865 2.892 -3.567 -2.768 -1.049 -1.371 0.138 3.135
181 I -0.907 -2.882 -3.167 -3.217 0.013 -2.987 -3.386 -3.301 -2.834 4.08 1.363 -2.602 1.061 -0.056 -3.409 -2.776 -0.852 -2.307 -1.328 3.471
182 Y -1.952 -2.012 -2.301 -3.121 -1.715 -2.139 -2.598 -2.963 1.668 -0.595 -0.591 -2.151 -0.525 4.322 -3.567 -2.589 -2.186 2.028 6.283 -0.921
183 F 1.854 -2.163 -2.44 -2.638 -0.207 -2.424 -2.423 -1.22 -1.273 0.338 1.281 -1.985 0.343 4.264 -2.813 -1.176 -1.344 -0.609 1.051 0.094
184 L -1.485 -2.05 -3.175 -3.483 -0.197 -2.287 -3.131 -3.247 -2.032 1.886 3.801 -2.284 3.313 0.721 -3.571 -2.934 -1.508 -1.621 -1.053 1.04
185 L -1.583 -2.229 -3.405 -3.663 -0.193 -2.683 -3.348 -3.425 -2.356 1.962 4.106 -2.521 2.09 0.79 -3.647 -3.201 -1.623 -1.693 -1.099 1.063
186 L -1.21 -2.626 -3.274 -3.388 -0.088 -2.886 -3.403 -3.372 -2.626 3.483 2.799 -2.581 1.532 0.334 -3.516 -2.973 -1.164 -2.038 -1.234 2.654
187 L 0.859 -2.449 -2.862 -2.926 0.092 -2.547 -2.865 -2.153 -2.345 3.261 1.901 -2.165 1.039 -0.107 -2.969 -1.878 -0.931 -2.198 -1.367 2.557
188 G 0.047 -2.4 -0.483 -1.365 -1.363 -2.238 -2.665 5.849 -1.519 -3.258 -3.503 -1.693 -2.71 -2.721 -2.822 -1.045 -1.962 -2.483 -3.191 -2.907
189 F -1.348 -2.768 -2.93 -3.296 -0.606 -3.327 -3.275 -2.949 -1.536 1.659 0.68 -2.945 0.427 5.27 -3.911 -2.751 -1.488 -0.098 1.829 2.317
190 D -1.381 0.555 2.543 3.775 -2.144 -0.068 0.428 -1.024 -0.102 -2.509 -2.908 2.575 -1.967 -2.8 -2.128 -0.781 -1.109 -3.035 -2.333 -2.474
191 L -1.55 -2.39 -3.385 -3.569 -0.193 -2.788 -3.421 -3.444 -2.432 2.729 3.753 -2.56 1.937 0.677 -3.627 -3.185 -1.515 -1.792 -1.143 1.51
192 P -0.385 -1.753 -1.299 -1.291 -1.122 -1.647 -1.418 -1.451 -1.381 -2.274 -2.704 -0.933 -2.158 -3.041 6.103 0.347 -0.74 -4.066 -2.479 -2.008
193 Y -2.004 -1.931 -2.349 -3.175 -1.902 -2.007 -2.517 -2.852 1.644 -1.028 -1.086 -2.078 -0.835 2.978 -3.688 -2.642 -2.243 6.58 6.241 -1.232
194 G 0.198 -1.491 -0.154 -0.999 -0.427 -1.404 -1.643 3.595 -1.262 -1.495 -2.118 -1.027 -1.404 -2.093 -2.069 1.038 2.404 -2.399 -2.255 -1.035
195 I -1.226 -2.706 -2.976 -3.188 -0.335 -2.785 -3.253 -3.295 -0.982 3.774 1.12 -2.484 0.838 1.048 -3.443 -2.811 -1.15 -0.637 2.729 2.759
196 L -1.583 -2.229 -3.405 -3.663 -0.193 -2.683 -3.348 -3.425 -2.356 1.962 4.106 -2.521 2.09 0.79 -3.647 -3.201 -1.623 -1.693 -1.099 1.063
197 D 0.685 -1.253 0.482 4.686 -1.5 -0.382 1.939 -0.928 -0.482 -2.283 -2.806 -0.505 -2.088 -2.654 -2.069 -0.624 -1.207 -3.074 -2.539 -1.887
198 A 3.533 -1.701 -1.917 -1.971 0.572 -1.575 -1.597 -0.094 -1.523 0.414 -0.746 -1.14 -0.485 -1.537 -1.787 0.035 -0.471 -2.472 -1.698 1.523
199 H -1.741 -0.412 2.504 -0.395 -2.272 -0.277 -0.587 -1.358 7.489 -2.714 -2.741 -0.708 -1.463 -1.142 -2.759 -1.265 -1.816 -1.742 1.171 -2.977
200 N -1.703 -0.458 5.732 1.239 -1.889 -0.569 -0.768 -0.197 0.926 -2.755 -3.194 -0.338 -2.204 -2.417 -2.63 -0.161 -0.494 -3.009 -2.111 -2.603
201 E -0.811 -0.507 -0.745 0.97 -1.655 0.839 4.0 -2.167 -0.074 -0.417 -1.56 0.229 -1.062 -2.053 -2.14 -1.077 -1.152 -2.43 -1.815 0.631
202 L -1.583 -2.229 -3.405 -3.663 -0.193 -2.683 -3.348 -3.425 -2.356 1.962 4.106 -2.521 2.09 0.79 -3.647 -3.201 -1.623 -1.693 -1.099 1.063
203 K -0.869 2.051 -0.311 -0.765 -2.02 0.764 0.271 -1.385 -0.286 -2.166 -2.283 4.596 -1.266 -2.848 -1.73 -0.924 -1.125 -2.592 -1.831 -2.042
204 D -1.437 -0.611 0.671 4.722 -2.324 1.844 2.211 -1.385 -0.076 -2.672 -3.01 -0.019 -1.938 -2.905 -2.218 -0.922 -1.34 -3.009 -2.409 -2.508
205 S 0.727 -0.339 0.346 -0.313 -0.272 1.68 -0.089 -0.376 -0.211 -2.017 -2.3 0.043 -1.055 -2.162 -1.641 2.925 0.666 -2.515 -1.698 -1.427
206 L 0.683 -2.074 -2.976 -3.159 -0.007 -2.366 -2.82 -2.188 -2.1 1.576 3.569 -2.113 1.69 0.418 -3.077 -2.032 -1.351 -1.835 -1.226 0.894
207 G 0.047 -2.4 -0.483 -1.365 -1.363 -2.238 -2.665 5.849 -1.519 -3.258 -3.503 -1.693 -2.71 -2.721 -2.822 -1.045 -1.962 -2.483 -3.191 -2.907
208 I -1.452 -2.936 -3.325 -3.306 -0.193 -3.129 -3.649 -3.502 -2.67 4.26 2.326 -2.68 1.422 0.309 -3.567 -3.135 -1.212 -2.112 -1.28 2.542
209 F -2.053 -2.217 -2.44 -3.178 -1.637 -2.49 -2.803 -2.952 1.212 -0.365 -0.27 -2.407 -0.338 5.072 -3.772 -2.703 -2.241 1.768 5.735 -0.824
210 Y -1.855 -1.82 -2.168 -3.065 -1.794 -1.826 -2.406 -2.975 2.062 -0.846 -0.953 -1.916 -0.725 3.306 -3.376 -2.48 -2.132 2.266 6.743 -1.022
211 R -1.577 5.589 -0.505 -1.606 -2.302 0.475 -0.603 -2.171 0.056 -2.654 -2.071 1.976 -1.266 -2.515 -2.747 -1.449 -1.497 -2.277 -1.815 -2.204
212 D -1.796 -1.355 2.814 5.392 -2.302 -0.842 0.729 -0.945 -0.209 -2.765 -3.463 -0.757 -2.625 -2.845 -2.389 -0.808 -1.236 -3.452 -2.863 -2.844
213 Y -1.855 -1.82 -2.168 -3.065 -1.794 -1.826 -2.406 -2.975 2.062 -0.846 -0.953 -1.916 -0.725 3.306 -3.376 -2.48 -2.132 2.266 6.743 -1.022
214 G -0.741 -2.823 -1.836 -2.333 -0.606 -2.803 -3.256 3.369 -2.195 3.279 0.467 -2.265 0.208 -0.668 -3.235 -2.106 -1.426 -2.327 -1.937 1.597
215 G -0.015 -2.426 -0.837 -1.651 -0.946 -2.312 -2.717 5.239 -1.755 -0.567 -1.937 -1.827 -1.593 -2.099 -2.896 -1.26 -1.603 -2.472 -2.71 0.429
216 T -0.155 -1.135 -0.182 -1.057 0.079 -1.146 -1.421 -1.372 -1.456 -0.267 -1.1 -0.834 -0.575 -1.623 -1.73 0.662 4.369 -2.227 -1.749 0.187
217 V -0.495 -2.467 -3.054 -3.293 0.206 -2.641 -3.014 -3.079 -2.827 2.809 1.888 -2.449 1.1 -0.149 -3.296 -2.482 -0.687 -2.267 -1.28 3.823
218 A 2.994 -1.606 -1.333 -1.593 0.371 -1.471 -1.501 -0.235 -1.317 1.247 -0.593 -1.042 -0.39 -1.358 -1.825 0.993 -0.221 -2.451 -1.698 0.706
219 L -1.583 -2.229 -3.405 -3.663 -0.193 -2.683 -3.348 -3.425 -2.356 1.962 4.106 -2.521 2.09 0.79 -3.647 -3.201 -1.623 -1.693 -1.099 1.063
220 S 1.025 -0.784 0.454 -0.291 0.03 -0.613 -0.598 -0.149 -0.503 -1.954 -2.371 -0.328 -1.229 -1.986 -1.518 3.406 0.968 -2.592 -1.798 -1.335
221 H -0.942 -0.473 0.424 -0.847 -1.709 -0.284 -0.554 -1.344 7.465 -2.538 -2.582 -0.706 -1.289 -1.083 -2.488 0.293 -1.269 -1.685 1.193 -2.635
222 L -1.439 -1.248 -2.391 -2.652 -0.469 1.09 -1.622 -2.931 -1.422 1.479 3.547 -1.311 1.731 0.334 -3.292 -2.534 -1.492 -1.792 -1.143 0.672
223 I -0.907 -2.882 -3.167 -3.217 0.013 -2.987 -3.386 -3.301 -2.834 4.08 1.363 -2.602 1.061 -0.056 -3.409 -2.776 -0.852 -2.307 -1.328 3.471
224 L -1.602 -2.299 -3.093 -3.444 -0.45 -2.588 -3.201 -3.348 -0.827 2.439 3.157 -2.426 1.53 1.41 -3.571 -3.026 -1.606 -0.42 2.764 1.243
225 T -0.437 -1.063 -0.505 -0.422 -0.569 -0.578 1.094 -1.587 -1.025 -0.985 -1.657 -0.521 -1.093 -2.096 2.615 0.068 3.147 -2.614 -1.954 -0.547
226 V -0.78 -2.363 -2.195 -2.657 -0.123 -2.561 -2.787 -2.661 -2.063 2.668 0.702 -2.224 0.543 2.786 -3.098 -1.637 1.109 -1.371 0.091 2.808
227 G 0.047 -2.4 -0.483 -1.365 -1.363 -2.238 -2.665 5.849 -1.519 -3.258 -3.503 -1.693 -2.71 -2.721 -2.822 -1.045 -1.962 -2.483 -3.191 -2.907
228 D -0.649 -1.09 2.617 3.785 -1.093 -0.824 0.015 -0.761 -0.331 -1.919 -2.585 -0.637 -1.765 -2.341 -2.078 0.919 1.354 -2.946 -2.305 -1.64
229 S 0.854 -1.043 0.29 -0.477 -0.2 -0.873 -0.909 2.376 -0.679 -2.172 -2.565 -0.554 -1.471 -2.119 -1.736 2.912 0.575 -2.57 -2.028 -1.588
230 T -0.299 -0.913 -0.22 -0.343 -0.28 -0.462 1.113 -1.486 -0.993 -0.626 -1.362 -0.474 -0.781 -1.801 -1.768 0.419 3.823 -2.267 -1.788 -0.156
231 I -1.452 -2.936 -3.325 -3.306 -0.193 -3.129 -3.649 -3.502 -2.67 4.26 2.326 -2.68 1.422 0.309 -3.567 -3.135 -1.212 -2.112 -1.28 2.542
232 I -1.587 -3.101 -3.22 -3.25 -0.4 -3.372 -3.687 -3.39 -2.266 4.14 1.443 -2.836 1.044 2.977 -3.713 -3.11 -1.334 -1.313 0.138 2.39
233 R -1.577 5.589 -0.505 -1.606 -2.302 0.475 -0.603 -2.171 0.056 -2.654 -2.071 1.976 -1.266 -2.515 -2.747 -1.449 -1.497 -2.277 -1.815 -2.204
234 F -2.377 -2.939 -2.903 -3.357 -1.417 -3.907 -3.525 -2.917 -0.871 0.234 0.522 -3.347 0.159 6.58 -4.491 -3.073 -2.413 0.809 2.888 -0.55
235 S 1.025 -0.784 0.454 -0.291 0.03 -0.613 -0.598 -0.149 -0.503 -1.954 -2.371 -0.328 -1.229 -1.986 -1.518 3.406 0.968 -2.592 -1.798 -1.335
236 G 0.047 -2.4 -0.483 -1.365 -1.363 -2.238 -2.665 5.849 -1.519 -3.258 -3.503 -1.693 -2.71 -2.721 -2.822 -1.045 -1.962 -2.483 -3.191 -2.907
237 L -1.187 -2.198 -2.776 -3.093 -0.295 -2.175 -2.944 -2.92 -1.58 2.6 1.517 -2.21 3.841 2.975 -3.528 -2.489 -1.176 -1.054 0.254 2.168
238 L -1.781 -2.267 -3.014 -3.472 -0.677 -2.683 -3.166 -3.224 -0.567 1.265 3.046 -2.53 1.365 3.509 -3.738 -3.017 -1.865 0.105 3.193 0.46
239 D -1.82 -1.631 1.156 5.896 -2.415 -0.915 1.007 -1.166 -0.579 -2.768 -3.534 -0.872 -2.74 -2.962 -2.332 -0.995 -1.455 -3.574 -3.086 -2.907
240 E -0.962 -0.165 -0.381 1.475 -2.454 1.304 4.591 -1.992 0.35 -2.807 -2.746 0.634 -1.796 -2.651 -1.924 -0.834 -1.344 -2.43 -1.951 -2.177
241 P -0.879 -2.056 -1.976 -1.606 -1.5 -1.976 -1.665 -1.895 -1.65 -2.36 -2.793 -1.107 -2.446 -3.378 6.706 -1.495 -1.391 -4.592 -2.678 -2.204
242 G 0.047 -2.4 -0.483 -1.365 -1.363 -2.238 -2.665 5.849 -1.519 -3.258 -3.503 -1.693 -2.71 -2.721 -2.822 -1.045 -1.962 -2.483 -3.191 -2.907
243 L -1.27 -2.287 -3.313 -3.566 -0.088 -2.672 -3.261 -3.335 -2.467 2.198 3.691 -2.503 1.872 0.582 -3.555 -3.004 -1.359 -1.826 -1.143 2.035
244 L -1.27 -2.287 -3.313 -3.566 -0.088 -2.672 -3.261 -3.335 -2.467 2.198 3.691 -2.503 1.872 0.582 -3.555 -3.004 -1.359 -1.826 -1.143 2.035
245 G 0.047 -2.4 -0.483 -1.365 -1.363 -2.238 -2.665 5.849 -1.519 -3.258 -3.503 -1.693 -2.71 -2.721 -2.822 -1.045 -1.962 -2.483 -3.191 -2.907
246 T -0.155 -1.135 -0.182 -1.057 0.079 -1.146 -1.421 -1.372 -1.456 -0.267 -1.1 -0.834 -0.575 -1.623 -1.73 0.662 4.369 -2.227 -1.749 0.187
247 I -1.152 -3.01 -3.236 -3.22 -0.088 -3.117 -3.552 -3.409 -2.793 4.369 1.502 -2.661 1.146 0.062 -3.478 -2.942 -0.982 -2.267 -1.328 3.162
248 S 0.542 -1.462 -0.489 -1.162 5.464 -1.356 -1.424 -0.894 -1.258 0.06 -1.14 -1.076 -0.679 -1.618 -2.088 2.213 0.359 -2.682 -1.872 1.006
249 A 4.018 -1.526 -1.705 -1.73 0.637 -1.363 -1.341 0.331 -1.254 -0.873 -1.364 -0.891 -0.916 -1.891 -1.518 0.412 -0.465 -2.483 -1.798 0.096
250 L -1.583 -2.229 -3.405 -3.663 -0.193 -2.683 -3.348 -3.425 -2.356 1.962 4.106 -2.521 2.09 0.79 -3.647 -3.201 -1.623 -1.693 -1.099 1.063
251 L -1.726 -2.358 -3.298 -3.599 -0.4 -2.89 -3.383 -3.316 -1.992 1.69 3.663 -2.668 1.793 3.178 -3.797 -3.175 -1.765 -0.99 0.251 0.805
252 L -1.583 -2.229 -3.405 -3.663 -0.193 -2.683 -3.348 -3.425 -2.356 1.962 4.106 -2.521 2.09 0.79 -3.647 -3.201 -1.623 -1.693 -1.099 1.063
253 L -1.55 -2.39 -3.385 -3.569 -0.193 -2.788 -3.421 -3.444 -2.432 2.729 3.753 -2.56 1.937 0.677 -3.627 -3.185 -1.515 -1.792 -1.143 1.51
254 A 4.018 -1.526 -1.705 -1.73 0.637 -1.363 -1.341 0.331 -1.254 -0.873 -1.364 -0.891 -0.916 -1.891 -1.518 0.412 -0.465 -2.483 -1.798 0.096
255 D -1.82 -1.631 1.156 5.896 -2.415 -0.915 1.007 -1.166 -0.579 -2.768 -3.534 -0.872 -2.74 -2.962 -2.332 -0.995 -1.455 -3.574 -3.086 -2.907
256 K -0.78 2.861 -0.383 -1.031 -1.928 0.301 -0.302 1.977 -0.417 -2.451 -2.442 3.581 -1.503 -2.753 -2.107 -1.046 -1.348 -2.504 -2.053 -2.229
257 L -1.838 -2.67 -3.175 -3.447 -0.622 -3.235 -3.492 -3.229 -1.727 2.3 2.634 -2.867 1.272 4.435 -3.933 -3.133 -1.794 -0.488 1.147 1.052
258 N -1.703 -0.458 5.732 1.239 -1.889 -0.569 -0.768 -0.197 0.926 -2.755 -3.194 -0.338 -2.204 -2.417 -2.63 -0.161 -0.494 -3.009 -2.111 -2.603
259 L -1.767 -2.296 -2.979 -3.364 -0.627 -2.658 -3.195 -3.045 -1.41 1.296 2.704 -2.562 2.919 4.447 -3.871 -2.886 -1.787 -0.378 1.188 0.493
260 K -0.869 2.051 -0.311 -0.765 -2.02 0.764 0.271 -1.385 -0.286 -2.166 -2.283 4.596 -1.266 -2.848 -1.73 -0.924 -1.125 -2.592 -1.831 -2.042
261 H -0.908 2.083 2.431 -0.352 -1.614 -0.197 -0.61 -1.071 5.7 -2.538 -2.559 0.155 -1.439 -1.653 -2.45 0.5 -0.832 -2.112 0.035 -2.383
262 K -1.15 0.961 -1.043 -1.499 -1.511 -0.139 -0.641 -1.991 0.083 1.028 -0.761 3.294 -0.474 0.182 -2.304 -1.532 -1.298 -0.734 2.66 -0.097
263 S 0.343 -0.204 -0.162 -0.787 -0.328 -0.606 -0.783 -0.82 -0.784 0.96 -1.001 1.351 -0.548 -1.53 -1.871 2.231 0.302 -2.515 -1.704 0.021
264 N -0.913 -0.52 5.201 0.991 -1.39 -0.578 -0.733 -0.188 0.691 -2.576 -3.01 -0.336 -1.981 -2.325 -2.371 0.987 -0.136 -2.921 -2.046 -2.301
265 Y -1.189 -0.752 -1.981 -2.483 -0.937 -1.388 -1.884 -2.671 0.396 1.929 0.011 0.874 0.026 1.559 -2.963 -2.168 -1.33 0.371 4.339 1.661
266 V -0.681 -2.759 -3.101 -3.214 0.111 -2.863 -3.228 -3.196 -2.874 3.76 1.218 -2.544 0.973 -0.179 -3.343 -2.618 -0.727 -2.347 -1.328 3.749
267 L -1.398 -2.418 -3.209 -3.504 -0.287 -2.878 -3.295 -3.229 -2.089 1.948 3.173 -2.649 1.551 3.089 -3.701 -2.979 -1.488 -1.094 0.223 1.853
268 L -1.726 -2.358 -3.298 -3.599 -0.4 -2.89 -3.383 -3.316 -1.992 1.69 3.663 -2.668 1.793 3.178 -3.797 -3.175 -1.765 -0.99 0.251 0.805
269 L -1.24 -2.451 -3.294 -3.475 -0.088 -2.777 -3.331 -3.353 -2.545 2.911 3.279 -2.541 1.707 0.461 -3.536 -2.988 -1.26 -1.93 -1.188 2.361
270 S 1.922 -0.918 0.133 -0.527 0.162 -0.748 -0.732 -0.046 -0.638 -1.703 -2.14 -0.432 -1.164 -1.967 -1.518 3.007 0.733 -2.57 -1.798 -0.987
271 G 0.047 -2.4 -0.483 -1.365 -1.363 -2.238 -2.665 5.849 -1.519 -3.258 -3.503 -1.693 -2.71 -2.721 -2.822 -1.045 -1.962 -2.483 -3.191 -2.907
272 V -0.472 -2.642 -3.036 -3.21 0.206 -2.744 -3.078 -3.095 -2.916 3.399 1.064 -2.487 0.882 -0.307 -3.278 -2.469 -0.608 -2.388 -1.328 4.003
273 I -1.181 -2.811 -3.255 -3.303 -0.088 -2.999 -3.477 -3.39 -2.708 3.96 2.223 -2.621 1.345 0.201 -3.497 -2.958 -1.071 -2.15 -1.28 2.919
274 S 1.025 -0.784 0.454 -0.291 0.03 -0.613 -0.598 -0.149 -0.503 -1.954 -2.371 -0.328 -1.229 -1.986 -1.518 3.406 0.968 -2.592 -1.798 -1.335
275 I -1.587 -3.101 -3.22 -3.25 -0.4 -3.372 -3.687 -3.39 -2.266 4.14 1.443 -2.836 1.044 2.977 -3.713 -3.11 -1.334 -1.313 0.138 2.39
276 S 1.025 -0.784 0.454 -0.291 0.03 -0.613 -0.598 -0.149 -0.503 -1.954 -2.371 -0.328 -1.229 -1.986 -1.518 3.406 0.968 -2.592 -1.798 -1.335
277 L -1.583 -2.229 -3.405 -3.663 -0.193 -2.683 -3.348 -3.425 -2.356 1.962 4.106 -2.521 2.09 0.79 -3.647 -3.201 -1.623 -1.693 -1.099 1.063
278 A 3.533 -1.701 -1.917 -1.971 0.572 -1.575 -1.597 -0.094 -1.523 0.414 -0.746 -1.14 -0.485 -1.537 -1.787 0.035 -0.471 -2.472 -1.698 1.523
279 F -2.377 -2.939 -2.903 -3.357 -1.417 -3.907 -3.525 -2.917 -0.871 0.234 0.522 -3.347 0.159 6.58 -4.491 -3.073 -2.413 0.809 2.888 -0.55
280 Y -1.855 -1.82 -2.168 -3.065 -1.794 -1.826 -2.406 -2.975 2.062 -0.846 -0.953 -1.916 -0.725 3.306 -3.376 -2.48 -2.132 2.266 6.743 -1.022
281 L -1.55 -2.39 -3.385 -3.569 -0.193 -2.788 -3.421 -3.444 -2.432 2.729 3.753 -2.56 1.937 0.677 -3.627 -3.185 -1.515 -1.792 -1.143 1.51
282 L -1.875 -2.492 -3.194 -3.537 -0.622 -3.112 -3.418 -3.211 -1.668 1.389 3.14 -2.823 1.463 4.466 -3.956 -3.149 -1.914 -0.425 1.167 0.521
283 I -1.152 -3.01 -3.236 -3.22 -0.088 -3.117 -3.552 -3.409 -2.793 4.369 1.502 -2.661 1.146 0.062 -3.478 -2.942 -0.982 -2.267 -1.328 3.162
284 L -1.24 -2.451 -3.294 -3.475 -0.088 -2.777 -3.331 -3.353 -2.545 2.911 3.279 -2.541 1.707 0.461 -3.536 -2.988 -1.26 -1.93 -1.188 2.361
285 L -0.83 -1.983 -2.806 -3.143 0.007 -1.923 -2.78 -2.92 -1.922 2.285 2.279 -2.035 3.959 0.195 -3.325 -2.366 -0.927 -1.809 -1.094 2.736
286 G -0.301 -2.5 -0.83 -1.669 -1.374 -2.503 -2.817 5.24 -1.377 -2.145 -2.135 -1.957 -1.864 2.363 -3.087 -1.352 -2.047 -1.459 -0.612 -2.257
287 L -1.398 -2.418 -3.209 -3.504 -0.287 -2.878 -3.295 -3.229 -2.089 1.948 3.173 -2.649 1.551 3.089 -3.701 -2.979 -1.488 -1.094 0.223 1.853
288 L -1.484 -2.742 -3.345 -3.391 -0.193 -3.011 -3.571 -3.483 -2.588 3.834 2.884 -2.639 1.604 0.437 -3.587 -3.152 -1.309 -2.002 -1.234 2.237
289 L -1.838 -2.67 -3.175 -3.447 -0.622 -3.235 -3.492 -3.229 -1.727 2.3 2.634 -2.867 1.272 4.435 -3.933 -3.133 -1.794 -0.488 1.147 1.052
290 Q -0.914 1.217 -0.17 -0.469 -1.967 4.547 1.163 -1.494 0.551 -2.259 -2.082 2.259 -0.592 -2.97 -2.095 -0.822 -1.039 -2.297 -1.422 -1.871
291 G -0.048 1.847 -0.158 -1.04 -0.545 -0.797 -1.249 2.073 -0.902 -1.423 -1.897 -0.041 -1.175 -2.059 -2.057 1.001 2.426 -2.357 -2.01 -0.953
292 R -1.424 4.066 0.064 2.521 -2.242 0.282 0.113 -1.673 -0.162 -2.537 -2.416 2.523 -1.556 -2.689 -2.344 -1.179 -1.375 -2.62 -2.074 -2.307
293 R -1.369 5.006 -0.441 -1.358 -2.215 0.564 -0.345 -1.939 -0.012 -2.51 -2.108 2.876 -1.252 -2.581 -2.443 -1.294 -1.385 -2.338 -1.805 -2.149
294 K -1.016 3.404 -0.344 -0.939 -2.074 0.709 0.09 -1.548 -0.182 -2.266 -2.214 4.101 -1.252 -2.747 -1.938 -1.032 -1.199 -2.496 -1.813 -2.067
295 I -1.405 -3.129 -3.291 -3.209 -0.179 -3.238 -3.715 -3.508 -2.74 4.595 1.648 -2.707 1.243 0.189 -3.533 -3.105 -1.103 -2.213 -1.314 2.832
296 I -0.625 -2.072 -1.601 -2.154 0.02 -2.124 -2.458 -2.386 -2.195 3.091 0.647 -1.77 0.533 -0.557 -2.627 -0.915 2.351 -2.267 -1.489 2.474
297 S 0.854 -1.043 0.29 -0.477 -0.2 -0.873 -0.909 2.376 -0.679 -2.172 -2.565 -0.554 -1.471 -2.119 -1.736 2.912 0.575 -2.57 -2.028 -1.588
298 L -1.726 -2.358 -3.298 -3.599 -0.4 -2.89 -3.383 -3.316 -1.992 1.69 3.663 -2.668 1.793 3.178 -3.797 -3.175 -1.765 -0.99 0.251 0.805
299 F 1.854 -2.163 -2.44 -2.638 -0.207 -2.424 -2.423 -1.22 -1.273 0.338 1.281 -1.985 0.343 4.264 -2.813 -1.176 -1.344 -0.609 1.051 0.094
300 V -0.934 -2.692 -3.186 -3.299 0.013 -2.874 -3.314 -3.283 -2.747 3.625 2.115 -2.562 1.266 0.089 -3.428 -2.79 -0.938 -2.189 -1.28 3.253
301 V -0.836 -2.542 -3.039 -3.323 -0.074 -2.855 -3.126 -3.062 -2.294 2.405 1.837 -2.611 0.997 2.902 -3.516 -2.624 -1.004 -1.313 0.167 3.226
302 F 0.487 -2.456 -2.705 -3.001 -0.631 -2.959 -2.907 -1.979 -1.192 0.51 1.486 -2.514 0.507 5.281 -3.462 -1.98 -1.756 -0.029 1.816 -0.024
303 L -1.55 -2.39 -3.385 -3.569 -0.193 -2.788 -3.421 -3.444 -2.432 2.729 3.753 -2.56 1.937 0.677 -3.627 -3.185 -1.515 -1.792 -1.143 1.51
304 L -1.484 -2.742 -3.345 -3.391 -0.193 -3.011 -3.571 -3.483 -2.588 3.834 2.884 -2.639 1.604 0.437 -3.587 -3.152 -1.309 -2.002 -1.234 2.237
305 G -0.116 -2.328 -0.726 -1.412 -1.39 -2.184 -2.435 5.254 -1.545 -3.055 -3.347 -1.566 -2.655 -2.841 2.458 -1.13 -1.838 -2.799 -3.081 -2.752
306 V -0.681 -2.759 -3.101 -3.214 0.111 -2.863 -3.228 -3.196 -2.874 3.76 1.218 -2.544 0.973 -0.179 -3.343 -2.618 -0.727 -2.347 -1.328 3.749
307 A 2.379 -1.681 -1.045 -1.518 0.133 -1.554 -1.644 2.311 -1.394 0.071 -1.155 -1.157 -0.781 -1.685 -2.027 0.847 -0.336 -2.494 -1.92 1.132
308 I -1.304 -2.97 -3.152 -3.246 -0.287 -3.231 -3.513 -3.283 -2.3 3.826 1.302 -2.773 0.956 2.935 -3.639 -2.934 -1.188 -1.342 0.138 2.786
309 Y -1.952 -2.012 -2.301 -3.121 -1.715 -2.139 -2.598 -2.963 1.668 -0.595 -0.591 -2.151 -0.525 4.322 -3.567 -2.589 -2.186 2.028 6.283 -0.921
310 H -1.363 -0.791 2.278 -0.653 -1.511 -0.728 -1.055 -1.468 5.763 -1.647 -1.961 -0.897 -1.168 0.334 -2.613 -0.817 0.877 -0.504 3.148 -1.609
311 S 0.825 -0.851 0.338 -0.429 0.04 -0.712 -0.745 -0.356 -0.67 -1.528 -2.068 -0.422 -1.086 -1.91 -1.559 3.028 2.04 -2.515 -1.788 -0.96
312 P 0.96 -1.942 -1.92 -1.631 -0.927 -1.842 -1.597 -1.292 -1.566 -1.995 -2.445 -1.062 -2.068 -3.013 6.103 -0.999 -1.18 -4.029 -2.479 -1.575
313 F -1.67 -2.7 -3.011 -3.384 -0.732 -3.34 -3.363 -3.029 -1.456 1.372 1.732 -2.966 0.778 5.312 -4.015 -2.931 -1.765 -0.024 1.845 1.45
314 F -2.32 -2.882 -2.846 -3.3 -1.36 -3.85 -3.468 -2.86 -0.814 0.291 0.579 -3.29 0.216 6.492 -4.434 -3.016 -2.356 0.866 2.945 -0.493
315 N -1.645 -0.4 5.612 1.296 -1.832 -0.512 -0.711 -0.14 0.983 -2.698 -3.137 -0.281 -2.147 -2.36 -2.573 -0.104 -0.437 -2.952 -2.054 -2.546
316 S 1.082 -0.727 0.511 -0.234 0.087 -0.555 -0.541 -0.092 -0.446 -1.897 -2.314 -0.271 -1.172 -1.929 -1.461 3.212 1.025 -2.535 -1.741 -1.278
317 L -1.526 -2.172 -3.348 -3.606 -0.136 -2.626 -3.291 -3.368 -2.299 2.019 4.014 -2.464 2.147 0.847 -3.59 -3.144 -1.566 -1.636 -1.042 1.12
318 Q -0.868 1.022 -0.078 -0.342 -1.897 4.831 1.406 -1.465 0.784 -2.226 -1.976 1.236 -0.389 -2.944 -2.137 -0.74 -0.961 -2.17 -1.271 -1.773
319 N -1.645 -0.4 5.612 1.296 -1.832 -0.512 -0.711 -0.14 0.983 -2.698 -3.137 -0.281 -2.147 -2.36 -2.573 -0.104 -0.437 -2.952 -2.054 -2.546
320 N -1.645 -0.4 5.612 1.296 -1.832 -0.512 -0.711 -0.14 0.983 -2.698 -3.137 -0.281 -2.147 -2.36 -2.573 -0.104 -0.437 -2.952 -2.054 -2.546
321 P -0.822 -1.999 -1.919 -1.549 -1.443 -1.919 -1.608 -1.838 -1.593 -2.303 -2.736 -1.05 -2.389 -3.321 6.648 -1.437 -1.334 -4.535 -2.621 -2.147
322 I -1.362 -3.086 -3.248 -3.166 -0.136 -3.195 -3.672 -3.465 -2.697 4.483 1.691 -2.664 1.286 0.232 -3.49 -3.062 -1.06 -2.17 -1.271 2.875
323 Y -1.763 -2.041 -2.363 -3.096 -1.395 -2.061 -2.627 -3.076 1.551 1.342 -0.218 -2.06 -0.214 2.896 -3.409 -2.597 -1.899 1.77 6.143 0.255
324 D -1.424 -0.732 2.533 4.043 -2.317 0.233 2.849 -1.224 0.153 -2.781 -3.129 -0.082 -2.225 -2.721 -2.216 -0.746 -1.194 -2.958 -2.389 -2.535
325 N -1.515 0.248 5.175 0.934 -1.915 -0.249 -0.528 -0.399 0.721 -2.627 -2.988 1.523 -1.991 -2.498 -2.426 -0.298 -0.61 -2.921 -2.053 -2.482
326 F -2.157 -2.438 -2.586 -3.237 -1.562 -2.89 -3.024 -2.94 0.669 -0.151 0.019 -2.687 -0.163 5.667 -3.992 -2.821 -2.298 1.482 5.058 -0.73
327 L -1.27 -2.287 -3.313 -3.566 -0.088 -2.672 -3.261 -3.335 -2.467 2.198 3.691 -2.503 1.872 0.582 -3.555 -3.004 -1.359 -1.826 -1.143 2.035
328 Q -0.287 0.53 -0.413 -0.837 -0.923 2.96 0.257 -1.377 -0.192 -0.177 -1.244 1.775 -0.418 -2.07 -2.114 0.5 -0.419 -2.409 -1.513 0.768
329 K -0.887 1.724 -0.325 -0.156 -2.102 0.88 1.791 -1.497 -0.147 -2.283 -2.37 4.13 -1.365 -2.808 -1.768 -0.906 -1.167 -2.559 -1.855 -2.068
330 R -1.577 5.589 -0.505 -1.606 -2.302 0.475 -0.603 -2.171 0.056 -2.654 -2.071 1.976 -1.266 -2.515 -2.747 -1.449 -1.497 -2.277 -1.815 -2.204
331 L -1.802 -2.858 -3.156 -3.36 -0.622 -3.363 -3.568 -3.247 -1.788 2.991 2.02 -2.911 1.067 4.404 -3.911 -3.117 -1.679 -0.553 1.126 1.5
332 S 1.643 -1.076 0.305 2.269 -0.172 -0.809 -0.314 -0.217 -0.654 -1.836 -2.322 -0.537 -1.404 -2.136 -1.664 2.435 0.353 -2.74 -2.014 -1.21
333 D -0.869 -0.29 0.409 3.629 -1.098 -0.569 0.089 -1.29 -0.83 -1.415 -2.109 1.318 -1.419 -2.332 -1.956 -0.204 2.269 -2.775 -2.232 -1.15
334 S 0.442 -1.208 0.453 2.288 -0.581 -0.936 -0.467 2.304 -0.695 -2.329 -2.777 -0.663 -1.739 -2.298 -1.893 2.319 0.172 -2.74 -2.262 -1.866
335 E -0.312 -1.093 -0.582 0.107 -1.093 -0.157 2.354 1.954 -0.591 0.786 -1.225 -0.415 -0.91 -1.722 -2.258 0.423 -0.762 -2.43 -1.982 -0.247
336 S 0.408 -1.005 0.499 2.307 -0.309 -0.772 -0.325 -0.546 -0.686 -1.654 -2.246 -0.526 -1.319 -2.076 -1.707 2.461 1.805 -2.682 -2.003 -1.181
337 G -0.532 -1.462 3.551 -0.034 -1.562 -1.452 -1.752 4.603 -0.286 -3.046 -3.376 -1.073 -2.497 -2.596 -2.744 -0.658 -1.283 -2.682 -2.71 -2.782
338 L -1.21 -1.504 -2.082 -1.311 -0.775 -0.989 0.772 -2.597 -1.215 0.75 2.309 -1.149 2.668 -0.305 2.432 -2.007 -1.407 -2.15 -1.465 0.122
339 V -0.325 -2.282 -1.976 -2.347 0.056 -2.291 -2.524 -2.307 -2.206 3.373 0.843 -1.963 0.687 -0.406 -2.896 -0.102 -0.342 -2.378 -1.416 3.096
340 F -0.799 -2.163 -1.925 -2.45 -0.45 -2.474 -2.535 -2.195 -1.361 1.157 1.481 -2.157 0.594 4.306 -3.246 -0.166 -0.886 -0.614 1.089 1.381
341 R 0.772 3.503 -1.072 -1.684 -0.964 -0.235 -0.929 -1.495 -0.66 0.965 -0.781 2.002 -0.508 -1.682 -2.363 -1.088 -1.115 -2.368 -1.711 0.065
342 D -1.796 -1.355 2.814 5.392 -2.302 -0.842 0.729 -0.945 -0.209 -2.765 -3.463 -0.757 -2.625 -2.845 -2.389 -0.808 -1.236 -3.452 -2.863 -2.844
343 N -1.703 -0.458 5.732 1.239 -1.889 -0.569 -0.768 -0.197 0.926 -2.755 -3.194 -0.338 -2.204 -2.417 -2.63 -0.161 -0.494 -3.009 -2.111 -2.603
344 R -1.577 5.589 -0.505 -1.606 -2.302 0.475 -0.603 -2.171 0.056 -2.654 -2.071 1.976 -1.266 -2.515 -2.747 -1.449 -1.497 -2.277 -1.815 -2.204
345 I 0.918 -1.862 -2.09 -1.288 -0.207 -1.248 0.734 -1.924 -1.566 2.948 0.478 -1.297 0.348 -0.716 -2.619 -1.448 -0.885 -2.357 -1.534 2.315
346 S 1.025 -0.784 0.454 -0.291 0.03 -0.613 -0.598 -0.149 -0.503 -1.954 -2.371 -0.328 -1.229 -1.986 -1.518 3.406 0.968 -2.592 -1.798 -1.335
347 D -1.82 -1.631 1.156 5.896 -2.415 -0.915 1.007 -1.166 -0.579 -2.768 -3.534 -0.872 -2.74 -2.962 -2.332 -0.995 -1.455 -3.574 -3.086 -2.907
348 C -0.49 -3.381 -3.007 -3.461 9.724 -3.501 -3.967 -2.206 -2.993 -0.774 -1.104 -3.156 -1.121 -2.07 -3.249 -1.713 -1.359 -3.278 -2.839 -0.452
349 F -2.377 -2.939 -2.903 -3.357 -1.417 -3.907 -3.525 -2.917 -0.871 0.234 0.522 -3.347 0.159 6.58 -4.491 -3.073 -2.413 0.809 2.888 -0.55
350 K -0.983 1.298 -0.669 -1.03 -1.539 1.986 0.094 -1.734 -0.376 0.907 -0.935 3.471 -0.421 -1.961 -2.109 -1.22 -1.102 -2.44 -1.619 -0.201
351 E -0.666 -0.883 -0.164 2.582 -1.258 0.042 2.612 -1.547 -0.397 -0.931 0.356 -0.278 -0.519 -1.499 -2.184 0.424 -0.771 -2.483 -1.909 -1.129
352 Y -1.464 -1.041 -1.317 -0.387 -2.04 -0.157 2.307 -2.541 1.493 -1.48 -1.543 -0.618 -1.107 2.066 -2.706 -1.706 -1.79 1.147 5.362 -1.43
353 Y -1.952 -2.012 -2.301 -3.121 -1.715 -2.139 -2.598 -2.963 1.668 -0.595 -0.591 -2.151 -0.525 4.322 -3.567 -2.589 -2.186 2.028 6.283 -0.921
354 D -1.018 -1.165 2.563 3.752 -1.078 -0.93 -0.103 -1.019 -0.488 -1.498 -2.26 -0.742 -1.593 -2.255 -2.128 -0.071 2.312 -2.859 -2.294 -1.226
355 A 2.838 -0.205 1.956 -0.68 -0.144 -0.648 -0.831 -0.048 -0.485 -1.404 -1.828 1.36 -1.204 -2.162 -1.753 0.075 -0.591 -2.603 -1.865 -0.644
356 F -2.377 -2.939 -2.903 -3.357 -1.417 -3.907 -3.525 -2.917 -0.871 0.234 0.522 -3.347 0.159 6.58 -4.491 -3.073 -2.413 0.809 2.888 -0.55
357 E 0.978 -1.038 -0.977 -0.056 -0.598 -0.141 2.361 -1.435 -0.721 1.125 -0.761 -0.392 -0.537 -1.523 -2.048 -0.47 1.104 -2.357 -1.746 0.376
358 N -0.633 0.775 3.622 0.281 -1.433 0.033 -0.277 -0.604 0.226 -2.34 -2.633 2.646 -1.597 -2.485 -2.008 0.801 -0.344 -2.752 -1.933 -2.086
359 D -0.038 -1.383 0.608 3.674 -1.021 -1.001 -0.083 2.229 -0.712 -2.495 -3.006 -0.777 -2.034 -2.488 -2.059 1.573 -0.296 -2.921 -2.517 -2.173
360 D -0.038 -1.383 0.608 3.674 -1.021 -1.001 -0.083 2.229 -0.712 -2.495 -3.006 -0.777 -2.034 -2.488 -2.059 1.573 -0.296 -2.921 -2.517 -2.173
361 E -1.255 -1.021 -0.319 3.007 -1.681 0.151 3.025 -2.036 -0.403 1.199 -0.986 -0.274 -0.825 -1.686 -2.347 -1.29 -1.298 -2.606 -1.998 -0.014
362 L -1.361 -1.705 -2.276 -1.277 -0.6 -1.137 1.053 -3.001 -1.462 2.423 2.755 -1.377 1.276 0.08 -3.076 -2.375 -1.405 -1.979 -1.335 1.192
363 N -0.617 -0.646 4.523 0.623 -0.95 -0.685 -0.851 -0.387 0.316 -1.915 -2.483 -0.429 -1.602 -2.154 -2.184 1.112 1.522 -2.752 -1.972 -1.558
364 L -1.141 -1.289 -2.326 -2.583 -0.354 1.093 -1.574 -2.854 -1.502 1.756 3.034 -1.299 1.483 0.089 -3.211 -2.376 -1.239 -1.93 -1.188 1.762
365 L -1.731 -2.461 -2.962 -3.279 -0.627 -2.762 -3.264 -3.062 -1.464 2.232 2.106 -2.602 2.805 4.416 -3.849 -2.872 -1.672 -0.44 1.168 1.029
366 F -2.2 -2.782 -2.997 -3.416 -1.127 -3.617 -3.489 -3.012 -1.113 0.672 1.678 -3.162 0.662 6.032 -4.301 -3.098 -2.237 0.453 2.42 -0.147
367 G 0.047 -2.4 -0.483 -1.365 -1.363 -2.238 -2.665 5.849 -1.519 -3.258 -3.503 -1.693 -2.71 -2.721 -2.822 -1.045 -1.962 -2.483 -3.191 -2.907
368 N -1.428 -1.178 3.372 0.219 -1.167 -0.746 0.967 -1.513 -0.206 2.302 -0.259 -0.789 -0.285 -1.122 -2.789 -1.182 -0.892 -2.559 -1.743 0.797
369 G 0.047 -2.4 -0.483 -1.365 -1.363 -2.238 -2.665 5.849 -1.519 -3.258 -3.503 -1.693 -2.71 -2.721 -2.822 -1.045 -1.962 -2.483 -3.191 -2.907
370 N 0.64 -0.642 5.142 0.842 -1.177 -0.712 -0.874 -0.084 0.602 -2.268 -2.724 -0.441 -1.896 -2.304 -2.371 -0.037 -0.488 -2.896 -2.046 -1.825
371 N -0.913 -0.52 5.201 0.991 -1.39 -0.578 -0.733 -0.188 0.691 -2.576 -3.01 -0.336 -1.981 -2.325 -2.371 0.987 -0.136 -2.921 -2.046 -2.301
372 A 4.018 -1.526 -1.705 -1.73 0.637 -1.363 -1.341 0.331 -1.254 -0.873 -1.364 -0.891 -0.916 -1.891 -1.518 0.412 -0.465 -2.483 -1.798 0.096
373 H -1.75 -0.4 0.417 -1.004 -2.377 -0.208 -0.543 -1.74 8.073 -2.704 -2.638 -0.808 -1.304 -0.895 -2.792 -1.622 -2.269 -1.497 1.624 -3.078
374 L -1.27 -2.287 -3.313 -3.566 -0.088 -2.672 -3.261 -3.335 -2.467 2.198 3.691 -2.503 1.872 0.582 -3.555 -3.004 -1.359 -1.826 -1.143 2.035
375 R -1.55 3.339 2.248 2.214 -1.691 -0.246 -0.474 -1.526 -0.035 -1.214 -0.896 0.616 1.899 -1.687 -2.732 -1.152 -1.179 -2.399 -1.855 -1.388
376 T -0.155 -1.135 -0.182 -1.057 0.079 -1.146 -1.421 -1.372 -1.456 -0.267 -1.1 -0.834 -0.575 -1.623 -1.73 0.662 4.369 -2.227 -1.749 0.187
377 G -0.448 -1.705 2.075 -0.81 -1.182 -1.585 -2.126 4.54 -0.751 -1.405 -1.211 -1.33 1.744 -1.715 -2.868 -1.009 -1.428 -2.307 -2.353 -1.582
378 C -0.49 -3.381 -3.007 -3.461 9.724 -3.501 -3.967 -2.206 -2.993 -0.774 -1.104 -3.156 -1.121 -2.07 -3.249 -1.713 -1.359 -3.278 -2.839 -0.452
379 D -1.82 -1.631 1.156 5.896 -2.415 -0.915 1.007 -1.166 -0.579 -2.768 -3.534 -0.872 -2.74 -2.962 -2.332 -0.995 -1.455 -3.574 -3.086 -2.907
380 V -0.276 -2.529 -2.972 -3.207 0.297 -2.63 -2.936 -2.998 -2.958 2.987 0.903 -2.431 0.789 -0.441 -3.214 -2.327 -0.494 -2.43 -1.328 4.236
381 S 1.025 -0.784 0.454 -0.291 0.03 -0.613 -0.598 -0.149 -0.503 -1.954 -2.371 -0.328 -1.229 -1.986 -1.518 3.406 0.968 -2.592 -1.798 -1.335
382 S 1.025 -0.784 0.454 -0.291 0.03 -0.613 -0.598 -0.149 -0.503 -1.954 -2.371 -0.328 -1.229 -1.986 -1.518 3.406 0.968 -2.592 -1.798 -1.335
383 Y -1.855 -1.82 -2.168 -3.065 -1.794 -1.826 -2.406 -2.975 2.062 -0.846 -0.953 -1.916 -0.725 3.306 -3.376 -2.48 -2.132 2.266 6.743 -1.022
384 K -0.998 1.566 -0.718 -1.156 -1.551 0.331 -0.175 -1.693 -0.597 -0.745 0.508 4.013 -0.214 -1.667 -2.024 -1.257 -1.218 -2.388 -1.669 -1.099
385 L -0.902 -1.365 -1.801 -2.396 -0.151 -1.104 -2.173 -2.328 -1.095 1.276 1.678 -1.35 5.252 0.116 -2.9 -1.272 1.088 -1.504 -1.03 0.81
386 Y -1.763 -2.041 -2.363 -3.096 -1.395 -2.061 -2.627 -3.076 1.551 1.342 -0.218 -2.06 -0.214 2.896 -3.409 -2.597 -1.899 1.77 6.143 0.255
387 I -1.152 -3.01 -3.236 -3.22 -0.088 -3.117 -3.552 -3.409 -2.793 4.369 1.502 -2.661 1.146 0.062 -3.478 -2.942 -0.982 -2.267 -1.328 3.162
388 Y -1.855 -1.82 -2.168 -3.065 -1.794 -1.826 -2.406 -2.975 2.062 -0.846 -0.953 -1.916 -0.725 3.306 -3.376 -2.48 -2.132 2.266 6.743 -1.022
389 D -1.796 -1.355 2.814 5.392 -2.302 -0.842 0.729 -0.945 -0.209 -2.765 -3.463 -0.757 -2.625 -2.845 -2.389 -0.808 -1.236 -3.452 -2.863 -2.844
390 Y -1.834 -1.475 -1.434 -2.518 -1.902 -1.422 -1.925 -2.682 4.595 -1.134 -1.22 -1.658 -0.832 2.825 -3.249 -2.287 -2.159 1.811 6.219 -1.332
391 G 0.047 -2.4 -0.483 -1.365 -1.363 -2.238 -2.665 5.849 -1.519 -3.258 -3.503 -1.693 -2.71 -2.721 -2.822 -1.045 -1.962 -2.483 -3.191 -2.907
392 Y -1.952 -2.012 -2.301 -3.121 -1.715 -2.139 -2.598 -2.963 1.668 -0.595 -0.591 -2.151 -0.525 4.322 -3.567 -2.589 -2.186 2.028 6.283 -0.921
393 L -1.517 -2.561 -3.365 -3.479 -0.193 -2.897 -3.495 -3.463 -2.509 3.334 3.351 -2.599 1.775 0.56 -3.607 -3.168 -1.41 -1.895 -1.188 1.896
394 G 0.047 -2.4 -0.483 -1.365 -1.363 -2.238 -2.665 5.849 -1.519 -3.258 -3.503 -1.693 -2.71 -2.721 -2.822 -1.045 -1.962 -2.483 -3.191 -2.907
395 F -1.67 -2.7 -3.011 -3.384 -0.732 -3.34 -3.363 -3.029 -1.456 1.372 1.732 -2.966 0.778 5.312 -4.015 -2.931 -1.765 -0.024 1.845 1.45
396 L 0.651 -2.524 -2.849 -2.953 -0.2 -2.755 -2.971 -2.141 -1.888 2.919 1.851 -2.312 0.933 2.917 -3.166 -1.993 -1.277 -1.264 0.115 1.57
397 I -0.846 -2.168 -1.64 -2.156 -0.081 -2.22 -2.578 -2.464 -2.163 3.489 0.824 -1.814 0.635 -0.417 -2.679 -1.002 2.309 -2.227 -1.489 2.028
398 I -1.452 -2.936 -3.325 -3.306 -0.193 -3.129 -3.649 -3.502 -2.67 4.26 2.326 -2.68 1.422 0.309 -3.567 -3.135 -1.212 -2.112 -1.28 2.542
399 V 2.135 -2.182 -2.449 -2.526 0.351 -2.148 -2.299 -1.247 -2.121 2.547 0.4 -1.758 0.335 -0.779 -2.461 -0.997 -0.596 -2.409 -1.507 2.845
400 L 0.699 -2.227 -2.958 -3.08 -0.007 -2.46 -2.88 -2.201 -2.168 2.438 3.138 -2.147 1.513 0.289 -3.061 -2.021 -1.253 -1.939 -1.272 1.365
401 L 0.683 -2.074 -2.976 -3.159 -0.007 -2.366 -2.82 -2.188 -2.1 1.576 3.569 -2.113 1.69 0.418 -3.077 -2.032 -1.351 -1.835 -1.226 0.894
402 Q -1.216 0.105 -0.915 -1.253 -1.477 3.708 0.294 -2.079 0.687 -0.587 0.69 0.247 0.228 0.285 -2.65 -1.446 -1.328 -0.548 2.741 -0.839
403 I -1.181 -2.811 -3.255 -3.303 -0.088 -2.999 -3.477 -3.39 -2.708 3.96 2.223 -2.621 1.345 0.201 -3.497 -2.958 -1.071 -2.15 -1.28 2.919
404 L -1.268 -1.855 -2.747 -3.074 -0.204 -1.702 -2.799 -2.936 -1.532 2.551 2.552 -1.894 4.771 0.455 -3.406 -2.45 -1.194 -1.574 -1.005 1.45
405 Q -0.964 0.62 -0.468 -0.751 -1.511 4.472 0.896 -1.711 0.453 -1.004 -0.614 0.807 2.259 -1.918 -2.381 -1.009 -1.032 -2.029 -1.231 -1.021
406 Y -1.799 -1.897 -2.377 -3.175 -1.395 -1.979 -2.572 -3.059 1.57 -0.025 0.981 -2.027 0.099 2.949 -3.428 -2.61 -2.023 1.799 6.147 -0.467
407 F -1.341 -2.168 -2.705 -3.118 -0.509 -2.257 -2.912 -2.812 -1.246 1.503 1.318 -2.305 3.768 4.37 -3.692 -2.482 -1.397 -0.414 1.189 1.621
408 I -1.284 -2.867 -2.983 -3.237 5.394 -2.948 -3.453 -3.1 -0.986 3.435 0.838 -2.618 0.549 0.896 -3.451 -2.653 -1.344 -0.717 2.671 1.859
409 P -0.865 -2.042 -1.962 -1.592 -1.486 -1.962 -1.651 -1.881 -1.636 -2.346 -2.779 -1.093 -2.432 -3.364 6.692 -1.48 -1.377 -4.578 -2.664 -2.19
410 L -1.66 -2.824 -3.209 -3.347 -0.44 -3.227 -3.564 -3.321 -2.057 3.38 2.296 -2.797 1.27 3.438 -3.768 -3.114 -1.507 -1.011 0.459 1.859
411 L -1.494 -1.924 -2.735 -3.149 -0.449 -1.955 -2.855 -2.866 -1.24 1.412 2.487 -2.1 4.31 3.48 -3.623 -2.534 -1.491 -0.691 0.589 0.686
412 Y -1.786 -1.751 -2.1 -2.996 -1.726 -1.758 -2.337 -2.906 2.131 -0.778 -0.884 -1.847 -0.656 3.374 -3.307 -2.411 -2.063 2.335 6.599 -0.953
413 G -0.637 1.687 2.05 -0.903 5.292 -1.272 -1.86 3.541 -0.692 -2.376 -2.511 -0.422 -1.92 -2.479 -2.847 -1.033 -1.402 -2.682 -2.573 -2.05
414 G 0.017 -1.551 2.274 -0.429 -1.112 -1.464 -1.704 4.605 -0.651 -2.849 -3.18 -1.071 -2.251 -2.498 -2.475 0.662 -0.821 -2.603 -2.629 -2.461
415 V -1.088 -1.687 1.991 2.073 -0.864 -1.588 -1.163 -1.815 -0.025 1.03 -0.588 -1.47 -0.463 0.354 -2.925 -1.502 -0.94 -0.871 2.629 2.044
416 C 0.745 -2.058 1.657 -1.449 5.392 -2.211 -2.347 -1.306 -1.025 1.338 -0.243 -1.82 -0.33 2.594 -2.915 -1.168 -1.087 -1.589 -0.152 0.416
417 V -0.729 -2.924 -3.108 -3.263 5.46 -3.031 -3.426 -3.007 -2.881 3.419 0.946 -2.68 0.698 -0.415 -3.35 -2.471 -0.894 -2.494 -1.573 3.14
418 K -1.028 2.834 -0.326 -0.212 -2.144 2.294 1.856 -1.673 0.139 -2.403 -2.272 3.086 -1.175 -2.768 -2.041 -0.976 -1.216 -2.42 -1.743 -2.056
419 F -1.894 1.541 -2.166 -2.837 -1.336 -1.942 -2.49 -2.868 -0.043 1.459 0.203 -1.017 0.038 4.549 -3.651 -2.562 -1.867 0.407 3.524 0.262
420 L -1.042 -2.304 -2.257 -2.727 -0.229 -2.571 -2.861 -2.733 -1.967 2.469 1.747 -2.241 0.881 2.885 -3.176 -1.759 1.0 -1.257 0.12 2.095
421 K -1.044 1.328 -0.163 -0.194 -2.172 0.717 1.707 -1.567 4.036 -2.387 -2.439 3.49 -1.373 -2.304 -1.953 -1.032 -1.366 -2.307 -0.751 -2.249
422 G 0.901 -0.824 -1.492 -1.91 -0.706 -1.504 -1.785 1.998 -1.227 1.207 -0.413 0.934 -0.401 2.556 -2.616 -1.235 -1.336 -1.437 -0.148 0.208
423 S 0.184 -1.489 -0.506 -1.154 -0.254 -1.466 -1.466 -1.023 -0.912 1.203 -0.449 -1.129 -0.274 2.609 -2.271 2.127 0.173 -1.467 -0.023 0.206
424 L -1.838 -2.67 -3.175 -3.447 -0.622 -3.235 -3.492 -3.229 -1.727 2.3 2.634 -2.867 1.272 4.435 -3.933 -3.133 -1.794 -0.488 1.147 1.052
425 V -1.221 1.545 -2.137 -2.483 -0.868 -1.813 -2.236 -2.64 -1.41 1.917 0.11 -0.793 -0.015 2.628 2.387 -2.202 -1.317 -1.597 -0.051 1.616
426 F -2.377 -2.939 -2.903 -3.357 -1.417 -3.907 -3.525 -2.917 -0.871 0.234 0.522 -3.347 0.159 6.58 -4.491 -3.073 -2.413 0.809 2.888 -0.55
427 L -1.11 -2.72 -3.228 -3.309 -0.048 -2.925 -3.403 -3.344 -2.683 3.745 2.35 -2.582 1.388 0.222 -3.47 -2.904 -1.046 -2.117 -1.255 2.939
428 C -1.231 -2.87 -2.852 -3.31 7.182 -3.1 -3.456 -2.722 -0.734 1.475 0.025 -2.811 -0.166 3.163 -3.547 -2.353 -1.634 -0.227 3.062 0.474
429 L -1.239 -2.234 -3.097 -3.444 5.429 -2.414 -3.236 -2.975 -2.136 1.498 3.208 -2.391 3.048 0.323 -3.489 -2.599 -1.455 -1.869 -1.322 0.792
430 F -2.363 -2.925 -2.889 -3.343 -1.403 -3.893 -3.511 -2.903 -0.857 0.248 0.536 -3.333 0.173 6.559 -4.477 -3.059 -2.399 0.823 2.902 -0.536
431 S -0.056 -1.682 -0.792 -1.403 -0.316 -1.711 -1.717 -1.275 -1.01 1.626 -0.104 -1.356 -0.064 3.118 -2.48 1.653 -0.052 -1.228 0.305 0.504
432 L -1.407 -2.18 -3.083 -3.317 -0.183 -2.294 -3.147 -3.212 -2.025 2.815 3.189 -2.258 3.406 0.571 -3.514 -2.838 -1.337 -1.71 -1.081 1.602
433 S 1.039 -0.77 0.468 -0.277 0.044 -0.598 -0.584 -0.135 -0.489 -1.94 -2.357 -0.314 -1.215 -1.972 -1.504 3.359 0.982 -2.578 -1.784 -1.321
434 Y -1.358 -1.968 -2.335 -3.086 -1.099 -1.993 -2.516 -2.966 1.41 0.688 -0.352 -2.022 -0.252 2.741 -3.32 -2.427 -1.613 1.633 5.943 1.357
435 Y -1.841 -1.806 -2.154 -3.051 -1.78 -1.812 -2.392 -2.961 2.076 -0.832 -0.939 -1.902 -0.711 3.32 -3.362 -2.466 -2.118 2.28 6.714 -1.008
436 Q -0.911 0.979 -0.121 -0.385 -1.94 4.983 1.364 -1.508 0.741 -2.269 -2.019 1.193 -0.432 -2.987 -2.179 -0.783 -1.004 -2.213 -1.314 -1.815
437 R -1.563 5.563 -0.491 -1.592 -2.288 0.489 -0.589 -2.157 0.07 -2.64 -2.056 1.99 -1.252 -2.501 -2.733 -1.435 -1.482 -2.263 -1.801 -2.19
438 P -0.865 -2.042 -1.962 -1.592 -1.486 -1.962 -1.651 -1.881 -1.636 -2.346 -2.779 -1.093 -2.432 -3.364 6.692 -1.48 -1.377 -4.578 -2.664 -2.19
439 V -0.508 -2.657 -3.038 -3.197 0.196 -2.759 -3.101 -3.106 -2.891 3.489 1.118 -2.487 0.919 -0.26 -3.28 -2.491 -0.623 -2.364 -1.314 3.914
440 F -1.503 -2.629 -3.024 -3.377 -0.569 -3.2 -3.309 -3.043 -1.608 1.612 1.964 -2.864 0.928 4.866 -3.893 -2.883 -1.609 -0.263 1.527 1.775
441 F -2.143 -2.73 -3.006 -3.416 -1.045 -3.535 -3.466 -3.022 -1.163 0.786 1.901 -3.103 0.789 5.857 -4.242 -3.091 -2.18 0.371 2.304 -0.041
442 N -0.731 -0.522 5.025 0.94 -1.263 -0.566 -0.71 -0.171 0.644 -2.519 -2.951 -0.322 -1.914 -2.289 -2.295 1.196 -0.039 -2.885 -2.016 -2.216
443 L -1.818 -2.263 -2.91 -3.412 -0.797 -2.669 -3.108 -3.161 -0.237 1.075 2.69 -2.518 1.165 3.911 -3.747 -2.959 -1.914 0.436 3.687 0.302
444 A 3.25 -1.712 -2.0 -2.091 0.141 -1.658 -1.663 -0.135 -1.22 -1.083 -1.429 -1.254 -0.999 -0.802 -2.098 -0.158 -0.873 6.73 -0.212 -0.325
445 F -1.995 -2.466 -2.755 -3.209 -1.051 -2.896 -3.184 -2.827 -0.891 0.641 1.016 -2.747 2.792 5.842 -4.125 -2.77 -2.007 0.416 2.322 -0.083
446 C 0.229 -1.75 -0.805 -1.416 5.991 -1.661 -1.773 -1.163 -1.436 1.491 -0.521 -1.331 -0.359 -1.279 -2.292 1.737 0.086 -2.634 -1.876 0.522
447 L -1.33 -1.785 -2.846 -3.217 -0.188 -1.766 -2.819 -2.984 -1.592 1.782 3.261 -1.948 4.469 0.628 -3.446 -2.56 -1.329 -1.502 -0.971 1.02
448 I -1.074 -2.963 -3.204 -3.205 -0.048 -3.069 -3.496 -3.367 -2.789 4.271 1.482 -2.632 1.139 0.047 -3.446 -2.886 -0.934 -2.263 -1.314 3.239
449 F -2.143 -2.73 -3.006 -3.416 -1.045 -3.535 -3.466 -3.022 -1.163 0.786 1.901 -3.103 0.789 5.857 -4.242 -3.091 -2.18 0.371 2.304 -0.041
450 F -2.013 -2.427 -2.796 -3.339 -1.124 -2.93 -3.147 -3.037 -0.012 0.593 1.715 -2.704 0.631 5.158 -3.944 -2.929 -2.113 0.878 4.072 -0.134
451 Y -1.236 -1.94 -1.632 -2.523 -1.666 -1.91 -2.454 2.22 1.511 -1.273 -1.396 -1.844 -1.094 2.606 -3.213 -2.035 -2.074 1.63 5.915 -1.377
452 S 0.824 -1.097 0.261 -0.511 -0.246 -0.927 -0.978 2.763 -0.711 -2.215 -2.601 -0.599 -1.52 -2.139 -1.779 2.732 0.481 -2.55 -2.074 -1.641
453 I -1.166 -2.592 -2.885 -3.165 -0.358 -2.664 -3.131 -3.227 -0.655 3.491 0.99 -2.414 0.745 1.245 -3.404 -2.724 -1.143 -0.332 3.206 2.737
454 S 1.094 -0.715 0.523 -0.223 0.098 -0.544 -0.529 -0.08 -0.434 -1.885 -2.302 -0.259 -1.161 -1.917 -1.449 3.17 1.037 -2.523 -1.73 -1.266
455 F -0.984 -1.962 -1.492 -2.173 -1.045 -2.201 -2.232 -1.937 0.264 -0.436 -0.326 -1.937 -0.335 5.058 -3.178 0.223 -1.074 0.798 4.046 -0.831
456 F -1.084 -2.269 -1.947 -2.546 -0.489 -2.647 -2.699 -2.449 -1.41 1.134 0.32 -2.279 0.187 4.764 -3.231 -1.467 1.265 -0.338 1.467 1.623
457 F -2.053 -2.217 -2.44 -3.178 -1.637 -2.49 -2.803 -2.952 1.212 -0.365 -0.27 -2.407 -0.338 5.072 -3.772 -2.703 -2.241 1.768 5.735 -0.824
458 L -1.1 -0.86 -2.385 -2.665 -0.362 -1.654 -2.165 -2.826 -1.962 2.577 2.498 0.789 1.214 -0.045 -3.054 -2.407 -1.166 -2.103 -1.325 2.108
459 H -1.39 0.399 0.356 2.213 -2.222 1.885 0.413 -1.502 5.682 -2.514 -2.582 1.589 -1.323 -1.942 -2.34 -1.17 -1.577 -2.179 0.009 -2.535
460 T 0.005 -0.105 -0.067 -0.829 -0.247 -0.552 -0.834 -1.085 -0.982 -0.857 -1.53 1.377 -0.825 -1.904 -1.686 1.267 3.304 -2.368 -1.775 -0.42
461 Y -1.786 -1.751 -2.1 -2.996 -1.726 -1.758 -2.337 -2.906 2.131 -0.778 -0.884 -1.847 -0.656 3.374 -3.307 -2.411 -2.063 2.335 6.599 -0.953
462 K -0.8 2.119 -0.242 -0.696 -1.951 0.833 0.339 -1.316 -0.217 -2.097 -2.214 4.423 -1.198 -2.78 -1.661 -0.855 -1.056 -2.523 -1.763 -1.973
463 V 0.902 -1.847 1.671 -1.421 -0.243 -1.993 -2.103 -1.354 -1.043 1.298 -0.066 -1.675 -0.071 2.632 -2.853 -1.167 -0.782 -1.512 0.0 2.261
464 K -0.943 0.294 -0.342 2.044 -1.489 -0.51 -0.419 1.943 -0.898 -0.928 0.351 2.416 -0.551 -1.665 -2.366 -1.3 -1.441 -2.526 -2.097 -1.323
465 I -1.445 -2.872 -3.316 -3.313 -0.179 -3.085 -3.615 -3.483 -2.635 4.129 2.474 -2.656 1.483 0.356 -3.558 -3.125 -1.222 -2.07 -1.255 2.483
466 K 0.245 0.983 0.111 -0.504 -0.803 0.171 -0.117 -0.687 -0.378 -2.044 -2.312 3.051 -1.234 -2.371 -1.608 1.951 0.122 -2.578 -1.801 -1.653
467 D 1.259 -1.039 -0.087 2.808 -0.689 -0.294 1.824 -0.902 -0.631 -1.446 -2.006 -0.397 -1.376 -2.217 -1.846 -0.082 1.434 -2.62 -2.084 -0.878
468 T -0.448 -0.441 -0.918 -1.421 -0.466 -0.985 -1.249 -1.741 -1.439 0.302 -0.975 1.181 -0.625 -1.799 2.572 -0.446 2.334 -2.693 -1.835 1.144
469 N -1.742 -0.671 4.465 0.358 -1.96 -0.699 -0.979 -0.864 4.351 -2.251 -2.488 -0.689 -1.661 0.1 -2.798 -0.769 -1.061 -0.757 2.876 -2.288
470 K -0.738 0.391 -0.789 -1.383 -1.331 -0.5 -0.839 -1.564 0.24 -1.214 -1.231 2.418 -0.809 3.006 -2.355 0.262 -0.897 -0.155 3.105 -1.339
471 D -1.676 -0.378 2.413 3.704 -2.007 -0.762 -0.003 -1.242 -0.203 -1.77 -1.921 1.208 -1.531 2.354 -2.568 -1.085 -1.323 -1.818 -0.357 -2.052