#Seq2Logo.py -f /work3/idamei/wzy_ssn/run/1e-50/run/150/MSAs/0010_90.afa -o /work3/idamei/wzy_ssn/run/1e-50/run/150/logos/0010_90.logo
Last position-specific scoring matrix computed, values are in halfbits
A R N D C Q E G H I L K M F P S T W Y V
0 L -1.146 -1.449 -2.426 -2.88 -0.234 -1.117 -2.419 -2.649 -1.034 1.537 2.069 -1.518 5.925 0.402 -3.308 -2.082 -1.112 -1.372 -0.898 0.923
1 L -0.976 -2.11 -2.277 -2.751 5.009 -2.085 -2.828 -2.6 -1.94 2.282 1.827 -2.011 3.256 -0.161 -3.081 -1.655 0.781 -2.024 -1.438 1.217
2 V -0.219 -2.472 -2.915 -3.15 0.354 -2.573 -2.879 -2.941 -2.9 3.044 0.96 -2.374 0.846 -0.384 -3.157 -2.27 -0.437 -2.373 -1.271 4.086
3 F -2.32 -2.882 -2.846 -3.3 -1.36 -3.85 -3.468 -2.86 -0.814 0.291 0.579 -3.29 0.216 6.492 -4.434 -3.016 -2.356 0.866 2.945 -0.493
4 I -1.362 -3.086 -3.248 -3.166 -0.136 -3.195 -3.672 -3.465 -2.697 4.483 1.691 -2.664 1.286 0.232 -3.49 -3.062 -1.06 -2.17 -1.271 2.875
5 T -0.098 -1.078 -0.124 -1.0 0.136 -1.089 -1.363 -1.314 -1.399 -0.21 -1.043 -0.776 -0.517 -1.566 -1.673 0.719 4.201 -2.17 -1.692 0.244
6 T -0.098 -1.078 -0.124 -1.0 0.136 -1.089 -1.363 -1.314 -1.399 -0.21 -1.043 -0.776 -0.517 -1.566 -1.673 0.719 4.201 -2.17 -1.692 0.244
7 Y -1.798 -1.763 -2.111 -3.008 -1.737 -1.769 -2.349 -2.918 2.119 -0.789 -0.896 -1.859 -0.668 3.363 -3.319 -2.423 -2.075 2.323 6.624 -0.965
8 I -1.362 -3.086 -3.248 -3.166 -0.136 -3.195 -3.672 -3.465 -2.697 4.483 1.691 -2.664 1.286 0.232 -3.49 -3.062 -1.06 -2.17 -1.271 2.875
9 N -1.645 -0.4 5.612 1.296 -1.832 -0.512 -0.711 -0.14 0.983 -2.698 -3.137 -0.281 -2.147 -2.36 -2.573 -0.104 -0.437 -2.952 -2.054 -2.546
10 V -0.219 -2.472 -2.915 -3.15 0.354 -2.573 -2.879 -2.941 -2.9 3.044 0.96 -2.374 0.846 -0.384 -3.157 -2.27 -0.437 -2.373 -1.271 4.086
11 Q -0.868 1.022 -0.078 -0.342 -1.897 4.831 1.406 -1.465 0.784 -2.226 -1.976 1.236 -0.389 -2.944 -2.137 -0.74 -0.961 -2.17 -1.271 -1.773
12 K -0.812 2.108 -0.254 -0.708 -1.963 0.821 0.328 -1.328 -0.229 -2.109 -2.226 4.453 -1.209 -2.791 -1.673 -0.867 -1.068 -2.535 -1.774 -1.984
13 L -1.066 -1.369 -2.345 -2.799 -0.154 -1.037 -2.339 -2.569 -0.954 1.618 2.149 -1.438 5.537 0.482 -3.228 -2.002 -1.031 -1.292 -0.818 1.004
14 K -0.812 2.108 -0.254 -0.708 -1.963 0.821 0.328 -1.328 -0.229 -2.109 -2.226 4.453 -1.209 -2.791 -1.673 -0.867 -1.068 -2.535 -1.774 -1.984
15 I -1.362 -3.086 -3.248 -3.166 -0.136 -3.195 -3.672 -3.465 -2.697 4.483 1.691 -2.664 1.286 0.232 -3.49 -3.062 -1.06 -2.17 -1.271 2.875
16 T -0.279 -0.417 -0.014 1.871 -0.8 -0.707 -0.447 -1.117 -0.909 -1.584 -2.17 1.119 -1.421 -2.37 2.225 1.021 1.873 -2.9 -2.129 -1.236
17 S 1.082 -0.727 0.511 -0.234 0.087 -0.555 -0.541 -0.092 -0.446 -1.897 -2.314 -0.271 -1.172 -1.929 -1.461 3.212 1.025 -2.535 -1.741 -1.278
18 E -0.297 -0.267 2.955 0.792 -1.262 0.235 2.283 -0.75 0.224 -2.469 -2.724 0.599 -1.687 -2.383 -1.965 1.466 -0.18 -2.668 -1.959 -1.985
19 G -0.396 -1.568 3.118 -0.187 -1.497 -1.538 -1.855 4.826 -0.427 -3.05 -3.366 -1.137 -2.5 -2.585 -2.726 -0.688 -1.355 -2.617 -2.754 -2.771
20 T -0.909 -1.418 1.715 -1.046 -0.464 -1.586 -1.83 -1.605 -0.937 0.061 0.739 -1.291 -0.002 2.303 -2.501 -0.331 2.79 -1.483 -0.263 -0.083
21 K -0.584 1.38 2.032 -0.27 -1.566 0.356 -0.037 -0.946 -0.101 -2.242 -2.455 3.726 -1.42 -2.637 -1.847 0.51 -0.578 -2.681 -1.894 -2.017
22 L -0.805 -1.997 -1.647 -2.222 -0.057 -2.111 -2.494 -2.434 -2.114 2.776 1.668 -1.779 0.831 -0.306 -2.686 -0.99 2.314 -2.134 -1.448 1.833
23 P -0.453 -1.705 -1.052 -1.43 -0.772 -1.737 -1.64 -1.51 -1.198 -1.133 -1.407 -1.193 -1.134 2.407 4.255 0.562 1.225 -1.896 -0.254 -1.076
24 L -0.771 -0.917 -0.491 2.023 -0.785 1.391 -0.343 -1.664 -0.78 0.155 1.872 -0.674 0.528 -0.768 -2.555 0.227 -0.767 -2.286 -1.604 -0.368
25 F -1.383 -2.851 -3.013 -3.307 -0.556 -3.338 -3.369 -3.061 -1.73 2.422 0.839 -2.93 0.554 4.871 -3.87 -2.833 -1.447 -0.384 1.467 2.435
26 L -0.317 1.407 -1.09 -1.747 -0.332 -1.256 -1.688 -1.741 -1.257 1.737 1.36 -0.549 0.466 -0.661 -2.601 0.954 -0.331 -2.265 -1.523 1.236
27 L -1.534 -2.259 -2.815 -3.349 -0.75 -2.536 -2.983 -3.135 0.009 1.253 2.089 -2.427 0.826 3.415 -3.62 -2.793 -1.687 0.524 4.2 1.329
28 F -1.804 -2.317 -2.856 -3.228 -0.881 -2.459 -3.069 -2.839 -1.239 1.788 1.096 -2.456 3.45 4.071 -4.012 -2.77 -1.745 5.8 1.344 0.636
29 L -1.502 -2.312 -3.244 -3.455 -0.224 -2.537 -3.301 -3.346 -2.232 2.83 3.459 -2.422 2.916 0.575 -3.597 -3.017 -1.444 -1.786 -1.146 1.546
30 S 1.387 -1.042 1.886 -0.321 -0.273 -0.92 -0.974 1.886 -0.484 -2.045 -2.464 -0.596 -1.504 -2.154 -1.843 2.421 0.282 -2.644 -2.034 -1.419
31 F -0.781 -2.076 -1.517 -2.148 -0.55 -2.364 -2.351 -1.998 -1.169 0.625 0.026 -2.002 -0.035 4.783 -3.042 0.015 0.877 -0.388 1.424 1.022
32 L 1.073 -1.785 -1.303 -1.746 0.021 -1.754 -1.904 -1.245 -1.537 2.401 1.228 -1.397 0.495 -0.561 -2.383 1.094 -0.225 -2.299 -1.525 1.171
33 L -1.686 -2.489 -3.313 -3.547 -0.378 -2.961 -3.452 -3.364 -2.12 2.44 3.426 -2.691 1.693 2.856 -3.768 -3.18 -1.661 -1.177 0.027 1.239
34 L -1.109 -2.333 -2.617 -2.976 -0.106 -2.565 -3.043 -3.021 -2.417 2.993 2.751 -2.277 1.375 0.17 -3.227 -2.136 0.575 -2.04 -1.31 2.21
35 F -1.845 -2.677 -2.382 -2.907 -1.271 -3.402 -3.107 -2.534 -0.862 0.056 0.314 -2.908 0.024 6.349 -4.062 -1.339 -1.886 0.584 2.63 -0.644
36 I -1.503 -2.875 -3.178 -3.346 -0.438 -3.259 -3.519 -3.275 -2.082 3.329 1.825 -2.838 1.025 3.691 -3.776 -3.018 -1.424 -0.987 0.582 2.276
37 I -1.067 -2.22 -2.374 -2.756 -0.37 -2.04 -2.966 0.951 -1.746 3.131 1.473 -2.019 4.05 -0.006 -3.349 -2.302 -1.239 -1.876 -1.342 1.644
38 S 0.361 -1.282 -0.205 -0.917 -0.343 -1.265 -1.206 -0.737 -0.631 -1.172 -1.243 -0.947 -0.789 3.348 -2.132 2.64 0.306 -1.188 0.401 -1.116
39 C -0.881 -2.7 -3.046 -3.449 8.205 -2.817 -3.538 -2.596 -2.467 0.607 1.825 -2.703 2.126 -0.6 -3.391 -2.147 -1.419 -2.451 -1.947 0.247
40 E -0.99 -0.193 -0.409 1.447 -2.482 1.275 4.653 -2.02 0.322 -2.835 -2.774 0.606 -1.824 -2.679 -1.952 -0.862 -1.372 -2.458 -1.979 -2.205
41 N 0.12 -0.668 3.888 0.437 -0.672 -0.622 -0.698 -0.198 0.169 -2.299 -2.724 -0.36 -1.636 -2.191 -1.972 2.429 0.401 -2.791 -1.957 -1.84
42 F -1.897 -2.065 -2.065 -2.852 -1.235 -2.262 -2.596 -2.899 3.434 1.321 1.073 -2.27 0.32 4.117 -3.646 -2.698 -2.007 0.581 4.154 0.171
43 G -0.737 -1.15 3.239 1.089 -1.793 -0.654 1.06 3.789 -0.126 -2.999 -3.271 -0.646 -2.374 -2.642 -2.572 -0.708 -1.287 -2.711 -2.563 -2.682
44 E 0.404 -0.778 -0.542 2.247 -1.418 0.368 3.356 -1.572 -0.276 -1.234 -0.147 -0.081 -0.818 -1.799 -2.135 -0.893 -1.28 -2.481 -1.949 -1.162
45 L -0.665 -1.713 -1.334 -2.007 -0.283 -1.793 -2.137 -2.066 -0.798 1.569 1.712 -1.551 0.608 0.525 -2.614 0.104 1.786 -0.943 2.029 0.7
46 R -1.605 5.638 -0.533 -1.635 -2.33 0.447 -0.632 -2.199 0.028 -2.682 -2.099 1.948 -1.295 -2.543 -2.775 -1.477 -1.525 -2.305 -1.843 -2.233
47 Y -1.911 -2.042 -2.443 -3.212 -1.48 -2.191 -2.693 -3.055 1.379 -0.117 0.712 -2.194 -0.024 3.873 -3.578 -2.681 -2.119 1.723 6.007 -0.581
48 Y -1.489 -1.747 -0.257 0.383 -1.016 -1.78 -1.836 -2.418 0.573 0.163 1.443 -1.703 0.244 1.762 -3.026 -1.661 0.347 0.52 4.555 -0.268
49 P -1.045 -2.452 -2.659 -2.489 -0.622 -2.514 -2.562 -2.667 -2.23 2.43 1.082 -1.89 0.256 -0.87 4.397 -2.249 -1.225 -2.974 -1.819 1.678
50 L 0.781 -1.953 -2.029 -2.387 0.083 -1.916 -2.298 -1.805 -1.839 2.306 1.498 -1.723 2.271 -0.344 -2.741 -0.199 -0.536 -2.166 -1.376 2.381
51 L 1.35 -2.364 -2.65 -2.82 -0.156 -2.587 -2.677 -1.698 -1.672 1.885 1.283 -2.169 0.524 3.565 -2.991 -1.563 -1.202 -1.033 0.518 1.601
52 P -1.335 -2.554 -2.754 -2.768 -0.781 -2.836 -2.818 -2.757 -1.796 1.756 1.153 -2.262 0.313 3.515 3.296 -2.477 -1.507 -1.301 0.421 1.322
53 L -1.542 -2.517 -3.386 -3.523 -0.207 -2.875 -3.484 -3.471 -2.497 3.159 3.508 -2.6 1.816 0.585 -3.628 -3.188 -1.459 -1.875 -1.187 1.759
54 L -1.679 -2.507 -3.337 -3.558 -0.367 -2.963 -3.47 -3.393 -2.185 2.559 3.454 -2.692 1.696 2.628 -3.762 -3.195 -1.645 -1.281 -0.133 1.305
55 F -1.6 -2.645 -2.414 -2.918 -1.036 -2.997 -3.257 0.969 -1.216 1.411 0.67 -2.677 1.987 5.189 -3.895 -2.567 -1.943 -0.109 1.664 0.252
56 L -1.509 -2.788 -3.371 -3.411 -0.221 -3.05 -3.606 -3.513 -2.624 3.928 2.85 -2.671 1.559 0.397 -3.613 -3.178 -1.328 -2.04 -1.267 2.239
57 V -0.338 -1.924 -1.181 -1.877 -0.087 -1.943 -2.261 1.17 -2.024 1.938 -0.094 -1.604 -0.024 -1.07 -2.5 -0.62 2.536 -2.348 -1.745 2.21
58 A 1.599 -1.853 -1.514 -1.922 -0.094 -1.832 -1.961 -1.094 -1.52 1.912 -0.265 -1.459 -0.188 -0.625 -2.418 0.336 0.872 5.247 -0.721 0.862
59 V 0.363 -1.552 -0.762 -1.357 0.127 -1.471 -1.568 -1.239 -1.415 2.014 -0.05 -1.182 0.097 -0.93 -2.241 1.634 0.298 -2.434 -1.513 2.227
60 L -1.133 -2.271 -2.178 -2.636 -0.517 -2.612 -2.776 -2.446 -1.498 1.91 2.218 -2.272 0.965 3.986 -3.378 -0.534 -1.124 -0.763 0.807 0.753
61 Y 0.581 -0.408 -0.851 -1.647 -0.986 -0.786 -1.159 -1.47 3.847 -1.18 -1.49 0.912 -0.919 0.985 -2.329 -0.81 0.657 0.115 4.031 -0.948
62 Y -1.584 -2.531 -2.704 -3.233 4.511 -2.676 -3.117 -3.011 0.355 2.05 0.194 -2.5 0.025 3.285 -3.57 -2.625 -1.754 0.744 4.723 0.728
63 L -1.472 -2.838 -3.202 -3.36 -0.387 -3.202 -3.51 -3.3 -2.167 3.366 2.038 -2.801 1.119 3.341 -3.74 -3.024 -1.393 -1.138 0.347 2.314
64 F -1.114 -0.783 -1.124 -0.278 -1.355 -1.366 -1.411 -1.907 0.39 -0.832 -0.79 0.677 -0.636 4.221 -2.873 -0.172 -1.228 0.517 4.001 -1.136
65 F -1.64 -1.11 -0.004 1.266 -1.482 -1.767 -1.351 -1.966 -0.66 -0.573 -0.461 0.328 -0.52 5.095 -3.175 -1.191 -0.813 -0.287 1.593 -1.078
66 N -1.426 -0.859 3.908 0.849 -1.327 0.925 -0.828 0.011 0.021 1.591 -0.822 -0.631 -0.606 -1.523 -2.814 -0.966 -0.864 -2.673 -1.851 0.146
67 R -0.751 2.65 1.618 -0.398 -1.357 -0.281 0.69 1.371 -0.278 -1.391 -0.161 0.345 -0.777 -1.734 -2.535 0.102 -0.922 -2.399 -1.942 -1.469
68 K -1.017 0.896 1.471 -0.867 4.455 -0.174 -0.628 -1.523 -0.6 0.424 -1.247 3.269 -0.856 -2.05 -2.273 -1.152 -1.084 -2.709 -1.942 -0.528
69 I -1.275 -2.931 -3.297 -3.308 -0.146 -3.097 -3.575 -3.455 -2.749 4.222 2.059 -2.677 1.284 0.166 -3.539 -3.031 -1.113 -2.2 -1.322 2.885
70 S -0.105 -0.515 -0.079 1.598 -0.946 -0.728 -0.497 -0.993 -0.09 -1.974 -2.319 0.912 -1.504 -0.625 1.865 1.674 -0.21 -1.424 1.874 -1.705
71 V -0.587 0.578 -1.532 -2.007 -0.433 -0.946 -1.408 -2.211 -1.536 1.52 0.943 1.777 0.358 -0.924 -2.597 -1.073 -0.159 -2.374 -1.519 2.468
72 R -0.184 2.743 0.632 -0.833 -1.01 0.872 -0.563 -1.085 0.328 -2.03 -2.067 0.518 -1.145 -0.537 -2.197 1.674 -0.192 -1.148 1.954 -1.635
73 L 0.478 -1.771 1.149 -1.508 -0.381 -1.927 -2.109 -1.452 -1.073 1.482 1.728 -1.604 0.552 2.203 -2.829 -0.097 -0.807 -1.585 -0.345 0.512
74 L -1.406 -2.384 -2.608 -2.996 -0.325 -2.711 -3.123 -3.009 -2.079 2.731 2.724 -2.384 1.309 2.474 -3.378 -2.224 0.434 -1.382 -0.207 1.414
75 K -1.279 0.925 -0.995 -1.568 -1.949 -0.109 -0.623 -1.991 0.929 -1.554 -1.665 3.26 -1.05 1.256 -2.353 -1.52 -1.542 0.431 4.54 -1.588
76 S 1.104 -0.616 -0.678 -1.217 -0.178 -0.958 -1.145 -0.892 -1.057 0.96 0.502 0.792 -0.059 -1.131 -2.038 1.696 -0.039 -2.406 -1.651 0.177
77 F -1.722 -2.554 -2.447 -2.941 -0.806 -3.088 -3.143 -2.801 -1.375 1.615 1.403 -2.662 0.579 5.212 -3.69 -2.193 0.246 -0.122 1.7 0.523
78 G -0.575 -2.472 -1.458 -2.109 4.538 -2.604 -2.751 2.683 -1.475 0.772 -0.534 -2.149 -0.592 3.389 -3.139 -0.303 -1.251 -1.188 0.226 -0.232
79 L 0.238 -2.115 -2.888 -3.125 -0.218 -2.244 -2.836 -2.379 -1.563 2.094 2.862 -2.106 2.621 0.585 -3.241 -2.176 -1.366 2.654 0.509 1.081
80 V 1.043 -1.911 -1.463 -1.891 0.137 -1.853 -1.983 -1.409 -1.786 2.516 0.22 -1.52 0.229 -0.832 -2.448 0.866 -0.135 -2.461 -1.548 2.565
81 L -0.912 -2.345 -2.338 -2.712 -0.254 -2.565 -2.836 -2.603 -1.953 2.8 2.178 -2.242 1.061 2.382 -3.265 -0.713 -0.901 -1.503 -0.234 2.002
82 L -0.573 -1.958 -1.611 -2.177 -0.367 -2.176 -2.284 -1.954 -1.367 0.986 1.792 -1.885 0.652 3.591 -3.003 0.558 -0.648 -0.996 0.536 1.085
83 L 0.19 -2.465 -3.025 -3.167 -0.226 -2.762 -3.102 -2.482 -2.042 2.704 2.715 -2.398 1.285 2.465 -3.323 -2.318 -1.4 -1.408 -0.211 1.406
84 I -1.034 -2.813 -3.232 -3.305 -0.048 -2.976 -3.416 -3.351 -2.787 3.912 1.952 -2.621 1.208 0.059 -3.474 -2.869 -0.984 -2.237 -1.322 3.231
85 L 0.167 -2.263 -2.262 -2.548 -0.075 -2.36 -2.669 -2.189 -2.086 3.187 2.191 -2.005 1.085 -0.048 -2.957 -0.48 -0.765 -2.171 -1.391 1.903
86 L -1.297 -2.792 -3.311 -3.368 -0.146 -3.014 -3.521 -3.442 -2.69 3.905 2.519 -2.648 1.42 0.261 -3.553 -3.042 -1.179 -2.119 -1.289 2.697
87 L -1.54 -2.614 -3.39 -3.494 -0.221 -2.941 -3.534 -3.494 -2.548 3.447 3.316 -2.633 1.723 0.514 -3.632 -3.194 -1.424 -1.938 -1.223 1.919
88 G 1.187 -2.006 -0.495 -1.26 -0.79 -1.841 -2.089 5.055 -1.341 -2.607 -2.944 -1.363 -2.167 -2.503 -2.414 0.366 -1.127 -2.526 -2.748 -2.037
89 L 1.264 -2.322 -2.701 -2.872 -0.231 -2.594 -2.727 -1.734 -1.612 1.7 1.954 -2.181 0.769 3.619 -3.044 -1.646 -1.376 -0.96 0.536 0.781
90 L -1.161 -2.361 -2.88 -2.836 -0.454 -2.553 -2.778 -2.884 -2.288 2.126 2.473 -2.082 0.97 -0.248 3.315 -2.505 -1.325 -2.503 -1.57 1.625
91 S 0.591 -1.13 0.041 -0.73 -0.373 -0.979 -1.06 1.723 -0.097 -1.94 -2.274 -0.706 -1.346 -0.451 -1.914 2.709 0.349 -1.207 1.903 -1.492
92 S -0.08 -0.715 -0.272 -1.029 -0.69 1.072 -0.65 -1.189 3.415 -0.646 -0.851 -0.532 -0.574 -0.134 -2.248 1.606 -0.205 -1.031 2.228 -0.053
93 L -1.522 -2.475 -3.053 -3.41 -0.526 -2.827 -3.241 -3.234 -1.027 2.251 2.497 -2.605 1.151 3.267 -3.693 -2.944 -1.574 -0.317 2.594 1.714
94 P -0.941 -0.314 -0.977 0.167 -1.977 0.182 2.693 -1.885 -0.48 -2.541 -2.723 1.24 -1.996 -2.999 4.475 -1.141 -1.359 -3.226 -2.249 -2.197
95 V -1.019 -2.73 -3.141 -3.322 -0.136 -2.992 -3.314 -3.214 -2.446 3.25 1.775 -2.67 1.037 2.364 -3.553 -2.785 -1.064 -1.574 -0.215 3.149
96 L -1.773 -2.336 -3.192 -3.569 -0.546 -2.808 -3.304 -3.305 -1.266 1.482 3.448 -2.623 1.585 3.28 -3.79 -3.128 -1.833 -0.469 2.002 0.631
97 P 0.403 -1.175 -0.185 -0.748 -0.351 -1.048 -1.007 -0.746 -0.946 -1.771 -2.285 -0.63 -1.442 -2.287 3.496 2.36 1.416 -3.001 -2.044 -1.292
98 Y -1.921 -1.481 -1.263 -2.371 -1.917 -1.473 -1.877 -2.586 5.183 -1.086 -1.072 -1.728 -0.755 3.535 -3.352 -2.307 -2.238 1.35 5.578 -1.42
99 K 0.146 1.715 -0.521 -0.946 -1.557 0.519 0.035 -1.243 -0.425 -1.718 -1.773 4.283 -0.03 -2.504 -1.794 -0.837 -1.081 -2.537 -1.803 -1.565
100 H -0.923 -0.248 1.805 -0.511 -1.395 2.309 -0.153 -1.333 4.918 0.259 -1.419 -0.158 -0.653 -1.522 -2.492 0.106 -0.866 -2.166 -0.277 -0.756
101 N -1.731 -0.486 5.788 1.211 -1.917 -0.598 -0.796 -0.225 0.898 -2.783 -3.222 -0.367 -2.232 -2.445 -2.658 -0.189 -0.522 -3.037 -2.14 -2.631
102 L -1.54 -2.614 -3.39 -3.494 -0.221 -2.941 -3.534 -3.494 -2.548 3.447 3.316 -2.633 1.723 0.514 -3.632 -3.194 -1.424 -1.938 -1.223 1.919
103 V 1.071 -1.728 1.69 -1.401 0.009 -1.74 -2.005 -1.358 -1.281 1.751 0.152 -1.512 1.062 -0.936 -2.69 -1.077 -0.534 -2.468 -1.535 2.88
104 D -0.83 0.274 3.127 3.156 -1.628 -0.657 -0.206 1.635 -0.126 -2.657 -3.057 0.618 -2.117 -2.609 -2.326 0.386 -0.751 -2.956 -2.428 -2.454
105 Y -1.883 -1.848 -2.196 -3.093 -1.823 -1.854 -2.434 -3.003 2.034 -0.874 -0.981 -1.944 -0.753 3.277 -3.404 -2.508 -2.16 2.238 6.799 -1.05
106 G 0.283 -1.516 -0.13 -0.963 -0.499 -1.405 -1.615 3.797 -1.202 -1.784 -2.345 -1.027 -1.559 -2.187 -2.105 1.376 1.92 -2.466 -2.327 -1.311
107 L -1.721 -2.232 -2.864 -3.373 -0.789 -2.463 -3.033 -3.261 0.135 1.85 2.505 -2.361 1.043 2.486 -3.589 -2.917 -1.786 0.505 4.358 0.741
108 F -0.614 -0.591 -0.821 -0.879 -1.174 -0.704 0.636 -1.569 0.068 -1.128 -1.096 0.778 -0.789 3.641 -2.496 0.813 -0.752 -0.245 2.73 -1.254
109 D -0.525 -0.687 0.583 3.977 -1.465 1.362 1.654 -1.003 -0.22 -2.476 -2.841 -0.132 -1.746 -2.639 -2.028 1.118 -0.502 -2.912 -2.249 -2.15
110 F -2.246 -2.601 -2.701 -3.299 -1.548 -3.174 -3.187 -2.962 0.278 -0.064 0.144 -2.889 -0.096 5.992 -4.154 -2.919 -2.358 1.277 4.609 -0.705
111 L -0.756 -2.296 -3.068 -3.369 -0.301 -2.562 -3.102 -3.02 -1.208 2.341 3.089 -2.373 1.449 1.062 -3.436 -2.71 -1.447 -0.827 2.097 1.64
112 I -1.004 -2.17 -1.861 -2.446 -0.386 -2.301 -2.609 -2.563 -0.931 2.492 0.419 -1.999 0.302 2.581 -2.962 -1.362 1.655 -0.573 2.422 1.859
113 S 0.619 -1.251 -0.021 -0.74 -0.193 -1.1 -1.156 1.709 -0.899 0.361 -1.463 -0.772 -0.893 -1.669 -1.929 2.696 0.421 -2.549 -1.913 -0.393
114 I -1.455 -1.935 0.943 -1.942 -0.61 -1.873 -2.575 -2.491 -0.48 3.003 1.132 -1.819 3.235 0.723 -3.328 -2.14 -1.16 -0.894 2.075 1.491
115 L -1.355 -2.476 -3.111 -3.351 -0.287 -2.734 -3.273 -3.199 -2.048 2.769 2.571 -2.546 2.365 2.739 -3.64 -2.871 -1.349 -1.257 0.011 2.126
116 L -1.526 -2.66 -3.154 -3.42 -0.461 -3.139 -3.406 -3.203 -1.913 2.43 2.416 -2.804 1.183 4.028 -3.814 -2.996 -1.547 -0.748 0.841 1.892
117 K -0.883 2.037 -0.325 -0.779 -2.034 0.75 0.256 -1.399 -0.3 -2.18 -2.297 4.63 -1.281 -2.863 -1.744 -0.938 -1.139 -2.606 -1.846 -2.056
118 L -0.65 -2.212 -2.222 -2.598 -0.054 -2.346 -2.683 -2.513 -2.168 2.931 2.348 -2.062 1.182 0.009 -3.069 -0.459 -0.662 -2.148 -1.335 2.396
119 L 0.319 -2.459 -2.886 -3.094 -0.385 -2.84 -3.017 -2.26 -1.657 1.966 2.258 -2.443 0.99 3.988 -3.378 -2.171 -1.54 -0.753 0.807 0.899
120 L -0.474 -1.664 -1.556 -2.152 -0.04 -1.69 -2.164 -2.075 -1.661 1.431 2.208 -1.567 2.558 -0.152 -2.714 0.07 1.057 -1.977 -1.319 1.571
121 A 2.703 -1.874 -1.539 -1.87 6.793 -1.762 -1.825 -0.402 -1.576 -1.006 -1.43 -1.359 -1.048 -1.979 -2.002 0.775 -0.426 -2.758 -2.119 -0.296
122 F -1.76 -2.467 -2.661 -3.246 -1.171 -2.859 -3.024 -2.964 0.289 0.653 0.172 -2.657 0.005 5.223 -3.861 -2.747 -1.922 1.087 4.611 0.922
123 L -0.615 -2.261 -2.136 -2.56 -0.157 -2.439 -2.636 -2.403 -1.897 2.484 1.555 -2.138 0.791 2.532 -3.136 -0.41 -0.679 -1.479 -0.095 2.51
124 I -1.205 -2.673 -2.904 -3.146 -0.239 -2.95 -3.28 -3.132 -2.255 3.301 1.879 -2.583 1.064 2.636 -3.494 -2.563 -0.397 -1.42 -0.062 2.574
125 L -1.808 -2.605 -3.226 -3.496 -0.56 -3.149 -3.481 -3.275 -1.837 2.251 2.951 -2.82 1.411 4.082 -3.898 -3.158 -1.779 -0.671 0.86 1.039
126 A 1.161 -1.896 -1.769 -2.204 -0.359 -1.889 -2.06 -1.357 -0.519 1.371 -0.417 -1.621 -0.296 0.603 -2.717 0.094 -0.756 5.763 2.61 1.079
127 L 0.815 -1.616 1.503 -1.248 -0.301 -1.732 -1.849 -1.164 -0.905 0.632 0.874 -1.426 0.118 2.332 -2.652 0.236 -0.576 -1.575 -0.219 1.077
128 I -0.994 -2.888 -2.587 -2.926 4.968 -3.01 -3.509 1.257 -2.492 3.196 1.591 -2.567 0.715 -0.329 -3.393 -2.431 -1.38 -2.333 -1.755 1.636
129 K -1.19 0.264 -0.46 1.969 -2.029 -0.043 1.341 -1.755 0.157 -2.119 -2.334 2.257 -1.637 -0.565 2.146 -1.236 -1.424 -1.234 2.175 -2.025
130 F -1.546 -1.656 2.964 -0.74 -1.633 -1.874 -2.059 1.633 0.376 -1.178 -1.132 -1.589 -1.034 4.01 -3.314 -1.409 -1.54 -0.029 3.031 -1.544
131 D -1.615 -0.293 3.484 4.354 -2.178 -0.466 0.383 -0.851 0.042 -2.668 -3.19 1.155 -2.279 -2.765 -2.329 -0.693 -1.061 -3.211 -2.515 -2.658
132 R -1.187 3.044 -1.521 -2.162 -0.925 -0.669 -1.432 -2.523 -1.091 1.767 1.078 1.518 0.365 -0.88 -2.877 -1.965 -1.214 -2.25 -1.535 1.443
133 N -1.162 -0.377 3.32 2.454 -1.623 1.587 1.501 -1.01 0.258 -2.116 -2.519 -0.006 -1.543 -2.488 -2.235 -0.337 0.905 -2.719 -2.023 -1.788
134 I 0.756 -0.762 -1.925 -2.213 -0.53 -1.367 -1.76 -1.785 -0.384 2.491 0.185 0.939 0.127 0.61 -2.586 -1.485 -1.137 -0.675 2.674 1.192
135 L 0.44 -1.482 -2.207 -2.403 -0.442 0.755 -1.636 -2.033 -1.226 1.809 2.1 -1.35 0.922 2.525 -3.007 -1.778 -1.328 -1.345 -0.069 0.793
136 L 0.472 1.43 -1.681 -1.375 -0.824 -0.766 0.61 -1.965 -0.179 1.25 0.88 -0.38 0.118 0.372 -2.688 -1.488 -1.332 -0.832 2.303 0.335
137 K -1.152 1.077 3.214 0.448 -2.057 0.481 1.406 -1.026 0.262 -2.467 -2.649 3.16 -1.651 -2.679 -2.049 -0.647 -0.946 -2.709 -1.956 -2.254
138 V -1.073 -2.568 -2.975 -3.189 -0.198 -2.665 -3.18 -3.093 -2.081 3.244 1.318 -2.484 2.525 2.611 -3.532 -2.651 -1.069 -1.381 -0.022 2.88
139 L -1.487 -2.82 -3.352 -3.377 -0.207 -3.064 -3.611 -3.503 -2.629 4.01 2.715 -2.667 1.531 0.381 -3.594 -3.16 -1.291 -2.052 -1.264 2.328
140 K -0.709 1.631 -0.353 -0.871 -1.914 0.421 -0.068 1.671 -0.472 -2.335 -2.468 4.168 -1.476 -2.841 -1.899 -0.958 -1.263 -2.587 -2.032 -2.183
141 F 0.445 -2.202 -1.943 -2.554 -1.065 -2.359 -2.559 1.525 0.349 -0.705 -0.686 -2.066 -0.665 4.326 -3.17 -1.665 -1.846 0.772 4.359 -0.873
142 V 0.935 -2.438 -2.781 -2.919 0.268 -2.477 -2.72 -2.181 -2.578 3.002 0.763 -2.166 0.636 -0.532 -2.914 -1.758 -0.598 -2.418 -1.415 3.649
143 L -1.258 -2.72 -3.293 -3.374 -0.119 -2.958 -3.469 -3.41 -2.661 3.729 2.641 -2.618 1.469 0.294 -3.535 -3.011 -1.17 -2.083 -1.264 2.682
144 L 0.582 -2.425 -2.96 -3.051 0.032 -2.584 -2.955 -2.344 -2.361 3.096 2.414 -2.235 1.229 0.049 -3.086 -2.074 -1.049 -2.122 -1.335 2.358
145 I 0.525 -2.421 -2.701 -2.935 -0.274 -2.531 -2.813 -2.248 -0.87 2.781 0.968 -2.206 0.541 2.365 -3.114 -1.974 -1.178 -0.518 2.625 2.102
146 H -1.748 -0.433 3.374 -0.064 -2.219 -0.338 -0.63 -1.144 7.044 -2.735 -2.826 -0.657 -1.588 -1.333 -2.751 -1.063 -1.563 -1.933 0.811 -2.925
147 L -1.283 -2.57 -3.31 -3.446 -0.119 -2.865 -3.408 -3.395 -2.593 3.291 3.074 -2.585 1.618 0.401 -3.552 -3.024 -1.25 -1.992 -1.225 2.444
148 S 1.389 -1.249 -0.334 -0.998 -0.054 -1.198 -1.204 -0.566 -0.837 -1.003 -1.314 -0.86 -0.804 2.103 -1.898 2.155 1.492 -1.627 -0.312 -0.649
149 F 0.615 -2.261 -2.617 -2.904 -0.204 -2.396 -2.686 -2.053 -1.53 1.533 0.75 -2.195 2.259 3.888 -3.199 -1.805 -1.121 -0.807 0.808 2.196
150 F -2.391 -2.953 -2.917 -3.371 -1.431 -3.921 -3.539 -2.931 -0.885 0.22 0.508 -3.361 0.145 6.601 -4.505 -3.087 -2.427 0.795 2.874 -0.564
151 F -1.666 -2.619 -2.724 -3.265 4.87 -2.91 -3.205 -2.907 0.129 1.308 0.117 -2.681 -0.074 4.394 -3.723 -2.625 -1.896 0.749 4.374 0.246
152 L -1.162 -2.115 -2.963 -3.24 -0.125 -2.128 -2.996 -3.093 -1.979 2.68 2.755 -2.166 3.788 0.376 -3.446 -2.628 -1.161 -1.776 -1.109 2.158
153 Q -0.939 0.95 -0.15 -0.414 -1.968 5.077 1.335 -1.536 0.713 -2.297 -2.048 1.165 -0.46 -3.015 -2.208 -0.811 -1.032 -2.242 -1.342 -1.844
154 F 0.221 -2.354 -2.622 -3.026 -0.809 -2.751 -2.831 -2.137 -0.344 0.309 1.2 -2.419 0.321 5.048 -3.462 -2.072 -1.829 0.489 3.443 -0.182
155 I 0.979 -1.708 -1.372 -1.853 0.054 -1.6 -1.951 -1.405 -1.523 2.272 0.513 -1.359 2.197 -0.654 -2.374 0.405 1.149 -2.18 -1.473 1.464
156 V -0.515 -2.287 -2.185 -2.543 0.002 -2.367 -2.66 -2.48 -2.245 3.194 1.709 -2.062 0.959 -0.183 -3.023 -0.413 -0.534 -2.266 -1.375 2.855
157 V -0.29 -2.543 -2.986 -3.221 0.283 -2.644 -2.95 -3.012 -2.972 2.973 0.888 -2.445 0.775 -0.455 -3.228 -2.341 -0.508 -2.444 -1.342 4.271
158 Y -1.95 -1.993 -2.293 -3.126 -1.742 -2.099 -2.579 -2.979 1.723 -0.65 -0.663 -2.124 -0.572 4.175 -3.548 -2.585 -2.191 2.055 6.391 -0.952
159 L 0.942 -1.619 -1.346 -1.756 -0.137 -1.655 -1.792 -1.316 -1.537 0.238 1.609 -1.263 0.328 -0.824 2.129 0.427 1.037 -2.418 -1.67 0.027
160 T -0.345 -1.401 -0.533 -1.337 0.021 -1.42 -1.713 -1.65 -1.649 1.349 -0.44 -1.088 -0.199 -1.249 -1.978 0.274 3.966 -2.242 -1.689 0.812
161 G 0.221 -2.074 -0.318 -1.17 -1.093 -1.91 -2.215 5.407 -1.337 -3.01 -3.295 -1.43 -2.418 -2.599 -2.574 0.349 -1.234 -2.515 -2.921 -2.592
162 Y -1.869 -1.834 -2.182 -3.079 -1.809 -1.84 -2.42 -2.989 2.048 -0.86 -0.967 -1.93 -0.739 3.291 -3.39 -2.494 -2.146 2.252 6.771 -1.036
163 Y -1.869 -1.834 -2.182 -3.079 -1.809 -1.84 -2.42 -2.989 2.048 -0.86 -0.967 -1.93 -0.739 3.291 -3.39 -2.494 -2.146 2.252 6.771 -1.036
164 I -1.209 -3.046 -3.261 -3.235 -0.119 -3.153 -3.595 -3.442 -2.801 4.444 1.51 -2.685 1.146 0.067 -3.503 -2.985 -1.018 -2.274 -1.342 3.106
165 D -1.834 -1.645 1.142 5.916 -2.429 -0.929 0.993 -1.18 -0.593 -2.782 -3.548 -0.886 -2.754 -2.976 -2.346 -1.009 -1.47 -3.588 -3.1 -2.921
166 P -1.224 -2.155 -2.617 -2.469 -0.787 -2.322 -2.4 -2.574 -1.996 0.53 2.378 -1.742 0.62 -0.613 4.797 -2.238 -1.519 -2.807 -1.796 -0.145
167 L -1.597 -2.243 -3.419 -3.677 -0.207 -2.697 -3.362 -3.439 -2.37 1.948 4.128 -2.535 2.076 0.776 -3.661 -3.215 -1.637 -1.707 -1.113 1.049
168 R -1.566 2.911 -1.328 -1.343 -1.707 -0.326 0.74 -2.584 0.704 -0.755 0.431 0.287 -0.294 1.104 -2.924 -1.886 -1.701 0.118 3.896 -1.009
169 P 0.559 -2.129 -2.277 -2.15 -0.794 -2.224 -2.091 -1.699 -1.551 -0.471 0.497 -1.562 -0.464 2.142 4.819 -1.476 -1.404 -2.098 -0.468 -0.717
170 I -1.363 -2.846 -3.207 -3.326 -0.285 -3.146 -3.499 -3.32 -2.323 3.609 1.999 -2.744 1.164 2.68 -3.655 -2.991 -1.27 -1.411 -0.049 2.562
171 T -0.169 -1.149 -0.196 -1.071 0.065 -1.16 -1.435 -1.386 -1.47 -0.281 -1.114 -0.848 -0.589 -1.637 -1.744 0.648 4.409 -2.242 -1.763 0.173
172 G -0.206 -2.271 -0.151 1.715 -1.528 -1.985 -1.65 5.386 -1.354 -3.185 -3.523 -1.553 -2.729 -2.774 -2.749 -1.051 -1.885 -2.653 -3.187 -2.921
173 E -1.096 -0.14 -0.037 2.696 -2.372 2.184 3.858 -1.772 0.27 -2.721 -2.74 0.523 -1.661 -2.771 -2.047 -0.868 -1.319 -2.569 -2.006 -2.237
174 A 1.888 -0.509 -1.04 -1.434 -0.276 -0.909 -1.091 -0.753 1.282 -0.624 0.317 0.986 -0.364 -1.425 1.344 0.541 -0.592 -2.482 -1.432 -0.505
175 Q -0.134 0.476 0.061 -0.377 -1.146 4.1 0.82 -1.002 0.358 -2.183 -2.156 0.745 -0.698 -2.636 -1.965 1.366 -0.209 -2.358 -1.49 -1.669
176 R -1.591 5.614 -0.519 -1.621 -2.316 0.461 -0.617 -2.185 0.042 -2.668 -2.085 1.962 -1.281 -2.529 -2.761 -1.463 -1.511 -2.291 -1.829 -2.219
177 Y -1.869 -1.834 -2.182 -3.079 -1.809 -1.84 -2.42 -2.989 2.048 -0.86 -0.967 -1.93 -0.739 3.291 -3.39 -2.494 -2.146 2.252 6.771 -1.036
178 E -0.9 -1.315 -1.036 -0.402 -1.146 -0.582 1.886 1.448 -0.76 -0.512 0.493 -0.827 -0.316 2.211 -2.604 -1.094 0.59 -1.467 -0.373 -0.753
179 A 2.091 -1.513 -0.766 -1.324 -0.225 -1.413 -1.463 2.043 -1.022 -1.708 -2.034 -1.054 -1.343 -1.265 -2.121 1.448 -0.321 5.642 -0.803 -1.08
180 G -0.865 -1.152 1.644 -1.033 -1.081 0.946 -1.345 3.069 -0.7 -0.301 1.408 -0.948 0.095 -1.047 -2.927 -1.365 -1.41 -2.242 -1.882 -0.808
181 F -1.722 -2.683 -2.889 -3.279 -0.852 -3.185 -3.298 -2.941 -1.246 1.456 0.86 -2.894 1.786 5.573 -4.047 -2.825 -1.775 0.125 2.038 1.322
182 S 0.25 -1.379 -0.442 -1.151 -0.122 -1.364 -1.404 -1.051 -1.028 0.143 -0.801 -1.063 -0.455 2.181 -2.151 1.99 1.489 -1.621 -0.262 0.887
183 L -1.283 -2.57 -3.31 -3.446 -0.119 -2.865 -3.408 -3.395 -2.593 3.291 3.074 -2.585 1.618 0.401 -3.552 -3.024 -1.25 -1.992 -1.225 2.444
184 P -0.893 -2.07 -1.99 -1.621 -1.514 -1.99 -1.679 -1.909 -1.664 -2.374 -2.807 -1.121 -2.46 -3.392 6.719 -1.509 -1.405 -4.606 -2.692 -2.219
185 I -1.398 -2.757 -3.261 -3.374 -0.378 -2.991 -3.408 -3.216 -2.404 3.531 1.841 -2.669 1.025 0.355 -3.758 -3.04 -1.305 5.662 -0.373 2.488
186 I -1.46 -2.984 -3.336 -3.306 -0.207 -3.163 -3.676 -3.52 -2.698 4.357 2.219 -2.701 1.377 0.273 -3.578 -3.147 -1.21 -2.145 -1.302 2.576
187 G 0.033 -2.414 -0.497 -1.38 -1.377 -2.252 -2.679 5.862 -1.533 -3.272 -3.517 -1.708 -2.724 -2.735 -2.836 -1.059 -1.976 -2.497 -3.205 -2.921
188 A 2.49 0.011 1.711 -0.645 -0.391 1.411 -0.347 -0.261 -0.258 -1.547 -1.875 1.341 -1.077 -2.301 -1.836 -0.067 -0.672 -2.551 -1.782 -0.825
189 V -0.601 -2.431 -2.376 -2.737 0.092 -2.51 -2.851 -2.815 -2.598 3.384 0.925 -2.193 0.752 -0.389 -3.017 -1.76 0.997 -2.341 -1.408 3.405
190 Y -1.869 -1.834 -2.182 -3.079 -1.809 -1.84 -2.42 -2.989 2.048 -0.86 -0.967 -1.93 -0.739 3.291 -3.39 -2.494 -2.146 2.252 6.771 -1.036
191 R -1.591 5.614 -0.519 -1.621 -2.316 0.461 -0.617 -2.185 0.042 -2.668 -2.085 1.962 -1.281 -2.529 -2.761 -1.463 -1.511 -2.291 -1.829 -2.219
192 P -0.825 -2.253 -2.139 -1.858 4.847 -2.194 -1.956 -1.959 -1.849 -2.042 -2.448 -1.376 -2.192 -3.129 6.211 -1.544 -1.4 -4.341 -2.719 -1.842
193 T -0.169 -1.149 -0.196 -1.071 0.065 -1.16 -1.435 -1.386 -1.47 -0.281 -1.114 -0.848 -0.589 -1.637 -1.744 0.648 4.409 -2.242 -1.763 0.173
194 G 0.033 -2.414 -0.497 -1.38 -1.377 -2.252 -2.679 5.862 -1.533 -3.272 -3.517 -1.708 -2.724 -2.735 -2.836 -1.059 -1.976 -2.497 -3.205 -2.921
195 F -2.102 -2.697 -3.075 -3.469 -0.963 -3.453 -3.479 -3.091 -1.301 0.917 2.26 -3.059 0.94 5.617 -4.196 -3.129 -2.139 0.175 2.045 0.079
196 F -2.118 -2.34 -2.526 -3.221 -1.614 -2.697 -2.926 -2.96 0.939 -0.27 -0.136 -2.558 -0.264 5.397 -3.894 -2.775 -2.283 1.614 5.436 -0.791
197 V -0.921 -1.158 1.509 -0.107 -0.827 -0.448 1.932 -2.063 -0.661 1.073 0.83 -0.744 0.095 -1.001 -2.697 -1.435 -0.94 -2.392 -1.616 1.894
198 E -0.976 -0.179 -0.395 1.461 -2.468 1.289 4.622 -2.006 0.336 -2.821 -2.76 0.62 -1.81 -2.665 -1.938 -0.848 -1.358 -2.444 -1.965 -2.191
199 P -0.893 -2.07 -1.99 -1.621 -1.514 -1.99 -1.679 -1.909 -1.664 -2.374 -2.807 -1.121 -2.46 -3.392 6.719 -1.509 -1.405 -4.606 -2.692 -2.219
200 S 1.011 -0.798 0.44 -0.305 0.016 -0.627 -0.612 -0.163 -0.517 -1.968 -2.385 -0.342 -1.244 -2.0 -1.532 3.451 0.954 -2.606 -1.812 -1.349
201 T -0.169 -1.149 -0.196 -1.071 0.065 -1.16 -1.435 -1.386 -1.47 -0.281 -1.114 -0.848 -0.589 -1.637 -1.744 0.648 4.409 -2.242 -1.763 0.173
202 Y -2.033 -2.161 -2.407 -3.173 -1.677 -2.382 -2.747 -2.97 1.358 -0.454 -0.387 -2.333 -0.413 4.85 -3.716 -2.679 -2.237 1.843 5.953 -0.87
203 A 3.208 -1.229 -0.681 -1.097 0.402 -1.062 -1.043 0.14 -0.952 -1.261 -1.729 -0.673 -1.048 -1.942 -1.532 1.982 0.165 -2.539 -1.812 -0.394
204 A 2.108 -1.389 -0.539 -1.176 0.073 -1.286 -1.418 2.01 -1.232 -1.09 -1.696 -0.899 -1.086 -1.948 -1.786 1.105 2.188 -2.427 -1.985 -0.429
205 F -2.206 -2.53 -2.651 -3.27 -1.551 -3.05 -3.116 -2.95 0.449 -0.097 0.095 -2.801 -0.121 5.857 -4.084 -2.876 -2.331 1.366 4.806 -0.713
206 I -0.985 -2.82 -3.148 -3.211 -0.035 -2.883 -3.37 -3.296 -2.701 4.077 1.426 -2.555 1.686 -0.015 -3.431 -2.781 -0.907 -2.25 -1.315 3.316
207 L -1.02 -2.332 -2.487 -2.859 -0.074 -2.527 -2.977 -2.941 -2.409 3.124 2.426 -2.22 1.257 0.073 -3.145 -1.974 0.806 -2.083 -1.328 2.365
208 C -1.188 -2.863 -3.13 -3.455 6.709 -3.098 -3.415 -2.601 -2.231 1.585 -0.21 -2.858 -0.283 -0.107 -3.879 -2.533 -1.533 7.552 0.076 1.369
209 L -1.597 -2.243 -3.419 -3.677 -0.207 -2.697 -3.362 -3.439 -2.37 1.948 4.128 -2.535 2.076 0.776 -3.661 -3.215 -1.637 -1.707 -1.113 1.049
210 L -1.255 -2.283 -2.544 -2.921 -0.16 -2.535 -3.043 -3.006 -2.318 2.984 2.959 -2.234 1.48 0.278 -3.211 -2.086 0.705 -1.962 -1.289 1.659
211 A 3.214 -1.504 -1.414 -1.669 0.403 -1.411 -1.457 -0.141 -1.278 -0.298 0.486 -1.011 -0.199 -1.261 -1.795 0.911 -0.332 -2.366 -1.683 0.085
212 L -0.266 -2.044 -1.459 -1.971 5.007 -2.056 -2.275 -1.774 -1.786 2.406 1.247 -1.725 0.475 -0.579 -2.69 0.89 -0.345 -2.409 -1.66 1.114
213 K -1.1 3.762 -0.388 -1.033 -2.125 0.657 -0.007 -1.638 -0.182 -2.334 -2.224 3.982 -1.281 -2.747 -2.045 -1.103 -1.258 -2.497 -1.84 -2.109
214 L -1.48 -1.957 1.182 -1.897 -0.432 -2.07 -2.684 -2.498 -1.381 2.848 2.497 -1.921 2.701 0.148 -3.375 -2.24 -1.166 -1.999 -1.295 1.458
215 L -1.722 -2.131 1.212 -1.892 -0.861 -2.369 -2.709 -2.483 -0.333 2.495 1.452 -2.098 0.601 2.977 -3.503 -2.295 -1.424 -0.345 2.752 1.054
216 L -1.44 -2.822 -3.229 -3.44 4.967 -3.195 -3.613 -3.141 -2.268 2.802 2.391 -2.829 1.131 2.658 -3.678 -2.863 -1.524 -1.424 -0.15 1.426
217 N -1.263 -0.653 3.233 2.155 -1.225 1.243 -0.28 -1.147 -0.059 -0.849 0.142 -0.433 -0.507 -1.601 -2.485 -0.571 0.885 -2.569 -1.859 -1.03
218 K -1.254 2.283 3.145 -0.135 -1.941 -0.047 -0.482 -1.116 0.058 -2.479 -2.616 2.521 -1.744 -2.732 2.128 -0.816 -1.007 -2.939 -2.062 -2.288
219 K -0.685 1.016 3.26 0.116 -1.537 0.154 -0.192 -0.735 0.133 -2.324 -2.586 3.103 -1.554 -2.557 -1.974 0.588 -0.474 -2.738 -1.93 -2.093
220 V -0.728 -2.704 -3.027 -3.248 -0.023 -2.922 -3.162 -3.079 -2.472 3.06 0.967 -2.628 0.759 2.511 -3.462 -2.575 -0.855 -1.562 -0.074 3.621
221 D -0.909 -1.7 0.628 4.855 4.826 -1.17 0.32 -1.123 -0.865 -2.208 -2.785 -1.054 -2.133 -2.63 -2.32 0.308 -0.884 -3.351 -2.803 -2.067
222 K -0.668 2.798 -0.539 -1.155 -1.279 0.071 -0.484 -1.55 -0.54 0.576 -1.141 3.035 -0.68 -1.904 -2.15 0.175 -0.733 -2.47 -1.746 -0.416
223 L -1.352 -2.697 -3.107 -3.37 -0.397 -3.132 -3.356 -3.156 -1.965 2.543 1.996 -2.792 1.02 3.992 -3.76 -2.893 -1.402 -0.8 0.829 2.346
224 D -0.816 -1.81 0.138 4.102 -0.94 -1.394 -0.161 -1.487 -1.156 1.323 -0.876 -1.235 -0.744 -1.571 -2.485 0.096 -0.699 -2.949 -2.184 1.09
225 L -1.345 -0.101 -1.825 -2.229 -0.951 -1.025 -1.553 -2.545 -0.48 1.92 1.729 1.921 0.648 0.629 -2.819 -2.135 -1.419 -0.812 2.335 0.682
226 F -0.675 -2.616 -2.93 -3.258 -0.52 -3.117 -3.171 -2.706 -1.591 1.507 1.541 -2.755 0.693 4.872 -3.723 -2.549 -1.522 -0.326 1.482 1.895
227 A 2.523 -1.735 -1.585 -1.886 0.398 -1.645 -1.712 -0.678 -1.649 1.171 -0.376 -1.29 -0.182 -1.265 -2.08 0.607 -0.195 -2.494 -1.62 2.366
228 I 0.697 -2.75 -2.886 -2.961 5.036 -2.788 -3.09 -2.186 -2.522 3.388 0.801 -2.353 0.557 -0.51 -3.015 -1.855 -0.939 -2.47 -1.624 2.486
229 L 1.329 -2.351 -2.686 -2.814 -0.023 -2.51 -2.679 -1.752 -1.889 2.401 1.504 -2.107 0.701 2.503 -2.914 -1.573 -1.064 -1.463 -0.127 1.974
230 S 0.525 -1.054 -0.049 -0.787 -0.012 -0.974 -1.06 -0.703 -0.905 -0.588 0.28 -0.696 -0.268 -1.261 -1.832 2.607 1.681 -2.375 -1.676 -0.523
231 L 0.874 -2.218 -1.995 -2.329 5.027 -2.242 -2.476 -1.626 -1.963 2.454 1.303 -1.866 0.505 -0.569 -2.69 0.004 -0.657 -2.392 -1.66 1.242
232 F -1.813 -2.699 -2.951 -3.238 -0.758 -3.034 -3.379 -3.065 -1.415 2.648 1.214 -2.762 2.421 4.904 -3.942 -2.906 -1.701 -0.254 1.507 1.212
233 L 1.662 -1.677 -2.389 -2.618 0.091 -1.568 -2.217 -1.416 -1.428 1.083 2.232 -1.525 3.852 -0.046 -2.658 -1.184 -1.008 -1.797 -1.232 0.712
234 S 0.669 -0.91 0.243 -0.539 0.032 -0.794 -0.861 -0.516 -0.801 -1.29 -1.896 -0.501 -1.008 -1.874 -1.601 2.781 2.602 -2.479 -1.796 -0.748
235 L -1.839 -2.461 -3.242 -3.571 -0.56 -3.05 -3.42 -3.26 -1.786 1.478 3.343 -2.785 1.563 4.111 -3.916 -3.172 -1.877 -0.615 0.878 0.605
236 S 1.011 -0.798 0.44 -0.305 0.016 -0.627 -0.612 -0.163 -0.517 -1.968 -2.385 -0.342 -1.244 -2.0 -1.532 3.451 0.954 -2.606 -1.812 -1.349
237 L -1.192 -2.45 -3.182 -3.467 -0.195 -2.849 -3.246 -3.203 -2.231 2.135 2.912 -2.626 1.423 2.736 -3.628 -2.874 -1.311 -1.292 0.002 2.43
238 A 4.05 -1.541 -1.719 -1.744 0.623 -1.377 -1.355 0.317 -1.268 -0.887 -1.378 -0.905 -0.93 -1.905 -1.532 0.398 -0.479 -2.497 -1.812 0.082
239 A 3.719 -1.403 -1.228 -1.449 0.53 -1.237 -1.217 0.242 -1.128 -1.041 -1.523 -0.804 -0.98 -1.921 -1.532 1.185 -0.185 -2.515 -1.812 -0.113
240 I -1.382 -2.791 -3.148 -3.173 -0.21 -2.775 -3.474 -3.366 -2.394 4.329 1.702 -2.491 2.701 0.204 -3.516 -2.927 -1.127 -2.075 -1.261 2.564
241 A 2.232 -2.216 -2.401 -2.492 0.123 -2.26 -2.321 -1.111 -1.706 2.132 0.251 -1.809 0.151 2.339 -2.535 -0.962 -0.876 -1.571 -0.201 1.873
242 Y -1.869 -1.834 -2.182 -3.079 -1.809 -1.84 -2.42 -2.989 2.048 -0.86 -0.967 -1.93 -0.739 3.291 -3.39 -2.494 -2.146 2.252 6.771 -1.036
243 G 1.337 -1.927 -0.478 -1.224 -0.687 -1.762 -1.986 4.881 -1.294 -2.494 -2.843 -1.294 -2.068 -2.45 -2.333 0.536 -0.991 -2.515 -2.663 -1.897
244 A 2.574 -1.693 -1.565 -1.878 0.126 -1.711 -1.734 -0.55 -1.21 -0.12 0.71 -1.312 -0.035 2.278 -2.155 0.614 -0.566 -1.524 -0.24 -0.013
245 L -1.41 -2.192 -3.191 -3.451 -0.181 -2.413 -3.194 -3.276 -2.164 2.416 3.532 -2.352 3.063 0.596 -3.561 -2.93 -1.41 -1.737 -1.111 1.576
246 F -1.527 -2.446 -2.346 -2.858 -0.663 -2.92 -3.026 -2.74 -1.456 1.588 1.492 -2.529 0.634 4.868 -3.539 -2.017 0.526 -0.296 1.466 0.899
247 L -0.921 -2.192 -2.288 -2.656 -0.169 -2.382 -2.778 -2.592 -2.076 2.915 2.917 -2.088 1.432 0.249 -3.151 -0.545 -0.866 -2.014 -1.295 1.538
248 L -1.204 -2.548 -2.653 -3.015 -0.372 -2.791 -3.353 1.21 -2.333 2.882 2.892 -2.441 1.355 0.199 -3.474 -2.702 -1.509 -1.999 -1.454 1.463
249 V -0.857 -2.175 -2.265 -2.774 -0.186 -2.291 -2.711 -2.798 -1.049 2.497 1.489 -2.08 0.75 0.746 -3.056 -1.789 0.831 -0.822 2.352 2.572
250 I -1.362 -3.086 -3.248 -3.166 -0.136 -3.195 -3.672 -3.465 -2.697 4.483 1.691 -2.664 1.286 0.232 -3.49 -3.062 -1.06 -2.17 -1.271 2.875
251 L 0.319 -2.459 -2.886 -3.094 -0.385 -2.84 -3.017 -2.26 -1.657 1.966 2.258 -2.443 0.99 3.988 -3.378 -2.171 -1.54 -0.753 0.807 0.899
252 L -1.87 -1.856 1.263 -1.908 -1.207 -2.127 -2.483 -2.382 0.507 0.266 1.565 -1.983 0.376 3.75 -3.529 -2.211 -1.717 0.603 4.245 -0.361
253 L -1.886 -2.383 -3.01 -3.467 -0.802 -2.868 -3.237 -3.185 -0.629 1.103 2.766 -2.665 1.181 4.314 -3.865 -3.04 -1.963 0.221 3.155 0.3
254 R 0.669 2.866 -0.923 -0.847 4.857 0.078 1.053 -1.41 -0.519 -1.85 -1.911 2.054 -1.274 -2.427 -2.209 -0.888 -1.185 -2.569 -2.001 -1.338
255 G 0.426 -0.48 0.126 -0.528 -0.661 1.867 -0.263 2.656 -0.312 -2.29 -2.493 -0.087 -1.268 -2.363 -1.938 1.922 0.031 -2.444 -1.925 -1.759
256 S 0.257 -0.208 2.139 -0.194 -0.737 -0.534 -0.719 2.002 -0.321 -2.313 -2.658 1.195 -1.602 -2.316 -1.92 2.066 0.091 -2.653 -2.062 -1.871
257 K 0.863 2.284 1.927 -0.485 -1.029 0.004 -0.419 -0.71 -0.164 -2.039 -2.226 2.532 -1.346 -2.407 -1.95 0.622 -0.516 -2.597 -1.876 -1.552
258 G 1.143 -0.685 1.641 -0.919 -0.753 -1.14 -1.414 2.376 -0.839 0.623 -1.258 0.897 -0.991 -1.843 -0.028 -0.734 -1.033 -2.637 -2.082 -0.227
259 L -1.526 -2.172 -3.348 -3.606 -0.136 -2.626 -3.291 -3.368 -2.299 2.019 4.014 -2.464 2.147 0.847 -3.59 -3.144 -1.566 -1.636 -1.042 1.12
260 K -0.034 0.381 -0.26 -0.904 -0.557 -0.223 -0.617 -1.07 -0.658 -0.787 -0.822 2.246 1.77 -1.587 -1.874 1.415 1.302 -2.299 -1.639 -0.719
261 Y -1.901 -2.061 -2.472 -3.219 -1.413 -2.237 -2.724 -3.049 1.267 0.006 0.914 -2.223 0.095 3.961 -3.594 -2.697 -2.099 1.642 5.826 -0.495
262 L -1.57 -0.838 1.34 -1.565 -0.887 -1.573 -1.956 -2.191 -0.981 1.722 2.021 0.602 0.752 2.512 -3.156 -1.999 -1.354 -1.442 -0.147 0.54
263 K -0.885 1.646 -0.544 -0.903 -1.941 0.439 0.011 -1.478 -0.487 -2.211 -2.376 4.182 -1.447 -2.944 2.23 -1.026 -1.182 -2.857 -1.971 -2.082
264 L -1.33 -1.083 -2.3 -2.703 -0.765 -1.816 -2.237 -2.789 -0.614 2.023 1.372 0.458 0.586 2.932 -3.222 -2.416 -1.425 -0.333 2.761 1.611
265 I -1.46 -2.984 -3.336 -3.306 -0.207 -3.163 -3.676 -3.52 -2.698 4.357 2.219 -2.701 1.377 0.273 -3.578 -3.147 -1.21 -2.145 -1.302 2.576
266 L -0.469 -1.135 -1.373 -1.765 -0.306 1.226 -1.148 -2.007 -1.188 2.203 1.432 -0.92 0.72 -0.579 -2.7 0.074 -0.508 -2.218 -1.367 1.883
267 F -1.143 -2.216 -1.939 -2.323 -0.925 -2.561 -2.458 -2.147 -1.138 0.07 1.03 -2.08 0.133 4.801 1.943 -0.381 -1.268 -0.462 1.395 -0.529
268 I -1.268 -1.768 -2.401 -2.583 -0.52 0.637 -1.918 -2.909 -1.506 3.072 1.452 -1.623 0.878 2.526 -3.366 -2.47 -1.226 -1.436 -0.057 2.202
269 L -1.305 -2.03 -2.569 -3.046 -0.16 -2.377 -2.938 -2.979 -2.199 1.677 3.695 -2.176 1.77 0.49 -3.24 -2.105 0.622 -1.79 -1.212 0.92
270 L -0.506 -1.878 -1.457 -2.005 -0.298 -2.025 -2.191 -1.856 -1.418 1.764 2.044 -1.719 0.823 2.552 -2.844 0.812 -0.512 -1.399 -0.116 0.68
271 P -1.23 -2.492 -2.724 -2.538 -0.657 -2.581 -2.674 -2.753 -2.199 2.731 1.511 -1.942 0.508 -0.61 4.19 -2.379 -1.331 -2.82 -1.749 1.232
272 L -1.108 -2.275 -1.876 -2.518 -0.656 -2.609 -2.856 1.354 -1.545 0.68 1.692 -2.243 0.512 3.893 -3.291 -1.703 0.526 -0.779 0.693 0.417
273 L -1.2 -2.576 -3.001 -3.004 -0.352 -2.783 -3.053 -3.054 -2.344 2.997 2.144 -2.328 1.023 1.086 1.93 -2.676 -1.248 -2.086 -0.952 2.189
274 L 1.246 -2.053 -1.929 -2.223 0.089 -2.062 -2.261 -1.507 -1.869 2.719 1.433 -1.691 0.677 -0.423 -2.581 0.065 -0.527 -2.277 -1.474 1.915
275 P 0.675 -2.002 -2.134 -1.899 -0.805 -1.981 -1.839 -1.569 -1.698 -0.858 0.147 -1.274 -0.841 -1.943 5.61 -1.282 -1.264 -3.498 -2.213 -0.947
276 F 1.613 -2.235 -2.536 -2.74 -0.131 -2.472 -2.516 -1.464 -1.508 0.969 1.223 -2.069 0.409 3.865 -2.89 -1.353 -1.198 -0.857 0.753 1.337
277 V -0.231 -2.484 -2.927 -3.162 0.342 -2.585 -2.891 -2.953 -2.912 3.032 0.948 -2.386 0.834 -0.396 -3.169 -2.282 -0.449 -2.385 -1.283 4.119
278 L -1.369 -2.596 -3.117 -3.418 -0.397 -3.066 -3.317 -3.147 -1.93 2.103 2.361 -2.769 1.137 4.012 -3.772 -2.901 -1.459 -0.761 0.841 2.17
279 Y -0.467 -1.773 -1.242 -1.87 -0.56 -1.715 -1.973 -1.825 0.233 2.134 -0.092 -1.493 -0.051 1.287 -2.673 0.877 -0.477 0.045 3.906 0.806
280 Y -0.542 -1.737 -1.687 -1.416 -1.178 -1.297 0.446 -0.472 0.444 1.005 -0.407 -1.404 -0.388 3.175 -2.966 -1.181 -1.477 0.439 4.142 0.001
281 I -1.185 -2.543 -3.108 -3.238 -0.122 -2.595 -3.28 -3.262 -2.361 3.695 2.199 -2.414 2.759 0.226 -3.474 -2.801 -1.088 -2.014 -1.223 2.671
282 F 0.297 -2.381 -2.68 -3.005 -0.611 -2.671 -2.857 -2.207 -0.542 1.653 1.373 -2.337 0.517 4.2 -3.335 -2.077 -1.616 0.118 3.123 0.625
283 S -0.206 0.155 -0.331 -0.321 -0.917 1.662 1.348 -1.246 -0.295 -0.98 0.179 1.447 -0.314 -1.615 -2.02 1.222 -0.332 -2.349 -1.631 -1.045
284 A 2.505 -1.42 -1.49 -0.127 -0.091 -0.257 -0.346 -0.742 -0.306 0.073 -0.944 -0.968 -0.617 -0.048 -2.125 -0.501 -0.832 -0.984 2.269 1.049
285 R -1.591 5.614 -0.519 -1.621 -2.316 0.461 -0.617 -2.185 0.042 -2.668 -2.085 1.962 -1.281 -2.529 -2.761 -1.463 -1.511 -2.291 -1.829 -2.219
286 L -1.55 -2.39 -3.385 -3.569 -0.193 -2.788 -3.421 -3.444 -2.432 2.729 3.753 -2.56 1.937 0.677 -3.627 -3.185 -1.515 -1.792 -1.143 1.51
287 D -0.481 -1.048 0.394 3.398 -0.936 -0.438 1.419 -1.163 -0.65 -1.589 -2.234 -0.475 -1.486 -2.257 -1.925 0.818 2.103 -2.729 -2.191 -1.21
288 S 2.407 -1.025 -0.117 -0.71 0.233 -0.856 -0.839 0.006 -0.746 -1.561 -2.009 -0.518 -1.135 -1.968 -1.532 2.743 0.551 -2.569 -1.812 -0.79
289 L -0.927 -1.504 -1.615 -2.179 -0.479 0.145 -1.904 1.371 -1.549 0.858 2.69 -1.409 1.044 -0.225 -2.937 -1.521 0.632 -1.969 -1.508 0.263
290 G -0.725 -1.504 3.285 2.161 -1.702 -1.369 -1.083 4.164 -0.347 -3.012 -3.416 -1.053 -2.55 -2.668 -2.685 -0.726 -1.325 -2.827 -2.783 -2.816
291 G -0.209 -2.309 -0.718 -1.602 -1.445 -2.179 -2.634 5.363 -0.542 -2.704 -2.904 -1.744 -2.283 -0.488 -2.922 -1.254 -2.004 -0.97 2.024 -2.509
292 S 0.13 -0.984 1.831 2.599 -0.55 -0.77 -0.291 -0.55 -0.464 -1.825 -2.411 -0.537 -1.484 -2.169 -1.842 2.173 1.515 -2.774 -2.08 -1.399
293 A 3.218 -1.804 -1.252 -1.617 0.097 -1.64 -1.733 3.433 -1.354 -1.486 -1.932 -1.149 -1.414 -2.156 -1.905 -0.011 -0.897 -2.497 -2.206 -0.619
294 E -0.653 -0.706 -0.836 -0.13 -1.014 1.583 2.202 -1.889 -0.452 1.948 -0.411 -0.179 -0.19 -1.348 -2.35 0.108 -0.71 -2.366 -1.613 0.595
295 G 1.294 -1.338 0.068 1.858 -0.344 -1.111 -0.731 1.98 -0.948 -1.676 -2.238 -0.804 -1.463 -2.171 -1.879 1.59 1.278 -2.643 -2.184 -1.12
296 L -1.514 -2.664 -3.369 -3.449 -0.207 -2.968 -3.547 -3.487 -2.562 3.616 3.139 -2.633 1.677 0.485 -3.611 -3.174 -1.373 -1.962 -1.225 2.057
297 R -1.591 5.614 -0.519 -1.621 -2.316 0.461 -0.617 -2.185 0.042 -2.668 -2.085 1.962 -1.281 -2.529 -2.761 -1.463 -1.511 -2.291 -1.829 -2.219
298 A 1.741 -1.069 -0.81 1.523 -0.593 -0.245 2.163 -0.967 -0.646 -0.76 0.245 -0.445 -0.501 -1.522 -2.029 -0.155 -0.911 -2.435 -1.846 -0.594
299 N -1.009 -0.986 4.75 0.587 -1.717 -1.04 -1.287 3.322 0.302 -2.927 -3.308 -0.738 -2.377 -2.529 -2.707 -0.441 -0.92 -2.837 -2.443 -2.715
300 L -1.597 -2.243 -3.419 -3.677 -0.207 -2.697 -3.362 -3.439 -2.37 1.948 4.128 -2.535 2.076 0.776 -3.661 -3.215 -1.637 -1.707 -1.113 1.049
301 N -1.627 1.57 3.944 -0.117 -1.272 -0.935 -1.41 -1.277 -0.023 1.021 0.608 -0.287 -0.195 -1.117 -2.953 -1.105 -0.928 -2.506 -1.747 -0.12
302 K 0.222 0.9 -0.139 2.075 -1.55 0.368 1.551 -1.198 -0.374 -2.039 -2.336 3.112 -1.475 -2.645 -1.843 -0.644 -0.332 -2.684 -2.032 -1.688
303 L -1.337 -2.0 -2.719 -3.251 -0.55 -2.075 -2.79 -3.071 0.002 1.452 2.277 -2.121 2.575 1.718 -3.433 -2.607 -1.47 0.241 3.955 1.488
304 V -0.624 -2.734 -3.093 -3.227 0.129 -2.837 -3.191 -3.176 -2.902 3.653 1.153 -2.539 0.929 -0.235 -3.335 -2.582 -0.701 -2.375 -1.342 3.86
305 F -2.297 -2.734 -2.781 -3.32 -1.491 -3.453 -3.32 -2.941 -0.142 0.066 0.309 -3.068 0.015 6.253 -4.287 -2.98 -2.379 1.095 3.999 -0.638
306 N 1.019 -0.917 3.339 2.269 -0.694 -0.774 -0.425 -0.236 -0.061 -2.104 -2.59 -0.519 -1.693 -2.268 -1.993 1.573 -0.044 -2.867 -2.098 -1.595
307 Q -0.939 0.95 -0.15 -0.414 -1.968 5.077 1.335 -1.536 0.713 -2.297 -2.048 1.165 -0.46 -3.015 -2.208 -0.811 -1.032 -2.242 -1.342 -1.844
308 D -0.428 -0.592 2.364 3.435 -1.246 1.382 0.357 -0.683 -0.023 -2.404 -2.791 -0.184 -1.651 -2.532 -2.07 1.392 -0.239 -2.898 -2.141 -2.087
309 L -1.293 -2.508 -2.963 -3.038 -0.471 -2.809 -3.017 -2.987 -2.081 2.294 2.242 -2.372 0.976 2.584 1.916 -2.675 -1.4 -1.543 -0.139 1.801
310 P -1.051 -2.097 -2.132 -2.288 -0.527 -2.219 -2.388 -2.467 -2.013 1.683 1.89 -1.708 0.565 -0.609 3.74 -1.612 0.7 -2.606 -1.71 0.647
311 E -0.569 -1.022 -0.176 2.232 -1.002 -0.175 2.237 -1.539 -0.596 0.676 -1.22 -0.393 -0.868 -1.747 -2.107 0.483 1.014 -2.56 -1.945 -0.184
312 L -1.542 -2.517 -3.386 -3.523 -0.207 -2.875 -3.484 -3.471 -2.497 3.159 3.508 -2.6 1.816 0.585 -3.628 -3.188 -1.459 -1.875 -1.187 1.759
313 L -1.309 -2.427 -3.326 -3.52 -0.119 -2.775 -3.348 -3.379 -2.527 2.775 3.451 -2.552 1.76 0.504 -3.568 -3.037 -1.332 -1.903 -1.187 2.184
314 F -2.391 -2.953 -2.917 -3.371 -1.431 -3.921 -3.539 -2.931 -0.885 0.22 0.508 -3.361 0.145 6.601 -4.505 -3.087 -2.427 0.795 2.874 -0.564
315 G 0.033 -2.414 -0.497 -1.38 -1.377 -2.252 -2.679 5.862 -1.533 -3.272 -3.517 -1.708 -2.724 -2.735 -2.836 -1.059 -1.976 -2.497 -3.205 -2.921
316 N -1.717 -0.472 5.76 1.225 -1.903 -0.584 -0.782 -0.211 0.912 -2.769 -3.208 -0.353 -2.218 -2.431 -2.644 -0.175 -0.508 -3.023 -2.126 -2.617
317 G 0.033 -2.414 -0.497 -1.38 -1.377 -2.252 -2.679 5.862 -1.533 -3.272 -3.517 -1.708 -2.724 -2.735 -2.836 -1.059 -1.976 -2.497 -3.205 -2.921
318 L 0.656 -1.986 -2.582 -2.676 -0.137 -2.011 -2.412 -2.008 -1.865 1.36 2.181 -1.759 2.495 -0.278 2.015 -1.7 -1.087 -2.217 -1.434 1.516
319 L -1.374 -2.218 -3.102 -3.49 -0.325 -2.527 -3.114 -3.286 -1.064 1.852 3.296 -2.41 1.558 1.239 -3.539 -2.924 -1.489 -0.629 2.403 1.708
320 G 0.033 -2.414 -0.497 -1.38 -1.377 -2.252 -2.679 5.862 -1.533 -3.272 -3.517 -1.708 -2.724 -2.735 -2.836 -1.059 -1.976 -2.497 -3.205 -2.921
321 L -1.106 -2.4 -3.018 -3.343 -0.234 -2.601 -3.101 -3.228 -1.163 2.703 2.351 -2.427 1.176 1.009 -3.449 -2.762 -1.198 -0.763 2.382 2.645
322 P -0.821 -2.026 -2.205 -2.021 -0.898 -1.916 -1.973 -2.182 -1.721 0.126 -0.568 -1.369 1.668 -1.777 5.595 -1.722 -1.185 -3.375 -2.062 0.694
323 T 0.88 -0.313 -0.712 -0.573 -0.645 -0.347 0.99 -1.181 -0.874 -1.291 -1.82 1.207 -1.201 -2.275 2.232 -0.142 1.995 -2.671 -1.956 -0.783
324 E 1.753 0.009 -0.759 0.376 -0.994 0.537 3.044 -0.931 -0.22 -1.934 -2.154 1.519 -1.401 -2.418 -1.765 -0.383 -1.0 -2.488 -1.893 -1.205
325 V 0.656 -2.592 -2.819 -2.943 -0.04 -2.739 -2.916 -2.231 -2.137 3.088 0.845 -2.331 0.62 2.484 -3.122 -1.948 -0.957 -1.543 -0.121 2.816
326 A 2.787 -1.018 -0.611 -0.47 0.075 -0.506 0.99 -0.129 -0.687 -1.479 -1.887 -0.408 -1.165 -2.051 -1.596 1.697 -0.024 -2.524 -1.837 -0.64
327 N -1.459 -0.916 3.214 2.383 -2.047 -0.358 1.548 0.096 0.816 -2.256 -2.509 -0.511 -1.827 0.023 -2.572 -0.912 -1.234 -0.759 2.834 -2.151
328 L -0.826 -2.344 -3.15 -3.395 0.093 -2.626 -3.104 -3.173 -2.611 2.551 2.899 -2.445 1.543 0.27 -3.392 -2.7 -0.973 -2.007 -1.18 3.014
329 L -1.189 -1.273 -2.18 -2.565 -0.567 0.903 -1.607 -2.764 -0.385 1.366 2.228 -1.271 2.59 0.868 -3.196 -2.236 -1.296 -0.643 2.404 1.439
330 N -1.572 1.645 3.959 -0.095 -1.276 -0.706 -1.287 -1.198 0.127 -0.402 0.723 -0.18 1.944 -1.05 -2.916 -1.001 -0.923 -2.324 -1.655 -0.833
331 S -0.328 -0.223 2.422 -0.374 -0.636 -0.65 -0.909 -0.926 -0.433 -0.708 0.222 1.104 -0.407 -1.431 -2.111 1.192 1.261 -2.456 -1.744 -0.784
332 G -0.004 -1.354 -0.394 -0.453 -0.975 -0.83 0.756 3.161 -0.911 -2.264 -2.656 -0.701 -1.86 -2.497 2.157 0.818 0.516 -2.742 -2.378 -1.813
333 G 1.337 -1.927 -0.478 -1.224 -0.687 -1.762 -1.986 4.881 -1.294 -2.494 -2.843 -1.294 -2.068 -2.45 -2.333 0.536 -0.991 -2.515 -2.663 -1.897
334 G 0.131 -1.227 2.38 2.171 -1.225 -0.74 1.01 1.769 -0.4 -1.138 0.003 -0.76 -0.854 -1.666 -2.486 -0.836 -1.185 -2.597 -2.147 -1.275
335 L -0.878 -2.041 -2.286 -2.712 -0.14 -2.279 -2.695 -2.558 -2.029 2.153 3.294 -2.047 1.563 0.329 -3.148 -0.53 -0.902 -1.935 -1.257 1.358
336 W -2.583 -2.391 -3.07 -3.587 -2.259 -2.792 -2.977 -2.507 -0.578 -1.611 -1.441 -2.755 -1.161 2.145 -5.09 -3.276 -2.659 10.168 3.213 -1.995
337 T -0.098 -1.078 -0.124 -1.0 0.136 -1.089 -1.363 -1.314 -1.399 -0.21 -1.043 -0.776 -0.517 -1.566 -1.673 0.719 4.201 -2.17 -1.692 0.244
338 R 0.595 3.763 -0.583 -1.208 -1.468 0.943 -0.205 -1.286 -0.229 -2.091 -2.029 3.08 -1.168 -2.56 -2.084 -0.836 -1.145 -2.441 -1.803 -1.613
339 L -1.561 -2.1 1.141 -1.982 -0.429 -2.369 -2.837 -2.611 -1.591 2.893 2.898 -2.092 1.377 0.218 -3.433 -2.412 -1.25 -2.068 -1.337 1.475
340 G -0.206 -2.271 -0.151 1.715 -1.528 -1.985 -1.65 5.386 -1.354 -3.185 -3.523 -1.553 -2.729 -2.774 -2.749 -1.051 -1.885 -2.653 -3.187 -2.921
341 I 0.595 -2.568 -2.946 -2.988 0.032 -2.668 -3.007 -2.355 -2.423 3.562 1.858 -2.265 1.057 -0.072 -3.072 -2.065 -0.975 -2.217 -1.375 2.603
342 A 3.626 -1.622 -1.762 -1.723 0.36 -1.47 -1.407 0.046 -1.33 -1.088 -1.572 -0.94 -1.135 -2.106 2.276 0.155 -0.614 -2.758 -1.942 -0.195
343 A 3.719 -1.403 -1.228 -1.449 0.53 -1.237 -1.217 0.242 -1.128 -1.041 -1.523 -0.804 -0.98 -1.921 -1.532 1.185 -0.185 -2.515 -1.812 -0.113
344 L -1.597 -2.243 -3.419 -3.677 -0.207 -2.697 -3.362 -3.439 -2.37 1.948 4.128 -2.535 2.076 0.776 -3.661 -3.215 -1.637 -1.707 -1.113 1.049
345 N -1.717 -0.472 5.76 1.225 -1.903 -0.584 -0.782 -0.211 0.912 -2.769 -3.208 -0.353 -2.218 -2.431 -2.644 -0.175 -0.508 -3.023 -2.126 -2.617
346 D -1.834 -1.645 1.142 5.916 -2.429 -0.929 0.993 -1.18 -0.593 -2.782 -3.548 -0.886 -2.754 -2.976 -2.346 -1.009 -1.47 -3.588 -3.1 -2.921
347 N -1.717 -0.472 5.76 1.225 -1.903 -0.584 -0.782 -0.211 0.912 -2.769 -3.208 -0.353 -2.218 -2.431 -2.644 -0.175 -0.508 -3.023 -2.126 -2.617
348 G 0.033 -2.414 -0.497 -1.38 -1.377 -2.252 -2.679 5.862 -1.533 -3.272 -3.517 -1.708 -2.724 -2.735 -2.836 -1.059 -1.976 -2.497 -3.205 -2.921
349 L -1.488 -2.22 -3.21 -3.452 -0.21 -2.442 -3.237 -3.305 -2.155 2.567 3.55 -2.367 3.075 0.623 -3.581 -2.978 -1.453 -1.728 -1.111 1.409
350 W -2.651 -2.519 -3.17 -3.624 -2.207 -3.03 -3.105 -2.501 -1.138 -1.428 -1.199 -2.927 -1.031 3.022 -5.281 -3.355 -2.695 10.16 2.254 -1.917
351 L -1.57 -2.377 -3.402 -3.599 -0.207 -2.785 -3.423 -3.455 -2.433 2.617 3.835 -2.567 1.949 0.682 -3.644 -3.201 -1.547 -1.79 -1.15 1.426
352 F -2.391 -2.953 -2.917 -3.371 -1.431 -3.921 -3.539 -2.931 -0.885 0.22 0.508 -3.361 0.145 6.601 -4.505 -3.087 -2.427 0.795 2.874 -0.564
353 L -1.778 -2.757 -3.21 -3.423 -0.56 -3.252 -3.544 -3.29 -1.889 2.859 2.497 -2.856 1.251 4.052 -3.879 -3.145 -1.684 -0.729 0.841 1.417
354 I -1.434 -3.158 -3.319 -3.238 -0.207 -3.266 -3.744 -3.536 -2.768 4.666 1.62 -2.736 1.214 0.161 -3.561 -3.133 -1.132 -2.242 -1.342 2.803
355 L -1.357 -2.328 -3.001 -3.176 -0.213 -2.28 -3.171 -3.191 -2.008 3.545 2.351 -2.237 3.747 0.356 -3.487 -2.747 -1.2 -1.832 -1.146 2.031
356 K -0.883 2.037 -0.325 -0.779 -2.034 0.75 0.256 -1.399 -0.3 -2.18 -2.297 4.63 -1.281 -2.863 -1.744 -0.938 -1.139 -2.606 -1.846 -2.056
357 L -1.269 -2.715 -3.084 -3.346 -0.366 -3.129 -3.332 -3.133 -1.992 2.598 1.76 -2.787 0.935 3.974 -3.733 -2.843 -1.332 -0.827 0.823 2.549
358 G 0.033 -2.414 -0.497 -1.38 -1.377 -2.252 -2.679 5.862 -1.533 -3.272 -3.517 -1.708 -2.724 -2.735 -2.836 -1.059 -1.976 -2.497 -3.205 -2.921
359 L -1.147 -2.528 -3.116 -3.377 -0.208 -2.824 -3.234 -3.221 -1.864 2.745 2.418 -2.58 1.235 2.23 -3.556 -2.828 -1.219 -1.149 1.016 2.661
360 V -0.749 -2.554 -3.042 -3.317 -0.023 -2.831 -3.107 -3.065 -2.409 2.496 1.7 -2.594 0.949 2.562 -3.478 -2.586 -0.926 -1.486 -0.049 3.451
361 G 0.033 -2.414 -0.497 -1.38 -1.377 -2.252 -2.679 5.862 -1.533 -3.272 -3.517 -1.708 -2.724 -2.735 -2.836 -1.059 -1.976 -2.497 -3.205 -2.921
362 L -1.384 -2.406 -3.349 -3.642 4.995 -2.818 -3.457 -3.197 -2.467 1.637 3.694 -2.631 1.733 0.456 -3.591 -2.908 -1.592 -1.918 -1.339 0.846
363 L 1.269 -2.409 -2.717 -2.815 -0.079 -2.57 -2.75 -1.786 -1.873 2.697 1.578 -2.135 0.755 2.531 -2.945 -1.633 -1.141 -1.446 -0.127 1.676
364 I -0.197 -2.27 -2.144 -2.447 -0.117 -2.298 -2.663 -2.269 -1.999 3.485 1.841 -1.965 1.637 -0.054 -2.973 -0.355 -0.692 -2.159 -1.372 1.921
365 L -1.425 -2.184 -2.309 -2.856 -0.55 -2.455 -2.855 -2.847 -0.746 1.926 2.165 -2.212 0.926 3.043 -3.29 -1.99 0.576 -0.237 2.774 0.866
366 L -1.279 -2.533 -2.77 -3.035 -0.246 -2.698 -3.284 -0.914 -2.348 3.477 2.572 -2.387 1.912 0.227 -3.397 -2.55 -0.473 -2.012 -1.333 1.936
367 L -1.166 -2.198 -2.216 -2.674 -0.618 -2.483 -2.705 -2.369 -1.558 1.767 2.071 -2.208 0.816 2.734 -3.471 -0.555 -1.157 5.724 0.569 0.613
368 I -1.6 -2.5 -2.903 -3.251 -0.649 -2.624 -3.176 -3.326 -0.17 3.259 1.715 -2.41 0.891 1.68 -3.519 -2.917 -1.519 0.14 3.935 1.686
369 L -1.186 -1.715 -2.096 -2.656 -0.338 -1.671 -2.509 -2.542 -1.258 1.195 2.052 -1.768 4.336 2.68 -3.179 -1.651 0.702 -1.028 0.064 0.631
370 F -1.578 0.038 1.526 -1.201 -1.431 -0.95 -1.283 -1.824 -0.477 -0.28 0.756 1.97 -0.047 3.774 -2.903 -1.639 -1.461 -0.928 0.693 -0.851
371 N -1.636 -0.391 5.591 1.305 -1.822 -0.503 -0.701 -0.13 0.992 -2.688 -3.128 -0.272 -2.137 -2.35 -2.564 -0.094 -0.427 -2.942 -2.045 -2.536
372 L -0.877 0.097 -0.955 -1.554 -0.717 -0.765 -1.169 -1.895 -1.125 0.493 0.766 2.047 0.083 1.504 -2.3 -0.755 1.913 -1.712 -0.623 -0.014
373 L -1.631 -1.003 -2.393 -2.802 -0.99 -1.724 -2.228 -2.762 -0.609 1.668 1.961 0.478 0.71 1.047 -3.381 -2.591 -1.687 5.78 2.653 0.51
374 L -0.909 -1.919 -1.832 -2.397 -0.117 -2.114 -2.535 -2.468 -2.017 2.144 2.753 -1.839 1.252 0.045 -2.841 -0.823 1.621 -1.979 -1.356 1.149
375 R -1.507 4.087 1.978 -0.701 -2.207 0.257 -0.468 -1.558 3.731 -2.605 -2.374 2.126 -1.424 -2.22 -2.553 -1.143 -1.362 -2.299 -0.931 -2.383
376 D -0.327 0.03 0.503 3.321 -1.264 1.521 0.494 -0.881 -0.261 -2.31 -2.641 1.393 -1.503 -2.602 -1.929 1.326 -0.326 -2.827 -2.092 -2.002
377 P -0.899 -0.544 1.678 -0.875 -0.799 -1.04 -1.314 -1.566 -0.917 1.004 -0.284 0.939 -0.47 -1.515 2.119 -0.65 1.662 -2.681 -1.851 0.117
378 R -1.33 2.754 -1.556 -2.329 -1.179 -1.336 -2.11 1.333 -1.046 1.232 0.969 -0.191 0.141 2.327 -3.281 -2.092 -1.671 -1.43 -0.301 0.091
379 D -1.714 -1.079 3.315 3.555 -2.068 -0.582 1.357 -1.135 0.109 -2.016 -2.179 -0.648 -1.74 1.958 -2.635 -0.908 -1.217 -1.977 -0.611 -2.174
380 F -2.014 2.758 -1.785 -2.623 -1.762 -1.438 -2.071 -2.669 0.127 -0.66 -0.378 -0.307 -0.407 4.964 -3.628 -2.353 -2.045 0.46 3.421 -1.104
381 L -1.258 -2.72 -3.293 -3.374 -0.119 -2.958 -3.469 -3.41 -2.661 3.729 2.641 -2.618 1.469 0.294 -3.535 -3.011 -1.17 -2.083 -1.264 2.682
382 L -1.226 -2.504 -3.179 -3.329 -0.121 -2.654 -3.303 -3.301 -2.415 3.419 2.679 -2.459 2.463 0.321 -3.505 -2.878 -1.167 -1.977 -1.211 2.517
383 F -2.02 -1.766 1.447 -1.602 -1.386 -2.092 -2.221 -2.134 3.554 -0.012 1.001 -2.011 0.143 4.833 -3.658 -2.132 -1.857 -0.278 1.756 -0.734
384 L -0.588 -2.226 -2.156 -2.572 -0.103 -2.389 -2.629 -2.425 -1.99 2.543 1.822 -2.103 0.911 1.897 -3.103 -0.413 -0.651 -1.692 -0.452 2.551
385 I -1.209 -3.046 -3.261 -3.235 -0.119 -3.153 -3.595 -3.442 -2.801 4.444 1.51 -2.685 1.146 0.067 -3.503 -2.985 -1.018 -2.274 -1.342 3.106
386 L -1.514 -2.664 -3.369 -3.449 -0.207 -2.968 -3.547 -3.487 -2.562 3.616 3.139 -2.633 1.677 0.485 -3.611 -3.174 -1.373 -1.962 -1.225 2.057
387 L -1.676 -2.314 -3.359 -3.641 -0.32 -2.81 -3.382 -3.378 -2.162 1.8 3.89 -2.616 1.915 2.35 -3.744 -3.201 -1.715 -1.296 -0.287 0.908
388 L -1.547 -2.046 -2.966 -3.334 -0.385 -2.202 -3.034 -3.065 -1.591 1.584 3.145 -2.258 3.823 2.845 -3.655 -2.764 -1.558 -1.012 0.103 0.794
389 T -0.169 -1.149 -0.196 -1.071 0.065 -1.16 -1.435 -1.386 -1.47 -0.281 -1.114 -0.848 -0.589 -1.637 -1.744 0.648 4.409 -2.242 -1.763 0.173
390 K -0.883 2.037 -0.325 -0.779 -2.034 0.75 0.256 -1.399 -0.3 -2.18 -2.297 4.63 -1.281 -2.863 -1.744 -0.938 -1.139 -2.606 -1.846 -2.056
391 L 0.582 -2.425 -2.96 -3.051 0.032 -2.584 -2.955 -2.344 -2.361 3.096 2.414 -2.235 1.229 0.049 -3.086 -2.074 -1.049 -2.122 -1.335 2.358
392 S 0.395 -0.177 0.121 -0.619 -0.222 -0.498 -0.683 -0.712 -0.76 -1.317 -1.884 1.212 -1.014 -1.996 -1.636 2.263 2.459 -2.479 -1.801 -0.834
393 F -2.12 -2.765 -2.841 -3.298 -1.242 -3.351 -3.351 -3.034 -0.326 1.502 0.541 -2.964 0.232 5.723 -4.119 -2.987 -2.122 0.798 3.737 0.288
394 L -1.495 -2.364 -2.424 -2.9 -0.507 -2.778 -3.041 -2.838 -1.694 2.008 2.271 -2.427 1.021 3.994 -3.443 -2.066 0.558 -0.729 0.811 0.91
395 S 0.329 -1.104 -0.2 -0.971 -0.474 -0.977 -1.099 -0.836 0.609 -1.55 -1.831 -0.781 -1.065 0.922 -2.029 2.459 0.239 -0.007 3.882 -1.241
396 F 0.119 -2.664 -2.68 -3.028 -0.971 -3.31 -3.041 -2.072 -0.945 0.062 0.267 -2.779 -0.009 6.105 -3.747 -2.135 -1.997 0.448 2.459 -0.446
397 G -0.454 -2.119 -1.039 -1.751 -0.442 -2.099 -2.465 3.018 -1.865 2.126 -0.274 -1.662 -0.274 -1.153 -2.616 -0.789 1.896 -2.324 -2.0 0.878
398 F -2.391 -2.953 -2.917 -3.371 -1.431 -3.921 -3.539 -2.931 -0.885 0.22 0.508 -3.361 0.145 6.601 -4.505 -3.087 -2.427 0.795 2.874 -0.564
399 I -0.869 -2.868 -3.167 -3.23 0.021 -2.973 -3.364 -3.291 -2.857 4.032 1.317 -2.603 1.027 -0.097 -3.409 -2.754 -0.838 -2.33 -1.342 3.549
400 F -2.14 -2.639 -2.827 -3.281 -1.192 -3.22 -3.318 -2.881 -0.908 0.488 0.836 -2.958 2.217 6.142 -4.266 -2.892 -2.16 0.53 2.5 -0.254
401 Y -1.539 -1.941 -2.302 -3.102 -1.337 -1.96 -2.502 -2.993 1.621 0.237 -0.563 -2.01 -0.425 2.919 -3.362 -2.468 -1.8 1.837 6.28 0.789
402 L -1.499 -2.815 -3.139 -3.348 -0.461 -3.241 -3.467 -3.218 -1.967 3.005 1.861 -2.839 1.009 3.998 -3.797 -2.983 -1.459 -0.807 0.823 2.178
403 L -1.072 -2.097 -2.072 -2.597 -0.56 -2.306 -2.606 -2.454 -0.603 1.825 2.109 -2.067 0.868 3.032 -3.228 -0.489 -1.093 -0.266 2.772 0.707
404 L -0.728 -1.753 -1.706 -2.296 -0.122 -1.957 -2.342 -2.222 -1.817 1.255 3.145 -1.729 1.379 0.141 -2.819 -0.062 0.925 -1.925 -1.321 0.621
405 L -1.283 -2.431 -3.142 -3.307 -0.151 -2.543 -3.266 -3.276 -2.291 3.365 2.723 -2.398 2.869 0.364 -3.51 -2.859 -1.205 -1.916 -1.185 2.308
406 L -0.706 -2.169 -1.99 -2.571 4.954 -2.327 -2.575 -2.219 -0.671 0.777 1.027 -2.108 0.236 2.854 -3.117 -0.308 -0.944 -0.409 2.715 1.115
407 L -1.502 -1.932 1.221 -1.933 -0.751 -2.212 -2.559 -2.407 -0.316 1.149 1.991 -2.03 0.721 2.985 -3.462 -2.193 -1.381 -0.312 2.762 1.232
408 F -1.769 1.366 1.375 -1.664 -1.142 -1.492 -2.096 -2.172 -0.527 0.28 1.307 -0.836 2.218 3.879 -3.468 -1.957 -1.52 -0.758 0.771 -0.341
409 R -1.266 4.621 -0.419 -1.233 -2.179 0.601 -0.214 -1.823 -0.069 -2.442 -2.147 3.309 -1.259 -2.637 -2.289 -1.22 -1.335 -2.392 -1.814 -2.131
410 P -0.408 0.112 2.589 -0.151 -1.208 -0.426 -0.597 -0.798 -0.222 -2.282 -2.626 1.753 -1.724 -2.6 3.103 0.913 -0.344 -3.078 -2.072 -1.997
411 N -1.636 -0.391 5.591 1.305 -1.822 -0.503 -0.701 -0.13 0.992 -2.688 -3.128 -0.272 -2.137 -2.35 -2.564 -0.094 -0.427 -2.942 -2.045 -2.536
412 E -0.895 -0.098 -0.314 1.542 -2.387 1.37 4.437 -1.926 0.417 -2.74 -2.679 0.701 -1.729 -2.584 -1.857 -0.767 -1.277 -2.363 -1.884 -2.11
413 N -1.636 -0.391 5.591 1.305 -1.822 -0.503 -0.701 -0.13 0.992 -2.688 -3.128 -0.272 -2.137 -2.35 -2.564 -0.094 -0.427 -2.942 -2.045 -2.536
414 V -0.21 -2.462 -2.905 -3.14 0.364 -2.563 -2.87 -2.931 -2.891 3.054 0.969 -2.364 0.856 -0.374 -3.147 -2.26 -0.427 -2.363 -1.261 4.06
415 L -1.17 -2.415 -2.761 -2.834 -0.594 -2.714 -2.766 -2.747 -1.848 1.322 1.651 -2.231 0.568 3.228 2.925 -2.436 -1.394 -1.335 0.3 1.641
416 L -1.564 -2.21 -3.386 -3.644 -0.174 -2.664 -3.329 -3.406 -2.337 1.981 4.076 -2.502 2.109 0.809 -3.628 -3.182 -1.604 -1.674 -1.08 1.082
417 E -1.076 0.271 -0.866 0.269 -1.609 0.555 2.97 -2.103 -0.295 -0.637 0.848 1.932 -0.158 -1.368 -2.207 -1.29 -1.349 -2.26 -1.68 -0.944
418 R -1.08 4.541 -0.12 1.211 -1.935 0.375 0.826 -1.708 -0.012 -2.577 -2.287 1.45 -1.431 -2.492 -2.419 -0.231 -1.055 -2.429 -1.926 -2.139
419 G -0.714 -1.966 0.475 4.09 -1.818 -1.478 -0.256 4.074 -0.987 -2.979 -3.495 -1.23 -2.701 -2.815 -2.543 -0.996 -1.674 -2.953 -3.114 -2.883
420 S 1.597 -0.482 0.114 -0.482 -0.076 1.311 -0.24 -0.222 -0.337 -1.768 -2.098 -0.069 -1.008 -2.092 -1.597 2.566 0.529 -2.486 -1.691 -1.087
421 N -0.897 -0.434 4.714 1.101 -1.518 -0.143 1.082 -0.397 0.661 -2.59 -2.94 -0.127 -1.926 -2.354 -2.268 0.734 -0.282 -2.809 -2.006 -2.256
422 Y -1.632 -1.173 1.744 1.976 -1.985 -0.673 0.949 -1.815 1.336 -1.629 -1.82 -0.859 -1.353 1.672 -2.753 -1.392 -1.526 0.725 4.819 -1.661
423 G 0.035 -1.27 -0.145 2.877 -1.525 -0.3 2.223 2.463 -0.587 -0.725 -2.142 -0.524 -1.66 -2.288 -2.298 -0.922 -1.401 -2.672 -2.395 -1.253
424 D -1.763 -1.574 1.213 5.811 -2.358 -0.858 1.065 -1.109 -0.522 -2.711 -3.477 -0.815 -2.683 -2.905 -2.275 -0.938 -1.398 -3.517 -3.029 -2.85
425 E -0.905 -0.107 -0.324 1.532 -2.397 1.361 4.46 -1.935 0.407 -2.75 -2.688 0.691 -1.739 -2.593 -1.867 -0.777 -1.286 -2.373 -1.893 -2.12
426 D -1.763 -1.574 1.213 5.811 -2.358 -0.858 1.065 -1.109 -0.522 -2.711 -3.477 -0.815 -2.683 -2.905 -2.275 -0.938 -1.398 -3.517 -3.029 -2.85
427 E -0.905 -0.107 -0.324 1.532 -2.397 1.361 4.46 -1.935 0.407 -2.75 -2.688 0.691 -1.739 -2.593 -1.867 -0.777 -1.286 -2.373 -1.893 -2.12
428 D -1.763 -1.574 1.213 5.811 -2.358 -0.858 1.065 -1.109 -0.522 -2.711 -3.477 -0.815 -2.683 -2.905 -2.275 -0.938 -1.398 -3.517 -3.029 -2.85
429 E -0.905 -0.107 -0.324 1.532 -2.397 1.361 4.46 -1.935 0.407 -2.75 -2.688 0.691 -1.739 -2.593 -1.867 -0.777 -1.286 -2.373 -1.893 -2.12
430 D -1.763 -1.574 1.213 5.811 -2.358 -0.858 1.065 -1.109 -0.522 -2.711 -3.477 -0.815 -2.683 -2.905 -2.275 -0.938 -1.398 -3.517 -3.029 -2.85
431 E -0.905 -0.107 -0.324 1.532 -2.397 1.361 4.46 -1.935 0.407 -2.75 -2.688 0.691 -1.739 -2.593 -1.867 -0.777 -1.286 -2.373 -1.893 -2.12
432 D -1.763 -1.574 1.213 5.811 -2.358 -0.858 1.065 -1.109 -0.522 -2.711 -3.477 -0.815 -2.683 -2.905 -2.275 -0.938 -1.398 -3.517 -3.029 -2.85
433 E -0.905 -0.107 -0.324 1.532 -2.397 1.361 4.46 -1.935 0.407 -2.75 -2.688 0.691 -1.739 -2.593 -1.867 -0.777 -1.286 -2.373 -1.893 -2.12
434 D -1.763 -1.574 1.213 5.811 -2.358 -0.858 1.065 -1.109 -0.522 -2.711 -3.477 -0.815 -2.683 -2.905 -2.275 -0.938 -1.398 -3.517 -3.029 -2.85
435 E -0.905 -0.107 -0.324 1.532 -2.397 1.361 4.46 -1.935 0.407 -2.75 -2.688 0.691 -1.739 -2.593 -1.867 -0.777 -1.286 -2.373 -1.893 -2.12
436 D -1.763 -1.574 1.213 5.811 -2.358 -0.858 1.065 -1.109 -0.522 -2.711 -3.477 -0.815 -2.683 -2.905 -2.275 -0.938 -1.398 -3.517 -3.029 -2.85
437 T -0.098 -1.078 -0.124 -1.0 0.136 -1.089 -1.363 -1.314 -1.399 -0.21 -1.043 -0.776 -0.517 -1.566 -1.673 0.719 4.201 -2.17 -1.692 0.244
438 N -1.645 -0.4 5.612 1.296 -1.832 -0.512 -0.711 -0.14 0.983 -2.698 -3.137 -0.281 -2.147 -2.36 -2.573 -0.104 -0.437 -2.952 -2.054 -2.546
439 D -1.763 -1.574 1.213 5.811 -2.358 -0.858 1.065 -1.109 -0.522 -2.711 -3.477 -0.815 -2.683 -2.905 -2.275 -0.938 -1.398 -3.517 -3.029 -2.85
440 E -0.905 -0.107 -0.324 1.532 -2.397 1.361 4.46 -1.935 0.407 -2.75 -2.688 0.691 -1.739 -2.593 -1.867 -0.777 -1.286 -2.373 -1.893 -2.12
441 G 0.104 -2.343 -0.426 -1.308 -1.306 -2.181 -2.608 5.796 -1.462 -3.201 -3.446 -1.636 -2.652 -2.664 -2.765 -0.988 -1.905 -2.426 -3.134 -2.85
442 N -1.645 -0.4 5.612 1.296 -1.832 -0.512 -0.711 -0.14 0.983 -2.698 -3.137 -0.281 -2.147 -2.36 -2.573 -0.104 -0.437 -2.952 -2.054 -2.546
443 K -1.166 0.597 -0.192 2.274 -1.696 0.2 1.212 -1.658 1.874 -1.099 -0.912 2.603 1.961 -1.711 -2.209 -1.174 -1.284 -2.357 -1.42 -1.327
444 K -0.954 0.756 3.285 0.067 -1.73 0.058 -0.283 -0.849 3.742 -2.425 -2.643 2.591 -1.563 -2.21 -2.153 0.159 -0.747 -2.515 -0.967 -2.291
445 D -1.194 -0.396 2.492 2.592 -1.278 -0.605 0.243 -1.303 -0.427 0.667 -1.287 1.067 -0.968 -1.835 -2.327 -0.671 0.861 -2.742 -2.038 -0.319
446 N -0.749 -1.378 3.612 -0.255 4.555 -1.438 -1.642 -1.077 -0.438 1.112 -0.862 -1.168 -0.686 -1.496 -2.733 0.196 -0.438 -2.8 -1.934 0.957
447 E -1.338 -1.051 -0.854 1.541 -2.064 -0.022 2.871 -2.15 0.23 -1.801 -1.806 -0.399 -1.428 2.18 1.746 -1.412 -1.626 -0.804 2.302 -1.787