#Seq2Logo.py -f /work3/idamei/wzy_ssn/run/1e-50/run/150/MSAs/0010_100.afa -o /work3/idamei/wzy_ssn/run/1e-50/run/150/logos/0010_100.logo
Last position-specific scoring matrix computed, values are in halfbits
A R N D C Q E G H I L K M F P S T W Y V
0 L -1.104 -1.407 -2.384 -2.838 -0.192 -1.075 -2.377 -2.607 -0.992 1.579 2.111 -1.476 5.729 0.444 -3.266 -2.04 -1.07 -1.33 -0.856 0.966
1 L -1.056 -1.359 -2.336 -2.79 -0.144 -1.027 -2.329 -2.559 -0.944 1.627 2.159 -1.428 5.486 0.492 -3.218 -1.992 -1.022 -1.282 -0.808 1.014
2 V -0.21 -2.462 -2.905 -3.14 0.364 -2.563 -2.87 -2.931 -2.891 3.054 0.969 -2.364 0.856 -0.374 -3.147 -2.26 -0.427 -2.363 -1.261 4.06
3 D -1.753 -1.564 1.223 5.797 -2.348 -0.848 1.074 -1.1 -0.512 -2.701 -3.467 -0.805 -2.674 -2.896 -2.265 -0.928 -1.389 -3.507 -3.019 -2.84
4 K -0.802 2.118 -0.244 -0.698 -1.953 0.831 0.337 -1.318 -0.219 -2.099 -2.216 4.428 -1.2 -2.782 -1.663 -0.857 -1.058 -2.525 -1.765 -1.975
5 L -1.456 -2.002 -3.115 -3.434 -0.193 -2.192 -3.074 -3.199 -1.952 1.872 3.713 -2.223 3.543 0.708 -3.548 -2.866 -1.475 -1.598 -1.037 1.039
6 I -1.415 -3.139 -3.301 -3.219 -0.188 -3.247 -3.725 -3.517 -2.749 4.619 1.639 -2.717 1.233 0.18 -3.543 -3.114 -1.113 -2.223 -1.323 2.822
7 Y -1.368 -1.977 -2.345 -3.095 -1.109 -2.003 -2.525 -2.976 1.401 0.679 -0.361 -2.032 -0.261 2.731 -3.33 -2.436 -1.623 1.624 5.962 1.37
8 N -1.698 -0.453 5.722 1.243 -1.884 -0.565 -0.763 -0.193 0.93 -2.75 -3.19 -0.334 -2.199 -2.412 -2.626 -0.156 -0.489 -3.004 -2.107 -2.598
9 A 2.468 -1.303 -0.778 -1.342 0.353 -1.238 -1.379 -0.462 -1.357 -0.524 -1.213 -0.855 -0.721 -1.738 -1.626 0.555 3.014 -2.337 -1.767 0.15
10 V -0.787 -2.815 -3.129 -3.211 0.067 -2.92 -3.301 -3.243 -2.849 3.919 1.296 -2.568 1.022 -0.112 -3.371 -2.691 -0.784 -2.322 -1.323 3.607
11 F -2.372 -2.934 -2.898 -3.352 -1.412 -3.902 -3.52 -2.913 -0.866 0.239 0.527 -3.342 0.163 6.573 -4.486 -3.069 -2.409 0.814 2.893 -0.545
12 L -1.206 -2.563 -3.218 -3.401 -0.138 -2.884 -3.336 -3.286 -2.419 3.031 2.766 -2.603 1.465 1.764 -3.562 -2.923 -1.221 -1.641 -0.543 2.547
13 F -1.753 -2.628 -3.065 -3.431 -0.705 -3.268 -3.381 -3.083 -1.505 1.356 2.276 -2.921 1.025 5.088 -4.002 -3.004 -1.828 -0.125 1.669 1.114
14 L -1.192 -2.297 -3.286 -3.537 -0.058 -2.665 -3.235 -3.308 -2.491 2.259 3.571 -2.493 1.82 0.533 -3.528 -2.952 -1.292 -1.856 -1.15 2.231
15 L -0.211 -1.894 -1.753 -2.256 0.079 -1.988 -2.247 -2.074 -1.956 1.944 2.086 -1.764 0.973 -0.231 -2.797 0.291 -0.329 -2.194 -1.352 2.576
16 L -1.948 -2.558 -3.138 -3.501 -0.736 -3.226 -3.431 -3.155 -1.514 1.23 2.833 -2.9 1.288 4.938 -4.034 -3.132 -1.987 -0.174 1.539 0.372
17 C -1.125 -2.938 -3.07 -3.479 7.795 -3.358 -3.684 -2.639 -2.158 0.4 1.491 -3.023 0.329 3.183 -3.612 -2.333 -1.653 -1.326 0.112 -0.008
18 A 3.501 -1.317 -0.991 -1.293 0.502 -1.151 -1.132 0.223 -1.042 -1.103 -1.58 -0.735 -0.987 -1.91 -1.513 1.49 -0.03 -2.505 -1.794 -0.196
19 L -1.379 -2.26 -3.343 -3.597 -0.122 -2.672 -3.289 -3.364 -2.42 2.117 3.847 -2.505 1.96 0.667 -3.585 -3.071 -1.451 -1.771 -1.122 1.708
20 L -1.579 -2.224 -3.4 -3.658 -0.188 -2.678 -3.344 -3.421 -2.352 1.967 4.099 -2.516 2.094 0.795 -3.642 -3.196 -1.619 -1.688 -1.094 1.068
21 D -1.575 -1.184 0.846 5.26 -2.42 -0.177 2.388 -1.347 -0.313 -2.773 -3.311 -0.411 -2.469 -2.877 -2.22 -0.949 -1.422 -3.238 -2.753 -2.702
22 L -1.579 -2.224 -3.4 -3.658 -0.188 -2.678 -3.344 -3.421 -2.352 1.967 4.099 -2.516 2.094 0.795 -3.642 -3.196 -1.619 -1.688 -1.094 1.068
23 F -2.325 -2.887 -2.851 -3.305 -1.365 -3.855 -3.473 -2.865 -0.819 0.286 0.574 -3.295 0.211 6.5 -4.439 -3.021 -2.361 0.861 2.94 -0.498
24 A 2.385 -1.544 0.569 -1.203 6.027 -1.447 -1.508 -0.303 -1.094 -1.202 -1.629 -1.079 -1.13 -1.995 -1.947 1.186 -0.203 -2.729 -2.048 -0.513
25 D -0.791 -1.056 0.823 4.176 -1.573 -0.643 0.33 -0.992 4.472 -2.522 -2.967 -0.706 -1.906 -2.065 -2.201 0.773 -0.766 -2.672 -0.846 -2.458
26 K -0.944 2.81 -0.33 -0.853 -2.049 0.734 0.179 -1.468 -0.236 -2.218 -2.251 4.362 -1.262 -2.8 -1.834 -0.98 -1.164 -2.546 -1.825 -2.057
27 K -0.917 2.58 -0.322 -0.822 -2.038 0.746 0.212 -1.438 -0.251 -2.199 -2.26 4.438 -1.262 -2.814 -1.797 -0.959 -1.149 -2.559 -1.825 -2.05
28 N -1.532 -0.504 5.505 1.108 -1.658 -0.609 -0.812 -0.274 0.792 -2.439 -2.944 -0.372 -2.022 -2.337 -2.539 -0.078 0.405 -2.93 -2.075 -2.231
29 F -2.049 -2.647 -3.076 -3.463 -0.891 -3.381 -3.453 -3.093 -1.338 1.012 2.406 -3.004 1.045 5.442 -4.14 -3.116 -2.086 0.106 1.942 0.169
30 F -1.815 -2.689 -3.025 -3.406 -0.807 -3.372 -3.396 -3.042 -1.386 1.219 1.936 -2.991 0.85 5.417 -4.072 -2.994 -1.89 0.062 1.932 1.011
31 L -1.713 -2.601 -3.242 -3.465 -0.449 -3.084 -3.479 -3.308 -1.983 2.643 2.982 -2.754 1.499 3.5 -3.804 -3.143 -1.653 -0.925 0.481 1.348
32 F -2.372 -2.934 -2.898 -3.352 -1.412 -3.902 -3.52 -2.913 -0.866 0.239 0.527 -3.342 0.163 6.573 -4.486 -3.069 -2.409 0.814 2.893 -0.545
33 L -0.459 -1.605 -1.336 -1.964 -0.085 -1.75 -2.066 -1.888 -1.625 1.038 2.8 -1.51 1.181 -0.031 -2.61 0.555 1.047 -1.977 -1.358 0.478
34 F -1.901 -2.786 -3.115 -3.391 -0.736 -3.386 -3.524 -3.177 -1.585 2.374 2.108 -2.956 1.03 4.905 -4.005 -3.112 -1.834 -0.247 1.517 1.054
35 P -0.457 -1.797 -1.397 -1.337 -1.177 -1.694 -1.453 -1.516 -1.42 -2.284 -2.714 -0.957 -2.199 -3.09 6.208 0.105 -0.834 -4.142 -2.507 -2.035
36 L -1.536 -2.773 -3.083 -3.477 5.936 -3.343 -3.562 -2.867 -1.752 0.764 2.072 -2.996 0.756 4.42 -3.848 -2.7 -1.846 -0.578 1.087 0.118
37 I -1.162 -2.87 -3.083 -3.246 -0.26 -3.164 -3.388 -3.178 -2.205 3.425 1.154 -2.756 0.849 3.328 -3.627 -2.815 -1.142 -1.164 0.417 2.925
38 V 1.376 -2.367 -2.665 -2.76 0.279 -2.378 -2.593 -1.821 -2.38 3.006 0.717 -2.017 0.583 -0.552 -2.75 -1.487 -0.625 -2.386 -1.434 3.251
39 L -1.456 -2.002 -3.115 -3.434 -0.193 -2.192 -3.074 -3.199 -1.952 1.872 3.713 -2.223 3.543 0.708 -3.548 -2.866 -1.475 -1.598 -1.037 1.039
40 L 0.138 -2.161 -3.072 -3.278 -0.007 -2.47 -2.953 -2.545 -2.253 1.894 3.491 -2.244 1.705 0.429 -3.222 -2.317 -1.287 -1.861 -1.201 1.624
41 I -1.455 -2.882 -3.325 -3.323 -0.188 -3.094 -3.625 -3.493 -2.644 4.149 2.476 -2.665 1.474 0.346 -3.567 -3.135 -1.231 -2.08 -1.264 2.473
42 L -1.758 -2.386 -3.266 -3.579 -0.449 -2.939 -3.387 -3.285 -1.903 1.622 3.535 -2.701 1.719 3.554 -3.831 -3.164 -1.797 -0.833 0.513 0.741
43 L -0.549 -1.551 -1.55 -2.185 0.025 -1.423 -2.139 -2.215 -1.545 1.575 1.037 -1.443 3.782 -0.34 -2.649 -0.883 2.008 -1.867 -1.25 2.024
44 G 1.641 -2.151 -0.738 -1.448 -0.714 -1.988 -2.268 5.154 -1.446 -2.449 -2.798 -1.466 -2.142 -2.485 -2.432 -0.602 -1.504 -2.478 -2.77 -1.815
45 F -1.854 -3.035 -3.092 -3.285 -0.736 -3.556 -3.621 -3.199 -1.657 3.191 1.136 -3.013 0.748 4.872 -3.976 -3.091 -1.689 -0.322 1.495 1.604
46 R -1.572 5.58 -0.5 -1.602 -2.297 0.48 -0.599 -2.166 0.06 -2.65 -2.066 1.98 -1.262 -2.51 -2.742 -1.444 -1.492 -2.272 -1.81 -2.2
47 G 0.329 -1.899 -0.214 -1.052 -0.942 -1.734 -1.989 5.133 -1.225 -2.868 -3.171 -1.282 -2.258 -2.514 -2.432 0.828 -0.905 -2.505 -2.77 -2.422
48 N -1.27 -0.848 4.939 0.612 -1.164 -0.959 -1.172 -0.679 0.34 -0.017 -1.519 -0.732 -1.117 -1.778 -2.761 -0.564 -0.489 -2.848 -1.89 0.941
49 G 0.052 -2.396 -0.478 -1.361 -1.358 -2.234 -2.66 5.845 -1.514 -3.254 -3.499 -1.689 -2.705 -2.716 -2.818 -1.04 -1.957 -2.478 -3.186 -2.902
50 G 0.052 -2.396 -0.478 -1.361 -1.358 -2.234 -2.66 5.845 -1.514 -3.254 -3.499 -1.689 -2.705 -2.716 -2.818 -1.04 -1.957 -2.478 -3.186 -2.902
51 D -1.301 -1.494 0.88 5.144 -1.559 -0.966 0.569 -1.212 -0.77 -1.908 -2.704 -0.858 -2.024 -2.56 -2.165 -0.479 1.329 -3.169 -2.685 -1.77
52 D -1.815 -1.626 1.161 5.889 -2.41 -0.91 1.012 -1.162 -0.574 -2.763 -3.529 -0.867 -2.736 -2.958 -2.327 -0.99 -1.451 -3.569 -3.081 -2.902
53 F -2.233 -2.611 -2.696 -3.276 -1.502 -3.226 -3.197 -2.927 0.188 0.004 0.223 -2.913 -0.033 6.038 -4.165 -2.908 -2.336 1.252 4.418 -0.656
54 L -1.764 -2.009 -1.24 2.215 -1.095 -1.991 -1.383 -2.543 -0.11 0.519 2.111 -1.918 0.623 2.326 -3.245 -2.305 -1.753 -0.105 3.336 -0.18
55 V -0.272 -2.524 -2.967 -3.203 0.302 -2.625 -2.932 -2.993 -2.953 2.992 0.907 -2.426 0.794 -0.436 -3.209 -2.322 -0.489 -2.425 -1.323 4.224
56 Y -1.85 -1.815 -2.164 -3.06 -1.79 -1.822 -2.401 -2.97 2.067 -0.842 -0.948 -1.911 -0.72 3.31 -3.371 -2.475 -2.127 2.271 6.734 -1.017
57 E -0.918 0.987 -0.254 0.307 -2.124 3.374 2.726 -1.629 0.38 -2.411 -2.312 2.364 -1.037 -2.838 -1.977 -0.836 -1.145 -2.378 -1.642 -1.99
58 Q -1.057 0.812 -0.718 -1.035 -1.412 3.417 0.411 -1.849 -0.053 -0.505 0.962 2.117 0.294 -1.476 -2.353 -1.269 -1.181 -2.162 -1.38 -0.826
59 Y -1.85 -1.815 -2.164 -3.06 -1.79 -1.822 -2.401 -2.97 2.067 -0.842 -0.948 -1.911 -0.72 3.31 -3.371 -2.475 -2.127 2.271 6.734 -1.017
60 F -2.372 -2.934 -2.898 -3.352 -1.412 -3.902 -3.52 -2.913 -0.866 0.239 0.527 -3.342 0.163 6.573 -4.486 -3.069 -2.409 0.814 2.893 -0.545
61 N -1.161 -0.402 4.735 1.206 -1.787 0.026 1.7 -0.543 0.697 -2.687 -2.995 -0.057 -2.0 -2.43 -2.328 0.246 -0.515 -2.813 -2.039 -2.361
62 S 2.105 -0.948 0.052 -0.585 0.199 -0.778 -0.762 -0.017 -0.668 -1.639 -2.08 -0.454 -1.143 -1.957 -1.513 2.884 0.676 -2.559 -1.794 -0.901
63 L -1.482 -2.722 -3.342 -3.394 -0.188 -2.997 -3.56 -3.476 -2.577 3.787 2.923 -2.631 1.624 0.452 -3.584 -3.148 -1.313 -1.988 -1.225 2.215
64 P -0.874 -2.052 -1.972 -1.602 -1.495 -1.971 -1.66 -1.89 -1.646 -2.356 -2.788 -1.102 -2.441 -3.374 6.701 -1.49 -1.386 -4.587 -2.674 -2.2
65 D -1.594 -2.066 1.406 3.395 -1.045 -1.785 -0.769 -1.912 -1.144 2.834 0.097 -1.552 -0.087 -0.944 -2.915 -1.702 -1.146 -2.759 -1.97 1.204
66 A 1.784 -1.206 -1.06 -0.541 -0.188 -0.558 1.413 -1.009 -0.971 0.962 -0.754 -0.609 -0.509 -1.506 -1.931 -0.165 1.507 -2.356 -1.734 0.461
67 L -1.496 -2.645 -3.35 -3.43 -0.188 -2.949 -3.528 -3.468 -2.544 3.588 3.123 -2.615 1.696 0.504 -3.592 -3.155 -1.355 -1.943 -1.206 2.076
68 Y -1.972 -2.057 -2.33 -3.13 -1.691 -2.218 -2.643 -2.956 1.565 -0.531 -0.503 -2.208 -0.473 4.527 -3.612 -2.612 -2.195 1.969 6.147 -0.892
69 D -0.775 -0.976 3.478 3.961 -1.44 -0.715 0.144 -0.544 0.034 -2.533 -3.087 -0.541 -2.115 -2.505 -2.19 1.014 -0.357 -3.108 -2.381 -2.333
70 Y -1.85 -1.815 -2.164 -3.06 -1.79 -1.822 -2.401 -2.97 2.067 -0.842 -0.948 -1.911 -0.72 3.31 -3.371 -2.475 -2.127 2.271 6.734 -1.017
71 G 0.052 -2.396 -0.478 -1.361 -1.358 -2.234 -2.66 5.845 -1.514 -3.254 -3.499 -1.689 -2.705 -2.716 -2.818 -1.04 -1.957 -2.478 -3.186 -2.902
72 L -0.737 -2.081 -2.357 -2.871 -0.254 -2.197 -2.601 -2.697 -0.496 1.85 1.731 -2.072 0.789 1.202 -3.157 -1.266 -0.905 -0.297 3.225 2.516
73 G 0.052 -2.396 -0.478 -1.361 -1.358 -2.234 -2.66 5.845 -1.514 -3.254 -3.499 -1.689 -2.705 -2.716 -2.818 -1.04 -1.957 -2.478 -3.186 -2.902
74 Y -1.85 -1.815 -2.164 -3.06 -1.79 -1.822 -2.401 -2.97 2.067 -0.842 -0.948 -1.911 -0.72 3.31 -3.371 -2.475 -2.127 2.271 6.734 -1.017
75 F -2.233 -2.611 -2.696 -3.276 -1.502 -3.226 -3.197 -2.927 0.188 0.004 0.223 -2.913 -0.033 6.038 -4.165 -2.908 -2.336 1.252 4.418 -0.656
76 Y -0.385 -1.64 -0.864 -1.696 -1.121 -1.553 -1.884 2.418 0.933 -1.563 -1.754 -1.377 -1.239 1.693 -2.662 0.516 -0.963 0.771 4.853 -1.471
77 L -1.579 -2.224 -3.4 -3.658 -0.188 -2.678 -3.344 -3.421 -2.352 1.967 4.099 -2.516 2.094 0.795 -3.642 -3.196 -1.619 -1.688 -1.094 1.068
78 N -1.698 -0.453 5.722 1.243 -1.884 -0.565 -0.763 -0.193 0.93 -2.75 -3.19 -0.334 -2.199 -2.412 -2.626 -0.156 -0.489 -3.004 -2.107 -2.598
79 S -0.08 -1.293 -0.848 -1.55 -0.364 -1.132 -1.536 -1.398 0.192 0.179 -0.015 -1.085 2.575 0.885 -2.422 1.383 -0.162 -0.266 3.209 0.394
80 F -1.628 -2.762 -2.954 -3.338 -0.776 -3.417 -3.347 -2.972 -1.377 1.345 1.146 -3.013 0.543 5.544 -4.039 -2.873 -1.736 0.108 2.046 1.62
81 V 1.026 -2.331 -2.714 -2.898 0.361 -2.372 -2.597 -2.102 -2.59 2.613 0.633 -2.106 0.571 -0.633 -2.848 -1.646 -0.484 -2.434 -1.396 3.833
82 K -0.864 2.055 -0.306 -0.76 -2.015 0.769 0.275 -1.38 -0.281 -2.161 -2.278 4.585 -1.262 -2.844 -1.725 -0.919 -1.12 -2.587 -1.827 -2.037
83 Y -1.826 -1.419 2.267 -1.189 -1.549 -1.539 -1.895 -1.931 2.876 -0.561 0.232 -1.512 -0.352 3.038 -3.255 -1.748 -1.602 0.732 4.639 -0.998
84 F -2.372 -2.934 -2.898 -3.352 -1.412 -3.902 -3.52 -2.913 -0.866 0.239 0.527 -3.342 0.163 6.573 -4.486 -3.069 -2.409 0.814 2.893 -0.545
85 G -0.194 -2.419 -0.874 -1.73 4.116 -2.307 -2.759 5.067 -0.853 -2.422 -2.655 -1.864 -2.142 -0.84 -2.932 -1.265 -1.895 -1.322 1.329 -2.183
86 N -1.65 -0.405 5.622 1.291 -1.837 -0.517 -0.716 -0.145 0.978 -2.703 -3.142 -0.286 -2.152 -2.365 -2.578 -0.108 -0.442 -2.957 -2.059 -2.551
87 D -1.53 -0.708 3.81 3.716 -2.188 -0.061 2.023 -0.876 0.355 -2.768 -3.175 -0.21 -2.253 -2.643 -2.336 -0.577 -0.986 -3.015 -2.351 -2.58
88 Y -1.972 -2.057 -2.33 -3.13 -1.691 -2.218 -2.643 -2.956 1.565 -0.531 -0.503 -2.208 -0.473 4.527 -3.612 -2.612 -2.195 1.969 6.147 -0.892
89 E -1.103 -0.61 2.504 0.894 -2.041 0.324 2.949 -1.404 0.146 -2.671 -2.859 0.049 -2.043 -2.748 3.08 -0.787 -1.113 -2.988 -2.153 -2.28
90 F -2.152 -2.74 -3.016 -3.426 -1.054 -3.544 -3.475 -3.031 -1.172 0.777 1.905 -3.112 0.78 5.87 -4.251 -3.1 -2.19 0.362 2.295 -0.05
91 F -2.152 -2.74 -3.016 -3.426 -1.054 -3.544 -3.475 -3.031 -1.172 0.777 1.905 -3.112 0.78 5.87 -4.251 -3.1 -2.19 0.362 2.295 -0.05
92 I -1.415 -3.139 -3.301 -3.219 -0.188 -3.247 -3.725 -3.517 -2.749 4.619 1.639 -2.717 1.233 0.18 -3.543 -3.114 -1.113 -2.223 -1.323 2.822
93 F 0.92 -2.554 -2.633 -2.823 -0.459 -2.896 -2.84 -1.794 -1.338 1.953 0.52 -2.38 0.261 4.798 -3.227 -1.744 -1.473 -0.354 1.454 0.839
94 I -0.883 -2.867 -3.157 -3.212 0.026 -2.972 -3.367 -3.287 -2.832 4.048 1.356 -2.592 1.058 -0.061 -3.399 -2.758 -0.836 -2.305 -1.323 3.491
95 S 1.03 -0.779 0.459 -0.287 0.034 -0.608 -0.593 -0.144 -0.498 -1.949 -2.366 -0.323 -1.225 -1.981 -1.513 3.39 0.973 -2.587 -1.794 -1.33
96 S 0.815 -1.106 0.252 -0.52 -0.256 -0.937 -0.988 2.767 -0.721 -2.224 -2.611 -0.609 -1.53 -2.148 -1.788 2.76 0.472 -2.559 -2.084 -1.65
97 L -1.246 -2.128 -3.052 -3.325 -0.127 -2.241 -3.065 -3.157 -2.053 2.515 3.149 -2.235 3.404 0.5 -3.48 -2.745 -1.254 -1.74 -1.091 1.919
98 L -0.921 -2.306 -2.474 -2.841 4.313 -2.522 -2.955 -2.616 -2.195 2.511 2.813 -2.239 1.326 0.137 -3.205 -0.932 -0.994 -2.085 -1.406 1.31
99 C 1.421 -2.79 -2.618 -2.917 8.93 -2.796 -3.052 -1.331 -2.446 -0.794 -1.162 -2.399 -1.064 -2.019 -2.705 -1.014 -1.104 -3.053 -2.537 -0.3
100 L 0.161 -2.36 -3.049 -3.176 -0.007 -2.593 -3.032 -2.563 -2.344 2.837 2.929 -2.289 1.484 0.267 -3.201 -2.301 -1.167 -1.994 -1.259 2.083
101 S 0.266 -1.172 -0.31 -1.043 -0.007 -1.146 -1.294 -0.998 -1.102 -0.067 1.024 -0.872 0.138 -0.934 -1.976 2.024 1.963 -2.247 -1.591 -0.165
102 L -1.456 -2.002 -3.115 -3.434 -0.193 -2.192 -3.074 -3.199 -1.952 1.872 3.713 -2.223 3.543 0.708 -3.548 -2.866 -1.475 -1.598 -1.037 1.039
103 Q -0.921 0.969 -0.131 -0.395 -1.949 5.015 1.354 -1.517 0.731 -2.278 -2.029 1.184 -0.441 -2.997 -2.189 -0.793 -1.013 -2.223 -1.323 -1.825
104 G 1.959 -1.296 -0.189 -0.845 -0.075 -1.128 -1.182 2.814 -0.905 -1.885 -2.3 -0.754 -1.439 -2.123 -1.788 2.116 0.115 -2.532 -2.084 -1.175
105 F -2.17 -2.845 -3.07 -3.391 -1.24 -3.444 -3.431 -2.91 -1.318 1.87 0.479 -3.043 0.197 4.924 -4.412 -3.158 -2.094 6.865 2.063 0.509
106 F -2.274 -2.687 -2.75 -3.306 -1.498 -3.363 -3.273 -2.938 -0.009 0.038 0.272 -3.008 -0.007 6.172 -4.24 -2.954 -2.364 1.156 4.177 -0.648
107 I -1.597 -3.111 -3.23 -3.259 -0.409 -3.381 -3.697 -3.4 -2.276 4.162 1.434 -2.846 1.034 2.984 -3.722 -3.119 -1.344 -1.322 0.129 2.38
108 Y -1.865 -1.83 -2.178 -3.074 -1.804 -1.836 -2.416 -2.984 2.052 -0.856 -0.962 -1.925 -0.734 3.296 -3.385 -2.489 -2.142 2.256 6.762 -1.032
109 R -0.978 4.476 -0.432 -1.303 -1.761 0.247 -0.532 -1.696 -0.145 -2.166 -1.886 2.425 -1.151 0.131 -2.416 -0.093 -1.006 -2.029 -1.127 -1.912
110 E -1.105 -0.23 2.23 1.42 -2.341 1.005 4.078 -1.542 0.465 -2.806 -2.839 0.455 -1.883 -2.612 -2.062 -0.695 -1.162 -2.546 -1.991 -2.266
111 T 0.113 -1.071 -0.052 -0.896 0.06 -1.04 -1.246 -1.092 -1.248 -0.544 -1.322 -0.735 -0.704 -1.702 -1.695 1.464 3.963 -2.306 -1.768 -0.07
112 E -1.098 -0.012 2.232 1.313 -2.311 0.968 3.891 -1.504 0.428 -2.759 -2.805 1.008 -1.843 -2.624 -2.048 -0.701 -1.148 -2.557 -1.983 -2.257
113 K -0.705 1.918 -0.262 -0.74 -1.837 0.681 0.211 -1.293 -0.309 -2.16 -2.298 4.457 -1.273 -2.792 -1.724 -0.321 -0.936 -2.601 -1.839 -1.998
114 P -0.889 -2.066 -1.986 -1.616 -1.509 -1.985 -1.674 -1.904 -1.66 -2.37 -2.802 -1.116 -2.455 -3.388 6.715 -1.504 -1.4 -4.601 -2.688 -2.214
115 C -0.294 -1.848 -1.02 -1.806 7.238 -1.884 -2.201 -1.687 -1.986 -0.469 -1.111 -1.564 -0.79 -1.803 -2.255 -0.08 3.171 -2.612 -2.147 -0.062
116 L -1.582 -2.291 -3.408 -3.641 -0.202 -2.727 -3.382 -3.441 -2.391 2.237 4.007 -2.543 2.03 0.744 -3.65 -3.205 -1.596 -1.735 -1.123 1.21
117 V -0.327 -2.69 -2.988 -3.266 5.497 -2.794 -3.125 -2.831 -2.974 2.523 0.588 -2.571 0.486 -0.711 -3.23 -2.203 -0.657 -2.59 -1.583 3.753
118 L -1.593 -2.238 -3.415 -3.672 -0.202 -2.692 -3.358 -3.435 -2.366 1.953 4.121 -2.53 2.08 0.781 -3.657 -3.21 -1.633 -1.703 -1.108 1.054
119 L -1.776 -2.306 -2.988 -3.373 -0.636 -2.668 -3.205 -3.054 -1.419 1.286 2.71 -2.571 2.939 4.457 -3.88 -2.896 -1.796 -0.387 1.178 0.484
120 L -1.495 -2.059 -3.184 -3.492 -0.206 -2.297 -3.14 -3.256 -2.042 1.877 3.813 -2.294 3.329 0.711 -3.58 -2.943 -1.518 -1.63 -1.062 1.031
121 F -2.386 -2.948 -2.912 -3.366 -1.426 -3.916 -3.534 -2.927 -0.88 0.225 0.513 -3.356 0.149 6.594 -4.5 -3.083 -2.423 0.8 2.879 -0.56
122 Y -1.865 -1.83 -2.178 -3.074 -1.804 -1.836 -2.416 -2.984 2.052 -0.856 -0.962 -1.925 -0.734 3.296 -3.385 -2.489 -2.142 2.256 6.762 -1.032
123 S 1.78 -0.997 -0.007 -0.687 0.162 -0.861 -0.895 -0.255 -0.823 -1.32 -1.868 -0.539 -1.033 -1.9 -1.569 2.591 1.888 -2.503 -1.798 -0.661
124 T -0.281 -1.412 -0.587 -1.388 0.066 -1.434 -1.721 -1.671 -1.696 1.188 -0.447 -1.117 -0.188 -1.262 -2.002 0.226 3.869 -2.256 -1.669 1.27
125 S 1.016 -0.793 0.445 -0.301 0.02 -0.622 -0.607 -0.158 -0.512 -1.963 -2.381 -0.337 -1.239 -1.995 -1.527 3.436 0.959 -2.601 -1.808 -1.345
126 F -2.386 -2.948 -2.912 -3.366 -1.426 -3.916 -3.534 -2.927 -0.88 0.225 0.513 -3.356 0.149 6.594 -4.5 -3.083 -2.423 0.8 2.879 -0.56
127 L -1.559 -2.4 -3.394 -3.579 -0.202 -2.798 -3.43 -3.454 -2.441 2.732 3.766 -2.569 1.927 0.668 -3.636 -3.194 -1.524 -1.802 -1.153 1.5
128 W -2.702 -2.435 -3.218 -3.672 -2.386 -2.876 -3.021 -2.418 -1.186 -1.906 -1.702 -2.843 -1.332 1.076 -5.46 -3.407 -2.747 10.663 2.117 -2.28
129 L -1.593 -2.238 -3.415 -3.672 -0.202 -2.692 -3.358 -3.435 -2.366 1.953 4.121 -2.53 2.08 0.781 -3.657 -3.21 -1.633 -1.703 -1.108 1.054
130 D -1.829 -1.64 1.147 5.909 -2.424 -0.924 0.998 -1.176 -0.588 -2.777 -3.544 -0.881 -2.75 -2.972 -2.341 -1.004 -1.465 -3.583 -3.095 -2.916
131 F -2.088 -2.576 -2.805 -3.259 -1.141 -3.093 -3.27 -2.866 -0.908 0.543 0.902 -2.879 2.487 6.034 -4.215 -2.849 -2.105 0.479 2.424 -0.192
132 I -1.161 -3.019 -3.245 -3.23 -0.097 -3.126 -3.562 -3.418 -2.803 4.388 1.492 -2.67 1.136 0.053 -3.487 -2.952 -0.991 -2.276 -1.337 3.163
133 L -1.593 -2.238 -3.415 -3.672 -0.202 -2.692 -3.358 -3.435 -2.366 1.953 4.121 -2.53 2.08 0.781 -3.657 -3.21 -1.633 -1.703 -1.108 1.054
134 I -1.429 -3.153 -3.315 -3.233 -0.202 -3.262 -3.739 -3.531 -2.763 4.654 1.625 -2.731 1.219 0.166 -3.557 -3.129 -1.127 -2.237 -1.337 2.808
135 R -1.586 5.605 -0.514 -1.616 -2.311 0.466 -0.613 -2.18 0.046 -2.664 -2.08 1.966 -1.276 -2.524 -2.756 -1.458 -1.506 -2.286 -1.824 -2.214
136 Q -0.935 0.955 -0.145 -0.409 -1.963 5.062 1.34 -1.531 0.717 -2.292 -2.043 1.17 -0.455 -3.011 -2.203 -0.807 -1.027 -2.237 -1.337 -1.839
137 S 1.016 -0.793 0.445 -0.301 0.02 -0.622 -0.607 -0.158 -0.512 -1.963 -2.381 -0.337 -1.239 -1.995 -1.527 3.436 0.959 -2.601 -1.808 -1.345
138 I -1.461 -2.945 -3.334 -3.316 -0.202 -3.138 -3.659 -3.512 -2.679 4.28 2.326 -2.69 1.413 0.3 -3.576 -3.145 -1.221 -2.122 -1.29 2.532
139 A 3.172 -1.216 -0.651 -1.076 0.4 -1.048 -1.03 0.139 -0.939 -1.268 -1.735 -0.662 -1.047 -1.938 -1.527 2.008 0.186 -2.535 -1.808 -0.404
140 V 1.238 -2.308 -2.68 -2.855 0.359 -2.338 -2.548 -1.967 -2.536 2.517 0.561 -2.06 0.51 -0.688 -2.795 -1.542 -0.498 -2.45 -1.425 3.781
141 G 0.038 -2.41 -0.492 -1.375 -1.372 -2.248 -2.674 5.858 -1.528 -3.268 -3.513 -1.703 -2.719 -2.73 -2.832 -1.054 -1.971 -2.492 -3.2 -2.916
142 F -2.209 -2.792 -3.006 -3.425 -1.136 -3.626 -3.498 -3.021 -1.122 0.663 1.68 -3.171 0.653 6.045 -4.311 -3.108 -2.246 0.444 2.411 -0.157
143 F -2.209 -2.792 -3.006 -3.425 -1.136 -3.626 -3.498 -3.021 -1.122 0.663 1.68 -3.171 0.653 6.045 -4.311 -3.108 -2.246 0.444 2.411 -0.157
144 V -0.943 -2.701 -3.196 -3.309 0.004 -2.884 -3.324 -3.292 -2.757 3.634 2.116 -2.571 1.256 0.08 -3.438 -2.799 -0.947 -2.198 -1.29 3.262
145 L -1.308 -2.673 -3.307 -3.398 -0.132 -2.936 -3.467 -3.418 -2.622 3.617 2.833 -2.61 1.547 0.359 -3.549 -3.041 -1.221 -2.035 -1.243 2.52
146 A 4.04 -1.536 -1.714 -1.739 0.628 -1.372 -1.351 0.322 -1.263 -0.882 -1.373 -0.901 -0.926 -1.9 -1.527 0.403 -0.474 -2.492 -1.808 0.086
147 I 0.486 -2.765 -2.988 -2.949 -0.051 -2.822 -3.164 -2.427 -2.436 4.107 1.53 -2.328 1.011 -0.055 -3.113 -2.166 -1.037 -2.25 -1.402 2.411
148 S 0.693 -0.923 0.57 2.064 -0.273 -0.675 -0.275 -0.31 -0.529 -2.089 -2.549 -0.426 -1.447 -2.142 -1.653 3.046 0.667 -2.748 -1.991 -1.559
149 F -2.102 -2.697 -3.075 -3.469 -0.963 -3.453 -3.479 -3.091 -1.301 0.917 2.26 -3.059 0.94 5.617 -4.196 -3.129 -2.139 0.175 2.045 0.079
150 F -2.206 -2.53 -2.651 -3.27 -1.551 -3.05 -3.116 -2.95 0.449 -0.097 0.095 -2.801 -0.121 5.857 -4.084 -2.876 -2.331 1.366 4.806 -0.713
151 K -0.397 1.476 -0.694 -1.13 -1.7 0.238 -0.198 -1.468 -0.437 -1.541 -1.552 3.973 -0.97 1.941 -2.043 -1.101 -1.274 -1.683 -0.332 -1.593
152 N -1.695 1.812 5.299 0.906 -1.968 -0.381 -0.754 -0.46 0.784 -2.752 -2.988 0.186 -2.039 -2.447 -2.664 -0.353 -0.653 -2.887 -2.074 -2.547
153 N -0.655 1.773 4.373 0.512 -1.282 -0.392 -0.706 -0.445 0.436 -2.508 -2.753 0.188 -1.751 -2.32 -2.307 1.249 -0.144 -2.771 -1.985 -2.145
154 K -1.1 3.762 -0.388 -1.033 -2.125 0.657 -0.007 -1.638 -0.182 -2.334 -2.224 3.982 -1.281 -2.747 -2.045 -1.103 -1.258 -2.497 -1.84 -2.109
155 N -1.325 0.781 4.192 0.386 -1.829 -0.031 -0.392 -0.779 0.329 -1.122 -2.247 2.715 -1.49 -2.366 -2.273 -0.585 -0.788 -2.795 -1.958 -1.651
156 I -1.263 -0.243 -1.96 -2.216 -0.698 -1.204 -1.71 -2.625 -1.646 3.173 1.571 1.885 0.796 -0.401 -2.834 -2.214 -1.212 -2.258 -1.459 1.572
157 L -1.853 -2.495 -2.871 -3.305 -0.736 -3.111 -3.296 -3.026 -1.49 1.098 2.635 -2.777 1.138 4.94 -3.884 -2.74 -0.934 -0.209 1.507 0.3
158 A 3.475 -1.314 -0.941 -1.268 0.467 -1.148 -1.129 0.191 -1.039 -1.149 -1.625 -0.738 -1.014 -1.931 -1.532 1.611 -0.005 -2.527 -1.812 -0.25
159 C -1.194 -3.025 -3.048 -3.472 7.808 -3.484 -3.719 -2.623 -2.029 0.189 1.04 -3.114 0.085 3.81 -3.692 -2.344 -1.731 -1.066 0.531 -0.181
160 L -1.56 -2.423 -3.397 -3.573 -0.207 -2.814 -3.443 -3.461 -2.454 2.809 3.73 -2.578 1.905 0.65 -3.639 -3.197 -1.517 -1.818 -1.162 1.541
161 F -2.391 -2.953 -2.917 -3.371 -1.431 -3.921 -3.539 -2.931 -0.885 0.22 0.508 -3.361 0.145 6.601 -4.505 -3.087 -2.427 0.795 2.874 -0.564
162 L -1.719 -2.48 -3.248 -3.577 2.542 -3.033 -3.442 -3.21 -1.903 1.448 3.317 -2.776 1.528 3.725 -3.847 -3.074 -1.82 -0.82 0.588 0.608
163 I -0.889 -2.722 -2.785 -2.975 -0.012 -2.814 -3.199 -3.111 -2.698 3.963 1.232 -2.428 0.955 -0.152 -3.25 -2.308 0.162 -2.307 -1.375 3.259
164 L -0.998 -2.489 -3.069 -3.395 -0.626 -3.071 -3.279 -2.832 -1.558 1.175 2.818 -2.74 1.235 4.68 -3.816 -2.79 -1.875 -0.351 1.307 0.383
165 S 2.013 -0.947 0.081 -0.569 0.162 -0.777 -0.761 -0.049 -0.668 -1.691 -2.129 -0.458 -1.171 -1.979 -1.532 2.999 0.692 -2.581 -1.812 -0.964
166 S 1.22 -1.246 -0.287 -0.97 0.083 -1.134 -1.211 0.483 -1.105 -0.086 -1.269 -0.823 -0.713 -1.643 -1.856 2.144 1.575 -2.497 -1.781 0.881
167 L -1.515 -2.093 -3.226 -3.526 -0.21 -2.364 -3.18 -3.29 -2.098 1.885 3.873 -2.337 3.162 0.718 -3.598 -2.991 -1.541 -1.647 -1.074 1.03
168 F -2.391 -2.953 -2.917 -3.371 -1.431 -3.921 -3.539 -2.931 -0.885 0.22 0.508 -3.361 0.145 6.601 -4.505 -3.087 -2.427 0.795 2.874 -0.564
169 H -1.764 -0.414 0.403 -1.018 -2.391 -0.222 -0.557 -1.754 8.097 -2.718 -2.652 -0.822 -1.318 -0.909 -2.806 -1.636 -2.283 -1.511 1.61 -3.092
170 E -0.976 -0.179 -0.395 1.461 -2.468 1.289 4.622 -2.006 0.336 -2.821 -2.76 0.62 -1.81 -2.665 -1.938 -0.848 -1.358 -2.444 -1.965 -2.191
171 T -0.189 -1.34 -0.51 -1.336 0.102 -1.36 -1.638 -1.601 -1.672 0.581 -0.668 -1.06 -0.312 -1.404 -1.944 0.32 3.986 -2.274 -1.689 1.387
172 A 3.655 -1.472 -1.402 -1.621 0.537 -1.339 -1.368 0.094 -1.301 -0.777 -1.332 -0.896 -0.871 -1.859 -1.566 0.441 1.119 -2.453 -1.804 0.097
173 I -1.472 -2.979 -3.123 -3.279 -0.461 -3.347 -3.529 -3.233 -2.021 3.485 1.172 -2.875 0.823 3.968 -3.779 -2.971 -1.373 -0.867 0.804 2.438
174 F -1.917 -2.881 -2.928 -3.346 -1.065 -3.665 -3.432 -2.945 -1.144 0.9 0.575 -3.187 0.26 6.125 -4.249 -2.949 -2.005 0.451 2.479 1.007
175 A 3.609 -1.755 -1.931 -1.945 0.5 -1.618 -1.64 -0.061 -1.47 1.077 -0.611 -1.141 -0.444 -1.441 -1.786 0.037 -0.578 -2.453 -1.728 0.752
176 G 2.691 -1.945 -1.044 -1.556 -0.207 -1.781 -1.942 4.256 -1.398 -1.84 -2.254 -1.279 -1.69 -2.29 -2.111 -0.24 -1.132 -2.497 -2.425 -1.046
177 V 1.593 -2.222 -2.399 -2.586 0.296 -2.22 -2.416 -1.625 -2.274 2.638 0.484 -1.869 0.414 -0.723 -2.604 -1.169 0.066 -2.412 -1.488 3.153
178 L 0.806 -2.253 -2.858 -3.046 0.191 -2.406 -2.732 -2.22 -2.418 2.246 2.246 -2.151 1.09 -0.15 -2.988 -1.871 -0.832 -2.185 -1.335 3.02
179 F -1.767 -2.867 -2.363 -2.922 -1.339 -3.531 -3.387 1.3 -1.064 0.46 0.206 -2.977 -0.096 5.922 -4.097 -2.637 -2.26 0.327 2.269 -0.479
180 Y -1.539 -1.941 -2.302 -3.102 -1.337 -1.96 -2.502 -2.993 1.621 0.237 -0.563 -2.01 -0.425 2.919 -3.362 -2.468 -1.8 1.837 6.28 0.789
181 I -1.245 -3.064 -3.271 -3.235 -0.134 -3.171 -3.62 -3.457 -2.795 4.482 1.529 -2.693 1.157 0.083 -3.513 -3.009 -1.036 -2.269 -1.342 3.058
182 L -1.797 -2.424 -3.271 -3.589 -0.498 -2.988 -3.41 -3.289 -1.876 1.562 3.49 -2.742 1.655 3.761 -3.872 -3.179 -1.836 -0.771 0.628 0.684
183 Y -0.566 -1.446 -1.024 -1.836 -1.065 -1.377 -1.684 -1.716 1.417 -1.185 -1.367 -1.299 -0.898 2.343 -2.63 0.936 -0.714 1.338 5.674 -1.137
184 R -1.215 4.347 -0.42 -1.169 -2.172 0.609 -0.148 -1.765 -0.124 -2.414 -2.189 3.594 -1.281 -2.691 -2.208 -1.189 -1.319 -2.444 -1.837 -2.136
185 A 2.507 -1.682 -1.814 -2.11 0.278 -1.711 -1.898 -0.783 -1.627 0.462 1.724 -1.342 0.484 -0.684 -2.125 -0.33 0.931 -2.169 -1.552 0.455
186 E -0.918 -0.454 1.926 1.157 -2.193 0.725 3.719 1.284 0.25 -2.871 -2.926 0.236 -1.988 -2.634 -2.158 -0.751 -1.272 -2.54 -2.136 -2.351
187 K -0.499 2.128 -0.192 -0.734 -1.588 0.545 0.085 -1.188 -0.315 -2.168 -2.299 4.091 -1.274 -2.681 -1.755 0.395 -0.684 -2.587 -1.839 -1.934
188 A 2.514 1.565 -0.958 -1.293 -0.423 -0.153 -0.519 -0.456 -0.708 -1.491 -1.786 2.761 -1.1 -2.32 -1.706 -0.225 -0.816 -2.524 -1.828 -0.802
189 G -0.284 -1.998 0.523 -1.224 -1.511 -1.871 -2.276 5.198 2.115 -2.902 -3.105 -1.548 -2.332 -1.257 -2.865 -1.141 -1.909 -1.581 0.756 -2.704
190 F -1.952 -2.796 -2.903 -3.276 -1.014 -3.252 -3.382 -3.129 -0.522 2.456 0.757 -2.865 0.434 5.073 -3.961 -2.994 -1.887 0.467 3.449 0.988
191 L -0.431 -2.277 -3.196 -3.403 -0.182 -2.656 -3.167 -2.84 -2.187 2.098 3.628 -2.411 1.763 1.525 -3.44 -2.658 -1.514 -1.587 -0.731 1.112
192 F -1.757 -1.338 -2.393 -2.708 -1.041 -2.291 -2.504 -2.78 -1.261 2.4 0.657 0.313 0.379 4.834 -3.542 -2.612 -1.709 -0.371 1.447 0.916
193 T 0.808 -1.272 -0.466 -1.244 0.088 -1.291 -1.506 -1.146 -1.381 -0.299 -0.986 -0.951 -0.557 0.469 -1.816 0.49 3.823 -1.914 -1.069 0.136
194 I -1.434 -3.158 -3.319 -3.238 -0.207 -3.266 -3.744 -3.536 -2.768 4.666 1.62 -2.736 1.214 0.161 -3.561 -3.133 -1.132 -2.242 -1.342 2.803
195 G -0.697 -2.364 -1.587 -2.294 -0.8 -2.518 -3.009 3.977 -1.831 0.259 2.103 -2.126 0.442 0.807 -3.255 -1.936 -1.843 -1.834 -1.392 -0.413
196 L 0.024 -1.635 -0.873 -1.45 -0.094 -1.595 -1.738 -1.375 -1.384 2.352 1.17 -1.276 0.465 -0.571 -2.383 1.729 0.045 -2.316 -1.525 1.039
197 L 0.088 -2.32 -3.021 -3.236 0.121 -2.535 -2.933 -2.676 -2.534 2.379 2.614 -2.315 1.301 0.044 -3.204 -2.275 -0.924 -2.118 -1.279 3.054
198 L -0.996 -1.978 -2.29 -2.757 -0.224 -2.28 -2.69 -2.546 -1.874 1.483 3.524 -2.067 1.637 1.442 -3.214 -0.553 -1.042 -1.616 -0.761 0.687
199 I -1.209 -3.046 -3.261 -3.235 -0.119 -3.153 -3.595 -3.442 -2.801 4.444 1.51 -2.685 1.146 0.067 -3.503 -2.985 -1.018 -2.274 -1.342 3.106
200 L -1.371 -2.769 -3.323 -3.375 -0.163 -3.01 -3.539 -3.456 -2.645 3.873 2.678 -2.642 1.5 0.338 -3.565 -3.085 -1.23 -2.068 -1.264 2.51
201 A 2.626 -1.115 -0.336 -0.889 0.288 -0.961 -0.965 -0.032 -0.882 -1.311 -1.811 -0.606 -1.051 -1.929 -1.549 2.322 1.038 -2.528 -1.808 -0.536
202 P -0.999 -2.098 -2.185 -1.877 -1.251 -2.096 -1.9 -2.114 -1.771 -1.057 0.034 -1.313 -1.04 -2.146 6.209 -1.732 -1.443 -3.875 -2.362 -1.351
203 W -2.64 -2.373 -3.157 -3.611 -2.325 -2.815 -2.959 -2.356 -1.125 -1.844 -1.641 -2.781 -1.271 1.138 -5.399 -3.345 -2.685 10.601 2.179 -2.218
204 F -2.441 -2.861 -2.966 -3.42 -1.57 -3.719 -3.447 -2.84 -0.934 -0.043 0.238 -3.269 -0.055 6.159 -4.644 -3.139 -2.479 5.934 2.76 -0.789
205 L -1.583 -2.309 -3.411 -3.638 -0.207 -2.74 -3.392 -3.447 -2.402 2.302 3.985 -2.551 2.013 0.729 -3.653 -3.208 -1.592 -1.748 -1.131 1.243
206 S 0.77 -0.089 0.326 -0.379 -0.24 -0.347 -0.448 -0.336 -0.48 -2.002 -2.37 1.301 -1.25 -2.127 -1.566 3.048 0.695 -2.606 -1.818 -1.456
207 D -1.548 -1.153 0.417 4.713 -1.905 -0.54 1.689 -1.611 -0.648 0.432 -1.673 -0.008 -1.408 -2.113 -2.402 -1.237 -1.373 -3.055 -2.455 -0.763
208 I -1.329 -3.111 -3.065 -3.096 -0.261 -3.2 -3.673 -1.025 -2.684 4.512 1.484 -2.668 1.092 0.058 -3.516 -2.969 -1.173 -2.255 -1.419 2.662
209 L -1.258 -2.72 -3.293 -3.374 -0.119 -2.958 -3.469 -3.41 -2.661 3.729 2.641 -2.618 1.469 0.294 -3.535 -3.011 -1.17 -2.083 -1.264 2.682
210 V -0.316 -1.743 -1.285 -1.973 0.137 -1.811 -2.118 -2.11 -2.083 1.671 0.656 -1.543 0.337 -0.836 -2.417 -0.509 2.867 -2.274 -1.524 2.623
211 I 0.946 -2.437 -2.663 -2.808 -0.154 -2.439 -2.753 -2.05 -0.972 3.338 0.748 -2.07 0.533 0.68 -2.924 -1.775 -1.054 -0.886 2.333 2.149
212 I -1.46 -2.984 -3.336 -3.306 -0.207 -3.163 -3.676 -3.52 -2.698 4.357 2.219 -2.701 1.377 0.273 -3.578 -3.147 -1.21 -2.145 -1.302 2.576
213 N -1.717 -0.472 5.76 1.225 -1.903 -0.584 -0.782 -0.211 0.912 -2.769 -3.208 -0.353 -2.218 -2.431 -2.644 -0.175 -0.508 -3.023 -2.126 -2.617
214 D -1.633 -0.71 3.197 4.577 -2.195 1.352 0.668 -0.928 0.132 -2.692 -3.149 -0.291 -2.089 -2.82 -2.402 -0.721 -1.099 -3.162 -2.453 -2.63
215 L -1.179 -1.768 0.038 -2.128 -0.301 -1.613 -2.488 -2.454 -1.276 2.803 1.524 -1.666 4.311 0.035 -3.153 -1.783 0.058 -1.818 -1.191 1.52
216 T -0.345 -1.401 -0.533 -1.337 0.021 -1.42 -1.713 -1.65 -1.649 1.349 -0.44 -1.088 -0.199 -1.249 -1.978 0.274 3.966 -2.242 -1.689 0.812
217 I -1.408 -2.637 -3.163 -3.24 -0.21 -2.688 -3.413 -3.35 -2.333 3.979 2.286 -2.46 2.799 0.315 -3.532 -2.94 -1.205 -1.984 -1.223 2.316
218 K -1.032 1.693 -0.157 -0.818 -2.095 0.587 0.118 -1.46 4.013 -2.273 -2.358 4.077 -1.281 -2.345 -1.92 -1.058 -1.327 -2.344 -0.742 -2.228
219 N -1.71 -0.465 5.746 1.232 -1.896 -0.577 -0.775 -0.204 0.919 -2.762 -3.201 -0.345 -2.211 -2.424 -2.637 -0.168 -0.501 -3.016 -2.119 -2.61
220 N -1.104 0.011 4.492 0.518 -1.808 -0.492 -0.803 2.281 0.336 -2.724 -3.05 1.415 -2.085 -2.565 -2.468 -0.469 -0.867 -2.818 -2.242 -2.545
221 N -1.71 -0.465 5.746 1.232 -1.896 -0.577 -0.775 -0.204 0.919 -2.762 -3.201 -0.345 -2.211 -2.424 -2.637 -0.168 -0.501 -3.016 -2.119 -2.61
222 I -1.245 -3.061 -3.266 -3.228 -0.13 -3.168 -3.617 -3.453 -2.787 4.474 1.54 -2.688 1.166 0.093 -3.508 -3.007 -1.033 -2.261 -1.335 3.05
223 T -0.521 -0.856 -0.078 1.511 -0.694 -0.163 1.983 -1.529 -0.714 -1.041 -1.706 -0.32 -1.072 -2.022 -1.85 0.135 3.165 -2.406 -1.927 -0.588
224 L 0.691 -2.081 -2.983 -3.166 -0.014 -2.373 -2.827 -2.195 -2.107 1.569 3.579 -2.12 1.683 0.411 -3.085 -2.039 -1.358 -1.842 -1.233 0.887
225 Y -1.862 -1.827 -2.175 -3.072 -1.801 -1.833 -2.413 -2.982 2.055 -0.853 -0.96 -1.923 -0.732 3.299 -3.383 -2.487 -2.139 2.259 6.757 -1.029
226 L -1.579 -2.289 -3.406 -3.638 -0.2 -2.725 -3.379 -3.439 -2.388 2.238 4.004 -2.541 2.033 0.746 -3.648 -3.203 -1.594 -1.733 -1.121 1.213
227 E -0.54 -0.596 1.251 0.899 -1.817 0.513 3.355 2.014 0.042 -2.793 -2.891 0.097 -1.938 -2.574 -2.11 0.028 -1.028 -2.517 -2.167 -2.256
228 E -0.947 0.557 -0.238 0.493 -2.151 4.061 3.102 -1.708 0.575 -2.488 -2.305 0.966 -0.92 -2.863 -2.09 -0.819 -1.151 -2.314 -1.568 -1.971
229 R -1.462 4.309 -0.525 -1.483 -2.144 -0.024 -0.781 -2.031 4.013 -2.61 -2.318 1.119 -1.482 -2.25 2.471 -1.499 -1.62 -2.427 -0.837 -2.366
230 T 1.216 -1.383 -0.743 -1.293 -0.051 -1.345 -1.459 -1.032 -1.459 -0.713 -1.431 -0.905 -0.943 -1.963 2.638 0.28 3.208 -2.632 -1.93 -0.186
231 L -1.733 -2.365 -3.305 -3.606 -0.407 -2.897 -3.39 -3.323 -1.999 1.683 3.673 -2.675 1.786 3.182 -3.804 -3.182 -1.772 -0.997 0.244 0.798
232 P -0.869 -2.201 -2.181 -1.871 -1.119 -2.149 -1.934 -2.127 -1.861 0.362 -1.401 -1.353 -1.353 -2.375 6.09 -1.705 -1.267 -3.982 -2.36 0.204
233 S 1.018 -0.791 0.447 -0.298 0.023 -0.62 -0.605 -0.156 -0.51 -1.961 -2.378 -0.335 -1.237 -1.993 -1.525 3.429 0.961 -2.599 -1.805 -1.342
234 I -1.049 -2.842 -2.433 -2.729 -0.4 -2.835 -3.388 1.639 -2.327 3.891 1.142 -2.399 1.538 -0.203 -3.377 -2.506 -1.273 -2.215 -1.587 2.151
235 A 3.634 -1.369 -1.132 -1.386 0.518 -1.203 -1.183 0.234 -1.094 -1.066 -1.546 -0.777 -0.983 -1.917 -1.525 1.314 -0.123 -2.511 -1.805 -0.146
236 N -1.685 -0.742 5.132 0.717 -1.468 -0.893 -1.138 -0.622 0.497 -1.025 0.267 -0.669 -0.704 -1.437 -2.814 -0.57 -0.694 -2.701 -1.886 -1.416
237 V -0.713 -2.584 -3.126 -3.303 0.104 -2.762 -3.167 -3.186 -2.794 3.246 2.004 -2.512 1.177 -0.035 -3.368 -2.639 -0.817 -2.234 -1.288 3.564
238 I 0.495 -2.636 -2.915 -2.975 0.123 -2.687 -2.983 -2.451 -2.583 3.663 1.069 -2.299 0.831 -0.284 -3.065 -2.061 -0.771 -2.348 -1.393 3.284
239 E -1.121 -0.411 -0.008 3.051 -2.453 0.969 4.163 -1.814 0.179 -2.806 -2.894 0.382 -1.969 -2.717 -2.008 -0.872 -1.373 -2.632 -2.152 -2.316
240 L -1.832 -2.454 -3.235 -3.564 -0.553 -3.043 -3.413 -3.253 -1.779 1.485 3.334 -2.778 1.57 4.104 -3.909 -3.165 -1.87 -0.608 0.885 0.612
241 L -0.652 -1.532 -1.093 -1.848 -0.034 -1.674 -2.053 -2.036 -1.79 0.83 2.107 -1.403 0.787 -0.416 -2.36 -0.354 3.145 -2.009 -1.478 0.563
242 I -1.551 -2.815 -3.093 -3.205 -0.409 -2.964 -3.48 -3.267 -2.016 3.839 1.506 -2.639 2.329 2.996 -3.681 -2.952 -1.337 -1.222 0.17 2.162
243 A 4.034 -1.534 -1.712 -1.737 0.63 -1.37 -1.348 0.324 -1.261 -0.88 -1.371 -0.898 -0.923 -1.898 -1.525 0.405 -0.472 -2.49 -1.805 0.089
244 F -1.489 -2.839 -2.903 -3.328 5.359 -3.353 -3.436 -2.758 -1.436 0.735 0.459 -3.018 1.07 5.255 -3.933 -2.584 -1.77 -0.132 1.753 0.844
245 V -0.843 -2.549 -3.046 -3.33 -0.081 -2.863 -3.133 -3.069 -2.301 2.397 1.838 -2.618 0.99 2.908 -3.523 -2.631 -1.011 -1.32 0.16 3.24
246 A 3.343 -1.731 -1.744 -1.848 0.443 -1.599 -1.63 -0.171 -1.443 1.312 -0.514 -1.138 -0.364 -1.355 -1.832 0.353 -0.465 -2.444 -1.705 0.818
247 F -2.272 -2.685 -2.747 -3.303 -1.496 -3.361 -3.271 -2.936 -0.006 0.041 0.274 -3.005 -0.005 6.169 -4.238 -2.952 -2.362 1.158 4.176 -0.646
248 Y -1.788 -2.193 -2.552 -3.187 -1.189 -2.32 -2.827 -3.121 1.007 1.62 0.796 -2.249 0.228 3.362 -3.539 -2.729 -1.879 1.342 5.491 0.469
249 I -1.459 -2.943 -3.332 -3.313 -0.2 -3.136 -3.656 -3.509 -2.677 4.275 2.326 -2.687 1.415 0.302 -3.574 -3.142 -1.219 -2.119 -1.288 2.535
250 I -0.728 -2.377 -2.028 -2.34 -0.155 -2.344 -2.702 -2.421 -2.022 3.918 1.196 -1.985 1.626 -0.134 -3.003 -0.188 -0.568 -2.234 -1.389 2.222
251 N -0.008 0.43 4.057 0.326 -1.312 -0.213 -0.522 -0.555 0.231 -2.012 -2.43 2.107 -1.573 -2.395 -2.127 -0.211 0.442 -2.747 -1.963 -1.676
252 K -0.993 2.329 1.236 -0.541 -2.032 0.629 0.123 -1.293 -0.123 -2.257 -2.354 4.238 -1.355 -2.786 -1.874 -0.876 -1.085 -2.616 -1.864 -2.111
253 N -1.437 -0.327 4.531 2.205 -1.758 1.644 -0.03 -0.684 0.56 -1.678 -2.459 -0.119 -1.529 -2.407 -2.538 -0.498 -0.713 -2.866 -1.991 -1.077
254 S 0.247 2.086 0.343 1.596 -0.698 -0.295 -0.272 -0.672 -0.384 -2.204 -2.437 0.883 -1.408 -2.262 -1.851 2.317 0.226 -2.644 -1.953 -1.719
255 V -0.439 -2.092 -2.039 -1.901 -0.075 -1.788 -0.524 -0.401 -2.129 2.647 0.475 -1.749 0.407 -0.726 -2.897 -1.679 0.4 -2.392 -1.528 3.312
256 F -2.207 -2.789 -3.004 -3.423 -1.134 -3.624 -3.496 -3.019 -1.12 0.665 1.679 -3.169 0.655 6.042 -4.308 -3.106 -2.244 0.446 2.413 -0.154
257 R -1.552 4.992 -0.895 -1.872 -1.746 0.016 -1.02 -2.402 -0.335 0.8 -0.865 1.463 -0.573 -1.747 -2.897 -1.721 -1.424 -2.274 -1.718 -0.299
258 E -1.251 -0.274 2.301 1.063 -2.324 0.734 3.427 -1.495 4.172 -2.783 -2.814 0.205 -1.772 -2.17 -2.22 -0.827 -1.312 -2.324 -0.827 -2.428
259 S 1.274 -0.837 0.27 0.968 -0.194 -0.439 0.633 -0.301 -0.482 -1.951 -2.357 -0.305 -1.335 -2.1 -1.612 2.805 0.552 -2.627 -1.891 -1.311
260 N -1.263 1.054 4.079 0.4 -1.961 0.167 -0.209 -0.737 0.376 -2.452 -2.71 3.089 -1.704 -2.632 -2.152 -0.524 -0.799 -2.8 -1.975 -2.316
261 E -0.955 -0.157 -0.374 1.482 -2.447 1.311 4.575 -1.985 0.357 -2.8 -2.739 0.641 -1.789 -2.644 -1.917 -0.827 -1.337 -2.423 -1.944 -2.17
262 Y -1.321 -0.712 1.036 -1.497 -1.619 -1.077 -1.513 -1.93 1.568 -1.251 -1.401 0.381 -0.974 2.333 -2.823 -0.786 -1.349 1.347 5.63 -1.314
263 K -0.969 3.023 -0.335 -0.882 -2.058 0.725 0.149 -1.495 -0.219 -2.234 -2.239 4.279 -1.259 -2.783 -1.869 -0.998 -1.176 -2.53 -1.822 -2.061
264 I -1.453 -2.879 -3.323 -3.32 -0.186 -3.092 -3.622 -3.49 -2.642 4.144 2.475 -2.663 1.476 0.349 -3.565 -3.132 -1.229 -2.077 -1.262 2.476
265 Y -1.848 -1.813 -2.161 -3.058 -1.787 -1.819 -2.399 -2.968 2.069 -0.839 -0.946 -1.909 -0.718 3.313 -3.369 -2.473 -2.125 2.273 6.729 -1.015
266 K -0.964 2.523 -0.288 -0.483 -2.064 2.531 1.179 -1.548 0.103 -2.295 -2.219 3.512 -1.069 -2.817 -1.962 -0.937 -1.152 -2.436 -1.697 -2.01
267 V 0.454 -1.519 -0.771 -1.389 0.174 -1.441 -1.529 -1.228 -1.47 1.473 -0.286 -1.185 -0.04 -1.104 -2.236 1.757 0.336 -2.503 -1.546 2.612
268 I -1.412 -3.136 -3.298 -3.216 -0.186 -3.245 -3.722 -3.515 -2.747 4.613 1.641 -2.714 1.235 0.182 -3.54 -3.112 -1.11 -2.22 -1.321 2.825
269 L -1.453 -2.406 -3.216 -3.376 -0.188 -2.606 -3.334 -3.34 -2.275 3.227 3.158 -2.434 2.687 0.535 -3.555 -2.995 -1.348 -1.827 -1.146 1.847
270 Y -1.439 -2.334 -2.639 -3.134 -0.793 -2.38 -2.898 -3.164 0.559 2.737 0.511 -2.251 0.353 2.117 -3.411 -2.675 -1.473 0.816 4.901 1.835
271 S 1.438 -1.2 -0.455 -1.067 0.095 -1.13 -1.204 -0.575 -0.987 -0.256 0.96 -0.833 0.059 -0.988 -1.914 2.221 0.283 -2.316 -1.6 -0.294
272 S 0.817 -1.104 0.254 -0.518 -0.254 -0.934 -0.986 2.766 -0.718 -2.222 -2.608 -0.606 -1.527 -2.146 -1.786 2.753 0.474 -2.557 -2.082 -1.648
273 L -1.362 -2.559 -3.207 -3.47 3.396 -2.974 -3.406 -3.165 -2.192 2.282 2.883 -2.7 1.399 2.718 -3.655 -2.889 -1.47 -1.294 -0.039 1.706
274 C -0.177 -2.77 -1.899 -2.518 8.914 -2.773 -3.098 1.004 -2.331 -1.117 -1.45 -2.413 -1.285 -2.126 -2.908 -0.284 -0.996 -3.067 -2.719 -0.764
275 I -1.242 -3.052 -3.254 -3.214 -0.12 -3.16 -3.611 -3.444 -2.771 4.454 1.559 -2.676 1.184 0.112 -3.496 -3.0 -1.025 -2.245 -1.321 3.04
276 L -1.576 -2.222 -3.398 -3.656 -0.186 -2.676 -3.341 -3.418 -2.349 1.969 4.095 -2.514 2.097 0.797 -3.64 -3.194 -1.616 -1.686 -1.092 1.07
277 L -1.313 -2.27 -3.321 -3.575 -0.098 -2.667 -3.268 -3.342 -2.441 2.167 3.754 -2.498 1.917 0.625 -3.563 -3.029 -1.395 -1.797 -1.129 1.892
278 L -1.357 -2.359 -3.328 -3.537 -0.12 -2.734 -3.331 -3.373 -2.466 2.592 3.609 -2.527 1.864 0.596 -3.57 -3.059 -1.384 -1.832 -1.147 1.94
279 S 1.032 -0.777 0.461 -0.284 0.037 -0.606 -0.591 -0.142 -0.496 -1.947 -2.364 -0.321 -1.222 -1.979 -1.511 3.383 0.975 -2.585 -1.791 -1.328
280 Y -1.848 -1.813 -2.161 -3.058 -1.787 -1.819 -2.399 -2.968 2.069 -0.839 -0.946 -1.909 -0.718 3.313 -3.369 -2.473 -2.125 2.273 6.729 -1.015
281 T -0.444 -1.365 -0.706 -1.515 0.02 -1.453 -1.788 -1.757 -1.649 0.478 1.259 -1.165 0.361 -0.8 -2.096 0.081 3.638 -2.077 -1.565 0.439
282 L -1.117 -2.727 -3.235 -3.316 -0.055 -2.932 -3.41 -3.351 -2.69 3.755 2.352 -2.589 1.381 0.215 -3.477 -2.911 -1.053 -2.124 -1.262 2.941
283 P -0.872 -2.049 -1.969 -1.599 -1.493 -1.969 -1.658 -1.888 -1.643 -2.353 -2.786 -1.1 -2.439 -3.371 6.699 -1.487 -1.384 -4.585 -2.671 -2.197
284 S 0.478 -1.219 -0.267 -0.991 0.118 -1.136 -1.238 -0.946 -1.189 0.499 -0.891 -0.857 -0.428 -1.428 -1.909 2.06 2.058 -2.449 -1.654 1.465
285 L -1.454 -1.999 -3.113 -3.432 -0.19 -2.189 -3.072 -3.197 -1.95 1.874 3.71 -2.221 3.538 0.71 -3.545 -2.863 -1.473 -1.596 -1.034 1.042
286 A 4.002 -1.519 -1.698 -1.723 0.644 -1.356 -1.334 0.338 -1.247 -0.866 -1.357 -0.884 -0.909 -1.884 -1.511 0.419 -0.458 -2.476 -1.791 0.103
287 R -1.57 5.576 -0.498 -1.599 -2.295 0.482 -0.596 -2.164 0.063 -2.647 -2.063 1.983 -1.259 -2.508 -2.74 -1.442 -1.489 -2.27 -1.808 -2.197
288 F -2.15 -2.737 -3.013 -3.423 -1.052 -3.542 -3.473 -3.029 -1.17 0.779 1.904 -3.11 0.782 5.867 -4.249 -3.098 -2.188 0.364 2.297 -0.048
289 L -0.673 -1.787 -1.863 -2.383 -0.129 -2.004 -2.373 -2.195 -1.763 1.377 3.366 -1.791 1.556 0.313 -2.944 0.155 -0.721 -1.886 -1.251 0.631
290 E -0.955 -0.157 -0.374 1.482 -2.447 1.311 4.575 -1.985 0.357 -2.8 -2.739 0.641 -1.789 -2.644 -1.917 -0.827 -1.337 -2.423 -1.944 -2.17
291 F -2.097 -2.319 -2.505 -3.2 -1.592 -2.676 -2.905 -2.939 0.96 -0.249 -0.115 -2.537 -0.242 5.378 -3.873 -2.754 -2.262 1.636 5.407 -0.769
292 F -1.972 -2.653 -2.783 -3.241 -1.131 -3.082 -3.239 -3.065 -0.061 1.952 0.579 -2.764 0.296 5.135 -3.923 -2.917 -1.96 0.82 4.069 0.656
293 R -1.376 5.017 -0.448 -1.365 -2.222 0.557 -0.352 -1.946 -0.019 -2.517 -2.115 2.88 -1.259 -2.588 -2.45 -1.301 -1.392 -2.345 -1.812 -2.156
294 F -2.15 -2.737 -3.013 -3.423 -1.052 -3.542 -3.473 -3.029 -1.17 0.779 1.904 -3.11 0.782 5.867 -4.249 -3.098 -2.188 0.364 2.297 -0.048
295 F -2.37 -2.932 -2.896 -3.35 -1.41 -3.9 -3.518 -2.91 -0.864 0.241 0.529 -3.34 0.166 6.57 -4.484 -3.066 -2.406 0.816 2.895 -0.543
296 Y -1.848 -1.813 -2.161 -3.058 -1.787 -1.819 -2.399 -2.968 2.069 -0.839 -0.946 -1.909 -0.718 3.313 -3.369 -2.473 -2.125 2.273 6.729 -1.015
297 F -1.874 -2.945 -2.997 -3.303 -0.884 -3.599 -3.513 -3.057 -1.376 2.271 0.88 -3.087 0.525 5.546 -4.098 -3.007 -1.831 0.103 2.042 1.315
298 L -1.493 -2.643 -3.348 -3.428 -0.186 -2.946 -3.526 -3.466 -2.541 3.584 3.121 -2.612 1.698 0.506 -3.59 -3.153 -1.352 -1.941 -1.204 2.079
299 L -1.454 -1.999 -3.113 -3.432 -0.19 -2.189 -3.072 -3.197 -1.95 1.874 3.71 -2.221 3.538 0.71 -3.545 -2.863 -1.473 -1.596 -1.034 1.042
300 V -0.511 -2.038 -2.051 -2.579 0.134 -2.186 -2.552 -2.575 -2.356 2.188 1.837 -1.953 0.932 -0.296 -2.846 -1.372 1.52 -2.172 -1.359 2.957
301 V -0.238 -2.106 -1.979 -2.495 0.251 -2.174 -2.469 -2.491 -2.496 2.46 0.524 -1.934 0.511 -0.687 -2.758 -1.239 1.635 -2.371 -1.42 3.617
302 R -0.67 4.85 -0.227 -1.21 -1.514 0.246 -0.595 -1.511 -0.067 -2.456 -2.136 1.556 -1.25 -2.366 -2.38 0.672 -0.651 -2.345 -1.804 -1.954
303 L -1.282 -1.512 -2.335 -2.9 -0.526 -1.253 -2.391 -2.702 0.118 1.127 1.586 -1.588 5.055 1.461 -3.3 -2.152 -1.309 0.059 3.292 0.573
304 L -1.651 -2.54 -3.284 -3.488 -0.357 -2.988 -3.462 -3.35 -2.127 2.726 3.221 -2.687 1.642 2.822 -3.738 -3.152 -1.593 -1.19 0.035 1.443
305 S 1.078 -0.731 0.507 -0.239 0.082 -0.56 -0.546 -0.097 -0.45 -1.902 -2.319 -0.275 -1.177 -1.934 -1.466 3.229 1.021 -2.539 -1.746 -1.283
306 L -1.223 2.256 -1.792 -2.483 -0.602 -0.608 -1.826 -2.498 -0.698 0.952 1.488 -0.164 5.038 -0.07 -3.134 -1.887 -1.178 -1.547 -1.076 0.43
307 Q -1.117 0.555 -0.328 -0.749 -1.952 4.287 0.849 -1.73 2.834 -2.011 -1.858 0.713 -0.547 -0.461 -2.401 -1.076 -1.26 -0.778 2.45 -1.753
308 F -2.08 -2.234 -1.613 0.981 -1.633 -2.104 0.028 -2.503 -0.644 -0.27 -0.04 -2.091 -0.272 5.777 -3.686 -2.357 -2.117 0.237 2.212 -0.924
309 N -1.472 0.347 4.749 1.79 -1.955 -0.191 -0.285 -0.52 0.565 -2.59 -2.956 1.819 -1.97 -2.555 -2.346 -0.391 -0.705 -2.933 -2.1 -2.468
310 V -0.817 -2.582 -3.15 -3.312 0.07 -2.78 -3.212 -3.219 -2.739 3.304 2.222 -2.516 1.282 0.074 -3.392 -2.706 -0.887 -2.172 -1.262 3.342
311 R 0.153 4.833 -0.579 -1.54 -1.363 0.137 -0.772 -1.608 -0.23 -1.963 -1.829 1.492 -1.119 -2.298 -2.415 -0.803 0.323 -2.288 -1.797 -1.41
312 S 0.471 -0.794 2.829 0.116 -0.443 -0.7 -0.76 1.17 -0.129 -2.222 -2.633 -0.416 -1.543 -2.137 -1.848 2.583 0.498 -2.674 -1.962 -1.71
313 R -1.376 5.017 -0.448 -1.365 -2.222 0.557 -0.352 -1.946 -0.019 -2.517 -2.115 2.88 -1.259 -2.588 -2.45 -1.301 -1.392 -2.345 -1.812 -2.156
314 Y -1.365 -1.975 -2.342 -3.093 -1.106 -2.0 -2.523 -2.973 1.403 0.681 -0.359 -2.029 -0.259 2.734 -3.328 -2.434 -1.621 1.626 5.957 1.367
315 L -1.494 -2.072 -3.205 -3.505 -0.189 -2.343 -3.159 -3.269 -2.077 1.906 3.844 -2.315 3.132 0.739 -3.576 -2.969 -1.52 -1.626 -1.053 1.051
316 F -1.898 -2.784 -3.113 -3.389 -0.733 -3.384 -3.522 -3.175 -1.582 2.372 2.107 -2.953 1.033 4.902 -4.002 -3.109 -1.831 -0.245 1.52 1.056
317 F -2.258 -2.833 -2.954 -3.386 -1.225 -3.715 -3.495 -2.969 -1.013 0.523 1.298 -3.223 0.49 6.239 -4.364 -3.082 -2.295 0.599 2.612 -0.285
318 V -0.515 -2.664 -3.045 -3.204 0.189 -2.766 -3.108 -3.113 -2.898 3.491 1.111 -2.494 0.912 -0.267 -3.287 -2.498 -0.631 -2.371 -1.321 3.928
319 I 2.072 -2.307 -2.499 -2.497 0.228 -2.263 -2.434 -1.261 -2.038 3.187 0.661 -1.79 0.48 -0.568 -2.497 -1.074 -0.768 -2.341 -1.507 2.171
320 L -1.362 -2.671 -3.31 -3.39 -0.142 -2.942 -3.486 -3.427 -2.59 3.642 2.887 -2.604 1.596 0.412 -3.552 -3.07 -1.249 -2.001 -1.223 2.396
321 L -0.332 -2.094 -2.312 -2.786 -0.31 -2.456 -2.75 -2.358 -1.664 1.122 2.682 -2.152 1.163 3.387 -3.151 -1.682 0.568 -0.936 0.429 0.517
322 A 2.515 -1.897 -2.232 -2.335 0.369 -1.78 -2.032 -0.876 -1.72 1.866 0.364 -1.477 1.719 -0.816 -2.271 -0.666 -0.612 -2.263 -1.481 2.145
323 Y -1.848 -1.813 -2.161 -3.058 -1.787 -1.819 -2.399 -2.968 2.069 -0.839 -0.946 -1.909 -0.718 3.313 -3.369 -2.473 -2.125 2.273 6.729 -1.015
324 C -0.386 -3.186 -2.396 -2.982 9.203 -3.241 -3.698 1.448 -2.682 -1.059 -1.382 -2.848 -1.325 -2.162 -3.166 -1.583 -1.444 -3.122 -2.888 -0.735
325 F 0.824 -2.509 -2.547 -2.85 -0.744 -3.026 -2.799 -1.701 -0.955 0.002 0.16 -2.505 -0.068 5.79 -3.411 -1.734 -1.783 0.278 2.249 -0.368
326 V -0.662 -1.918 -2.666 -3.02 0.061 -1.754 -2.646 -2.799 -1.816 2.368 1.565 -1.918 4.257 0.031 -3.242 -2.183 -0.769 -1.832 -1.085 3.025
327 R -1.57 5.576 -0.498 -1.599 -2.295 0.482 -0.596 -2.164 0.063 -2.647 -2.063 1.983 -1.259 -2.508 -2.74 -1.442 -1.489 -2.27 -1.808 -2.197
328 L -1.481 -2.134 -3.197 -3.467 -0.189 -2.381 -3.187 -3.276 -2.105 2.253 3.69 -2.33 3.089 0.692 -3.568 -2.963 -1.476 -1.666 -1.071 1.247
329 N -1.695 -0.45 5.717 1.246 -1.882 -0.562 -0.761 -0.19 0.933 -2.748 -3.187 -0.331 -2.197 -2.41 -2.623 -0.154 -0.487 -3.002 -2.104 -2.596
330 S 0.758 -1.124 -0.089 -0.784 0.106 -0.993 -1.022 -0.634 -0.942 0.242 -1.142 -0.72 -0.571 -1.509 -1.851 2.683 0.673 -2.543 -1.666 1.268
331 F -2.37 -2.932 -2.896 -3.35 -1.41 -3.9 -3.518 -2.91 -0.864 0.241 0.529 -3.34 0.166 6.57 -4.484 -3.066 -2.406 0.816 2.895 -0.543
332 I -1.453 -2.879 -3.323 -3.32 -0.186 -3.092 -3.622 -3.49 -2.642 4.144 2.475 -2.663 1.476 0.349 -3.565 -3.132 -1.229 -2.077 -1.262 2.476
333 N -1.256 -0.907 3.986 0.086 -1.232 -0.976 -1.26 -0.975 0.875 -1.434 -1.904 -0.782 -1.316 0.398 -2.525 -0.319 1.481 -0.496 3.124 -1.258
334 Q -1.009 0.832 -0.053 -0.461 -1.996 4.688 1.177 -1.541 3.33 -2.325 -2.095 1.001 -0.533 -2.631 -2.255 -0.881 -1.14 -2.118 -0.74 -1.952
335 F -2.37 -2.932 -2.896 -3.35 -1.41 -3.9 -3.518 -2.91 -0.864 0.241 0.529 -3.34 0.166 6.57 -4.484 -3.066 -2.406 0.816 2.895 -0.543
336 D -1.813 -1.624 1.163 5.885 -2.408 -0.908 1.014 -1.159 -0.572 -2.761 -3.527 -0.865 -2.733 -2.955 -2.325 -0.988 -1.448 -3.567 -3.079 -2.9
337 S 0.817 -1.104 0.254 -0.518 -0.254 -0.934 -0.986 2.766 -0.718 -2.222 -2.608 -0.606 -1.527 -2.146 -1.786 2.753 0.474 -2.557 -2.082 -1.648
338 G 0.054 -2.393 -0.476 -1.358 -1.356 -2.231 -2.658 5.843 -1.512 -3.251 -3.496 -1.686 -2.702 -2.714 -2.815 -1.038 -1.955 -2.476 -3.184 -2.9
339 F -2.37 -2.932 -2.896 -3.35 -1.41 -3.9 -3.518 -2.91 -0.864 0.241 0.529 -3.34 0.166 6.57 -4.484 -3.066 -2.406 0.816 2.895 -0.543
340 D -1.794 -1.605 1.182 5.858 -2.389 -0.889 1.033 -1.14 -0.553 -2.742 -3.508 -0.846 -2.714 -2.936 -2.306 -0.969 -1.429 -3.548 -3.06 -2.881
341 Y -1.829 -1.794 -2.142 -3.039 -1.768 -1.8 -2.38 -2.949 2.088 -0.82 -0.927 -1.89 -0.699 3.332 -3.35 -2.454 -2.106 2.292 6.69 -0.996
342 I -1.412 -3.136 -3.298 -3.216 -0.186 -3.245 -3.722 -3.515 -2.747 4.613 1.641 -2.714 1.235 0.182 -3.54 -3.112 -1.11 -2.22 -1.321 2.825
343 Y -1.97 -2.055 -2.328 -3.128 -1.688 -2.216 -2.641 -2.953 1.567 -0.529 -0.501 -2.206 -0.47 4.526 -3.61 -2.61 -2.193 1.972 6.143 -0.89
344 N -0.738 -0.529 5.039 0.933 -1.27 -0.573 -0.717 -0.178 0.636 -2.526 -2.958 -0.329 -1.921 -2.296 -2.302 1.205 -0.046 -2.892 -2.023 -2.223
345 G 0.173 -1.958 -0.303 -1.162 -0.931 -1.823 -2.136 5.111 -1.356 -2.496 -2.916 -1.362 -2.127 -2.454 -2.465 0.235 0.328 -2.456 -2.759 -2.075
346 K -0.697 0.819 -0.341 0.674 -1.53 -0.052 -0.261 -1.408 0.465 -1.776 -1.969 2.955 -1.201 0.245 -2.064 0.188 -0.856 -0.483 3.13 -1.68
347 I -0.825 -2.124 -2.032 -2.407 -0.235 -2.055 -2.592 -2.383 -1.614 3.245 1.309 -1.888 2.993 1.563 -3.086 -0.436 -0.709 -1.636 -0.579 1.78
348 L 0.152 -2.29 -3.055 -3.208 -0.005 -2.549 -3.003 -2.554 -2.311 2.555 3.127 -2.271 1.562 0.325 -3.206 -2.304 -1.204 -1.946 -1.237 1.938