#Seq2Logo.py -f /work3/idamei/wzy_ssn/run/1e-50/run/150/MSAs/0010_165.afa -o /work3/idamei/wzy_ssn/run/1e-50/run/150/logos/0010_165.logo
Last position-specific scoring matrix computed, values are in halfbits
A R N D C Q E G H I L K M F P S T W Y V
0 L -1.146 -1.449 -2.426 -2.88 -0.234 -1.117 -2.419 -2.649 -1.034 1.537 2.069 -1.518 5.925 0.402 -3.308 -2.082 -1.112 -1.372 -0.898 0.923
1 K -0.874 0.197 1.691 -0.936 -0.8 -0.61 -1.019 -1.618 -0.794 0.434 0.63 2.117 -0.046 -1.251 -2.371 -0.897 0.912 -2.419 -1.661 0.937
2 I -1.292 -0.931 -1.894 -2.322 -0.934 -1.646 -2.016 -2.491 -0.336 2.432 0.364 0.704 0.226 3.093 -3.047 -1.424 -1.284 -0.191 2.987 1.004
3 T -0.088 -1.069 -0.115 -0.99 0.146 -1.079 -1.354 -1.305 -1.389 -0.2 -1.033 -0.767 -0.508 -1.556 -1.663 0.729 4.172 -2.161 -1.682 0.253
4 E -0.895 -0.098 -0.314 1.542 -2.387 1.37 4.437 -1.926 0.417 -2.74 -2.679 0.701 -1.729 -2.584 -1.857 -0.767 -1.277 -2.363 -1.884 -2.11
5 L -1.517 -2.162 -3.338 -3.596 -0.126 -2.616 -3.282 -3.359 -2.29 2.029 3.998 -2.454 2.156 0.857 -3.58 -3.134 -1.557 -1.626 -1.032 1.13
6 V -0.21 -2.462 -2.905 -3.14 0.364 -2.563 -2.87 -2.931 -2.891 3.054 0.969 -2.364 0.856 -0.374 -3.147 -2.26 -0.427 -2.363 -1.261 4.06
7 K -1.113 2.497 2.289 2.254 -1.925 0.148 0.074 -1.108 -0.009 -2.447 -2.596 2.725 -1.651 -2.655 -2.149 -0.306 -0.926 -2.759 -2.072 -2.261
8 I -1.043 -1.078 -2.355 -2.548 -0.347 -1.748 -2.265 -2.837 -2.009 3.626 1.099 0.658 1.525 -0.296 -3.032 -2.356 -0.985 -2.26 -1.38 2.628
9 L -1.664 -1.965 -2.669 -3.296 -0.832 -2.171 -2.787 -3.139 0.679 0.939 2.503 -2.15 1.065 2.366 -3.456 -2.766 -1.814 0.97 4.829 0.257
10 K -0.817 2.103 -0.258 -0.712 -1.968 0.816 0.323 -1.333 -0.233 -2.113 -2.231 4.466 -1.214 -2.796 -1.677 -0.872 -1.072 -2.539 -1.779 -1.989
11 T -0.789 0.005 2.221 -0.405 -0.934 -0.408 -0.741 -1.169 3.823 -1.315 -1.877 1.275 -1.082 -1.785 -2.055 -0.081 2.466 -2.26 -0.797 -1.026
12 K -1.159 2.565 -0.071 2.074 -2.222 0.577 1.608 -1.582 -0.18 -2.463 -2.518 3.323 -1.577 -2.798 -2.031 -1.025 -1.297 -2.671 -2.047 -2.243
13 L -1.0 -0.801 -1.766 -2.331 -0.526 -1.42 -1.899 -2.48 -0.67 1.112 1.903 0.653 0.69 0.649 -2.788 -1.568 0.743 -0.787 2.354 1.338
14 I -1.143 -2.321 -2.543 -1.744 -0.394 -1.776 0.207 -3.143 -1.997 3.937 1.082 -1.807 0.797 -0.271 -3.177 -2.49 -1.062 -2.317 -1.446 2.726
15 N -1.457 -0.135 4.139 0.753 -2.089 1.695 1.381 -0.892 3.894 -2.694 -2.824 0.059 -1.639 -2.239 -2.474 -0.599 -0.975 -2.498 -0.959 -2.479
16 G -0.439 -0.763 -1.157 -1.793 -0.721 -1.267 -1.648 1.535 -0.447 0.354 0.626 0.758 -0.099 0.244 -2.623 -0.028 -0.871 -0.907 2.277 0.843
17 L -1.476 -2.676 -3.255 -3.523 4.974 -3.104 -3.559 -3.137 -2.218 2.183 2.87 -2.803 1.289 2.711 -3.705 -2.885 -1.624 -1.36 -0.133 1.04
18 L -1.555 -2.617 -3.105 -3.272 -0.391 -2.779 -3.391 -3.257 -1.984 3.47 2.16 -2.556 2.728 2.742 -3.677 -2.942 -1.399 -1.272 -0.006 1.885
19 L -1.197 -1.218 -1.973 -2.395 -0.829 -1.962 -2.379 1.33 -1.622 2.441 1.365 0.471 0.509 2.459 -3.188 -2.248 -1.542 -1.47 -0.26 0.961
20 L -1.818 -2.615 -3.235 -3.505 -0.57 -3.159 -3.491 -3.284 -1.847 2.254 2.959 -2.83 1.402 4.091 -3.907 -3.168 -1.788 -0.681 0.851 1.03
21 L -1.158 0.005 -0.949 -0.643 -1.325 3.468 1.579 -2.139 -0.086 -0.179 1.548 0.249 0.516 -1.13 -2.572 -1.431 -1.285 -2.092 -1.365 -0.577
22 L -1.529 -2.18 -2.961 -3.274 -0.394 -2.285 -3.097 -3.088 -1.648 2.335 2.727 -2.297 3.781 2.805 -3.647 -2.761 -1.479 -1.086 0.069 1.194
23 I 0.742 -2.339 -2.218 -2.489 0.066 -2.36 -2.638 -2.041 -2.259 3.425 0.792 -1.946 0.603 -0.473 -2.733 -1.285 0.954 -2.325 -1.492 2.529
24 W -1.738 -2.405 -3.057 -3.544 4.882 -2.718 -3.167 -2.79 -0.783 0.205 1.722 -2.627 0.357 1.202 -4.019 -2.852 -2.008 7.632 2.9 -0.35
25 C 0.912 -2.361 -1.916 -2.333 6.758 -2.427 -2.531 -1.449 -1.73 1.14 -0.334 -2.024 -0.368 2.217 -2.748 0.122 -0.783 -1.785 -0.452 0.361
26 L -1.525 -2.102 -3.235 -3.535 -0.219 -2.373 -3.19 -3.299 -2.107 1.875 3.885 -2.346 3.174 0.709 -3.607 -3.0 -1.55 -1.656 -1.084 1.021
27 F -2.163 -2.622 -2.864 -3.378 -1.252 -3.254 -3.301 -3.029 -0.305 0.445 1.377 -2.937 0.449 5.751 -4.148 -3.009 -2.243 0.822 3.748 -0.299
28 E -0.255 -0.358 -0.264 0.144 -1.252 1.78 2.366 -1.305 0.53 -2.051 -2.157 0.116 -1.183 -0.381 -2.037 1.277 -0.418 -0.964 2.279 -1.635
29 E -0.608 -0.76 -0.438 0.776 -2.066 0.505 3.584 3.054 -0.173 -2.973 -3.0 0.022 -2.093 -2.697 -2.217 -0.926 -1.559 -2.471 -2.331 -2.424
30 L -1.414 -2.144 -2.614 -1.827 -0.49 -1.72 0.203 -3.198 -1.866 3.405 2.451 -1.794 1.227 0.079 -3.258 -2.636 -1.338 -2.092 -1.365 1.81
31 L 0.73 -2.207 -2.23 -2.542 0.066 -2.285 -2.592 -2.031 -2.2 2.927 1.573 -1.919 0.802 -0.334 -2.746 -1.292 0.916 -2.227 -1.451 2.278
32 Y 0.481 -1.897 -2.225 -2.84 -0.851 -1.883 -2.299 -2.119 1.203 0.224 -0.628 -1.816 -0.462 2.412 -2.97 -1.754 -1.494 1.34 5.698 0.915
33 S 0.683 -0.932 0.56 2.069 -0.283 -0.684 -0.284 -0.319 -0.539 -2.098 -2.559 -0.435 -1.456 -2.151 -1.662 3.074 0.658 -2.757 -2.0 -1.568
34 Y -1.802 -2.403 -2.647 -3.188 -1.127 -2.55 -2.989 -3.159 0.674 2.33 0.371 -2.396 0.186 3.665 -3.617 -2.798 -1.816 1.09 5.13 0.892
35 Y -1.441 -1.545 1.52 -1.505 -1.139 -1.546 -1.929 -2.178 3.851 1.509 -0.383 -1.583 -0.273 1.264 -3.16 -1.884 -1.361 0.084 4.061 1.233
36 P -0.25 -1.658 -1.129 -1.194 -1.011 -1.546 -1.335 -1.326 -1.294 -2.23 -2.658 -0.868 -2.067 -2.939 5.908 0.627 -0.574 -3.924 -2.408 -1.938
37 S 0.355 1.725 2.205 -0.159 -0.543 -0.417 -0.65 -0.434 -0.142 -2.207 -2.462 0.182 -1.401 -2.161 -1.881 2.625 0.435 -2.625 -1.874 -1.671
38 L -0.741 -2.121 -2.257 -2.664 -0.092 -2.308 -2.681 -2.534 -2.112 2.496 2.857 -2.057 1.359 0.148 -3.109 -0.468 -0.772 -2.054 -1.305 1.997
39 G 1.19 1.591 1.988 -0.499 -0.631 -0.727 -1.033 2.01 -0.373 -2.16 -2.416 -0.049 -1.549 -2.259 -2.085 1.49 -0.226 -2.588 -2.068 -1.554
40 V -0.837 -2.687 -3.173 -3.307 0.039 -2.856 -3.271 -3.257 -2.805 3.544 1.943 -2.563 1.168 -0.016 -3.415 -2.731 -0.882 -2.251 -1.312 3.473
41 L -1.398 -2.699 -3.232 -3.406 -0.295 -3.056 -3.447 -3.314 -2.272 3.161 2.535 -2.719 1.32 2.733 -3.681 -3.013 -1.362 -1.348 -0.033 2.315
42 F -1.443 -0.901 -1.708 -2.315 -1.039 -1.648 -1.979 -2.403 -0.288 0.105 0.978 0.568 0.171 4.136 -3.035 -1.64 0.534 0.102 3.115 -0.349
43 F -1.604 -2.055 -1.881 -2.64 -1.186 -2.312 -2.555 -2.564 0.597 -0.267 -0.302 -2.12 -0.321 4.812 -3.312 -1.689 0.714 1.159 4.845 -0.566
44 I -0.96 -2.762 -2.591 -2.899 -0.289 -2.881 -3.348 1.228 -2.496 3.518 1.774 -2.467 0.934 -0.146 -3.396 -2.561 -1.226 -2.227 -1.547 2.471
45 P -0.903 -2.08 -2.0 -1.63 -1.523 -1.999 -1.688 -1.918 -1.674 -2.384 -2.816 -1.13 -2.469 -3.402 6.729 -1.518 -1.414 -4.615 -2.702 -2.228
46 D -1.491 -1.153 0.224 4.34 -1.939 -0.16 2.551 -1.74 -0.462 -1.282 -0.076 -0.477 -0.987 -1.848 -2.386 -1.228 -1.468 -2.806 -2.296 -1.594
47 L -1.332 -2.498 -3.081 -3.355 -0.335 -2.704 -3.235 -3.325 -1.153 3.106 2.439 -2.482 1.235 1.068 -3.516 -2.908 -1.328 -0.753 2.394 2.288
48 L -1.293 -2.579 -3.319 -3.455 -0.129 -2.875 -3.417 -3.404 -2.602 3.299 3.082 -2.594 1.609 0.392 -3.561 -3.033 -1.259 -2.001 -1.235 2.444
49 G -0.846 -2.059 1.505 -1.415 -0.904 -2.226 -2.515 3.046 -1.122 0.382 0.707 -1.871 -0.181 2.288 -3.229 -1.613 -1.417 -1.571 -0.448 0.761
50 L 0.537 -2.136 -2.232 -2.615 -0.175 -2.363 -2.625 -2.012 -1.784 1.929 2.149 -2.003 0.899 2.575 -2.907 -1.376 0.73 -1.354 -0.121 0.972
51 G 0.104 -2.343 -0.426 -1.308 -1.306 -2.181 -2.608 5.796 -1.462 -3.201 -3.446 -1.636 -2.652 -2.664 -2.765 -0.988 -1.905 -2.426 -3.134 -2.85
52 L 0.458 -2.384 -3.037 -3.127 -0.06 -2.602 -3.029 -2.407 -2.281 2.965 2.958 -2.258 1.444 0.247 -3.16 -2.201 -1.253 -2.009 -1.305 1.64
53 L 0.371 -1.941 -2.431 -2.911 -0.669 -2.002 -2.503 -2.115 0.26 0.424 1.321 -1.938 2.265 3.342 -3.157 -1.869 -1.583 0.548 4.195 0.023
54 I 0.485 -2.671 -3.007 -3.0 -0.06 -2.773 -3.136 -2.429 -2.404 3.878 1.954 -2.318 1.119 0.017 -3.132 -2.181 -1.097 -2.194 -1.384 2.229
55 L 0.535 -2.548 -2.892 -3.017 -0.135 -2.757 -2.989 -2.291 -2.064 2.956 1.712 -2.355 0.886 2.582 -3.197 -2.069 -1.154 -1.452 -0.104 2.226
56 L -1.601 -2.312 -3.016 -3.387 -0.513 -2.561 -3.16 -3.324 -0.54 2.544 2.856 -2.399 1.377 1.551 -3.548 -2.979 -1.597 -0.168 3.245 1.291
57 L 1.241 -1.988 -2.564 -2.864 -0.122 -2.104 -2.458 -1.789 -0.632 1.182 2.221 -1.879 0.857 0.977 -2.829 -1.563 -1.196 -0.543 2.738 1.31
58 L -1.637 -2.161 -3.003 -3.37 -0.463 -2.42 -3.123 -3.083 -1.567 1.505 3.067 -2.4 3.343 3.529 -3.74 -2.846 -1.654 -0.775 0.537 0.7
59 A 2.614 -1.989 -2.274 -2.38 0.467 -1.932 -2.035 -0.883 -1.986 1.655 -0.018 -1.564 0.056 -1.081 -2.248 -0.649 -0.484 -2.461 -1.558 2.861
60 K -0.812 2.108 -0.254 -0.708 -1.963 0.821 0.328 -1.328 -0.229 -2.109 -2.226 4.453 -1.209 -2.791 -1.673 -0.867 -1.068 -2.535 -1.774 -1.984
61 D -1.312 -0.419 0.199 3.588 5.27 -0.672 -0.01 -1.525 3.922 -2.143 -2.489 1.188 -1.762 -2.247 -2.461 -1.249 -1.527 -2.806 -1.178 -2.11
62 I -1.362 -3.086 -3.248 -3.166 -0.136 -3.195 -3.672 -3.465 -2.697 4.483 1.691 -2.664 1.286 0.232 -3.49 -3.062 -1.06 -2.17 -1.271 2.875
63 G 0.104 -2.343 -0.426 -1.308 -1.306 -2.181 -2.608 5.796 -1.462 -3.201 -3.446 -1.636 -2.652 -2.664 -2.765 -0.988 -1.905 -2.426 -3.134 -2.85
64 I -1.362 -3.086 -3.248 -3.166 -0.136 -3.195 -3.672 -3.465 -2.697 4.483 1.691 -2.664 1.286 0.232 -3.49 -3.062 -1.06 -2.17 -1.271 2.875
65 G -0.192 -0.733 -0.686 -1.313 -0.735 -1.22 -1.426 1.696 -0.984 0.812 -0.797 0.843 -0.591 2.165 -2.425 1.096 -0.496 -1.637 -0.389 -0.223
66 F -2.307 -2.743 -2.79 -3.33 -1.5 -3.462 -3.329 -2.95 -0.151 0.056 0.299 -3.077 0.005 6.265 -4.296 -2.989 -2.388 1.085 4.002 -0.647
67 F -1.483 0.565 -1.282 -1.736 -1.66 -0.672 -1.001 -2.008 -0.521 -0.681 -0.51 2.678 -0.424 4.626 -2.749 -1.76 -1.655 -0.374 1.444 -1.158
68 R -0.793 3.27 1.999 -0.013 -1.701 0.364 1.253 -1.232 0.114 -2.504 -2.453 1.989 -1.506 -2.5 -2.195 0.421 -0.705 -2.542 -1.908 -2.092
69 R 0.628 4.016 -0.967 -1.693 -1.051 -0.089 -0.84 -1.572 -0.567 -0.424 -1.261 2.017 -0.777 -2.019 -2.407 -1.093 -1.082 -2.41 -1.751 0.578
70 G -0.239 -1.776 1.926 -0.715 -1.164 -1.718 -2.056 4.843 -0.955 -2.448 -2.917 -1.294 -2.172 -2.481 -2.602 -0.556 0.642 -2.542 -2.728 -2.089
71 K 0.633 1.176 -0.846 -1.244 -1.307 0.022 -0.373 -1.222 -0.544 -1.409 -1.47 3.628 -0.943 1.975 -2.025 -0.917 -1.198 -1.683 -0.34 -1.318
72 I -1.438 1.171 -2.36 -2.899 -0.804 -2.006 -2.607 -3.004 -0.59 2.675 0.541 -1.178 0.361 2.9 -3.465 -2.552 -1.413 -0.367 2.762 1.921
73 G 0.972 1.823 -0.781 -1.421 -0.69 -0.686 -1.15 1.772 -0.889 -0.909 0.225 1.345 -0.479 -1.565 -2.248 0.371 -0.791 -2.359 -1.883 -0.897
74 L -0.772 -1.029 -1.863 -2.329 4.987 -1.668 -2.11 -2.371 -1.976 1.99 1.205 0.573 0.442 -0.749 -2.758 -1.456 0.836 -2.393 -1.667 1.721
75 F -2.32 -2.882 -2.846 -3.3 -1.36 -3.85 -3.468 -2.86 -0.814 0.291 0.579 -3.29 0.216 6.492 -4.434 -3.016 -2.356 0.866 2.945 -0.493
76 K -1.202 2.421 -1.081 -1.593 -1.333 -0.118 -0.732 -2.094 -0.813 1.117 0.751 3.14 0.058 -1.256 -2.427 -1.618 -1.285 -2.334 -1.63 -0.002
77 R -1.502 3.012 3.116 0.077 -1.746 -0.075 0.971 -1.492 0.122 0.448 -1.353 0.574 -0.992 -1.87 -2.69 -1.059 -1.065 -2.542 -1.866 -0.627
78 G -1.162 1.722 -0.581 1.651 -1.828 -0.897 -0.802 1.55 -0.766 -1.926 -1.919 1.25 -1.536 1.936 2.059 -1.437 -1.634 -1.927 -0.635 -2.042
79 G -1.377 1.551 2.042 1.892 -2.021 -0.759 -0.756 1.643 3.806 -2.406 -2.516 -0.307 -1.746 -0.287 -2.79 -1.231 -1.594 -0.98 2.432 -2.384
80 L -0.772 1.334 -1.609 -2.264 -0.563 -1.466 -2.016 -2.294 -0.499 1.869 1.151 -0.773 0.415 0.543 -2.931 -0.268 -0.813 -0.851 2.342 1.554
81 S 0.316 -1.083 -0.152 -0.235 -0.743 -0.572 0.96 1.874 -0.665 -2.363 -2.689 -0.458 -1.735 -2.43 2.217 2.012 -0.049 -2.816 -2.178 -1.846
82 L -0.947 -2.196 -1.199 1.779 -0.628 -2.152 -1.679 1.773 -1.84 1.149 2.084 -1.94 0.62 -0.488 -3.097 -1.997 -1.396 -2.306 -1.818 1.351
83 L -1.171 -0.738 -2.172 -2.566 -0.595 -1.443 -2.005 -2.59 -1.342 1.369 1.772 0.848 2.687 2.871 -3.137 -2.204 -1.289 -1.17 0.161 1.537
84 L -1.559 -2.4 -3.394 -3.579 -0.202 -2.798 -3.43 -3.454 -2.441 2.732 3.766 -2.569 1.927 0.668 -3.636 -3.194 -1.524 -1.802 -1.153 1.5
85 L -1.36 -2.531 -2.36 -2.67 -1.094 -2.776 -2.927 1.341 -1.674 1.291 0.958 -2.293 0.025 2.526 1.902 -2.421 -1.843 5.709 0.359 0.077
86 A 1.918 -1.954 -1.335 -1.78 -0.184 -1.93 -1.989 1.87 -1.303 0.986 -0.582 -1.481 -0.5 2.202 -2.379 0.444 -0.716 -1.61 -0.386 0.227
87 L -0.836 -2.492 -3.016 -3.283 5.03 -2.545 -3.194 -2.95 -2.433 2.66 1.849 -2.438 2.574 -0.151 -3.378 -2.432 -1.023 -2.194 -1.427 2.673
88 F -2.163 -2.622 -2.864 -3.378 -1.252 -3.254 -3.301 -3.029 -0.305 0.445 1.377 -2.937 0.449 5.751 -4.148 -3.009 -2.243 0.822 3.748 -0.299
89 V 0.824 -2.397 -2.853 -2.992 0.182 -2.495 -2.79 -2.24 -2.491 2.857 1.652 -2.189 0.901 -0.29 -2.984 -1.872 -0.773 -2.292 -1.384 3.231
90 L 0.631 -2.413 -2.381 -2.681 -0.216 -2.525 -2.917 1.46 -2.129 2.668 2.189 -2.117 0.915 -0.19 -3.03 -1.848 -1.3 -2.139 -1.582 1.333
91 Y -2.173 -2.274 -2.578 -3.277 -1.772 -2.573 -2.86 -2.877 0.904 -0.593 -0.487 -2.497 -0.504 4.701 -4.016 -2.831 -2.342 6.095 5.403 -1.044
92 A 1.926 -1.878 -1.783 -2.082 0.2 -1.859 -2.006 -1.089 -1.73 1.951 1.163 -1.499 0.428 -0.681 -2.353 0.334 -0.441 -2.325 -1.534 1.794
93 L -1.224 -2.732 -3.182 -3.447 4.989 -3.093 -3.481 -3.069 -2.305 2.366 2.313 -2.786 1.051 2.624 -3.627 -2.738 -1.404 -1.458 -0.16 1.902
94 L 0.442 -2.333 -2.793 -2.96 -0.225 -2.427 -2.89 -2.24 -1.745 2.762 1.891 -2.182 2.575 2.64 -3.209 -2.027 -1.268 -1.301 -0.052 1.452
95 S 1.795 -0.919 0.166 -0.51 0.117 -0.748 -0.733 -0.087 -0.639 -1.767 -2.2 -0.438 -1.198 -1.993 -1.542 3.146 0.75 -2.597 -1.822 -1.065
96 I -1.129 -2.915 -3.145 -3.263 -0.205 -3.145 -3.432 -3.257 -2.423 3.735 1.216 -2.737 0.905 2.598 -3.587 -2.847 -1.084 -1.52 -0.083 3.102
97 F 0.599 -2.157 -2.133 -2.576 -0.252 -2.427 -2.545 -1.901 -1.553 1.018 1.243 -2.064 0.437 3.882 -2.955 -1.284 0.74 -0.841 0.747 1.352
98 W -2.716 -2.449 -3.232 -3.686 -2.4 -2.89 -3.035 -2.432 -1.2 -1.92 -1.716 -2.857 -1.346 1.062 -5.474 -3.421 -2.761 10.676 2.103 -2.294
99 G 0.554 -1.504 0.0 -0.802 -0.607 -1.336 -1.474 4.206 -0.99 -2.557 -2.906 -0.954 -1.899 -2.354 -2.121 2.023 -0.163 -2.56 -2.435 -2.039
100 D -0.317 -1.06 2.366 3.418 -0.896 -0.811 -0.102 -0.673 -0.382 -1.949 -2.572 -0.607 -1.692 -2.302 -2.0 1.552 1.313 -2.907 -2.238 -1.61
101 F -2.057 -2.451 -2.961 -3.386 -1.094 -2.887 -3.214 -2.875 -1.172 0.606 1.578 -2.755 2.364 4.971 -4.25 -2.969 -2.079 5.85 1.897 -0.137
102 N 0.373 -0.808 4.8 2.535 -1.373 -0.768 -0.486 -0.262 0.413 -2.369 -2.867 -0.532 -2.044 -2.427 -2.388 -0.199 -0.652 -3.022 -2.219 -2.003
103 I -1.082 -2.52 -2.853 -2.847 -0.307 -2.478 -2.941 -2.971 -2.24 3.498 1.178 -2.145 2.461 -0.267 1.954 -2.493 -1.065 -2.384 -1.451 2.48
104 Y 0.358 -1.972 -2.266 -2.842 -0.965 -1.955 -2.392 -2.178 1.212 1.095 -0.403 -1.853 -0.344 2.454 -3.019 -1.85 -1.628 1.35 5.698 0.206
105 G -0.621 -0.696 1.899 -0.065 -1.418 1.404 1.116 1.739 -0.041 -1.899 -1.887 -0.326 -1.222 1.991 -2.481 0.364 -0.846 -1.663 -0.431 -1.813
106 I -1.317 -2.69 -2.462 -2.772 -0.338 -2.884 -3.187 -2.964 -2.138 3.787 1.123 -2.414 0.806 2.582 -3.296 -2.063 0.747 -1.47 -0.126 2.097
107 V -0.435 -2.319 -2.096 -2.514 -0.08 -2.44 -2.588 -2.36 -1.984 2.651 0.621 -2.134 0.496 2.446 -3.082 -0.332 -0.527 -1.591 -0.13 3.067
108 A 1.019 -0.116 -0.939 -1.348 -0.381 1.375 -0.588 -1.167 -0.702 0.297 -0.305 1.214 1.99 -1.368 -2.174 0.398 -0.46 -2.267 -1.495 0.995
109 R -0.88 4.629 -0.325 -0.629 -1.802 0.46 1.177 -1.717 -0.001 -2.572 -2.246 1.471 -1.365 -2.465 -2.384 0.225 -0.913 -2.376 -1.858 -2.059
110 L -1.476 -2.5 -2.551 -3.065 -0.757 -2.971 -3.301 1.258 -1.666 0.952 2.697 -2.625 1.046 4.012 -3.757 -2.698 -1.945 -0.705 0.742 0.142
111 R -1.601 5.142 -0.851 -1.886 -1.849 0.112 -0.938 -2.369 -0.254 -1.218 0.285 1.545 -0.389 -1.657 -2.902 -1.7 -1.541 -2.194 -1.706 -1.361
112 Y -1.832 1.269 -2.084 -2.854 -1.491 -1.701 -2.345 -2.918 0.904 1.095 -0.22 -1.032 -0.24 3.577 -3.465 -2.482 -1.892 1.088 5.122 0.002
113 I -1.581 -2.655 -2.898 -3.193 -0.658 -2.718 -3.241 -3.351 -0.209 3.722 0.976 -2.451 0.688 1.602 -3.513 -2.913 -1.441 0.087 3.945 1.982
114 L -1.508 -2.824 -3.148 -3.358 -0.471 -3.25 -3.476 -3.227 -1.976 3.015 1.86 -2.849 0.999 4.008 -3.806 -2.993 -1.468 -0.816 0.813 2.179
115 G -0.913 -1.695 -1.357 -1.197 -0.818 -1.215 0.443 1.421 -1.086 1.313 0.159 -1.304 2.023 2.33 -2.838 -1.284 0.666 -1.396 -0.287 0.326
116 G 2.241 -1.519 -0.469 -1.086 -0.14 -1.353 -1.437 3.387 -1.083 -1.891 -2.306 -0.941 -1.543 -2.2 -1.914 1.574 -0.268 -2.542 -2.216 -1.153
117 F 0.48 -2.472 -2.678 -2.953 4.973 -2.613 -2.943 -2.012 -1.521 1.594 0.631 -2.348 2.187 3.878 -3.267 -1.815 -1.413 -0.866 0.704 0.653
118 L 0.578 -2.526 -2.318 -2.644 -0.388 -2.686 -2.941 1.477 -1.847 2.495 1.415 -2.223 0.542 2.489 -3.129 -1.835 -1.404 -1.458 -0.257 1.14
119 V 0.99 -1.678 -1.513 -2.057 0.185 -1.615 -2.014 -1.599 -1.768 1.425 0.333 -1.427 2.175 -0.832 -2.364 -0.52 2.117 -2.186 -1.475 2.314
120 Y -1.82 -1.929 -2.341 -3.099 -1.427 -1.96 -2.587 -2.928 1.338 -0.129 0.042 -2.054 1.983 3.942 -3.542 -2.517 -1.995 1.652 5.846 -0.537
121 F -2.088 -2.487 -2.763 -3.305 -1.44 -2.825 -3.073 -2.958 0.258 1.241 0.049 -2.643 -0.106 4.5 -4.05 -2.94 -2.133 5.993 4.56 0.056
122 L 0.543 -2.087 -2.72 -2.942 0.041 -2.025 -2.67 -2.265 -1.955 2.52 1.866 -1.961 3.405 -0.066 -3.051 -1.881 -0.919 -1.992 -1.255 2.522
123 A 1.783 -1.485 -1.017 -1.607 0.046 -1.421 -1.59 -0.925 -0.608 0.111 -0.93 -1.123 -0.56 -0.171 -2.03 0.729 1.956 -1.125 1.981 1.013
124 N -1.413 1.428 3.747 -0.076 -1.37 -0.698 -1.111 -1.164 3.412 0.37 -1.427 -0.231 -0.992 -1.594 -2.668 -0.676 0.698 -2.453 -1.062 -0.606
125 S 0.034 -0.762 1.792 0.316 -0.726 -0.125 1.921 -0.929 -0.245 -0.744 -1.809 -0.256 -1.119 -1.959 -2.013 1.793 0.018 -2.613 -1.848 0.266
126 Y -1.87 -1.619 1.107 -1.948 -1.845 -1.647 -2.145 -2.412 1.887 -1.091 -1.222 -1.668 -0.933 2.889 -3.294 -2.049 -1.871 1.86 6.394 -1.239
127 L -1.573 -2.5 -3.414 -3.568 -0.23 -2.872 -3.49 -3.49 -2.502 3.032 3.632 -2.614 1.831 0.59 -3.656 -3.215 -1.507 -1.873 -1.2 1.644
128 D -0.998 1.245 0.396 3.808 -1.107 -0.797 -0.08 -1.418 -0.848 -1.455 -2.105 -0.274 -1.468 -2.294 -2.146 -0.249 2.476 -2.776 -2.297 -1.149
129 D -1.248 -0.636 0.554 4.599 -2.225 -0.365 1.585 1.414 -0.532 -2.78 -3.234 0.962 -2.369 -2.902 -2.277 -1.006 -1.493 -3.102 -2.741 -2.693
130 R -1.218 3.914 -0.45 -0.212 -2.297 0.778 2.135 -1.913 0.015 -2.584 -2.348 2.801 -1.446 -2.683 -2.222 -1.147 -1.38 -2.445 -1.895 -2.187
131 G -0.831 -1.907 -0.78 1.256 -0.803 -1.858 -1.561 1.206 -0.601 0.034 -0.872 -1.615 -0.699 2.346 -2.713 -0.931 1.615 -0.689 2.325 0.666
132 F -1.68 -2.44 -2.302 -2.971 -1.333 -2.795 -3.051 0.961 0.098 -0.02 0.88 -2.537 0.036 4.866 -3.782 -2.573 -2.18 0.793 4.228 -0.634
133 S -0.545 1.637 1.851 1.743 -1.093 -0.495 -0.485 -1.075 -0.394 0.297 -1.507 1.247 -1.02 -1.917 -2.245 1.048 -0.39 -2.702 -1.963 -0.659
134 K -0.358 2.192 -0.391 -1.003 -1.069 -0.025 -0.479 -1.298 -0.579 0.361 -1.319 2.929 -0.778 -1.953 -2.031 0.99 -0.433 -2.528 -1.78 -0.551
135 L -1.058 -2.698 -2.711 -3.013 -0.292 -2.869 -3.365 0.884 -2.493 3.358 2.262 -2.492 1.111 -0.011 -3.448 -2.661 -1.296 -2.162 -1.496 2.305
136 I -1.222 -2.777 -3.148 -3.203 -0.158 -2.78 -3.417 -3.336 -2.493 4.215 1.575 -2.508 2.529 0.095 -3.496 -2.859 -1.053 -2.148 -1.296 2.875
137 N -1.58 -0.317 4.438 2.2 -1.693 -0.661 -0.552 -0.831 0.208 0.2 -1.777 0.941 -1.36 -2.018 -2.585 -0.704 -0.824 -2.93 -2.097 -0.931
138 L -1.393 -2.513 -2.607 -2.952 -0.334 -2.795 -3.179 -3.03 -2.136 3.209 2.302 -2.42 1.158 2.435 -3.374 -2.225 0.483 -1.454 -0.24 1.693
139 L 1.381 -1.776 -2.401 -2.675 -0.108 -1.686 -2.321 -1.567 -1.255 0.9 1.733 -1.662 4.041 2.336 -2.855 -1.344 -1.149 -1.246 -0.167 0.524
140 Y -1.093 -2.071 -2.146 -2.849 4.568 -2.156 -2.638 -2.665 0.307 0.591 0.744 -2.057 0.047 1.673 -3.108 -1.758 0.434 0.471 4.566 0.996
141 F 0.403 -2.411 -2.281 -2.63 -0.261 -2.618 -2.744 -2.109 -1.756 2.531 0.554 -2.19 0.361 3.551 -3.037 -1.494 0.587 -1.074 0.494 1.88
142 A 2.964 -1.549 -1.527 -1.8 0.361 -1.384 -1.565 -0.391 -1.316 0.347 -0.312 -1.093 1.737 -1.251 -1.954 0.683 -0.327 -2.336 -1.616 1.185
143 Q -1.136 0.315 -0.794 -1.058 -1.37 4.256 0.559 -1.988 0.09 -0.381 1.28 0.474 0.492 -1.379 -2.577 -1.343 -1.216 -2.102 -1.298 -0.711
144 G -0.834 -2.767 -1.759 -2.344 -0.846 -2.857 -3.221 3.59 -1.888 2.453 0.425 -2.333 -0.038 2.072 -3.36 -2.081 -1.686 -1.645 -0.669 0.839
145 I -1.396 -2.912 -3.246 -3.336 -0.297 -3.186 -3.556 -3.373 -2.406 3.825 1.942 -2.766 1.148 2.441 -3.664 -3.034 -1.273 -1.54 -0.225 2.595
146 N -1.773 -0.784 5.054 3.47 -2.067 -0.701 -0.178 -0.48 0.532 -2.796 -3.325 -0.519 -2.385 -2.6 -2.579 -0.413 -0.775 -3.197 -2.395 -2.724
147 L -1.487 -2.4 -3.301 -3.586 -0.297 -2.859 -3.347 -3.321 -2.2 1.915 3.52 -2.649 1.678 2.612 -3.723 -3.079 -1.564 -1.29 -0.135 1.657
148 L -1.583 -2.496 -3.227 -3.542 -0.447 -3.012 -3.372 -3.247 -1.952 1.722 3.122 -2.757 1.44 3.784 -3.831 -3.061 -1.661 -0.839 0.625 1.512
149 L 0.224 -2.155 -3.129 -3.332 -0.096 -2.491 -2.999 -2.529 -2.208 1.655 3.789 -2.261 1.772 0.492 -3.267 -2.358 -1.464 -1.831 -1.226 0.906
150 V -0.261 -1.886 -1.481 -2.125 0.168 -1.937 -2.225 -2.225 -2.254 1.962 0.169 -1.674 0.244 -0.927 -2.521 -0.702 2.638 -2.379 -1.538 3.182
151 L -1.203 -2.425 -2.684 -3.14 -0.442 -2.787 -3.241 0.91 -2.073 1.546 2.995 -2.511 1.27 2.456 -3.588 -2.675 -1.608 -1.376 -0.289 1.399
152 Y -1.791 -1.152 -1.402 -2.232 -1.872 0.799 -1.34 -2.553 3.878 -1.059 -1.027 -1.228 -0.65 3.49 -3.249 -2.149 -2.036 1.307 5.526 -1.307
153 Q -0.963 0.927 -0.173 -0.437 -1.991 5.152 1.312 -1.559 0.689 -2.32 -2.071 1.142 -0.483 -3.039 -2.231 -0.835 -1.055 -2.265 -1.365 -1.867
154 N -1.856 -0.908 4.375 0.165 -1.904 -1.006 -1.235 -1.006 3.668 -1.83 -1.924 -0.928 -1.421 2.295 -2.998 -0.939 -1.164 -0.722 2.55 -2.042
155 L -1.881 -2.808 -3.19 -3.439 -0.693 -3.362 -3.567 -3.259 -1.746 2.625 2.293 -2.947 1.093 4.612 -3.984 -3.16 -1.802 -0.479 1.211 1.182
156 V -0.75 -2.814 -3.148 -3.252 0.06 -2.918 -3.287 -3.248 -2.906 3.845 1.202 -2.589 0.948 -0.198 -3.39 -2.678 -0.782 -2.379 -1.365 3.763
157 L -1.61 -2.038 -3.093 -3.446 -0.464 -2.192 -3.035 -3.056 -1.769 1.481 3.246 -2.264 3.638 0.699 -3.767 -2.888 -1.625 5.309 -0.342 0.692
158 G -0.817 0.596 -0.165 -1.032 -1.945 -0.168 -0.607 2.77 4.835 -2.634 -2.728 2.694 -1.66 -2.153 -2.333 -1.181 -1.684 -2.244 -0.598 -2.583
159 L -1.597 -2.381 -3.428 -3.633 -0.23 -2.795 -3.437 -3.476 -2.447 2.531 3.911 -2.586 1.944 0.672 -3.67 -3.227 -1.583 -1.801 -1.168 1.351
160 H -1.796 -0.611 1.926 -0.779 -2.251 -0.48 -0.817 -1.633 7.279 -2.398 -2.431 -0.905 -1.36 0.061 -2.882 -1.498 -1.958 -0.722 2.994 -2.653
161 P -0.834 -1.791 -1.835 -1.089 -1.307 -1.316 0.449 -2.081 -1.437 -0.786 -1.914 -0.961 -1.657 -2.673 5.817 -1.529 -1.275 -3.831 -2.373 0.1
162 D -1.857 -1.668 1.119 5.949 -2.453 -0.952 0.97 -1.204 -0.616 -2.805 -3.572 -0.909 -2.778 -3.0 -2.369 -1.032 -1.493 -3.611 -3.123 -2.945
163 F -2.414 -2.976 -2.94 -3.394 -1.454 -3.944 -3.562 -2.955 -0.908 0.196 0.485 -3.384 0.121 6.636 -4.528 -3.111 -2.451 0.772 2.851 -0.588
164 C 0.834 -2.316 -1.768 -2.35 8.226 -2.335 -2.618 -1.493 -2.231 -0.671 -1.176 -1.979 -0.963 -1.948 -2.495 -0.541 1.725 -2.86 -2.367 -0.213
165 N -1.74 -0.495 5.806 1.201 -1.926 -0.607 -0.805 -0.235 0.888 -2.793 -3.232 -0.376 -2.241 -2.454 -2.668 -0.198 -0.531 -3.046 -2.149 -2.641
166 G 0.01 -2.438 -0.52 -1.403 -1.4 -2.276 -2.702 5.884 -1.557 -3.296 -3.541 -1.731 -2.747 -2.758 -2.86 -1.083 -2.0 -2.52 -3.228 -2.945
167 I -1.457 -3.181 -3.343 -3.261 -0.23 -3.29 -3.767 -3.559 -2.791 4.723 1.597 -2.759 1.191 0.138 -3.585 -3.157 -1.155 -2.265 -1.365 2.78
168 F -2.414 -2.976 -2.94 -3.394 -1.454 -3.944 -3.562 -2.955 -0.908 0.196 0.485 -3.384 0.121 6.636 -4.528 -3.111 -2.451 0.772 2.851 -0.588
169 G 0.01 -2.438 -0.52 -1.403 -1.4 -2.276 -2.702 5.884 -1.557 -3.296 -3.541 -1.731 -2.747 -2.758 -2.86 -1.083 -2.0 -2.52 -3.228 -2.945
170 F -1.903 -2.47 -2.261 -2.894 -1.234 -3.015 -2.986 -2.684 -0.321 -0.005 0.12 -2.649 -0.087 5.87 -3.779 -2.117 0.13 0.774 3.625 -0.53
171 T -0.667 -0.816 -1.089 -1.763 -0.406 -1.263 -1.651 -2.046 -0.731 1.512 -0.318 0.597 -0.153 0.023 -2.362 -0.626 2.522 -1.079 2.001 1.418
172 G -0.69 -1.122 2.593 1.11 -1.85 -0.418 1.787 3.764 -0.207 -3.014 -3.234 -0.537 -2.34 -2.674 -2.508 -0.787 -1.39 -2.667 -2.554 -2.647
173 Y -1.893 -1.858 -2.206 -3.102 -1.832 -1.864 -2.444 -3.012 2.024 -0.884 -0.99 -1.953 -0.762 3.268 -3.413 -2.517 -2.17 2.228 6.817 -1.06
174 A 2.21 -1.327 2.867 1.816 -0.562 -1.186 -0.877 1.897 -0.431 -1.883 -2.368 -0.853 -1.73 -2.322 -2.123 -0.14 -0.813 -2.801 -2.256 -1.222
175 N -1.155 -0.539 5.435 1.026 -1.561 -0.613 -0.781 -0.228 0.723 -2.664 -3.099 -0.374 -2.08 -2.389 -2.48 0.723 -0.271 -2.983 -2.102 -2.422
176 G 2.969 -1.907 -1.154 -1.606 -0.096 -1.743 -1.874 3.946 -1.402 -1.706 -2.135 -1.246 -1.592 -2.255 -2.044 -0.163 -1.052 -2.52 -2.353 -0.878
177 A 2.238 -2.065 -2.397 -2.48 0.219 -1.952 -2.268 -1.18 -1.818 2.55 0.631 -1.647 2.089 -0.63 -2.476 -0.965 -0.765 -2.251 -1.484 2.032
178 Q -0.861 0.622 -0.443 -0.706 -1.541 4.739 0.974 -1.729 0.375 -0.715 -1.422 0.831 -0.271 -2.503 -2.357 -1.01 -0.974 -2.293 -1.365 0.246
179 G 0.01 -2.438 -0.52 -1.403 -1.4 -2.276 -2.702 5.884 -1.557 -3.296 -3.541 -1.731 -2.747 -2.758 -2.86 -1.083 -2.0 -2.52 -3.228 -2.945
180 F -0.943 -2.163 -2.085 -2.58 4.596 -2.194 -2.68 -2.258 -1.333 1.537 0.816 -2.091 3.147 3.586 -3.287 -0.484 -1.043 -0.956 0.509 0.546
181 F -2.255 -2.61 -2.711 -3.308 -1.557 -3.183 -3.196 -2.971 0.269 -0.073 0.134 -2.898 -0.105 6.003 -4.164 -2.928 -2.368 1.268 4.616 -0.715
182 C -0.528 -3.419 -3.045 -3.499 9.762 -3.539 -4.005 -2.244 -3.03 -0.812 -1.142 -3.194 -1.159 -2.108 -3.287 -1.75 -1.397 -3.315 -2.877 -0.49
183 L -0.687 -2.193 -2.365 -2.752 -0.05 -2.369 -2.733 -2.612 -2.235 2.568 2.656 -2.125 1.267 0.054 -3.141 -0.652 -0.748 -2.122 -1.325 2.472
184 A 2.91 -1.986 -1.494 -1.824 0.032 -1.847 -1.971 3.042 -1.541 0.625 -1.097 -1.352 -0.882 -1.712 -2.114 -0.321 -0.953 -2.482 -2.089 0.169
185 L -1.573 -2.5 -3.414 -3.568 -0.23 -2.872 -3.49 -3.49 -2.502 3.032 3.632 -2.614 1.831 0.59 -3.656 -3.215 -1.507 -1.873 -1.2 1.644
186 S 0.988 -0.821 0.417 -0.329 -0.008 -0.65 -0.635 -0.186 -0.54 -1.992 -2.409 -0.365 -1.267 -2.023 -1.556 3.524 0.931 -2.629 -1.836 -1.373
187 I 0.498 -2.587 -2.975 -3.043 0.046 -2.688 -3.022 -2.464 -2.519 3.513 1.734 -2.313 0.995 -0.147 -3.117 -2.126 -0.927 -2.272 -1.393 2.923
188 L -1.549 -2.624 -3.399 -3.504 -0.23 -2.951 -3.543 -3.504 -2.557 3.459 3.324 -2.643 1.714 0.505 -3.641 -3.203 -1.433 -1.948 -1.232 1.91
189 A 2.67 -1.319 -0.473 -1.019 0.121 -1.152 -1.174 1.962 -0.978 -1.606 -2.049 -0.767 -1.291 -2.075 -1.709 2.057 0.066 -2.567 -1.998 -0.81
190 L -1.328 -2.372 -2.481 -2.851 -0.337 -2.5 -3.033 -2.919 -1.921 3.174 1.862 -2.257 2.454 2.407 -3.325 -2.087 0.522 -1.407 -0.215 1.68
191 V -0.483 -2.757 -3.06 -3.282 4.714 -2.861 -3.206 -2.974 -2.97 2.999 0.776 -2.603 0.617 -0.559 -3.302 -2.366 -0.725 -2.543 -1.538 3.773
192 Y -1.633 -1.782 1.074 -1.984 4.441 -1.821 -2.304 -2.312 1.506 -1.079 -1.245 -1.802 -0.989 2.461 -3.277 -1.944 -1.759 1.43 5.892 -1.145
193 Y -2.032 -2.136 -2.397 -3.183 -1.719 -2.322 -2.722 -2.996 1.444 -0.532 -0.487 -2.295 -0.481 4.682 -3.69 -2.675 -2.247 1.882 6.125 -0.917
194 L -1.581 -2.518 -2.148 0.93 -0.461 -2.596 -2.313 -3.045 -2.208 3.256 2.759 -2.333 1.311 0.158 -3.416 -2.77 -1.41 -2.169 -1.453 1.674
195 D 0.508 -1.314 -0.238 2.953 -1.234 -0.722 1.066 -1.236 0.468 -1.738 -2.059 -0.797 -1.479 0.498 -2.29 0.201 -0.985 -0.375 3.492 -1.466
196 G -0.224 -0.366 -0.47 -1.218 -1.573 -1.062 -1.524 5.003 -1.147 -2.939 -3.137 1.761 -2.256 -2.794 -2.503 -1.047 -1.735 -2.551 -2.771 -2.67
197 K -0.751 0.942 -0.586 -1.137 -1.022 -0.087 -0.536 -1.642 -0.887 0.661 -1.042 3.324 -0.606 -1.883 -1.967 -0.6 1.734 -2.467 -1.768 -0.138
198 W -2.73 -2.463 -3.246 -3.7 -2.414 -2.904 -3.049 -2.446 -1.214 -1.934 -1.73 -2.871 -1.36 1.048 -5.488 -3.435 -2.775 10.69 2.089 -2.308
199 G 0.039 -0.612 -0.066 -0.923 -1.11 -0.877 -1.16 3.795 3.18 -2.631 -2.868 0.797 -1.831 -2.226 -2.261 1.065 -0.76 -2.401 -1.41 -2.304
200 P 1.551 -0.823 -1.47 -1.663 -0.414 -1.233 -1.376 -1.111 -1.393 -0.621 0.136 0.731 -0.56 -1.713 3.46 -0.574 0.674 -2.809 -1.939 -0.48
201 L 0.233 -1.953 -2.583 -2.929 -0.39 -1.966 -2.642 -2.154 -1.198 1.001 1.859 -1.984 4.074 3.694 -3.304 -1.923 -1.414 -0.73 0.648 0.453
202 K -1.169 3.377 -0.687 -1.286 -1.784 0.31 -0.346 -1.867 -0.46 0.308 -1.28 3.625 -0.787 -2.13 -2.242 -1.342 -1.263 -2.482 -1.787 -0.703
203 S 0.763 -0.905 0.145 -0.582 -0.041 -0.714 -0.833 -0.434 -0.608 -1.147 -1.185 -0.506 1.514 -1.53 -1.751 3.147 0.713 -2.415 -1.684 -0.914
204 L -1.908 -2.676 -3.203 -3.501 -0.693 -3.271 -3.513 -3.247 -1.704 2.04 2.724 -2.915 1.238 4.632 -4.0 -3.171 -1.887 -0.434 1.225 0.835
205 L 0.482 -2.167 -2.238 -2.628 -0.153 -2.232 -2.582 -2.165 -1.087 2.622 1.32 -1.936 0.611 0.534 -2.844 -1.451 0.646 -1.015 2.047 1.983
206 L 0.394 -2.175 -2.911 -3.102 -0.027 -2.28 -2.851 -2.399 -2.103 2.419 2.796 -2.119 2.66 0.178 -3.151 -2.106 -1.146 -1.948 -1.257 1.953
207 L -1.526 -2.753 -3.385 -3.441 -0.23 -3.032 -3.597 -3.517 -2.614 3.83 2.98 -2.671 1.592 0.417 -3.627 -3.191 -1.361 -2.024 -1.265 2.153
208 G 1.734 -2.153 -1.437 -1.975 -0.292 -2.1 -2.367 3.777 -1.749 0.059 0.273 -1.663 -0.479 -1.39 -2.56 -0.911 -1.227 -2.386 -2.138 0.735
209 L -1.142 -2.299 -2.444 -2.849 -0.259 -2.426 -2.933 -2.854 -1.941 2.831 1.777 -2.22 2.416 2.371 -3.279 -1.999 0.577 -1.428 -0.215 2.079
210 S 0.846 -0.869 0.334 -0.427 -0.001 -0.72 -0.739 -0.332 -0.659 -1.681 -2.189 -0.432 -1.164 -1.969 -1.585 3.25 1.785 -2.574 -1.829 -1.1
211 C -0.256 -2.872 -2.219 -2.774 9.333 -2.904 -3.212 -1.844 -2.515 -0.954 -1.292 -2.578 -1.174 -2.095 -2.966 -0.142 -0.926 -3.207 -2.703 -0.6
212 V 0.706 -2.553 -2.875 -2.986 0.181 -2.601 -2.87 -2.363 -2.627 3.32 0.879 -2.264 0.703 -0.445 -3.021 -1.942 -0.692 -2.415 -1.428 3.578
213 I -1.263 -3.085 -3.293 -3.259 -0.155 -3.192 -3.639 -3.478 -2.82 4.527 1.503 -2.716 1.132 0.057 -3.535 -3.029 -1.057 -2.293 -1.365 3.059
214 C -0.528 -3.419 -3.045 -3.499 9.762 -3.539 -4.005 -2.244 -3.03 -0.812 -1.142 -3.194 -1.159 -2.108 -3.287 -1.75 -1.397 -3.315 -2.877 -0.49
215 A 4.102 -1.564 -1.742 -1.768 0.6 -1.4 -1.379 0.294 -1.291 -0.91 -1.402 -0.929 -0.954 -1.928 -1.556 0.374 -0.502 -2.52 -1.836 0.058
216 L -1.359 -2.54 -3.166 -3.476 -0.366 -3.004 -3.309 -3.186 -2.019 1.905 2.688 -2.743 1.249 3.734 -3.761 -2.927 -1.47 -0.908 0.608 2.175
217 A 3.143 -1.222 -0.617 -1.062 0.355 -1.055 -1.036 0.098 -0.945 -1.325 -1.791 -0.674 -1.084 -1.969 -1.556 2.147 0.2 -2.567 -1.836 -0.471
218 E -0.999 -0.202 -0.419 1.438 -2.491 1.266 4.673 -2.03 0.312 -2.844 -2.783 0.596 -1.834 -2.688 -1.962 -0.871 -1.381 -2.467 -1.988 -2.214
219 I -1.263 -3.085 -3.293 -3.259 -0.155 -3.192 -3.639 -3.478 -2.82 4.527 1.503 -2.716 1.132 0.057 -3.535 -3.029 -1.057 -2.293 -1.365 3.059
220 K -0.907 2.013 -0.348 -0.802 -2.058 0.727 0.233 -1.422 -0.323 -2.203 -2.32 4.685 -1.304 -2.886 -1.767 -0.961 -1.162 -2.629 -1.869 -2.079
221 I 1.436 -2.354 -2.589 -2.729 -0.06 -2.34 -2.604 -1.771 -1.095 3.085 0.562 -1.971 0.398 0.429 -2.789 -1.515 -0.974 -1.093 2.035 2.214
222 F -2.105 -2.285 -2.498 -3.224 -1.664 -2.581 -2.871 -2.987 1.103 -0.371 -0.265 -2.483 -0.35 5.193 -3.84 -2.757 -2.287 1.691 5.704 -0.848
223 F -2.179 -2.443 -2.602 -3.266 -1.61 -2.867 -3.029 -2.979 0.716 -0.218 -0.058 -2.683 -0.225 5.626 -3.997 -2.841 -2.327 1.487 5.211 -0.781
224 V -0.597 -2.729 -3.101 -3.249 0.128 -2.832 -3.179 -3.176 -2.935 3.576 1.094 -2.548 0.884 -0.289 -3.343 -2.569 -0.696 -2.408 -1.365 3.964
225 L -1.35 -2.544 -3.348 -3.501 -0.155 -2.864 -3.425 -3.424 -2.584 3.149 3.273 -2.601 1.665 0.434 -3.59 -3.074 -1.326 -1.973 -1.232 2.281
226 F -2.02 -2.781 -3.132 -3.459 -0.865 -3.449 -3.539 -3.174 -1.493 1.856 2.187 -3.034 0.958 5.273 -4.119 -3.153 -1.995 -0.092 1.722 0.64
227 I 0.395 -2.668 -3.02 -3.046 -0.024 -2.769 -3.125 -2.52 -2.493 3.787 1.82 -2.351 1.057 -0.061 -3.161 -2.219 -1.02 -2.244 -1.393 2.629
228 L -1.044 -2.438 -2.039 -2.602 -0.553 -2.713 -2.954 1.017 -1.756 1.836 1.213 -2.324 0.43 3.565 -3.312 -1.832 0.432 -1.019 0.441 1.451
229 L -0.131 -1.949 -1.305 -1.938 4.645 -1.983 -2.239 1.296 -1.749 0.645 1.471 -1.695 0.281 -0.802 -2.707 0.76 -0.526 -2.386 -1.819 0.966
230 I 0.333 -2.643 -2.965 -3.063 -0.16 -2.84 -3.1 -2.454 -2.17 3.297 1.696 -2.421 0.92 2.345 -3.262 -2.214 -1.166 -1.567 -0.267 2.314
231 L -1.315 -2.798 -3.14 -3.353 -0.366 -3.171 -3.41 -3.211 -2.114 3.018 1.736 -2.803 0.953 3.677 -3.732 -2.906 -1.326 -1.015 0.573 2.605
232 L 0.397 -2.289 -2.534 -2.87 -0.23 -2.495 -2.947 1.111 -2.129 1.996 2.969 -2.164 1.241 0.056 -3.139 -2.031 -1.433 -2.011 -1.49 0.944
233 I 0.345 -2.773 -2.953 -3.009 -0.16 -2.918 -3.147 -2.464 -2.22 3.688 1.059 -2.448 0.758 2.299 -3.249 -2.206 -1.101 -1.634 -0.29 2.526
234 F -1.634 -2.857 -3.129 -3.375 -0.605 -3.352 -3.5 -3.199 -1.808 2.76 1.698 -2.932 0.876 4.574 -3.911 -3.021 -1.602 -0.54 1.198 1.916
235 L 0.406 -2.285 -2.899 -3.048 -0.027 -2.344 -2.894 -2.408 -2.151 2.938 2.376 -2.143 2.573 0.08 -3.139 -2.098 -1.08 -2.024 -1.29 2.193
236 L -1.908 -2.676 -3.203 -3.501 -0.693 -3.271 -3.513 -3.247 -1.704 2.04 2.724 -2.915 1.238 4.632 -4.0 -3.171 -1.887 -0.434 1.225 0.835
237 R -1.236 3.242 -0.089 1.609 -2.17 2.652 0.499 -1.632 0.06 -2.453 -2.328 2.686 -1.199 -2.844 -2.251 -1.074 -1.278 -2.543 -1.852 -2.17
238 K -0.952 2.044 -0.953 -1.573 4.439 -0.433 -0.979 1.251 -0.775 -1.661 -1.634 2.783 -1.184 1.639 -2.536 -1.393 -1.518 -1.843 -0.708 -1.659
239 N -0.419 -0.794 2.995 -0.185 -0.757 -0.709 -0.989 -0.819 3.362 -1.122 -1.193 -0.648 1.46 -1.422 -2.265 1.288 1.104 -2.293 -0.966 -1.084
240 S -0.031 0.168 1.925 0.182 -1.018 1.557 1.271 -0.737 0.052 -2.285 -2.498 1.384 -1.336 -2.42 -1.874 1.855 -0.018 -2.606 -1.831 -1.809
241 A 0.763 1.128 -1.169 -1.7 -0.458 -1.346 -1.594 -1.377 -1.142 -0.08 -0.907 -0.588 -0.658 1.81 1.779 0.289 0.847 -1.873 -0.532 0.697
242 K 0.893 0.451 -0.933 -1.369 -0.5 -0.413 -0.755 -1.227 -1.053 0.452 -0.919 2.672 -0.509 -1.758 -2.049 0.223 -0.498 -2.567 -1.707 1.571
243 L -1.356 1.652 -1.264 -0.69 -1.505 -0.06 1.794 -2.425 0.008 -0.332 1.27 1.257 0.07 0.109 -2.643 -1.716 -1.549 -0.992 2.005 -0.738
244 R -1.38 3.967 -0.693 -1.421 -2.077 0.239 -0.471 -1.929 -0.245 -1.88 -1.636 3.224 -1.052 1.63 -2.467 -1.418 -1.477 -1.719 -0.526 -1.875
245 K 0.318 1.723 -1.518 -1.938 -0.91 -0.832 -1.325 -1.812 -1.015 1.874 -0.147 1.98 -0.13 1.944 -2.609 -1.488 -1.254 -1.696 -0.429 0.564
246 R -1.394 4.993 -0.486 -1.377 -2.256 0.523 -0.363 -1.961 -0.075 -2.544 -2.167 3.019 -1.304 -2.644 -2.455 -1.326 -1.423 -2.401 -1.857 -2.194
247 I -1.519 -2.485 0.836 -2.076 -0.42 -2.645 -3.064 -2.771 -1.842 4.002 1.842 -2.248 1.044 -0.013 -3.448 -2.509 -1.122 -2.279 -1.43 2.186
248 I 0.584 -2.45 -2.194 -2.398 -0.065 -2.433 -2.667 -1.999 -2.11 3.887 0.954 -1.977 0.699 -0.326 -2.847 -0.348 -0.659 -2.35 -1.492 2.15
249 A 1.961 -0.501 -0.568 -1.091 -0.055 -0.802 -0.947 -0.475 -0.916 -0.761 0.087 0.904 -0.424 -1.489 -1.811 1.894 0.022 -2.453 -1.729 -0.533
250 I -0.904 -2.337 -1.621 -2.204 -0.436 -2.449 -2.746 1.07 -1.883 2.821 0.4 -2.008 0.229 2.127 -2.937 -1.265 1.641 -1.611 -0.465 1.342
251 I 1.676 -2.134 -1.596 -1.951 -0.065 -2.047 -2.216 1.484 -1.739 2.676 0.071 -1.591 0.0 -0.941 -2.457 0.145 -0.659 -2.423 -1.775 1.274
252 A 2.33 -2.056 -2.444 -2.565 0.349 -2.061 -2.223 -1.168 -2.07 1.667 1.066 -1.716 0.416 -0.761 -2.444 -0.935 -0.655 -2.372 -1.521 2.715
253 G -0.408 -2.402 -1.649 -2.273 -0.505 -2.302 -2.868 3.607 -1.973 1.863 0.143 -2.026 1.836 -0.948 -3.129 -1.792 -1.268 -2.279 -1.936 2.008
254 L -1.058 -2.698 -2.711 -3.013 -0.292 -2.869 -3.365 0.884 -2.493 3.358 2.262 -2.492 1.111 -0.011 -3.448 -2.661 -1.296 -2.162 -1.496 2.305
255 S 1.233 -1.532 -0.959 -1.511 0.135 -1.479 -1.579 -1.018 -1.425 0.953 0.677 -1.192 0.115 -0.975 -2.205 1.678 0.085 -2.423 -1.588 1.847
256 L -1.119 -2.342 -2.626 -2.986 -0.116 -2.574 -3.053 -3.03 -2.427 3.0 2.758 -2.286 1.366 0.161 -3.237 -2.145 0.584 -2.05 -1.32 2.21
257 L -1.386 -2.346 -3.372 -3.609 -0.155 -2.737 -3.34 -3.402 -2.491 2.3 3.778 -2.554 1.861 0.578 -3.614 -3.092 -1.445 -1.849 -1.179 1.883
258 F -2.047 -2.651 -3.145 -3.522 -0.865 -3.355 -3.485 -3.162 -1.455 1.066 2.633 -3.001 1.109 5.29 -4.136 -3.165 -2.085 -0.053 1.734 0.216
259 Y -1.4 -2.188 -2.718 -3.303 -0.894 -2.331 -2.795 -2.989 0.331 1.094 0.915 -2.298 0.222 1.946 -3.622 -2.68 -1.599 5.587 4.713 1.768
260 I -1.6 -3.003 -3.296 -3.339 -0.377 -3.283 -3.68 -3.451 -2.382 4.072 2.023 -2.81 1.207 2.477 -3.717 -3.162 -1.379 -1.518 -0.225 2.265
261 A 3.363 -1.746 -1.567 -1.695 0.144 -1.593 -1.581 1.944 -1.382 -1.339 -1.805 -1.062 -1.339 -2.211 1.924 -0.013 -0.797 -2.742 -2.115 -0.482
262 Y -1.894 -2.157 -2.442 -3.165 -1.49 -2.263 -2.743 -3.076 1.355 0.997 -0.227 -2.228 -0.262 3.845 -3.574 -2.68 -2.037 1.693 6.021 -0.042
263 K -1.264 2.127 1.456 -0.971 -1.423 -0.226 -0.775 -1.761 -0.538 1.661 -0.629 2.854 -0.432 -1.585 -2.463 -1.372 -1.11 -2.528 -1.75 0.223
264 L -1.526 -2.753 -3.385 -3.441 -0.23 -3.032 -3.597 -3.517 -2.614 3.83 2.98 -2.671 1.592 0.417 -3.627 -3.191 -1.361 -2.024 -1.265 2.153
265 L -1.573 -2.5 -3.414 -3.568 -0.23 -2.872 -3.49 -3.49 -2.502 3.032 3.632 -2.614 1.831 0.59 -3.656 -3.215 -1.507 -1.873 -1.2 1.644
266 E 0.705 -0.32 -0.942 -0.384 -0.747 -0.055 1.862 -1.377 -0.581 -0.403 0.571 1.069 1.799 -1.208 -2.155 0.213 -0.766 -2.223 -1.622 -0.516
267 I -1.308 1.192 -1.996 -2.407 -0.837 0.79 -1.577 -2.638 -1.124 2.404 0.521 -0.647 2.079 -0.309 -3.327 -2.219 -1.267 5.272 -0.538 1.679
268 V -1.009 -2.874 -3.137 -3.273 -0.145 -3.083 -3.374 -3.236 -2.51 3.653 1.156 -2.709 0.871 2.323 -3.549 -2.784 -1.01 -1.651 -0.248 3.321
269 L -1.73 -2.703 -3.161 -3.537 4.564 -3.305 -3.543 -3.04 -1.726 0.974 2.548 -2.976 1.002 4.585 -3.949 -2.922 -1.93 -0.501 1.156 0.227
270 P -1.007 -2.118 -2.179 -1.862 -1.31 -2.104 -1.891 -2.107 -1.779 -1.235 -0.221 -1.308 -1.228 -2.318 6.31 -1.722 -1.461 -3.992 -2.43 -1.484
271 E -1.389 -0.694 1.651 2.039 -1.81 1.417 2.108 -1.765 0.408 0.322 -1.396 -0.239 -0.956 -0.411 -2.536 -1.203 -1.273 -1.236 1.934 -0.682
272 N -1.698 -0.756 5.381 0.857 -1.614 -0.868 -1.083 -0.531 0.575 0.167 -1.842 -0.617 -1.426 -1.909 -2.782 -0.475 -0.613 -2.921 -2.023 -0.957
273 L -1.097 -2.468 -3.282 -3.559 4.364 -2.802 -3.35 -3.178 -2.613 2.005 3.24 -2.612 1.494 0.226 -3.524 -2.783 -1.308 -2.069 -1.368 2.169
274 Y 0.039 -0.9 0.947 -1.663 -1.205 -1.287 -1.699 -1.77 1.002 0.547 -0.851 0.373 -0.65 1.765 -2.8 -1.481 -1.421 0.72 4.968 -0.269
275 T 0.73 -1.472 -0.799 -1.504 -0.073 -1.532 -1.706 -1.27 -1.35 -0.059 0.393 -1.201 -0.123 1.725 -2.136 0.692 2.936 -1.665 -0.572 0.03
276 F -2.124 -2.651 -2.934 -3.367 -1.104 -3.254 -3.378 -2.979 -1.08 0.658 1.481 -2.976 2.053 5.927 -4.239 -2.982 -2.149 0.337 2.257 -0.118
277 F -2.307 -2.882 -3.003 -3.436 -1.274 -3.764 -3.544 -3.018 -1.062 0.473 1.29 -3.272 0.441 6.31 -4.413 -3.131 -2.344 0.55 2.562 -0.334
278 N -0.365 -0.86 3.601 1.901 -0.895 -0.731 -0.601 -0.545 0.021 -1.529 -1.596 -0.562 1.099 -1.818 -2.233 1.656 -0.037 -2.69 -1.947 -1.481
279 L -1.203 -2.552 -3.308 -3.473 -0.105 -2.843 -3.369 -3.377 -2.637 3.127 3.066 -2.589 1.561 0.33 -3.55 -2.98 -1.218 -2.035 -1.253 2.634
280 T 0.675 -0.173 -0.106 1.601 -0.788 1.237 1.108 -1.024 -0.496 -1.542 -2.002 1.075 -1.152 -2.311 -1.863 0.622 1.667 -2.559 -1.918 -1.043
281 G 0.42 1.612 -0.217 1.269 -1.51 -0.432 -0.564 2.552 2.947 -2.425 -2.592 1.895 -1.723 -2.384 -2.304 -0.93 -1.472 -2.492 -1.462 -2.097
282 Y 1.26 -1.761 -2.056 -2.645 -0.898 -1.714 -2.088 -1.624 1.407 -0.882 -1.093 -1.612 -0.806 2.491 -2.741 -1.352 -1.578 1.481 5.886 -0.684
283 L -1.518 -2.237 -3.253 -3.497 -0.224 -2.491 -3.268 -3.338 -2.199 2.487 3.657 -2.404 2.968 0.631 -3.607 -3.025 -1.493 -1.739 -1.125 1.346
284 R 0.569 2.37 -0.217 1.242 -0.884 -0.574 -0.67 -1.132 2.966 -1.23 -0.236 0.098 -0.682 -1.536 -2.304 0.848 -0.655 -2.356 -1.146 -1.187
285 Y -1.897 -1.862 -2.21 -3.107 -1.837 -1.868 -2.448 -3.017 2.02 -0.888 -0.995 -1.958 -0.767 3.263 -3.418 -2.522 -2.174 2.224 6.826 -1.064
286 E -1.184 -0.709 -0.089 3.234 -2.349 0.548 3.685 -1.793 -0.099 -2.78 -2.972 0.095 -2.126 -2.851 1.567 -0.991 -1.419 -2.933 -2.326 -2.388
287 G -0.624 -0.495 3.472 -0.079 -1.262 -0.787 -1.155 2.657 -0.128 -1.703 -1.675 0.724 1.033 -1.963 -2.496 0.267 -0.73 -2.559 -2.108 -1.729
288 R -1.585 4.544 -0.854 -1.817 -2.173 0.05 -0.861 -2.276 0.628 -2.074 -1.813 1.978 -1.163 0.217 -2.778 -1.64 -1.633 -0.401 3.224 -1.884
289 G 0.192 -1.345 -0.119 -0.957 -0.275 -1.27 -1.477 2.602 -1.243 -1.225 -1.897 -0.924 -1.195 -1.997 -1.95 1.434 3.007 -2.42 -2.103 -0.751
290 D 0.491 -1.061 0.264 3.719 -1.156 -0.255 2.062 -1.021 -0.509 -1.996 -2.511 -0.393 -1.745 -2.457 -1.975 0.452 0.636 -2.85 -2.295 -1.536
291 H -1.693 -0.343 0.474 -0.947 -2.32 -0.151 -0.486 -1.683 7.972 -2.647 -2.581 -0.751 -1.247 -0.838 -2.735 -1.565 -2.212 -1.44 1.681 -3.021
292 G 0.104 -2.343 -0.426 -1.308 -1.306 -2.181 -2.608 5.796 -1.462 -3.201 -3.446 -1.636 -2.652 -2.664 -2.765 -0.988 -1.905 -2.426 -3.134 -2.85
293 F -1.511 -1.71 -1.857 -2.442 -1.456 0.29 -1.929 0.74 0.564 0.72 -0.384 -1.625 -0.336 3.915 -3.411 -2.226 -1.91 0.763 4.563 -0.303
294 V -0.21 -2.462 -2.905 -3.14 0.364 -2.563 -2.87 -2.931 -2.891 3.054 0.969 -2.364 0.856 -0.374 -3.147 -2.26 -0.427 -2.363 -1.261 4.06
295 G 0.114 -2.334 -0.416 -1.299 -1.296 -2.171 -2.598 5.786 -1.452 -3.191 -3.437 -1.627 -2.643 -2.654 -2.755 -0.978 -1.895 -2.416 -3.124 -2.84
296 G 0.114 -2.334 -0.416 -1.299 -1.296 -2.171 -2.598 5.786 -1.452 -3.191 -3.437 -1.627 -2.643 -2.654 -2.755 -0.978 -1.895 -2.416 -3.124 -2.84
297 G 0.114 -2.334 -0.416 -1.299 -1.296 -2.171 -2.598 5.786 -1.452 -3.191 -3.437 -1.627 -2.643 -2.654 -2.755 -0.978 -1.895 -2.416 -3.124 -2.84
298 A 3.462 -1.504 -1.579 -1.794 0.435 -1.342 -1.506 -0.132 -1.289 -0.402 -0.647 -0.995 1.43 -1.49 -1.757 0.189 0.768 -2.325 -1.702 0.186
299 G -0.155 -2.42 -0.764 -1.613 -1.23 -2.332 -2.784 5.519 -1.654 -1.876 -0.692 -1.827 -1.516 -2.013 -2.955 -1.284 -1.96 -2.414 -2.872 -2.041
300 R -1.619 5.663 -0.547 -1.649 -2.344 0.433 -0.645 -2.213 0.014 -2.696 -2.113 1.934 -1.309 -2.557 -2.789 -1.491 -1.539 -2.319 -1.857 -2.247
301 L -0.846 -1.606 -0.791 1.032 -0.287 -1.638 -1.514 -1.992 -1.665 0.588 1.949 -1.405 0.559 -0.605 -2.436 -0.541 2.813 -2.185 -1.655 0.288
302 N -1.641 -0.461 5.477 1.227 -1.996 -0.299 0.744 -0.411 0.818 -2.804 -3.176 -0.24 -2.192 -2.487 -2.574 -0.279 -0.63 -2.972 -2.133 -2.588
303 T 0.899 -1.423 -0.712 -1.325 -0.017 -1.382 -1.511 -1.16 -1.5 0.012 -1.101 -1.002 -0.685 -1.722 1.618 0.793 2.995 -2.586 -1.847 0.867
304 I -1.565 -3.159 -3.294 -3.282 -0.363 -3.368 -3.745 -3.481 -2.482 4.433 1.474 -2.835 1.072 2.23 -3.692 -3.155 -1.293 -1.665 -0.371 2.516
305 P -0.117 -1.063 -0.738 -1.08 -0.751 0.719 -0.856 -1.23 -0.9 -1.244 -0.322 -0.578 -0.794 -1.967 4.138 1.414 -0.298 -3.019 -1.965 -1.251
306 F -2.212 -2.509 -2.647 -3.286 -1.595 -2.986 -3.095 -2.981 0.551 -0.168 0.011 -2.767 -0.184 5.779 -4.063 -2.878 -2.347 1.402 5.007 -0.76
307 L -1.1 -2.636 -3.085 -3.097 -0.233 -2.806 -3.139 -3.153 -2.579 3.328 2.135 -2.39 1.073 -0.099 1.272 -2.717 -1.134 -2.375 -1.446 2.667
308 F -2.154 -2.068 0.674 -2.271 -1.62 -2.399 -2.648 -2.388 0.205 -0.404 0.479 -2.257 -0.243 3.888 -4.0 -2.488 -2.036 6.959 3.994 -0.961
309 D -0.914 -1.077 1.644 2.933 -1.459 -0.362 1.865 -1.438 0.138 -0.884 -1.89 -0.555 -1.365 -0.662 -2.387 0.025 -0.86 -1.501 1.606 -0.051
310 N -1.253 -0.89 4.207 1.987 -1.638 -0.836 -0.722 1.442 3.198 -2.387 -2.875 -0.705 -1.973 -2.204 -2.547 -0.421 0.525 -2.704 -1.457 -2.218
311 L -1.221 -2.446 -3.321 -3.528 -0.105 -2.777 -3.325 -3.366 -2.587 2.706 3.362 -2.564 1.669 0.409 -3.563 -2.989 -1.278 -1.968 -1.225 2.456
312 F -2.028 -2.684 -2.429 -2.99 -1.224 -3.422 -3.204 -2.715 -0.98 0.134 0.32 -2.927 0.034 6.28 -4.006 -2.29 -0.102 0.522 2.542 -0.489
313 Y -1.302 1.415 -0.666 1.095 -1.955 0.966 -0.587 0.935 0.811 -1.855 -1.913 1.003 -1.253 0.961 -2.726 -1.537 -1.69 0.172 4.2 -1.817
314 N -0.942 0.417 3.01 -0.111 -1.677 -0.118 -0.441 -0.95 4.546 -2.357 -2.556 2.027 -1.506 -1.379 -2.26 0.294 -0.8 -1.907 0.709 -2.256
315 D 0.138 -1.084 3.925 4.059 -1.568 -0.847 0.045 -0.509 0.068 -2.432 -3.003 -0.662 -2.21 -2.579 -2.347 -0.418 -0.891 -3.178 -2.464 -2.158
316 P -1.425 -2.257 -2.342 -2.425 -1.364 -2.326 -2.357 -2.543 -0.068 0.713 -0.705 -1.809 -0.762 2.745 4.39 -2.182 -1.701 -0.119 3.741 -0.34
317 L -1.306 -2.788 -3.131 -3.344 -0.357 -3.162 -3.401 -3.202 -2.105 3.011 1.738 -2.794 0.962 3.668 -3.722 -2.896 -1.316 -1.005 0.582 2.598
318 R -0.451 3.745 -0.183 -0.491 -1.437 0.367 1.065 -1.346 -0.123 -2.414 -2.303 1.985 -1.354 -2.443 -2.11 1.022 -0.527 -2.458 -1.86 -1.931
319 A 2.511 -1.432 -0.853 -1.319 0.256 -1.313 -1.37 -0.387 -1.232 0.79 -0.889 -0.927 -0.551 -1.506 -1.794 1.488 1.209 -2.466 -1.747 0.387
320 L -1.564 -2.49 -3.404 -3.559 -0.221 -2.863 -3.48 -3.481 -2.493 3.025 3.621 -2.605 1.841 0.599 -3.646 -3.206 -1.498 -1.864 -1.191 1.653
321 F -2.247 -2.995 -2.985 -3.366 -1.235 -3.832 -3.581 -3.024 -1.104 1.443 0.681 -3.277 0.31 6.228 -4.364 -3.108 -2.217 0.499 2.525 0.214
322 G 0.019 -2.428 -0.511 -1.394 -1.391 -2.266 -2.693 5.875 -1.547 -3.286 -3.532 -1.722 -2.738 -2.749 -2.85 -1.073 -1.99 -2.511 -3.219 -2.935
323 K -0.985 0.342 1.4 -0.991 -1.006 1.317 -0.575 -1.701 -0.358 0.369 0.065 2.009 2.97 -1.173 -2.535 -1.251 -0.934 -2.187 -1.447 0.757
324 G 0.019 -2.428 -0.511 -1.394 -1.391 -2.266 -2.693 5.875 -1.547 -3.286 -3.532 -1.722 -2.738 -2.749 -2.85 -1.073 -1.99 -2.511 -3.219 -2.935
325 L -1.337 -2.18 -2.679 -3.086 -0.181 -2.503 -3.054 -3.066 -2.288 2.344 3.493 -2.264 1.683 0.431 -3.298 -2.246 0.444 -1.864 -1.244 1.263
326 G 0.019 -2.428 -0.511 -1.394 -1.391 -2.266 -2.693 5.875 -1.547 -3.286 -3.532 -1.722 -2.738 -2.749 -2.85 -1.073 -1.99 -2.511 -3.219 -2.935
327 S 0.568 -0.989 0.078 -0.693 -0.191 -0.86 -0.936 -0.607 -0.092 -1.504 -1.947 -0.607 -1.079 -0.366 -1.78 2.797 1.572 -1.183 1.948 -1.048
328 Y 0.674 -1.74 -1.415 -2.045 -0.435 -1.771 -1.965 -1.555 0.084 0.19 -0.596 -1.537 -0.412 2.816 -2.58 0.148 0.76 0.145 3.789 0.838
329 A 1.948 -1.074 -0.569 -0.592 -0.075 -0.652 0.72 -0.522 -0.784 -0.802 0.056 -0.566 -0.466 -1.461 -1.829 1.88 0.011 -2.421 -1.736 -0.535
330 V -0.475 -1.217 1.69 1.837 -0.654 -0.774 0.821 -1.38 -0.731 0.427 -1.076 -0.789 -0.729 -1.658 -2.325 0.337 0.965 -2.668 -1.886 1.508
331 N -1.212 -0.749 3.825 2.44 -2.053 -0.115 2.022 1.577 0.285 -2.867 -3.172 -0.262 -2.243 -2.627 -2.422 -0.601 -1.061 -2.851 -2.346 -2.583
332 Y -1.929 -1.734 1.066 -1.965 -1.779 -1.841 -2.257 -2.396 1.606 -0.887 -0.929 -1.809 -0.771 3.778 -3.415 -2.105 -1.896 1.677 5.997 -1.153
333 I -1.072 -2.982 -3.234 -3.247 -0.072 -3.088 -3.508 -3.39 -2.839 4.3 1.415 -2.664 1.081 -0.016 -3.476 -2.898 -0.953 -2.312 -1.356 3.31
334 Y -1.883 -1.848 -2.196 -3.093 -1.823 -1.854 -2.434 -3.003 2.034 -0.874 -0.981 -1.944 -0.753 3.277 -3.404 -2.508 -2.16 2.238 6.799 -1.05
335 E -0.736 -0.438 -0.351 0.92 -1.508 0.76 3.818 -1.829 -0.09 -1.857 -2.201 0.257 -1.42 -2.346 -1.895 -0.35 1.661 -2.399 -1.92 -1.313
336 L -1.042 -2.105 -2.449 -2.846 -0.188 -2.373 -2.826 -2.703 -2.082 2.27 3.463 -2.138 1.645 0.407 -3.245 -0.788 -1.042 -1.907 -1.25 1.145
337 G 0.019 -2.428 -0.511 -1.394 -1.391 -2.266 -2.693 5.875 -1.547 -3.286 -3.532 -1.722 -2.738 -2.749 -2.85 -1.073 -1.99 -2.511 -3.219 -2.935
338 K -0.897 2.023 -0.339 -0.793 -2.048 0.736 0.242 -1.413 -0.314 -2.194 -2.311 4.664 -1.295 -2.877 -1.758 -0.952 -1.153 -2.62 -1.86 -2.07
339 L -0.538 -1.551 -1.275 -1.914 -0.114 -1.474 -2.032 -1.948 -1.445 1.733 1.516 -1.375 3.242 -0.315 -2.566 0.192 1.857 -1.945 -1.356 0.895
340 F -2.081 -2.57 -2.943 -3.424 -1.084 -3.174 -3.316 -3.09 -0.529 0.707 1.976 -2.882 0.738 5.396 -4.08 -3.044 -2.154 0.566 3.393 -0.07
341 A 3.056 -1.436 -1.049 -1.412 0.399 -1.294 -1.303 -0.138 -1.221 -0.117 -1.153 -0.912 -0.707 -1.686 -1.735 1.489 -0.01 -2.534 -1.754 0.968
342 D -0.53 -0.932 0.556 4.058 -1.52 -0.051 2.359 -1.055 -0.29 -2.549 -2.961 -0.245 -1.996 -2.593 -1.991 1.116 -0.539 -2.947 -2.361 -2.202
343 L -1.212 -2.494 -2.159 -2.762 -0.843 -2.863 -3.21 2.552 -1.653 0.612 2.313 -2.481 0.724 3.618 -3.612 -2.406 -1.956 -0.907 0.412 -0.146
344 G 0.019 -2.428 -0.511 -1.394 -1.391 -2.266 -2.693 5.875 -1.547 -3.286 -3.532 -1.722 -2.738 -2.749 -2.85 -1.073 -1.99 -2.511 -3.219 -2.935
345 F -1.883 -2.795 -3.008 -3.405 -0.94 -3.519 -3.436 -3.024 -1.304 1.061 1.433 -3.098 0.586 5.774 -4.171 -2.999 -1.964 0.211 2.155 1.021
346 I -1.254 -3.075 -3.283 -3.249 -0.146 -3.183 -3.63 -3.469 -2.81 4.507 1.512 -2.706 1.141 0.067 -3.525 -3.02 -1.048 -2.284 -1.356 3.061
347 G 0.334 -1.867 -0.211 -1.044 -0.92 -1.702 -1.938 5.043 -1.219 -2.85 -3.16 -1.261 -2.232 -2.519 -2.414 1.076 -0.814 -2.542 -2.748 -2.393
348 V -0.851 -2.647 -3.094 -3.32 -0.063 -2.903 -3.204 -3.142 -2.471 2.923 1.687 -2.628 0.974 2.327 -3.504 -2.673 -0.969 -1.596 -0.215 3.391
349 L 1.535 -1.885 -2.058 -2.378 0.144 -1.849 -2.239 -1.488 -1.799 1.981 1.374 -1.607 2.192 -0.472 -2.517 -0.902 0.759 -2.126 -1.433 1.783
350 L -1.588 -2.371 -3.419 -3.624 -0.221 -2.786 -3.428 -3.467 -2.438 2.531 3.898 -2.577 1.953 0.682 -3.661 -3.217 -1.574 -1.792 -1.159 1.361
351 L -1.688 -2.467 -3.342 -3.579 -0.367 -2.936 -3.453 -3.388 -2.168 2.376 3.555 -2.682 1.736 2.642 -3.767 -3.199 -1.671 -1.261 -0.125 1.199
352 L -1.36 -2.267 -2.445 -3.017 -0.756 -2.444 -3.022 0.901 -0.292 1.732 2.404 -2.262 0.903 1.451 -3.452 -2.599 -1.753 -0.053 3.566 0.619
353 L 0.752 -1.93 -1.303 -1.876 -0.291 -1.994 -2.17 1.377 -1.469 1.193 0.779 -1.605 0.07 2.049 -2.578 0.176 0.746 -1.602 -0.481 0.365
354 F -1.795 -2.69 -2.828 -3.078 -1.246 -3.228 -3.053 -2.712 -1.274 0.398 0.011 -2.734 -0.197 5.19 1.463 -2.746 -1.963 5.457 1.972 0.605
355 L -1.371 -2.364 -3.051 -3.192 -0.446 -2.732 -3.033 -3.05 -2.086 1.584 2.996 -2.383 1.29 2.437 1.547 -2.771 -1.521 -1.514 -0.251 1.421
356 L -1.432 -2.636 -3.264 -3.449 -0.288 -3.008 -3.44 -3.338 -2.292 3.018 2.831 -2.698 1.435 2.524 -3.684 -3.047 -1.406 -1.403 -0.17 2.164
357 S 0.345 -1.022 -0.08 -0.354 -0.657 -0.572 0.744 1.62 0.022 -2.045 -2.323 -0.528 -1.422 -0.501 -1.976 2.253 0.056 -1.192 1.897 -1.603
358 L -1.26 -2.387 -3.107 -3.174 -0.296 -2.663 -3.056 -3.131 -2.401 2.411 3.076 -2.313 1.411 0.167 1.567 -2.776 -1.356 -2.18 -1.374 1.844
359 F -2.038 -2.641 -3.136 -3.512 -0.856 -3.346 -3.476 -3.152 -1.445 1.075 2.625 -2.992 1.118 5.278 -4.127 -3.156 -2.076 -0.043 1.743 0.225
360 V -1.271 -2.563 -3.023 -3.268 -0.44 -2.709 -3.172 -3.001 -1.95 2.89 1.023 -2.547 2.229 2.442 -3.755 -2.762 -1.272 5.318 0.384 2.526
361 R -0.75 3.019 -0.497 -1.246 -1.275 -0.153 -0.704 -1.561 -0.457 -1.471 -1.5 2.373 -0.937 1.685 -2.268 0.23 0.727 -1.704 -0.507 -1.342
362 G -1.038 -2.461 -1.919 -2.624 4.477 -2.498 -2.95 2.596 -0.166 0.556 -0.981 -2.25 -0.898 1.023 -3.447 -2.079 -1.9 5.462 3.653 -0.426
363 L -1.02 -1.999 -1.612 -2.241 -0.289 -2.223 -2.506 -2.369 -1.709 1.966 1.525 -1.876 0.653 2.831 -2.826 -1.014 2.236 -1.238 0.062 0.986
364 L 0.216 0.986 -2.354 -2.782 -0.451 -1.747 -2.405 -2.229 -1.381 1.766 2.102 -1.086 2.36 2.323 -3.159 -1.953 -1.378 -1.367 -0.23 0.779
365 P -0.822 -1.999 -1.919 -1.549 -1.443 -1.919 -1.608 -1.838 -1.593 -2.303 -2.736 -1.05 -2.389 -3.321 6.648 -1.437 -1.334 -4.535 -2.621 -2.147
366 K -0.041 0.691 -0.064 -0.726 -0.69 -0.082 -0.405 -1.0 -0.669 -1.464 -1.943 2.781 -1.07 -2.231 -1.696 1.398 2.025 -2.511 -1.826 -1.074
367 R -1.577 5.589 -0.505 -1.606 -2.302 0.475 -0.603 -2.171 0.056 -2.654 -2.071 1.976 -1.266 -2.515 -2.747 -1.449 -1.497 -2.277 -1.815 -2.204
368 G 0.891 -0.086 -0.152 1.559 -1.039 -0.627 -0.546 2.92 -0.832 -2.268 -2.614 1.898 -1.761 -2.567 -2.047 0.392 -0.874 -2.692 -2.344 -1.833
369 G 0.737 -0.067 -0.787 -1.385 -0.544 -0.761 -1.142 1.44 -1.178 -0.569 0.151 1.84 -0.42 -1.566 -2.073 -0.403 1.694 -2.341 -1.867 -0.49
370 G -1.072 -0.913 1.589 1.538 -1.472 -1.351 -1.187 2.754 -0.742 -1.031 0.023 0.551 -0.777 1.819 -2.839 -1.337 -1.544 -1.81 -0.766 -1.457
371 R -1.233 3.868 -0.659 -0.835 -1.867 0.498 1.039 -1.983 -0.153 -1.478 -1.104 2.69 1.451 -1.981 -2.388 -1.299 -1.333 -2.256 -1.711 -1.474
372 T 0.032 -0.313 -0.001 -0.657 -0.416 2.276 -0.175 -1.031 -0.442 -1.204 -1.703 -0.011 -0.735 -2.094 -1.818 1.545 2.753 -2.355 -1.664 -0.713
373 S 0.362 -0.861 -0.245 -0.798 4.599 1.0 -0.64 -0.791 -0.69 -1.875 -2.185 -0.429 -1.255 -2.322 1.882 2.26 0.186 -2.868 -1.991 -1.388
374 E -0.985 -0.002 -0.373 1.243 -2.405 2.244 4.356 -1.948 0.379 -2.754 -2.661 0.69 -1.588 -2.726 -1.989 -0.857 -1.323 -2.428 -1.881 -2.153
375 R -0.896 2.967 1.648 -0.721 -1.387 1.441 -0.374 -1.407 -0.073 -1.246 -0.049 1.703 -0.486 -1.781 -2.412 0.117 -0.787 -2.384 -1.695 -1.345
376 L -1.817 -2.443 -3.281 -3.6 -0.521 -3.011 -3.426 -3.299 -1.877 1.536 3.487 -2.762 1.628 3.826 -3.892 -3.192 -1.856 -0.762 0.651 0.658
377 F -1.6 -2.989 -3.107 -3.306 -0.596 -3.436 -3.544 -3.202 -1.843 3.212 1.072 -2.954 0.721 4.542 -3.886 -3.001 -1.516 -0.577 1.193 2.158
378 V 0.944 -0.552 -0.913 -0.864 -0.275 -0.579 0.677 -1.29 -1.091 0.579 -0.82 0.873 -0.468 -1.586 -2.07 0.418 0.988 -2.481 -1.702 1.685
379 A 2.988 -1.473 -1.044 -1.423 0.217 -1.388 -1.346 -0.133 -0.993 -0.967 -1.258 -0.978 -0.845 1.781 -1.824 1.464 -0.182 -1.768 -0.503 -0.369
380 I 0.617 -2.373 -2.322 -2.589 0.092 -2.405 -2.686 -2.167 -2.356 3.37 0.8 -2.018 0.622 -0.476 -2.805 -1.419 0.788 -2.348 -1.476 2.86
381 F -1.819 -2.676 -2.854 -3.242 -0.94 -2.941 -3.262 -3.207 -0.146 2.869 0.735 -2.647 0.45 4.124 -3.761 -2.937 -1.747 0.505 4.038 1.282
382 A 2.889 -1.703 -1.635 -1.861 0.31 -1.627 -1.706 -0.456 -1.463 1.165 0.681 -1.217 0.036 -1.024 -2.004 0.591 -0.448 -2.362 -1.646 0.653
383 F -1.326 -2.877 -2.535 -2.949 -0.756 -3.259 -3.378 0.934 -1.688 2.479 0.626 -2.771 0.334 4.484 -3.758 -2.616 -1.638 -0.596 1.111 1.678
384 A 2.047 -2.051 -2.4 -2.581 0.169 -2.028 -2.267 -1.289 -1.726 1.46 0.372 -1.765 1.833 1.854 -2.607 -1.054 -0.777 -1.695 -0.443 2.456
385 I 0.262 -2.638 -2.975 -3.09 -0.109 -2.822 -3.089 -2.525 -2.266 3.261 1.603 -2.432 0.895 2.113 -3.265 -2.237 -1.084 -1.67 -0.388 2.659
386 L -1.201 -2.253 -2.947 -3.169 -0.176 -2.174 -3.065 -3.122 -1.993 3.319 2.159 -2.188 3.992 0.245 -3.458 -2.629 -1.12 -1.865 -1.164 2.32
387 I 0.254 -2.599 -2.934 -2.984 -0.056 -2.571 -3.073 -2.551 -2.317 3.907 1.329 -2.261 2.271 -0.097 -3.174 -2.201 -0.983 -2.197 -1.363 2.64
388 S 1.929 -1.245 -0.398 -1.016 -0.01 -1.057 -1.208 1.624 -0.896 -1.097 -1.194 -0.782 1.267 -1.641 -1.873 2.188 0.129 -2.407 -1.842 -0.713
389 L -1.526 -2.172 -3.348 -3.606 -0.136 -2.626 -3.291 -3.368 -2.299 2.019 4.014 -2.464 2.147 0.847 -3.59 -3.144 -1.566 -1.636 -1.042 1.12
390 V -0.219 -2.472 -2.915 -3.15 0.354 -2.573 -2.879 -2.941 -2.9 3.044 0.96 -2.374 0.846 -0.384 -3.157 -2.27 -0.437 -2.373 -1.271 4.086
391 P -0.822 -1.999 -1.919 -1.549 -1.443 -1.919 -1.608 -1.838 -1.593 -2.303 -2.736 -1.05 -2.389 -3.321 6.648 -1.437 -1.334 -4.535 -2.621 -2.147
392 Y -1.798 -1.763 -2.111 -3.008 -1.737 -1.769 -2.349 -2.918 2.119 -0.789 -0.896 -1.859 -0.668 3.363 -3.319 -2.423 -2.075 2.323 6.624 -0.965
393 L -1.526 -2.172 -3.348 -3.606 -0.136 -2.626 -3.291 -3.368 -2.299 2.019 4.014 -2.464 2.147 0.847 -3.59 -3.144 -1.566 -1.636 -1.042 1.12
394 I -0.964 -2.248 -2.075 -1.68 -0.407 -1.818 -0.189 -2.667 -1.847 3.984 0.979 -1.719 0.708 -0.315 -3.011 -0.757 -0.825 -2.338 -1.497 2.138
395 V -0.967 -1.44 -2.506 -2.784 -0.332 -1.971 -2.459 -2.837 -1.904 2.901 0.965 0.01 2.106 2.024 -3.23 -2.363 -1.029 -1.655 -0.368 2.839
396 V 0.578 -2.351 -2.917 -3.117 0.187 -2.492 -2.813 -2.427 -2.575 2.418 1.971 -2.25 0.986 -0.251 -3.074 -2.01 -0.776 -2.276 -1.365 3.441
397 W -2.734 -2.468 -3.251 -3.705 -2.419 -2.909 -3.054 -2.45 -1.219 -1.938 -1.735 -2.876 -1.365 1.044 -5.493 -3.44 -2.78 10.695 2.084 -2.312
398 N -1.459 -0.682 5.475 0.974 -1.86 -0.775 -0.989 1.643 0.67 -2.856 -3.273 -0.519 -2.305 -2.495 -2.696 -0.3 -0.684 -2.98 -2.268 -2.681
399 C -0.054 -1.752 -0.852 -1.608 7.075 -1.656 -1.833 -1.348 2.747 0.437 -1.109 -1.499 -0.796 -1.536 -2.496 1.346 -0.345 -2.648 -1.332 -0.247
400 T -0.569 -1.6 -0.958 -1.609 -0.189 -1.649 -1.898 -1.883 -1.76 1.177 0.562 -1.266 0.001 -1.104 1.538 -0.207 3.345 -2.401 -1.743 0.573
401 F -2.307 -2.882 -3.003 -3.436 -1.274 -3.764 -3.544 -3.018 -1.062 0.473 1.29 -3.272 0.441 6.31 -4.413 -3.131 -2.344 0.55 2.562 -0.334
402 T -0.294 -1.424 -0.697 -1.492 0.031 -1.471 -1.761 -1.703 -1.701 0.638 0.511 -1.181 0.043 -1.087 -2.101 0.316 3.683 -2.235 -1.649 1.191
403 R -1.394 4.933 -0.449 -1.301 -2.236 1.793 -0.133 -1.975 0.089 -2.553 -2.123 2.447 -1.162 -2.654 -2.525 -1.296 -1.396 -2.341 -1.77 -2.153
404 F 0.931 -1.559 -0.994 -1.539 -0.335 -1.537 -1.637 -1.024 -0.853 -0.412 -0.294 -1.262 1.68 3.425 -0.296 1.423 -0.314 -1.086 0.456 -0.517
405 A 1.883 -1.861 -1.452 -1.917 5.069 -1.826 -2.017 -1.02 -1.799 1.205 -0.517 -1.425 -0.38 -1.396 -2.125 -0.164 2.067 -2.489 -1.866 0.701
406 Y -1.853 -1.567 1.4 -1.78 -1.833 -1.599 -2.084 -2.309 1.877 -1.112 -1.248 -1.609 -0.948 2.834 -3.261 -1.964 -1.81 1.808 6.29 -1.256
407 L -1.667 -2.644 -3.306 -3.482 -0.388 -3.066 -3.523 -3.388 -2.186 3.023 3.054 -2.735 1.538 2.816 -3.76 -3.176 -1.578 -1.255 -0.008 1.584
408 F -2.32 -2.882 -2.846 -3.3 -1.36 -3.85 -3.468 -2.86 -0.814 0.291 0.579 -3.29 0.216 6.492 -4.434 -3.016 -2.356 0.866 2.945 -0.493
409 I -1.061 -1.603 2.96 -0.698 -0.523 -1.693 -1.972 -1.634 -0.86 2.569 0.087 -1.39 0.037 -0.906 -2.833 -1.002 1.006 -2.524 -1.661 1.892
410 F -2.4 -2.962 -2.926 -3.38 -1.44 -3.93 -3.548 -2.941 -0.894 0.21 0.499 -3.37 0.135 6.615 -4.514 -3.097 -2.437 0.786 2.865 -0.574
411 F -2.156 -2.622 -3.136 -3.529 -1.09 -3.29 -3.398 -3.004 -1.366 0.704 2.123 -2.985 0.781 4.984 -4.33 -3.191 -2.195 5.845 1.883 -0.109
412 L -1.976 -2.586 -3.167 -3.529 -0.764 -3.254 -3.459 -3.184 -1.543 1.202 2.861 -2.928 1.259 4.972 -4.062 -3.16 -2.015 -0.202 1.511 0.344
413 L -1.525 -2.102 -3.235 -3.535 -0.219 -2.373 -3.19 -3.299 -2.107 1.875 3.885 -2.346 3.174 0.709 -3.607 -3.0 -1.55 -1.656 -1.084 1.021
414 G 2.15 -1.796 -0.658 -1.288 -0.341 -1.631 -1.783 4.244 -1.261 -2.066 -2.462 -1.172 -1.764 -2.318 -2.121 0.72 -0.777 -2.524 -2.435 -1.347
415 I -1.033 -2.786 -3.229 -3.31 -0.044 -2.958 -3.403 -3.345 -2.772 3.849 2.038 -2.612 1.236 0.08 -3.471 -2.866 -0.99 -2.218 -1.312 3.201
416 G -0.125 -1.454 1.849 -0.781 4.918 -1.397 -1.598 1.82 -0.001 -1.806 -2.114 -1.136 -1.482 -0.296 -2.443 1.258 -0.409 -1.119 2.177 -1.508
417 N -0.795 -0.637 4.805 0.712 -1.111 -0.689 -0.86 -0.378 0.404 -2.063 -2.614 -0.437 -1.717 -2.219 -2.277 0.951 1.289 -2.816 -2.018 -1.732
418 V 0.992 -2.352 -2.812 -2.933 0.178 -2.45 -2.743 -2.092 -2.389 2.83 1.783 -2.124 0.941 -0.242 -2.922 -1.771 -0.813 -2.247 -1.377 2.944
419 R 0.899 2.238 1.993 -0.836 -0.785 -0.426 -0.905 -1.039 -0.438 -0.121 -1.242 1.69 -0.803 -1.895 -2.306 -0.743 -0.794 -2.557 -1.775 0.873
420 L -1.692 -1.65 -2.261 -1.625 -1.232 -1.242 0.691 -2.798 -0.175 0.312 2.0 -1.512 0.552 1.21 -3.408 -2.458 -1.861 6.274 3.046 -0.302
421 G -0.337 0.565 2.32 -0.261 -1.355 -0.2 -0.541 2.206 -0.247 -2.44 -2.701 2.601 -1.692 -2.564 -2.057 0.711 -0.59 -2.667 -2.127 -2.153
422 V 1.204 1.73 -1.272 -1.816 -0.166 -1.185 -1.602 -1.314 -1.261 1.849 -0.21 -0.368 -0.094 -1.165 -2.403 0.454 -0.41 -2.417 -1.623 1.749
423 P -1.09 -1.309 2.204 2.26 -1.044 -1.123 -0.816 -1.357 -0.613 -0.782 -0.847 -0.923 1.949 -1.662 2.523 -0.664 1.116 -2.759 -2.015 -0.894
424 R -0.242 3.168 -0.006 -0.679 -1.187 2.657 0.233 -1.126 0.165 -2.255 -2.126 1.121 -0.927 -2.443 -2.081 1.188 -0.279 -2.332 -1.61 -1.739
425 G 1.844 -1.187 -0.768 -0.13 -0.741 -0.324 1.921 3.222 -0.655 -2.089 -2.37 -0.456 -1.687 -2.367 -2.01 -0.386 -1.162 -2.437 -2.221 -1.337
426 K -0.871 1.511 -0.306 0.216 -2.129 0.984 2.453 -1.545 -0.03 -2.336 -2.401 3.712 -1.404 -2.753 -1.765 -0.865 -1.167 -2.508 -1.842 -2.057
427 R -1.159 4.281 -0.363 -1.112 -2.115 0.666 -0.091 -1.708 -0.067 -2.357 -2.132 3.511 -1.224 -2.634 -2.151 -1.132 -1.262 -2.387 -1.78 -2.079
428 L 0.049 -1.374 -0.83 -1.468 -0.037 -1.423 -1.614 -1.302 -1.24 0.666 2.339 -1.178 0.926 -0.233 -2.348 1.558 -0.003 -2.065 -1.385 0.149
429 G -0.834 2.117 -1.121 -1.864 -1.292 -0.754 -1.396 1.83 -0.067 -0.164 -1.197 1.517 -0.831 0.085 -2.736 -1.593 -1.399 -0.73 2.643 0.723
430 G 0.678 -0.73 1.572 -1.143 -0.702 -1.256 -1.606 1.725 -0.961 1.16 0.701 0.832 -0.119 -1.137 -2.567 -1.069 -1.113 -2.419 -1.853 0.152
431 G -0.935 1.426 1.431 -1.14 -1.259 -1.083 -1.638 2.717 -0.865 1.592 -0.792 0.963 -0.682 -1.562 -2.814 -1.412 -1.321 -2.498 -2.064 0.125
432 R -0.6 2.823 -0.295 -0.088 -1.727 1.706 2.096 1.336 -0.032 -2.643 -2.503 0.817 -1.468 -2.6 -2.266 0.2 -0.977 -2.423 -1.971 -2.123
433 R -0.683 2.796 -0.821 -1.586 -1.069 -0.478 -1.199 1.267 -0.722 -0.584 0.53 1.412 1.773 -1.265 -2.589 -0.084 -0.992 -2.182 -1.736 -0.866
434 N -1.076 -0.669 2.852 1.756 -1.226 -1.049 -0.94 1.419 -0.545 -0.148 0.108 0.707 -0.614 -1.54 -2.696 -1.127 -1.075 -2.669 -2.053 0.355