#Seq2Logo.py -f /work3/idamei/wzy_ssn/run/1e-50/run/150/MSAs/0011_77.afa -o /work3/idamei/wzy_ssn/run/1e-50/run/150/logos/0011_77.logo
Last position-specific scoring matrix computed, values are in halfbits
A R N D C Q E G H I L K M F P S T W Y V
0 L -1.093 -1.396 -2.373 -2.827 -0.181 -1.064 -2.366 -2.596 -0.981 1.59 2.122 -1.465 5.675 0.455 -3.255 -2.029 -1.059 -1.319 -0.845 0.977
1 R -1.529 3.767 2.139 -0.923 -1.442 -0.399 -1.203 -1.828 -0.201 1.417 -0.589 0.781 -0.435 -1.442 -2.89 -1.41 -1.11 -2.38 -1.701 0.2
2 I -1.39 -3.113 -3.275 -3.193 -0.163 -3.222 -3.699 -3.492 -2.724 4.554 1.664 -2.691 1.258 0.205 -3.517 -3.089 -1.087 -2.197 -1.298 2.847
3 N -1.272 0.957 4.253 0.543 -1.917 0.13 -0.23 -0.636 0.479 -2.448 -2.723 2.79 -1.719 -2.571 -2.165 -0.445 -0.727 -2.786 -1.954 -2.31
4 K -0.527 0.618 -1.315 -1.705 -0.605 -0.43 -0.879 -2.05 -1.293 1.464 -0.241 2.773 -0.03 -1.371 -2.347 -1.511 -0.762 -2.48 -1.539 2.48
5 K -1.255 0.924 2.527 2.575 -2.03 0.102 0.194 -1.061 0.183 -2.286 -2.576 2.962 -1.668 -1.765 -2.087 -0.784 -1.055 -2.16 0.045 -2.231
6 N -1.226 1.091 4.015 0.437 -1.924 0.204 -0.172 -0.7 0.413 -2.415 -2.673 3.018 -1.667 -2.595 -2.115 -0.487 -0.762 -2.763 -1.938 -2.279
7 F -2.285 -2.92 -2.894 -3.319 -1.303 -3.836 -3.506 -2.918 -0.919 0.766 0.626 -3.278 0.26 6.388 -4.4 -3.046 -2.294 0.733 2.792 -0.186
8 L -1.208 -2.485 -3.222 -3.409 -0.1 -2.816 -3.309 -3.285 -2.423 2.937 2.982 -2.554 1.599 1.411 -3.533 -2.929 -1.226 -1.695 -0.712 2.418
9 Y -1.791 -1.427 1.936 -1.395 -1.785 -1.466 -1.924 -2.058 1.875 -1.145 -1.292 -1.453 -0.964 2.722 -3.163 -1.751 -1.649 1.7 5.996 -1.276
10 F -0.468 -2.034 -1.016 -1.717 -0.897 -2.235 -2.202 2.17 -0.861 -0.78 -0.66 -1.811 -0.626 4.668 -2.973 0.536 -0.927 -0.375 1.355 -1.129
11 I -0.251 -2.698 -3.035 -3.103 0.087 -2.801 -3.168 -2.883 -2.668 3.761 1.513 -2.431 1.065 -0.067 -3.236 -2.435 -0.815 -2.255 -1.309 3.287
12 L -0.819 -2.391 -3.145 -3.372 0.093 -2.655 -3.123 -3.179 -2.634 2.733 2.761 -2.456 1.491 0.232 -3.387 -2.697 -0.949 -2.039 -1.194 3.083
13 C -0.898 -0.612 -1.93 -2.384 7.748 -1.602 -1.987 -2.055 -1.477 -0.783 -0.865 1.304 -0.789 2.633 -2.906 -1.672 -1.461 -1.603 -0.152 -0.808
14 S 0.207 -1.557 -0.74 -1.383 -0.121 -1.575 -1.58 -1.195 -1.066 0.736 -0.385 -1.278 -0.19 2.795 -2.382 1.656 0.115 -1.361 0.165 1.493
15 W -2.662 -2.396 -3.179 -3.633 -2.347 -2.837 -2.982 -2.378 -1.147 -1.866 -1.663 -2.804 -1.293 1.116 -5.421 -3.368 -2.708 10.623 2.157 -2.24
16 L -1.47 -2.62 -3.325 -3.405 -0.163 -2.924 -3.503 -3.443 -2.518 3.549 3.103 -2.589 1.721 0.529 -3.567 -3.13 -1.329 -1.918 -1.181 2.102
17 I -1.39 -3.113 -3.275 -3.193 -0.163 -3.222 -3.699 -3.492 -2.724 4.554 1.664 -2.691 1.258 0.205 -3.517 -3.089 -1.087 -2.197 -1.298 2.847
18 I -0.407 -2.853 -3.084 -3.083 0.004 -2.934 -3.317 -2.966 -2.659 4.123 1.406 -2.489 1.078 -0.008 -3.285 -2.555 -0.898 -2.255 -1.322 3.106
19 S 1.055 -0.754 0.484 -0.261 0.06 -0.583 -0.568 -0.119 -0.473 -1.924 -2.341 -0.298 -1.199 -1.956 -1.488 3.306 0.998 -2.562 -1.768 -1.305
20 S 1.055 -0.754 0.484 -0.261 0.06 -0.583 -0.568 -0.119 -0.473 -1.924 -2.341 -0.298 -1.199 -1.956 -1.488 3.306 0.998 -2.562 -1.768 -1.305
21 L -0.826 -2.345 -3.151 -3.396 0.093 -2.626 -3.105 -3.174 -2.611 2.55 2.899 -2.445 1.542 0.27 -3.393 -2.701 -0.974 -2.008 -1.181 3.015
22 Y -1.825 -1.79 -2.138 -3.035 -1.764 -1.796 -2.376 -2.945 2.092 -0.816 -0.923 -1.886 -0.695 3.336 -3.346 -2.45 -2.102 2.296 6.682 -0.992
23 Y -1.825 -1.79 -2.138 -3.035 -1.764 -1.796 -2.376 -2.945 2.092 -0.816 -0.923 -1.886 -0.695 3.336 -3.346 -2.45 -2.102 2.296 6.682 -0.992
24 L -0.826 -2.345 -3.151 -3.396 0.093 -2.626 -3.105 -3.174 -2.611 2.55 2.899 -2.445 1.542 0.27 -3.393 -2.701 -0.974 -2.008 -1.181 3.015
25 D -1.731 -0.955 4.223 4.388 -2.11 -0.707 0.284 -0.611 0.3 -2.732 -3.329 -0.563 -2.43 -2.647 -2.447 -0.518 -0.905 -3.248 -2.528 -2.721
26 A 3.948 -1.496 -1.675 -1.7 0.667 -1.333 -1.311 0.361 -1.224 -0.843 -1.334 -0.861 -0.886 -1.861 -1.488 0.442 -0.435 -2.453 -1.768 0.126
27 L -1.47 -2.62 -3.325 -3.405 -0.163 -2.924 -3.503 -3.443 -2.518 3.549 3.103 -2.589 1.721 0.529 -3.567 -3.13 -1.329 -1.918 -1.181 2.102
28 L -1.923 -2.532 -3.113 -3.476 -0.711 -3.201 -3.405 -3.13 -1.489 1.256 2.808 -2.874 1.313 4.907 -4.008 -3.106 -1.961 -0.149 1.565 0.398
29 T 0.408 -0.992 0.05 -0.747 0.073 -0.928 -1.065 -0.801 -1.0 -0.645 -0.757 -0.634 -0.562 -1.536 -1.68 2.074 3.038 -2.319 -1.7 -0.295
30 G 0.077 -2.37 -0.453 -1.335 -1.333 -2.208 -2.635 5.821 -1.489 -3.228 -3.473 -1.663 -2.68 -2.691 -2.792 -1.015 -1.932 -2.453 -3.161 -2.877
31 V -0.762 -2.79 -3.104 -3.185 0.093 -2.894 -3.276 -3.218 -2.824 3.887 1.321 -2.542 1.047 -0.087 -3.346 -2.666 -0.759 -2.297 -1.298 3.577
32 D -0.839 -1.342 0.594 4.106 -0.877 -0.998 0.072 -1.237 -0.954 -1.224 -2.037 -0.823 -1.429 -2.186 -1.985 -0.019 2.656 -2.793 -2.311 -0.934
33 R 1.35 3.791 -0.679 -1.477 -0.614 -0.235 -0.934 -1.06 -0.529 -1.41 -1.598 0.922 -0.972 -2.088 -2.093 -0.266 1.208 -2.291 -1.766 -0.773
34 L -0.752 -1.601 -1.335 -2.045 -0.024 -1.783 -2.196 -2.189 -1.841 1.088 2.509 -1.526 1.085 -0.141 -2.502 -0.636 2.636 -1.918 -1.376 0.688
35 F -1.496 0.552 -1.295 -1.749 -1.673 -0.684 -1.014 -2.021 -0.534 -0.693 -0.522 2.707 -0.437 4.645 -2.762 -1.773 -1.668 -0.387 1.432 -1.171
36 Y -0.929 -2.123 -2.512 -3.105 -0.533 -2.17 -2.629 -2.956 0.559 1.695 0.152 -2.132 0.16 2.032 -3.264 -2.372 -1.168 0.813 4.858 2.606
37 N -1.278 -0.277 4.007 1.389 -2.128 0.546 2.955 -0.927 0.682 -2.751 -2.931 0.219 -1.963 -2.501 -2.226 -0.448 -0.858 -2.675 -2.0 -2.352
38 E -0.932 -0.134 -0.351 1.505 -2.424 1.334 4.523 -1.962 0.38 -2.777 -2.716 0.664 -1.766 -2.621 -1.894 -0.804 -1.314 -2.4 -1.921 -2.147
39 D -1.731 -0.955 4.223 4.388 -2.11 -0.707 0.284 -0.611 0.3 -2.732 -3.329 -0.563 -2.43 -2.647 -2.447 -0.518 -0.905 -3.248 -2.528 -2.721
40 L -1.553 -2.199 -3.375 -3.633 -0.163 -2.653 -3.318 -3.395 -2.326 1.992 4.058 -2.491 2.12 0.82 -3.617 -3.171 -1.593 -1.663 -1.069 1.093
41 L -0.752 -1.601 -1.335 -2.045 -0.024 -1.783 -2.196 -2.189 -1.841 1.088 2.509 -1.526 1.085 -0.141 -2.502 -0.636 2.636 -1.918 -1.376 0.688
42 H -1.278 0.392 0.184 -0.656 -2.128 3.382 0.586 -1.599 6.244 -2.456 -2.29 0.383 -0.813 -1.73 -2.447 -1.15 -1.546 -1.809 0.54 -2.357
43 K -0.839 2.081 -0.281 -0.735 -1.99 0.794 0.301 -1.355 -0.256 -2.136 -2.253 4.522 -1.236 -2.818 -1.7 -0.894 -1.095 -2.562 -1.801 -2.012
44 L -1.713 -2.571 -3.205 -3.444 -0.454 -3.074 -3.448 -3.265 -1.902 2.501 2.943 -2.744 1.501 3.678 -3.804 -3.117 -1.663 -0.806 0.645 1.28
45 V -0.762 -2.79 -3.104 -3.185 0.093 -2.894 -3.276 -3.218 -2.824 3.887 1.321 -2.542 1.047 -0.087 -3.346 -2.666 -0.759 -2.297 -1.298 3.577
46 K -0.841 2.079 -0.282 -0.736 -1.992 0.793 0.299 -1.357 -0.257 -2.137 -2.255 4.526 -1.238 -2.82 -1.701 -0.895 -1.096 -2.563 -1.803 -2.013
47 Y -1.827 -1.792 -2.14 -3.036 -1.766 -1.798 -2.378 -2.946 2.09 -0.818 -0.924 -1.887 -0.696 3.334 -3.347 -2.451 -2.104 2.294 6.685 -0.994
48 A 2.45 -2.166 -2.338 -2.326 0.295 -2.093 -2.225 -0.905 -1.852 2.892 0.485 -1.603 0.341 -0.685 -2.294 -0.758 -0.732 -2.329 -1.534 1.747
49 V -0.742 -2.78 -3.099 -3.187 0.1 -2.884 -3.263 -3.21 -2.829 3.861 1.306 -2.539 1.037 -0.1 -3.341 -2.653 -0.749 -2.302 -1.299 3.603
50 C -0.462 -3.353 -2.979 -3.433 9.695 -3.473 -3.939 -2.178 -2.965 -0.746 -1.076 -3.128 -1.093 -2.042 -3.221 -1.685 -1.331 -3.249 -2.811 -0.424
51 F -2.216 -2.794 -2.944 -3.372 -1.171 -3.661 -3.47 -2.959 -1.02 0.593 1.42 -3.18 0.568 6.143 -4.321 -3.063 -2.253 0.578 2.577 -0.218
52 L -1.296 -2.676 -3.274 -3.348 -0.106 -2.929 -3.459 -3.395 -2.593 3.673 2.745 -2.584 1.566 0.39 -3.516 -3.02 -1.185 -2.01 -1.212 2.528
53 I -1.391 -3.115 -3.277 -3.195 -0.165 -3.224 -3.701 -3.493 -2.725 4.558 1.662 -2.693 1.257 0.204 -3.519 -3.091 -1.089 -2.199 -1.299 2.846
54 S 1.054 -0.755 0.483 -0.263 0.058 -0.584 -0.569 -0.121 -0.474 -1.926 -2.343 -0.299 -1.201 -1.958 -1.49 3.311 0.997 -2.563 -1.77 -1.307
55 L -1.677 -2.425 -2.892 -3.272 -0.593 -2.986 -3.234 -2.98 -1.564 1.495 2.859 -2.676 1.35 4.449 -3.802 -2.344 -1.702 -0.407 1.21 0.573
56 F -1.21 -2.459 -2.145 -2.579 -0.659 -2.788 -2.835 -2.439 -1.112 2.381 0.919 -2.367 0.51 4.575 -3.439 -0.777 -1.149 -0.261 1.875 1.051
57 L -0.959 -2.56 -3.18 -3.328 0.027 -2.791 -3.262 -3.258 -2.657 3.316 2.526 -2.516 1.435 0.226 -3.422 -2.796 -0.988 -2.078 -1.221 3.02
58 L -1.143 -2.536 -3.238 -3.566 6.708 -2.902 -3.512 -2.931 -2.525 1.331 3.124 -2.689 1.387 0.14 -3.48 -2.587 -1.504 -2.103 -1.543 0.669
59 F -2.307 -2.918 -2.888 -3.323 -1.333 -3.851 -3.504 -2.909 -0.894 0.608 0.6 -3.293 0.235 6.44 -4.421 -3.047 -2.325 0.767 2.833 -0.294
60 N -1.534 -1.424 3.896 -0.107 -0.92 -1.535 -1.806 -1.322 -0.275 2.688 0.085 -1.221 -0.034 -0.856 -3.007 -1.198 -0.749 -2.578 -1.679 1.177
61 N -0.204 -0.79 3.61 0.219 -0.896 -0.765 -0.91 0.293 0.622 -2.052 -2.398 -0.534 -1.516 -0.403 -2.185 1.635 0.036 -1.214 1.903 -1.753
62 R -1.32 4.868 -0.418 -1.302 -2.187 0.592 -0.287 -1.886 -0.013 -2.472 -2.103 3.003 -1.238 -2.581 -2.378 -1.255 -1.353 -2.338 -1.791 -2.127
63 R -0.323 4.067 -0.094 -0.951 -1.242 0.234 -0.426 -1.203 -0.141 -2.302 -2.17 2.072 -1.226 -2.343 -2.099 1.123 -0.356 -2.396 -1.783 -1.834
64 V -0.954 -2.297 -2.641 -3.152 -0.46 -2.45 -2.795 -2.95 -0.04 1.833 0.371 -2.332 0.296 3.107 -3.399 -2.449 -1.169 0.433 4.084 2.706
65 K -0.978 1.751 2.088 -0.245 -1.967 0.588 0.133 -1.096 0.009 -2.238 -2.403 4.056 -1.39 -2.735 -1.848 -0.738 -0.969 -2.636 -1.853 -2.109
66 Y -1.785 -2.032 -2.579 -3.255 -1.093 -2.242 -2.775 -3.082 0.925 0.537 1.851 -2.212 0.643 3.425 -3.543 -2.737 -1.952 1.294 5.251 -0.079
67 L -1.602 -2.579 -3.264 -3.435 -0.316 -2.994 -3.468 -3.347 -2.168 2.985 3.063 -2.669 1.621 2.613 -3.694 -3.126 -1.514 -1.266 -0.066 1.655
68 W -1.928 -2.397 -2.876 -3.342 -1.243 -2.853 -3.135 -0.274 -1.464 0.232 1.716 -2.665 0.442 2.705 -4.334 -3.005 -2.189 8.352 1.356 -0.497
69 L 2.351 -1.888 -2.372 -2.482 0.349 -1.936 -2.126 -0.971 -1.828 1.265 1.883 -1.581 0.744 -0.45 -2.344 -0.809 -0.779 -2.158 -1.432 1.652
70 S 0.787 -0.929 0.149 -0.574 0.026 -0.812 -0.845 -0.426 -0.684 -0.899 -0.048 -0.536 -0.4 -1.338 -1.722 2.901 0.732 -2.411 -1.655 -0.8
71 L -1.686 -2.32 -3.277 -3.575 -0.355 -2.845 -3.352 -3.296 -1.989 1.739 3.658 -2.629 1.845 3.039 -3.758 -3.149 -1.726 -1.008 0.198 0.853
72 F -2.059 -2.654 -3.032 -3.427 -0.92 -3.41 -3.436 -3.048 -1.258 0.96 2.233 -3.016 0.983 5.559 -4.153 -3.087 -2.097 0.218 2.088 0.121
73 F -2.349 -2.911 -2.875 -3.329 -1.388 -3.878 -3.497 -2.889 -0.843 0.262 0.55 -3.319 0.187 6.537 -4.462 -3.045 -2.385 0.837 2.917 -0.522
74 I -1.554 -2.473 -2.859 -3.201 -0.606 -2.591 -3.139 -3.286 -0.131 3.23 1.647 -2.371 0.913 1.715 -3.475 -2.873 -1.467 0.177 3.863 1.764
75 L -0.457 -1.812 -1.42 -1.971 -0.236 -1.96 -2.142 -1.819 -1.396 1.681 2.146 -1.664 0.926 2.337 -2.793 0.703 -0.468 -1.415 -0.186 0.698
76 L -1.796 -2.418 -3.199 -3.529 -0.518 -3.008 -3.378 -3.217 -1.744 1.521 3.289 -2.742 1.606 4.069 -3.874 -3.129 -1.835 -0.573 0.921 0.647
77 S 1.054 -0.755 0.483 -0.263 0.058 -0.584 -0.569 -0.121 -0.474 -1.926 -2.343 -0.299 -1.201 -1.958 -1.49 3.311 0.997 -2.563 -1.77 -1.307
78 V -0.621 -2.397 -3.081 -3.323 0.171 -2.619 -3.039 -3.105 -2.715 2.712 2.381 -2.432 1.319 0.058 -3.323 -2.561 -0.795 -2.135 -1.221 3.452
79 A 1.911 -1.589 -1.014 -1.501 -0.1 -1.627 -1.55 -0.574 -0.831 -0.699 -0.787 -1.229 -0.571 3.66 -2.186 1.273 -0.294 -0.928 0.705 -0.509
80 S 1.054 -0.755 0.483 -0.263 0.058 -0.584 -0.569 -0.121 -0.474 -1.926 -2.343 -0.299 -1.201 -1.958 -1.49 3.311 0.997 -2.563 -1.77 -1.307
81 V 0.541 -2.451 -2.696 -2.951 -0.079 -2.712 -2.773 -2.145 -1.812 1.927 0.556 -2.363 0.41 3.805 -3.188 -1.874 -0.97 -0.891 0.816 2.787
82 I -1.213 -2.865 -3.239 -3.254 -0.086 -3.034 -3.512 -3.395 -2.692 4.094 2.088 -2.618 1.344 0.223 -3.481 -2.97 -1.055 -2.142 -1.264 2.898
83 I -1.514 -3.084 -3.214 -3.214 -0.316 -3.312 -3.67 -3.395 -2.357 4.207 1.522 -2.778 1.121 2.455 -3.641 -3.084 -1.248 -1.495 -0.148 2.535
84 S 0.89 -0.925 0.423 0.351 -0.132 -0.737 -0.655 1.493 -0.574 -2.072 -2.486 -0.442 -1.379 -2.062 -1.636 2.959 0.718 -2.582 -1.936 -1.492
85 N -1.192 -0.659 5.165 0.952 -1.68 -0.737 -0.946 1.88 0.653 -2.761 -3.174 -0.474 -2.201 -2.414 -2.579 -0.002 -0.567 -2.88 -2.207 -2.558
86 E -0.892 -0.095 -0.311 1.545 -2.384 1.374 4.429 -1.922 0.42 -2.737 -2.676 0.704 -1.726 -2.581 -1.854 -0.764 -1.274 -2.36 -1.881 -2.107
87 V 0.609 -1.384 -1.121 -1.766 -0.339 -1.196 -0.922 -1.763 5.017 1.402 -0.28 -1.378 -0.051 -0.804 -2.679 -1.428 -0.972 -2.063 -0.008 2.435
88 V -0.581 -2.691 -3.051 -3.184 0.171 -2.794 -3.149 -3.134 -2.86 3.626 1.196 -2.496 0.971 -0.192 -3.293 -2.539 -0.659 -2.332 -1.299 3.787
89 T -0.127 -1.107 -0.153 -1.029 0.107 -1.117 -1.392 -1.343 -1.427 -0.238 -1.071 -0.805 -0.546 -1.595 -1.701 0.691 4.287 -2.199 -1.721 0.215
90 L -0.785 -2.477 -3.13 -3.325 0.1 -2.704 -3.148 -3.18 -2.686 3.03 2.455 -2.474 1.377 0.144 -3.372 -2.676 -0.89 -2.106 -1.221 3.244
91 Y -1.99 -2.119 -2.365 -3.131 -1.635 -2.34 -2.705 -2.927 1.4 -0.411 -0.345 -2.29 -0.371 4.828 -3.673 -2.636 -2.194 1.885 5.882 -0.828
92 A 3.267 -1.229 -0.766 -1.139 0.477 -1.062 -1.043 0.208 -0.953 -1.162 -1.634 -0.663 -0.989 -1.894 -1.49 1.739 0.124 -2.49 -1.77 -0.279
93 T -0.127 -1.107 -0.153 -1.029 0.107 -1.117 -1.392 -1.343 -1.427 -0.238 -1.071 -0.805 -0.546 -1.595 -1.701 0.691 4.287 -2.199 -1.721 0.215
94 T 0.188 -1.121 -0.197 -1.051 0.13 -1.125 -1.389 -1.258 -1.42 -0.259 -1.081 -0.807 -0.558 -1.604 -1.693 0.682 4.2 -2.208 -1.723 0.212
95 L -1.094 -1.397 -2.374 -2.828 -0.182 -1.065 -2.367 -2.597 -0.982 1.589 2.121 -1.467 5.683 0.453 -3.256 -2.031 -1.06 -1.32 -0.846 0.975
96 L -1.555 -2.201 -3.377 -3.634 -0.165 -2.655 -3.32 -3.397 -2.328 1.991 4.061 -2.492 2.118 0.819 -3.619 -3.173 -1.595 -1.665 -1.07 1.092
97 I -1.391 -3.115 -3.277 -3.195 -0.165 -3.224 -3.701 -3.493 -2.725 4.558 1.662 -2.693 1.257 0.204 -3.519 -3.091 -1.089 -2.199 -1.299 2.846
98 I -1.391 -3.115 -3.277 -3.195 -0.165 -3.224 -3.701 -3.493 -2.725 4.558 1.662 -2.693 1.257 0.204 -3.519 -3.091 -1.089 -2.199 -1.299 2.846
99 A 3.136 -1.761 -1.209 -1.575 0.139 -1.598 -1.69 3.412 -1.311 -1.444 -1.889 -1.106 -1.371 -2.114 -1.862 0.031 -0.855 -2.454 -2.164 -0.576
100 T 0.323 -0.985 0.075 -0.75 0.091 -0.928 -1.091 -0.876 -1.073 -0.699 -1.436 -0.627 -0.748 -1.711 -1.629 1.848 3.545 -2.315 -1.737 -0.209
101 L -1.094 -1.397 -2.374 -2.828 -0.182 -1.065 -2.367 -2.597 -0.982 1.589 2.121 -1.467 5.683 0.453 -3.256 -2.031 -1.06 -1.32 -0.846 0.975
102 L -1.013 -2.729 -3.187 -3.447 6.712 -3.004 -3.548 -2.917 -2.644 2.247 2.435 -2.72 1.095 -0.093 -3.429 -2.514 -1.312 -2.269 -1.611 1.518
103 G 0.588 -1.481 0.035 -0.77 -0.58 -1.313 -1.459 4.251 -0.957 -2.529 -2.874 -0.927 -1.874 -2.315 -2.093 1.824 -0.162 -2.506 -2.408 -2.015
104 F -2.349 -2.911 -2.875 -3.329 -1.388 -3.878 -3.497 -2.889 -0.843 0.262 0.55 -3.319 0.187 6.537 -4.462 -3.045 -2.385 0.837 2.917 -0.522
105 C 0.422 -1.726 -0.701 -1.38 7.694 -1.632 -1.732 -0.933 -1.416 -1.298 -1.663 -1.332 -1.148 -1.998 -2.196 1.855 0.102 -2.873 -2.225 -0.848
106 L -1.195 -0.13 -1.247 -1.51 -0.945 3.225 -0.034 -2.257 -0.341 0.519 2.309 -0.026 1.076 -0.557 -2.775 -1.686 -1.265 -1.929 -1.187 -0.057
107 L -1.445 -2.777 -3.31 -3.334 -0.165 -3.021 -3.568 -3.461 -2.587 3.927 2.699 -2.625 1.573 0.423 -3.552 -3.118 -1.248 -2.01 -1.221 2.371
108 L -1.445 -2.777 -3.31 -3.334 -0.165 -3.021 -3.568 -3.461 -2.587 3.927 2.699 -2.625 1.573 0.423 -3.552 -3.118 -1.248 -2.01 -1.221 2.371
109 P -0.609 -2.242 -2.446 -2.321 -0.446 -2.272 -2.249 -2.41 -2.187 1.403 0.278 -1.694 -0.14 -1.313 4.666 -1.916 -0.943 -3.164 -1.85 2.295
110 L -1.693 -1.981 -2.67 -3.309 -0.885 -2.179 -2.793 -3.154 0.723 0.867 2.457 -2.163 0.992 2.386 -3.475 -2.776 -1.848 1.009 4.967 0.196
111 F -1.998 -2.6 -3.069 -3.449 -0.826 -3.316 -3.423 -3.085 -1.359 1.094 2.504 -2.953 1.133 5.288 -4.089 -3.096 -2.037 0.06 1.866 0.247
112 S 0.372 -1.061 -0.158 -0.928 -0.432 -0.935 -1.056 -0.794 0.652 -1.507 -1.789 -0.738 -1.023 0.964 -1.987 2.331 0.282 0.036 3.808 -1.199
113 N -1.426 -0.488 4.05 1.007 -2.022 0.108 2.095 -0.983 0.986 -2.366 -2.568 -0.112 -1.773 -0.533 -2.437 -0.605 -0.932 -1.209 1.891 -2.143
114 D -1.691 2.862 2.172 4.253 -2.265 -0.301 0.353 -1.252 -0.065 -2.699 -2.888 0.496 -2.062 -2.694 -2.48 -0.963 -1.276 -2.969 -2.427 -2.582
115 L -1.19 -1.865 -2.645 -2.945 -0.176 -1.622 -2.747 -2.866 -1.455 2.944 1.976 -1.82 4.808 0.373 -3.341 -2.343 -1.07 -1.585 -0.99 1.741
116 D 0.174 -1.231 0.45 3.225 -0.501 -0.913 -0.127 -0.736 -0.758 -0.586 -1.812 -0.714 -1.16 -1.931 -1.951 1.911 0.173 -2.828 -2.054 0.221
117 K -0.081 1.701 -0.01 -0.595 -1.144 0.391 0.007 -0.905 -0.314 -2.081 -2.275 3.529 -1.226 -2.491 -1.66 1.236 -0.229 -2.551 -1.791 -1.763
118 I -1.19 -3.015 -3.225 -3.193 -0.086 -3.123 -3.569 -3.409 -2.755 4.376 1.565 -2.648 1.196 0.12 -3.467 -2.959 -0.988 -2.228 -1.299 3.083
119 N -1.674 -0.429 5.673 1.267 -1.861 -0.541 -0.74 -0.169 0.954 -2.727 -3.166 -0.31 -2.176 -2.389 -2.602 -0.132 -0.466 -2.981 -2.083 -2.575
120 R -1.315 3.688 -1.326 -2.169 -1.005 -0.246 -1.395 -2.396 -0.46 0.547 0.773 0.686 3.868 -0.62 -2.993 -1.75 -1.251 -1.763 -1.279 0.003
121 V -0.581 -2.691 -3.051 -3.184 0.171 -2.794 -3.149 -3.134 -2.86 3.626 1.196 -2.496 0.971 -0.192 -3.293 -2.539 -0.659 -2.332 -1.299 3.787
122 L -1.796 -2.418 -3.199 -3.529 -0.518 -3.008 -3.378 -3.217 -1.744 1.521 3.289 -2.742 1.606 4.069 -3.874 -3.129 -1.835 -0.573 0.921 0.647
123 L -1.499 -2.474 -3.343 -3.48 -0.165 -2.832 -3.441 -3.429 -2.454 3.119 3.459 -2.558 1.859 0.628 -3.585 -3.145 -1.416 -1.832 -1.145 1.801
124 W -2.555 -2.558 -3.075 -3.529 -1.992 -3.145 -3.144 -2.54 -1.043 -0.972 -0.725 -2.966 -0.712 4.136 -5.066 -3.257 -2.597 9.503 2.432 -1.548
125 T 0.323 -0.985 0.075 -0.75 0.091 -0.928 -1.091 -0.876 -1.073 -0.699 -1.436 -0.627 -0.748 -1.711 -1.629 1.848 3.545 -2.315 -1.737 -0.209
126 G 0.075 -2.372 -0.454 -1.337 -1.335 -2.21 -2.636 5.823 -1.491 -3.23 -3.475 -1.665 -2.681 -2.693 -2.794 -1.017 -1.934 -2.454 -3.163 -2.879
127 V -0.701 -2.758 -3.087 -3.186 0.118 -2.862 -3.234 -3.191 -2.837 3.804 1.279 -2.528 1.021 -0.122 -3.329 -2.624 -0.726 -2.31 -1.299 3.65
128 L -1.445 -2.777 -3.31 -3.334 -0.165 -3.021 -3.568 -3.461 -2.587 3.927 2.699 -2.625 1.573 0.423 -3.552 -3.118 -1.248 -2.01 -1.221 2.371
129 V -0.661 -2.735 -3.075 -3.185 0.136 -2.839 -3.205 -3.172 -2.844 3.746 1.252 -2.517 1.005 -0.146 -3.317 -2.595 -0.704 -2.317 -1.299 3.696
130 G 0.075 -2.372 -0.454 -1.337 -1.335 -2.21 -2.636 5.823 -1.491 -3.23 -3.475 -1.665 -2.681 -2.693 -2.794 -1.017 -1.934 -2.454 -3.163 -2.879
131 T -0.26 -1.592 -0.832 -1.6 -0.287 -1.763 -1.893 -1.612 -1.173 -0.126 -0.462 -1.404 -0.311 3.689 -2.344 0.082 3.02 -0.818 0.718 -0.062
132 I -1.676 -3.045 -3.136 -3.239 -0.518 -3.426 -3.631 -3.277 -1.953 3.697 1.337 -2.887 0.942 3.947 -3.8 -3.075 -1.46 -0.804 0.846 2.093
133 S 1.018 -0.768 0.461 -0.288 0.06 -0.602 -0.596 -0.158 -0.505 -1.842 -2.284 -0.317 -1.174 -1.943 -1.497 3.247 1.216 -2.549 -1.768 -1.233
134 V -0.581 -2.691 -3.051 -3.184 0.171 -2.794 -3.149 -3.134 -2.86 3.626 1.196 -2.496 0.971 -0.192 -3.293 -2.539 -0.659 -2.332 -1.299 3.787
135 L -1.555 -2.201 -3.377 -3.634 -0.165 -2.655 -3.32 -3.397 -2.328 1.991 4.061 -2.492 2.118 0.819 -3.619 -3.173 -1.595 -1.665 -1.07 1.092
136 E -0.933 -0.136 -0.353 1.504 -2.425 1.332 4.527 -1.964 0.378 -2.778 -2.717 0.662 -1.768 -2.622 -1.896 -0.805 -1.315 -2.402 -1.922 -2.148
137 L -1.499 -2.474 -3.343 -3.48 -0.165 -2.832 -3.441 -3.429 -2.454 3.119 3.459 -2.558 1.859 0.628 -3.585 -3.145 -1.416 -1.832 -1.145 1.801
138 T -0.127 -1.107 -0.153 -1.029 0.107 -1.117 -1.392 -1.343 -1.427 -0.238 -1.071 -0.805 -0.546 -1.595 -1.701 0.691 4.287 -2.199 -1.721 0.215
139 V -0.248 -2.501 -2.944 -3.179 0.326 -2.602 -2.908 -2.97 -2.929 3.015 0.931 -2.402 0.817 -0.413 -3.186 -2.298 -0.466 -2.402 -1.299 4.163
140 F -2.349 -2.911 -2.875 -3.329 -1.388 -3.878 -3.497 -2.889 -0.843 0.262 0.55 -3.319 0.187 6.537 -4.462 -3.045 -2.385 0.837 2.917 -0.522
141 Y -1.827 -1.792 -2.14 -3.036 -1.766 -1.798 -2.378 -2.946 2.09 -0.818 -0.924 -1.887 -0.696 3.334 -3.347 -2.451 -2.104 2.294 6.685 -0.994
142 D -1.774 -1.395 2.456 5.492 -2.302 -0.832 0.832 -0.972 -0.272 -2.738 -3.453 -0.758 -2.626 -2.846 -2.346 -0.827 -1.263 -3.454 -2.891 -2.832
143 Y -1.482 -0.543 -1.293 -1.855 -1.818 2.275 -0.538 -2.377 1.71 -1.222 -1.242 -0.458 -0.6 2.322 -2.897 -1.776 -1.683 1.413 5.604 -1.239
144 L -1.094 -1.397 -2.374 -2.828 -0.182 -1.065 -2.367 -2.597 -0.982 1.589 2.121 -1.467 5.683 0.453 -3.256 -2.031 -1.06 -1.32 -0.846 0.975
145 V 0.254 -1.795 -1.313 -1.855 0.239 -1.763 -1.904 -1.684 -1.863 2.095 0.191 -1.52 0.288 -0.842 -2.504 0.868 0.108 -2.454 -1.448 3.202
146 S 1.054 -0.755 0.483 -0.263 0.058 -0.584 -0.569 -0.121 -0.474 -1.926 -2.343 -0.299 -1.201 -1.958 -1.49 3.311 0.997 -2.563 -1.77 -1.307
147 Y -1.827 -1.792 -2.14 -3.036 -1.766 -1.798 -2.378 -2.946 2.09 -0.818 -0.924 -1.887 -0.696 3.334 -3.347 -2.451 -2.104 2.294 6.685 -0.994
148 W -2.664 -2.397 -3.18 -3.634 -2.348 -2.838 -2.983 -2.38 -1.148 -1.868 -1.665 -2.805 -1.294 1.114 -5.422 -3.369 -2.709 10.625 2.155 -2.242
149 R 0.66 2.835 -0.759 -1.554 -0.363 -0.648 -1.258 -1.428 -0.946 0.226 -0.899 0.328 -0.513 -1.634 -2.169 -0.273 2.119 -2.274 -1.683 0.712
150 A 2.803 -1.089 -0.361 -0.868 0.367 -0.921 -0.904 0.121 -0.812 -1.355 -1.814 -0.557 -1.046 -1.911 -1.49 2.268 0.394 -2.51 -1.77 -0.529
151 T -0.127 -1.107 -0.153 -1.029 0.107 -1.117 -1.392 -1.343 -1.427 -0.238 -1.071 -0.805 -0.546 -1.595 -1.701 0.691 4.287 -2.199 -1.721 0.215
152 G -0.136 -2.244 -0.145 1.467 -1.468 -1.971 -1.705 5.405 -1.331 -3.152 -3.479 -1.528 -2.686 -2.727 -2.716 -1.009 -1.853 -2.592 -3.147 -2.879
153 G 0.075 -2.372 -0.454 -1.337 -1.335 -2.21 -2.636 5.823 -1.491 -3.23 -3.475 -1.665 -2.681 -2.693 -2.794 -1.017 -1.934 -2.454 -3.163 -2.879
154 I -1.239 -3.04 -3.238 -3.193 -0.106 -3.148 -3.601 -3.43 -2.747 4.422 1.59 -2.659 1.211 0.141 -3.48 -2.991 -1.013 -2.221 -1.299 3.026
155 R -1.548 5.537 -0.476 -1.578 -2.273 0.503 -0.575 -2.142 0.084 -2.626 -2.042 2.004 -1.238 -2.486 -2.718 -1.42 -1.468 -2.248 -1.786 -2.176
156 S 1.054 -0.755 0.483 -0.263 0.058 -0.584 -0.569 -0.121 -0.474 -1.926 -2.343 -0.299 -1.201 -1.958 -1.49 3.311 0.997 -2.563 -1.77 -1.307
157 I -1.391 -3.115 -3.277 -3.195 -0.165 -3.224 -3.701 -3.493 -2.725 4.558 1.662 -2.693 1.257 0.204 -3.519 -3.091 -1.089 -2.199 -1.299 2.846
158 S 1.054 -0.755 0.483 -0.263 0.058 -0.584 -0.569 -0.121 -0.474 -1.926 -2.343 -0.299 -1.201 -1.958 -1.49 3.311 0.997 -2.563 -1.77 -1.307
159 S 1.054 -0.755 0.483 -0.263 0.058 -0.584 -0.569 -0.121 -0.474 -1.926 -2.343 -0.299 -1.201 -1.958 -1.49 3.311 0.997 -2.563 -1.77 -1.307
160 L -1.555 -2.201 -3.377 -3.634 -0.165 -2.655 -3.32 -3.397 -2.328 1.991 4.061 -2.492 2.118 0.819 -3.619 -3.173 -1.595 -1.665 -1.07 1.092
161 L -1.796 -2.418 -3.199 -3.529 -0.518 -3.008 -3.378 -3.217 -1.744 1.521 3.289 -2.742 1.606 4.069 -3.874 -3.129 -1.835 -0.573 0.921 0.647
162 N -1.674 -0.429 5.673 1.267 -1.861 -0.541 -0.74 -0.169 0.954 -2.727 -3.166 -0.31 -2.176 -2.389 -2.602 -0.132 -0.466 -2.981 -2.083 -2.575
163 P -0.851 -2.028 -1.948 -1.578 -1.471 -1.947 -1.637 -1.867 -1.622 -2.332 -2.765 -1.078 -2.417 -3.35 6.677 -1.466 -1.363 -4.563 -2.65 -2.176
164 T -0.556 -0.863 3.183 -0.047 -0.412 -0.912 -1.158 -0.896 -0.4 -0.856 -1.616 -0.631 -0.994 -1.836 -1.971 0.441 3.383 -2.437 -1.837 -0.453
165 N -1.674 -0.429 5.673 1.267 -1.861 -0.541 -0.74 -0.169 0.954 -2.727 -3.166 -0.31 -2.176 -2.389 -2.602 -0.132 -0.466 -2.981 -2.083 -2.575
166 S 1.054 -0.755 0.483 -0.263 0.058 -0.584 -0.569 -0.121 -0.474 -1.926 -2.343 -0.299 -1.201 -1.958 -1.49 3.311 0.997 -2.563 -1.77 -1.307
167 G 0.075 -2.372 -0.454 -1.337 -1.335 -2.21 -2.636 5.823 -1.491 -3.23 -3.475 -1.665 -2.681 -2.693 -2.794 -1.017 -1.934 -2.454 -3.163 -2.879
168 A 2.989 -1.714 -2.14 -2.214 0.414 -1.711 -1.84 -0.443 -1.548 0.433 1.666 -1.311 0.489 -0.672 -2.041 -0.344 -0.773 -2.167 -1.517 0.484
169 Y -1.827 -1.792 -2.14 -3.036 -1.766 -1.798 -2.378 -2.946 2.09 -0.818 -0.924 -1.887 -0.696 3.334 -3.347 -2.451 -2.104 2.294 6.685 -0.994
170 S 2.368 -0.982 -0.074 -0.668 0.275 -0.813 -0.797 0.048 -0.704 -1.519 -1.967 -0.475 -1.093 -1.926 -1.49 2.631 0.593 -2.527 -1.77 -0.747
171 A 3.136 -1.761 -1.209 -1.575 0.139 -1.598 -1.69 3.412 -1.311 -1.444 -1.889 -1.106 -1.371 -2.114 -1.862 0.031 -0.855 -2.454 -2.164 -0.576
172 I 1.57 -2.47 -2.64 -2.607 0.139 -2.448 -2.67 -1.591 -2.135 3.602 0.963 -1.947 0.702 -0.336 -2.674 -1.395 -0.855 -2.282 -1.448 2.189
173 I -1.391 -3.115 -3.277 -3.195 -0.165 -3.224 -3.701 -3.493 -2.725 4.558 1.662 -2.693 1.257 0.204 -3.519 -3.091 -1.089 -2.199 -1.299 2.846
174 I -1.391 -3.115 -3.277 -3.195 -0.165 -3.224 -3.701 -3.493 -2.725 4.558 1.662 -2.693 1.257 0.204 -3.519 -3.091 -1.089 -2.199 -1.299 2.846
175 L -1.555 -2.201 -3.377 -3.634 -0.165 -2.655 -3.32 -3.397 -2.328 1.991 4.061 -2.492 2.118 0.819 -3.619 -3.173 -1.595 -1.665 -1.07 1.092
176 L -1.445 -2.777 -3.31 -3.334 -0.165 -3.021 -3.568 -3.461 -2.587 3.927 2.699 -2.625 1.573 0.423 -3.552 -3.118 -1.248 -2.01 -1.221 2.371
177 A 3.0 -1.943 -2.118 -2.119 0.414 -1.838 -1.912 -0.454 -1.644 2.162 0.036 -1.354 0.015 -0.999 -2.022 -0.334 -0.638 -2.367 -1.604 1.338
178 L -1.796 -2.418 -3.199 -3.529 -0.518 -3.008 -3.378 -3.217 -1.744 1.521 3.289 -2.742 1.606 4.069 -3.874 -3.129 -1.835 -0.573 0.921 0.647
179 A 2.445 -1.426 -0.753 -1.246 0.246 -1.285 -1.33 1.48 -1.159 -0.201 -1.277 -0.91 -0.792 -1.699 -1.814 1.479 0.012 -2.482 -1.817 0.769
180 T -0.49 -1.635 -0.872 -1.587 0.019 -1.664 -1.977 -1.899 -1.799 2.317 0.149 -1.308 0.187 -0.864 -2.19 -0.114 3.333 -2.199 -1.573 1.378
181 N -0.967 -0.944 4.671 0.63 -1.674 -0.998 -1.245 3.298 0.344 -2.885 -3.265 -0.695 -2.334 -2.486 -2.664 -0.398 -0.877 -2.794 -2.4 -2.672
182 I -1.391 -3.115 -3.277 -3.195 -0.165 -3.224 -3.701 -3.493 -2.725 4.558 1.662 -2.693 1.257 0.204 -3.519 -3.091 -1.089 -2.199 -1.299 2.846
183 R -1.414 3.831 3.13 -0.159 -2.067 0.27 -0.406 -1.178 0.339 -2.542 -2.422 2.348 -1.518 -2.523 -2.423 -0.819 -1.017 -2.545 -1.886 -2.264
184 N -0.467 0.611 3.63 0.345 -1.263 -0.034 -0.311 -0.499 0.254 -2.302 -2.617 2.275 -1.573 -2.402 -1.972 1.073 -0.176 -2.726 -1.905 -2.013
185 K -0.135 0.953 -0.272 -0.837 -0.869 0.039 -0.318 -1.073 -0.561 -0.974 -0.027 3.024 -0.415 -1.668 -1.839 1.131 -0.27 -2.411 -1.671 -1.086
186 F -1.993 -2.977 -3.003 -3.283 -0.92 -3.643 -3.563 -3.077 -1.345 2.463 0.971 -3.095 0.589 5.523 -4.113 -3.06 -1.885 0.132 2.063 1.072
187 K -1.038 1.462 -0.991 -1.382 -1.254 -0.053 -0.569 -1.94 -0.855 1.902 -0.305 3.381 -0.15 -1.425 -2.228 -1.481 -1.107 -2.425 -1.625 0.585
188 K -0.691 2.619 -0.273 -0.974 -1.149 0.223 -0.331 -1.482 -0.523 -1.421 -1.769 3.106 -0.989 -2.296 -1.865 -0.337 1.872 -2.378 -1.772 -1.088
189 L 0.778 -1.457 -1.048 -1.696 0.108 -1.53 -1.807 -1.377 -1.574 0.579 1.687 -1.228 0.574 -0.595 -2.153 0.226 2.511 -2.068 -1.497 0.446
190 L -1.555 -2.201 -3.377 -3.634 -0.165 -2.655 -3.32 -3.397 -2.328 1.991 4.061 -2.492 2.118 0.819 -3.619 -3.173 -1.595 -1.665 -1.07 1.092
191 F -0.733 -2.002 -1.287 -1.917 -0.822 -2.329 -2.166 -1.649 -0.715 -0.3 -0.134 -1.934 -0.206 5.442 -3.105 0.717 -0.782 0.08 2.018 -0.76
192 L -0.407 -2.31 -3.082 -3.313 0.114 -2.568 -3.016 -2.929 -2.548 2.473 2.817 -2.37 1.479 0.212 -3.296 -2.499 -0.953 -2.025 -1.202 2.949
193 L -0.884 -2.377 -2.039 -2.602 -0.504 -2.572 -3.123 2.879 -2.071 1.793 2.623 -2.215 1.054 -0.062 -3.303 -2.255 -1.62 -1.984 -1.654 0.706
194 L -1.24 -1.641 -2.671 -3.073 -0.176 -1.505 -2.651 -2.84 -1.365 1.729 2.921 -1.77 4.904 0.58 -3.372 -2.363 -1.228 -1.431 -0.919 1.015
195 P -0.068 -1.539 -0.895 -1.07 -0.867 -1.418 -1.235 -1.161 -1.187 -2.19 -2.617 -0.795 -1.953 -2.808 5.591 1.075 -0.347 -3.733 -2.326 -1.856
196 L -0.735 -1.297 -1.431 -2.097 -0.083 -1.083 -2.004 -2.116 -1.123 1.098 1.392 -1.229 4.675 -0.082 -2.64 -0.817 1.904 -1.585 -1.11 0.743
197 I -1.676 -3.045 -3.136 -3.239 -0.518 -3.426 -3.631 -3.277 -1.953 3.697 1.337 -2.887 0.942 3.947 -3.8 -3.075 -1.46 -0.804 0.846 2.093
198 T -0.127 -1.107 -0.153 -1.029 0.107 -1.117 -1.392 -1.343 -1.427 -0.238 -1.071 -0.805 -0.546 -1.595 -1.701 0.691 4.287 -2.199 -1.721 0.215
199 L -1.555 -2.201 -3.377 -3.634 -0.165 -2.655 -3.32 -3.397 -2.328 1.991 4.061 -2.492 2.118 0.819 -3.619 -3.173 -1.595 -1.665 -1.07 1.092
200 I -0.958 -2.895 -3.162 -3.19 0.008 -3.001 -3.412 -3.308 -2.792 4.13 1.439 -2.593 1.118 0.012 -3.404 -2.802 -0.866 -2.265 -1.299 3.355
201 S 2.368 -0.982 -0.074 -0.668 0.275 -0.813 -0.797 0.048 -0.704 -1.519 -1.967 -0.475 -1.093 -1.926 -1.49 2.631 0.593 -2.527 -1.77 -0.747
202 S 1.054 -0.755 0.483 -0.263 0.058 -0.584 -0.569 -0.121 -0.474 -1.926 -2.343 -0.299 -1.201 -1.958 -1.49 3.311 0.997 -2.563 -1.77 -1.307
203 G 0.075 -2.372 -0.454 -1.337 -1.335 -2.21 -2.636 5.823 -1.491 -3.23 -3.475 -1.665 -2.681 -2.693 -2.794 -1.017 -1.934 -2.454 -3.163 -2.879
204 S 1.054 -0.755 0.483 -0.263 0.058 -0.584 -0.569 -0.121 -0.474 -1.926 -2.343 -0.299 -1.201 -1.958 -1.49 3.311 0.997 -2.563 -1.77 -1.307
205 R -1.548 5.537 -0.476 -1.578 -2.273 0.503 -0.575 -2.142 0.084 -2.626 -2.042 2.004 -1.238 -2.486 -2.718 -1.42 -1.468 -2.248 -1.786 -2.176
206 T -0.127 -1.107 -0.153 -1.029 0.107 -1.117 -1.392 -1.343 -1.427 -0.238 -1.071 -0.805 -0.546 -1.595 -1.701 0.691 4.287 -2.199 -1.721 0.215
207 A 3.952 -1.498 -1.676 -1.702 0.665 -1.334 -1.313 0.359 -1.225 -0.845 -1.336 -0.863 -0.888 -1.863 -1.49 0.44 -0.436 -2.454 -1.77 0.124
208 W -2.664 -2.397 -3.18 -3.634 -2.348 -2.838 -2.983 -2.38 -1.148 -1.868 -1.665 -2.805 -1.294 1.114 -5.422 -3.369 -2.709 10.625 2.155 -2.242
209 L -1.051 -2.297 -3.225 -3.474 0.008 -2.637 -3.176 -3.247 -2.515 2.374 3.341 -2.462 1.746 0.463 -3.467 -2.851 -1.167 -1.89 -1.145 2.507
210 S 1.054 -0.755 0.483 -0.263 0.058 -0.584 -0.569 -0.121 -0.474 -1.926 -2.343 -0.299 -1.201 -1.958 -1.49 3.311 0.997 -2.563 -1.77 -1.307
211 L -1.555 -2.201 -3.377 -3.634 -0.165 -2.655 -3.32 -3.397 -2.328 1.991 4.061 -2.492 2.118 0.819 -3.619 -3.173 -1.595 -1.665 -1.07 1.092
212 A 2.453 -2.028 -1.78 -2.083 -0.141 -2.104 -2.072 1.735 -1.128 -0.642 -0.738 -1.606 -0.661 3.649 -2.391 -0.558 -1.167 -0.907 0.635 -0.388
213 L -1.428 -2.327 -3.173 -3.353 -0.167 -2.516 -3.272 -3.294 -2.201 3.081 3.189 -2.377 2.82 0.573 -3.529 -2.946 -1.336 -1.775 -1.11 1.788
214 T -0.49 -1.635 -0.872 -1.587 0.019 -1.664 -1.977 -1.899 -1.799 2.317 0.149 -1.308 0.187 -0.864 -2.19 -0.114 3.333 -2.199 -1.573 1.378
215 L -1.796 -2.418 -3.199 -3.529 -0.518 -3.008 -3.378 -3.217 -1.744 1.521 3.289 -2.742 1.606 4.069 -3.874 -3.129 -1.835 -0.573 0.921 0.647
216 L -1.796 -2.418 -3.199 -3.529 -0.518 -3.008 -3.378 -3.217 -1.744 1.521 3.289 -2.742 1.606 4.069 -3.874 -3.129 -1.835 -0.573 0.921 0.647
217 L -1.555 -2.201 -3.377 -3.634 -0.165 -2.655 -3.32 -3.397 -2.328 1.991 4.061 -2.492 2.118 0.819 -3.619 -3.173 -1.595 -1.665 -1.07 1.092
218 T 0.323 -0.985 0.075 -0.75 0.091 -0.928 -1.091 -0.876 -1.073 -0.699 -1.436 -0.627 -0.748 -1.711 -1.629 1.848 3.545 -2.315 -1.737 -0.209
219 V -0.621 -2.397 -3.081 -3.323 0.171 -2.619 -3.039 -3.105 -2.715 2.712 2.381 -2.432 1.319 0.058 -3.323 -2.561 -0.795 -2.135 -1.221 3.452
220 L -1.541 -2.464 -3.135 -3.459 -0.43 -2.999 -3.311 -3.154 -1.81 1.728 2.894 -2.728 1.415 4.021 -3.799 -2.984 -1.621 -0.639 0.904 1.466
221 L -1.393 -1.907 -3.003 -3.34 -0.171 -2.023 -2.966 -3.105 -1.807 1.863 3.547 -2.108 3.835 0.702 -3.493 -2.74 -1.405 -1.545 -0.994 1.053
222 N -1.352 2.197 4.093 0.399 -1.962 0.127 -0.329 -0.762 0.476 -2.502 -2.653 2.481 -1.686 -2.54 -2.285 -0.537 -0.798 -2.72 -1.942 -2.317
223 D -1.791 -1.602 1.185 5.854 -2.387 -0.886 1.036 -1.138 -0.55 -2.74 -3.506 -0.844 -2.712 -2.934 -2.304 -0.966 -1.427 -3.545 -3.058 -2.879
224 K -0.471 1.761 -0.149 -0.647 -1.578 0.967 0.236 -1.141 -0.243 -2.109 -2.258 4.072 -1.198 -2.68 -1.685 0.255 -0.67 -2.549 -1.778 -1.889
225 A 3.952 -1.498 -1.676 -1.702 0.665 -1.334 -1.313 0.359 -1.225 -0.845 -1.336 -0.863 -0.888 -1.863 -1.49 0.44 -0.436 -2.454 -1.77 0.124
226 S 1.054 -0.755 0.483 -0.263 0.058 -0.584 -0.569 -0.121 -0.474 -1.926 -2.343 -0.299 -1.201 -1.958 -1.49 3.311 0.997 -2.563 -1.77 -1.307
227 L -1.067 -0.638 -1.484 -1.767 -0.636 2.268 -0.683 -2.332 -0.615 2.279 1.0 -0.464 3.325 -0.475 -2.843 -1.628 -0.523 -1.875 -1.154 1.132
228 R -1.59 4.544 3.118 -0.295 -2.129 0.195 -0.629 -1.326 0.404 -2.659 -2.37 1.418 -1.518 -2.453 -2.679 -0.924 -1.094 -2.472 -1.882 -2.303
229 L -1.499 -2.474 -3.343 -3.48 -0.165 -2.832 -3.441 -3.429 -2.454 3.119 3.459 -2.558 1.859 0.628 -3.585 -3.145 -1.416 -1.832 -1.145 1.801
230 R -1.548 5.537 -0.476 -1.578 -2.273 0.503 -0.575 -2.142 0.084 -2.626 -2.042 2.004 -1.238 -2.486 -2.718 -1.42 -1.468 -2.248 -1.786 -2.176
231 K -0.502 1.202 -0.339 -0.923 -1.756 0.092 -0.391 3.096 -0.613 -2.458 -2.607 3.521 -1.644 -2.777 -2.022 -0.935 -1.349 -2.527 -2.189 -2.274
232 K -1.133 1.264 -0.779 -1.32 -1.915 0.158 -0.35 -1.796 0.752 -1.627 -1.74 3.509 -1.046 0.778 -2.153 -1.327 -1.395 0.036 3.805 -1.632
233 I -1.391 -3.115 -3.277 -3.195 -0.165 -3.224 -3.701 -3.493 -2.725 4.558 1.662 -2.693 1.257 0.204 -3.519 -3.091 -1.089 -2.199 -1.299 2.846
234 L -1.396 -2.235 -2.752 -2.741 -0.711 -2.538 -2.664 -2.726 -1.821 0.854 2.556 -2.03 0.935 2.302 3.657 -2.47 -1.617 -1.684 -0.311 0.106
235 A 2.298 -1.862 -1.745 -2.069 0.022 -1.967 -1.945 -0.739 -1.166 -0.1 -0.436 -1.519 -0.364 3.681 -2.286 -0.363 0.634 -0.883 0.717 0.268
236 L -1.416 -2.617 -3.311 -3.398 -0.145 -2.912 -3.48 -3.426 -2.534 3.533 3.047 -2.584 1.691 0.498 -3.553 -3.096 -1.294 -1.936 -1.187 2.209
237 A 2.94 -1.897 -2.023 -2.149 0.129 -1.961 -1.875 -0.377 -1.092 -0.427 -0.562 -1.475 -0.483 3.665 -2.186 -0.328 -0.952 -0.907 0.705 -0.075
238 G 0.145 -2.105 -0.875 -1.611 -0.466 -2.015 -2.296 4.115 -1.695 0.509 -1.106 -1.624 -0.85 -1.632 -2.674 -0.054 -0.799 -2.453 -2.203 1.524
239 L -1.004 -2.581 -3.193 -3.329 0.008 -2.813 -3.291 -3.277 -2.65 3.383 2.544 -2.527 1.449 0.247 -3.435 -2.826 -1.013 -2.071 -1.221 2.962
240 G 0.075 -2.372 -0.454 -1.337 -1.335 -2.21 -2.636 5.823 -1.491 -3.23 -3.475 -1.665 -2.681 -2.693 -2.794 -1.017 -1.934 -2.454 -3.163 -2.879
241 A 2.511 -1.872 -1.791 -1.992 0.331 -1.798 -1.927 -0.718 -1.678 2.197 0.062 -1.344 0.055 -0.969 -2.058 -0.283 0.82 -2.329 -1.597 1.347
242 I -1.456 -2.948 -3.087 -3.236 -0.43 -3.318 -3.502 -3.2 -1.976 3.448 1.228 -2.839 0.874 3.925 -3.743 -2.944 -1.345 -0.822 0.846 2.398
243 C -0.965 -3.198 -2.944 -3.398 8.555 -3.602 -3.784 -2.396 -2.073 -0.369 -0.427 -3.19 -0.6 3.648 -3.578 -2.071 -1.641 -1.191 0.447 -0.456
244 G -0.373 -2.314 -1.143 -1.92 -0.89 -2.351 -2.847 4.711 -1.744 -0.362 1.286 -1.915 -0.124 -1.009 -3.043 -1.573 -1.816 -2.167 -2.286 -0.899
245 V 0.512 -2.439 -2.709 -2.965 -0.098 -2.714 -2.787 -2.156 -1.795 1.88 0.785 -2.366 0.48 3.819 -3.203 -1.898 -1.012 -0.872 0.82 2.672
246 L -1.252 -2.523 -3.057 -3.374 -0.323 -2.988 -3.231 -3.077 -1.895 1.967 2.308 -2.709 1.156 3.959 -3.708 -2.812 -1.373 -0.725 0.884 2.243
247 Y -1.482 -0.543 -1.293 -1.855 -1.818 2.275 -0.538 -2.377 1.71 -1.222 -1.242 -0.458 -0.6 2.322 -2.897 -1.776 -1.683 1.413 5.604 -1.239
248 A 2.623 -1.817 -2.277 -2.372 0.375 -1.844 -2.008 -0.748 -1.713 0.961 1.798 -1.47 0.645 -0.537 -2.219 -0.614 -0.777 -2.161 -1.466 1.24
249 L 0.267 -2.348 -2.948 -3.108 0.143 -2.526 -2.902 -2.515 -2.458 2.785 2.35 -2.251 1.257 0.037 -3.111 -2.149 -0.886 -2.112 -1.268 2.891
250 F -1.299 -2.72 -1.827 -2.503 -1.37 -3.209 -3.18 2.922 -1.043 -0.507 -0.282 -2.657 -0.493 5.425 -3.793 -2.201 -2.227 0.095 1.917 -1.116
251 Y -1.827 -1.792 -2.14 -3.036 -1.766 -1.798 -2.378 -2.946 2.09 -0.818 -0.924 -1.887 -0.696 3.334 -3.347 -2.451 -2.104 2.294 6.685 -0.994
252 G -0.65 -1.687 -1.584 -2.241 -0.518 -1.399 -2.454 2.949 -1.142 0.678 1.151 -1.531 4.591 -0.268 -3.094 -1.652 -1.323 -1.651 -1.433 0.162
253 S 0.112 -1.551 0.731 -0.932 -0.302 -1.463 -1.602 1.548 -1.037 1.887 -0.437 -1.107 -0.298 -1.139 -2.304 1.513 -0.014 -2.449 -1.785 0.67
254 S 0.885 -1.257 -0.352 -1.004 0.174 -1.143 -1.19 -0.773 -1.116 0.754 -0.78 -0.869 -0.353 -1.343 -1.952 2.245 0.538 -2.504 -1.604 1.775
255 I -1.333 -3.01 -3.075 -3.078 -0.154 -3.111 -3.573 -3.377 -2.665 4.471 1.596 -2.596 1.207 0.154 -3.427 -2.815 -0.559 -2.199 -1.314 2.781
256 S 0.396 -0.642 3.328 0.342 -0.451 -0.57 -0.625 -0.137 0.084 -2.169 -2.592 -0.303 -1.491 -2.094 -1.815 2.549 0.586 -2.696 -1.871 -1.671
257 G -0.299 -1.451 3.146 -0.125 -1.362 -1.415 -1.691 4.552 -0.368 -2.94 -3.271 -1.034 -2.371 -2.528 -2.611 -0.093 -1.064 -2.628 -2.643 -2.628
258 D -1.75 -1.561 1.226 5.792 -2.345 -0.845 1.077 -1.096 -0.509 -2.698 -3.464 -0.802 -2.67 -2.892 -2.262 -0.925 -1.386 -3.504 -3.016 -2.837
259 I -1.391 -3.115 -3.277 -3.195 -0.165 -3.224 -3.701 -3.493 -2.725 4.558 1.662 -2.693 1.257 0.204 -3.519 -3.091 -1.089 -2.199 -1.299 2.846
260 E -0.914 0.504 -0.223 0.682 -2.155 3.72 3.309 -1.71 0.58 -2.495 -2.326 0.958 -0.99 -2.799 -2.032 -0.786 -1.142 -2.295 -1.582 -1.963
261 S 0.396 -0.642 3.328 0.342 -0.451 -0.57 -0.625 -0.137 0.084 -2.169 -2.592 -0.303 -1.491 -2.094 -1.815 2.549 0.586 -2.696 -1.871 -1.671
262 Q -0.897 0.993 -0.107 -0.371 -1.925 4.933 1.378 -1.493 0.755 -2.255 -2.005 1.207 -0.417 -2.973 -2.165 -0.769 -0.989 -2.199 -1.299 -1.801
263 Y -1.787 -1.182 -0.9 -2.094 -1.968 -1.089 -1.542 -2.425 5.725 -1.376 -1.441 -1.426 -0.898 2.37 -3.117 -2.103 -2.154 1.387 5.632 -1.597
264 R -1.548 5.537 -0.476 -1.578 -2.273 0.503 -0.575 -2.142 0.084 -2.626 -2.042 2.004 -1.238 -2.486 -2.718 -1.42 -1.468 -2.248 -1.786 -2.176
265 G 0.075 -2.372 -0.454 -1.337 -1.335 -2.21 -2.636 5.823 -1.491 -3.23 -3.475 -1.665 -2.681 -2.693 -2.794 -1.017 -1.934 -2.454 -3.163 -2.879
266 L -1.555 -2.201 -3.377 -3.634 -0.165 -2.655 -3.32 -3.397 -2.328 1.991 4.061 -2.492 2.118 0.819 -3.619 -3.173 -1.595 -1.665 -1.07 1.092
267 D -1.763 -1.296 2.928 5.29 -2.26 -0.804 0.727 -0.891 -0.14 -2.735 -3.425 -0.715 -2.582 -2.802 -2.366 -0.758 -1.182 -3.408 -2.809 -2.807
268 I -0.732 -1.997 -1.423 -1.95 -0.096 -2.035 -2.338 -2.257 -2.015 3.03 0.569 -1.615 0.442 -0.608 -0.13 -0.755 2.451 -2.288 -1.542 1.77
269 Y -1.825 -1.79 -2.138 -3.035 -1.764 -1.796 -2.376 -2.945 2.092 -0.816 -0.923 -1.886 -0.695 3.336 -3.346 -2.45 -2.102 2.296 6.682 -0.992
270 T -0.125 -1.105 -0.152 -1.027 0.109 -1.116 -1.391 -1.342 -1.426 -0.237 -1.07 -0.804 -0.545 -1.593 -1.7 0.692 4.283 -2.197 -1.719 0.217
271 A 3.948 -1.496 -1.675 -1.7 0.667 -1.333 -1.311 0.361 -1.224 -0.843 -1.334 -0.861 -0.886 -1.861 -1.488 0.442 -0.435 -2.453 -1.768 0.126
272 D -0.03 -1.146 0.857 4.179 -0.911 -0.73 0.345 -0.583 -0.511 -2.302 -2.864 -0.557 -1.857 -2.403 -1.866 1.898 0.034 -3.011 -2.341 -1.985
273 I -1.39 -3.113 -3.275 -3.193 -0.163 -3.222 -3.699 -3.492 -2.724 4.554 1.664 -2.691 1.258 0.205 -3.517 -3.089 -1.087 -2.197 -1.298 2.847
274 R -1.547 5.534 -0.475 -1.576 -2.272 0.505 -0.573 -2.141 0.086 -2.624 -2.041 2.006 -1.236 -2.485 -2.717 -1.419 -1.467 -2.247 -1.785 -2.174
275 V -0.299 -2.53 -2.96 -3.178 0.302 -2.631 -2.945 -2.995 -2.916 3.127 0.978 -2.416 0.845 -0.373 -3.202 -2.336 -0.495 -2.388 -1.298 4.099
276 E -0.913 0.485 -0.226 0.718 -2.163 3.657 3.36 -1.717 0.574 -2.503 -2.338 0.949 -1.013 -2.791 -2.026 -0.785 -1.146 -2.297 -1.592 -1.968
277 N -1.673 -0.428 5.67 1.269 -1.859 -0.539 -0.738 -0.167 0.956 -2.725 -3.164 -0.308 -2.174 -2.387 -2.6 -0.131 -0.464 -2.979 -2.081 -2.573
278 F -2.347 -2.909 -2.873 -3.327 -1.387 -3.877 -3.495 -2.887 -0.841 0.264 0.552 -3.317 0.189 6.534 -4.461 -3.043 -2.383 0.839 2.918 -0.52
279 I -1.408 -2.766 -3.239 -3.263 -0.164 -2.92 -3.52 -3.413 -2.505 4.029 2.414 -2.563 1.967 0.367 -3.524 -3.036 -1.191 -2.016 -1.219 2.453
280 Y -0.749 -1.404 -0.925 -1.796 -0.682 -1.4 -1.78 -1.928 0.867 -0.591 -1.051 -1.258 -0.652 1.81 -2.391 -0.137 2.379 0.841 4.834 -0.405
281 Y -1.825 -1.79 -2.138 -3.035 -1.764 -1.796 -2.376 -2.945 2.092 -0.816 -0.923 -1.886 -0.695 3.336 -3.346 -2.45 -2.102 2.296 6.682 -0.992
282 I -1.39 -2.652 -3.181 -3.241 -0.165 -2.764 -3.433 -3.356 -2.384 3.903 2.435 -2.483 2.389 0.381 -3.509 -2.967 -1.189 -1.963 -1.192 2.364
283 N 0.002 -0.586 4.112 0.604 -0.743 -0.561 -0.652 -0.143 0.329 -2.297 -2.723 -0.303 -1.646 -2.163 -1.991 2.072 0.359 -2.763 -1.921 -1.87
284 S 0.646 -1.018 -0.032 -0.741 0.012 -0.931 -0.991 -0.591 -0.794 -0.495 0.65 -0.661 -0.069 -1.07 -1.844 2.667 0.591 -2.337 -1.598 -0.575
285 L -1.166 -2.495 -3.246 -3.401 -0.047 -2.788 -3.319 -3.32 -2.559 3.147 3.014 -2.524 1.643 0.417 -3.488 -2.931 -1.166 -1.958 -1.181 2.544
286 D -1.79 -1.601 1.186 5.852 -2.385 -0.885 1.037 -1.136 -0.549 -2.738 -3.504 -0.842 -2.71 -2.932 -2.302 -0.965 -1.425 -3.544 -3.056 -2.877
287 L -1.546 -2.702 -3.266 -3.372 -0.276 -3.048 -3.523 -3.381 -2.296 3.463 2.77 -2.673 1.536 2.173 -3.648 -3.116 -1.4 -1.471 -0.327 2.003
288 D -1.535 -1.397 2.821 4.899 2.059 -0.958 0.437 0.284 -0.26 -2.604 -3.224 -0.839 -2.468 -2.734 -2.437 -0.793 -1.201 -3.323 -2.801 -2.604
289 L -1.314 -1.77 -2.831 -3.202 -0.172 -1.75 -2.803 -2.968 -1.576 1.798 3.25 -1.933 4.413 0.643 -3.43 -2.544 -1.314 -1.486 -0.955 1.036
290 L -1.553 -2.199 -3.375 -3.633 -0.163 -2.653 -3.318 -3.395 -2.326 1.992 4.058 -2.491 2.12 0.82 -3.617 -3.171 -1.593 -1.663 -1.069 1.093
291 L -1.632 -2.27 -3.315 -3.597 -0.276 -2.766 -3.337 -3.334 -2.118 1.844 3.823 -2.572 1.959 2.341 -3.7 -3.157 -1.671 -1.251 -0.243 0.952
292 P -0.849 -2.026 -1.946 -1.576 -1.47 -1.946 -1.635 -1.865 -1.62 -2.33 -2.763 -1.077 -2.416 -3.348 6.676 -1.465 -1.361 -4.562 -2.648 -2.174
293 D -1.79 -1.601 1.186 5.852 -2.385 -0.885 1.037 -1.136 -0.549 -2.738 -3.504 -0.842 -2.71 -2.932 -2.302 -0.965 -1.425 -3.544 -3.056 -2.877
294 F -2.347 -2.909 -2.873 -3.327 -1.387 -3.877 -3.495 -2.887 -0.841 0.264 0.552 -3.317 0.189 6.534 -4.461 -3.043 -2.383 0.839 2.918 -0.52
295 L -0.781 -1.629 -1.32 -2.035 -0.077 -1.824 -2.203 -2.169 -1.751 0.987 2.309 -1.554 0.971 0.998 -2.53 -0.633 2.628 -1.686 -0.888 0.608
296 D -1.79 -1.601 1.186 5.852 -2.385 -0.885 1.037 -1.136 -0.549 -2.738 -3.504 -0.842 -2.71 -2.932 -2.302 -0.965 -1.425 -3.544 -3.056 -2.877
297 K -0.839 2.081 -0.281 -0.735 -1.99 0.794 0.301 -1.355 -0.256 -2.136 -2.253 4.522 -1.236 -2.818 -1.7 -0.894 -1.095 -2.562 -1.801 -2.012
298 R -1.609 3.878 3.994 0.183 -2.058 0.03 -0.654 -0.988 0.553 -2.674 -2.548 1.075 -1.667 -2.435 -2.658 -0.703 -0.922 -2.59 -1.929 -2.367
299 I -1.39 -3.113 -3.275 -3.193 -0.163 -3.222 -3.699 -3.492 -2.724 4.554 1.664 -2.691 1.258 0.205 -3.517 -3.089 -1.087 -2.197 -1.298 2.847
300 K -1.212 1.033 3.73 0.264 -1.796 0.128 -0.258 -0.835 0.27 -1.11 -2.14 2.99 -1.375 -2.354 -2.152 -0.606 -0.797 -2.717 -1.891 -1.571
301 L -1.923 -2.532 -3.113 -3.476 -0.711 -3.201 -3.405 -3.13 -1.489 1.256 2.808 -2.874 1.313 4.907 -4.008 -3.106 -1.961 -0.149 1.565 0.398
302 I -1.39 -3.113 -3.275 -3.193 -0.163 -3.222 -3.699 -3.492 -2.724 4.554 1.664 -2.691 1.258 0.205 -3.517 -3.089 -1.087 -2.197 -1.298 2.847
303 S 0.242 0.251 0.204 -0.315 -0.765 3.326 0.567 -0.724 0.207 -2.084 -2.167 0.553 -0.781 -2.419 -1.806 1.935 0.173 -2.374 -1.523 -1.542
304 D -1.79 -1.601 1.186 5.852 -2.385 -0.885 1.037 -1.136 -0.549 -2.738 -3.504 -0.842 -2.71 -2.932 -2.302 -0.965 -1.425 -3.544 -3.056 -2.877
305 N -1.431 -0.445 5.533 1.202 -1.711 -0.542 -0.728 -0.165 0.892 -2.674 -3.112 -0.308 -2.11 -2.361 -2.526 0.215 -0.36 -2.954 -2.063 -2.486
306 F -1.11 -2.697 -2.907 -3.251 -0.404 -3.168 -3.186 -2.927 -1.7 1.957 0.749 -2.823 0.521 4.783 -3.752 -2.646 -1.267 -0.348 1.52 2.679
307 Y -1.825 -1.79 -2.138 -3.035 -1.764 -1.796 -2.376 -2.945 2.092 -0.816 -0.923 -1.886 -0.695 3.336 -3.346 -2.45 -2.102 2.296 6.682 -0.992
308 L -1.553 -2.199 -3.375 -3.633 -0.163 -2.653 -3.318 -3.395 -2.326 1.992 4.058 -2.491 2.12 0.82 -3.617 -3.171 -1.593 -1.663 -1.069 1.093
309 V -0.246 -2.499 -2.942 -3.177 0.327 -2.6 -2.906 -2.968 -2.928 3.017 0.933 -2.401 0.819 -0.411 -3.184 -2.297 -0.464 -2.4 -1.298 4.159
310 L -1.364 -2.391 -3.074 -3.22 -0.167 -2.448 -3.247 -3.242 -2.137 3.5 2.629 -2.319 3.112 0.443 -3.484 -2.838 -1.213 -1.831 -1.128 2.084
311 L -1.712 -2.342 -3.256 -3.562 -0.394 -2.884 -3.357 -3.274 -1.924 1.688 3.568 -2.655 1.789 3.332 -3.785 -3.142 -1.751 -0.891 0.398 0.805
312 N -1.673 -0.428 5.67 1.269 -1.859 -0.539 -0.738 -0.167 0.956 -2.725 -3.164 -0.308 -2.174 -2.387 -2.6 -0.131 -0.464 -2.979 -2.081 -2.573
313 Y -1.436 -1.586 -2.253 -2.929 -0.865 -1.407 -2.371 -2.765 0.947 0.631 0.984 -1.668 3.976 2.241 -3.3 -2.232 -1.533 1.021 4.887 0.157
314 F 0.569 -2.53 -2.56 -2.878 -0.788 -3.088 -2.848 -1.79 -0.922 0.052 0.227 -2.564 -0.018 5.854 -3.489 -1.832 -1.823 0.366 2.351 -0.364
315 G 0.077 -2.37 -0.453 -1.335 -1.333 -2.208 -2.635 5.821 -1.489 -3.228 -3.473 -1.663 -2.68 -2.691 -2.792 -1.015 -1.932 -2.453 -3.161 -2.877
316 L -1.507 -2.425 -3.347 -3.504 -0.163 -2.8 -3.419 -3.422 -2.431 2.957 3.567 -2.545 1.905 0.662 -3.589 -3.148 -1.444 -1.802 -1.131 1.696
317 V -0.7 -2.756 -3.085 -3.184 0.12 -2.86 -3.232 -3.189 -2.835 3.802 1.281 -2.526 1.023 -0.121 -3.327 -2.622 -0.725 -2.308 -1.298 3.648
318 G 0.077 -2.37 -0.453 -1.335 -1.333 -2.208 -2.635 5.821 -1.489 -3.228 -3.473 -1.663 -2.68 -2.691 -2.792 -1.015 -1.932 -2.453 -3.161 -2.877
319 F -1.988 -2.852 -2.673 -3.164 -1.257 -3.67 -3.404 -0.775 -0.958 0.404 0.452 -3.139 0.126 6.218 -4.254 -2.84 -2.21 0.613 2.641 -0.007
320 V -1.008 -2.364 -2.681 -3.169 -0.475 -2.572 -2.863 -2.943 -0.238 1.814 0.432 -2.419 0.326 3.578 -3.471 -2.491 -1.212 0.354 3.809 2.639
321 F -1.829 -3.009 -3.067 -3.259 -0.711 -3.531 -3.595 -3.174 -1.631 3.142 1.161 -2.987 0.773 4.839 -3.951 -3.066 -1.663 -0.297 1.52 1.629
322 L -0.965 -2.358 -3.194 -3.422 0.038 -2.661 -3.17 -3.226 -2.568 2.625 3.076 -2.466 1.632 0.366 -3.436 -2.795 -1.075 -1.958 -1.168 2.761
323 F -2.104 -2.694 -3.004 -3.409 -0.992 -3.482 -3.445 -3.02 -1.183 0.856 2.012 -3.063 0.866 5.745 -4.201 -3.078 -2.141 0.332 2.245 0.025
324 F -2.057 -2.652 -3.031 -3.425 -0.919 -3.409 -3.435 -3.047 -1.256 0.961 2.232 -3.014 0.984 5.557 -4.151 -3.085 -2.095 0.219 2.09 0.123
325 C -0.7 -2.902 -2.693 -3.009 7.787 -2.938 -3.419 -2.455 -2.523 2.522 0.471 -2.602 0.925 -0.802 -3.2 -1.405 -1.032 -2.63 -1.952 1.335
326 L 0.171 -1.308 -0.66 -1.315 -0.036 -1.326 -1.487 -1.153 -1.154 0.459 2.084 -1.075 0.743 -0.392 -2.248 1.84 0.118 -2.126 -1.435 0.009
327 L -1.205 -2.013 -2.944 -3.241 -0.108 -2.061 -2.955 -3.065 -1.889 2.428 3.032 -2.115 3.714 0.519 -3.43 -2.633 -1.208 -1.666 -1.039 1.828
328 L -1.552 -2.197 -3.374 -3.631 -0.161 -2.651 -3.317 -3.394 -2.325 1.994 4.056 -2.489 2.121 0.822 -3.616 -3.169 -1.592 -1.662 -1.067 1.095
329 L -1.923 -2.532 -3.113 -3.476 -0.711 -3.201 -3.405 -3.13 -1.489 1.256 2.808 -2.874 1.313 4.907 -4.008 -3.106 -1.961 -0.149 1.565 0.398
330 I -1.625 -3.055 -3.158 -3.23 -0.454 -3.39 -3.641 -3.311 -2.067 3.856 1.396 -2.852 0.999 3.573 -3.75 -3.076 -1.393 -0.993 0.584 2.235
331 F -2.192 -2.552 -2.649 -3.243 -1.487 -3.134 -3.138 -2.903 0.309 0.002 0.212 -2.843 -0.031 5.94 -4.106 -2.866 -2.302 1.323 4.526 -0.644
332 L -1.748 -2.196 -2.99 -3.478 2.391 -2.514 -3.036 -2.965 -0.464 0.81 2.484 -2.439 0.965 1.573 -3.836 -2.933 -1.903 6.531 3.252 0.108
333 H -1.703 -0.452 3.881 1.109 -2.122 -0.37 -0.495 -0.895 6.249 -2.7 -2.889 -0.563 -1.712 -1.548 -2.662 -0.821 -1.277 -2.146 0.333 -2.818
334 V -0.021 -2.408 -2.855 -3.036 0.192 -2.417 -2.876 -2.696 -2.479 3.218 1.183 -2.232 1.986 -0.216 -3.134 -2.169 -0.653 -2.216 -1.268 3.525
335 K -0.867 1.588 -0.192 -0.546 -1.957 3.545 0.89 -1.422 0.295 -2.194 -2.126 3.317 -0.797 -2.894 -1.922 -0.83 -1.041 -2.374 -1.539 -1.904
336 S 0.082 -1.481 -0.529 -1.2 -0.238 -1.49 -1.514 -1.109 -0.935 0.992 -0.42 -1.151 -0.25 2.797 -2.261 1.772 0.988 -1.321 0.139 0.197
337 Y -1.29 0.751 -1.063 -1.661 -1.875 -0.22 -0.738 -2.042 1.151 -1.401 -1.512 2.82 -0.953 1.659 -2.407 -1.568 -1.555 0.787 4.83 -1.457
338 L -1.217 -1.811 -1.396 1.324 -0.581 -1.489 -1.635 -0.573 -0.916 2.098 1.256 -1.607 4.034 0.229 -3.104 -1.967 -1.217 -1.398 0.413 1.01
339 F -2.017 -1.369 -0.76 -1.917 -1.827 -1.471 -1.635 -2.239 6.151 -0.846 -0.615 -1.777 -0.451 4.748 -3.488 -2.227 -2.31 -0.089 2.355 -1.516
340 W -2.14 -1.393 3.272 1.338 -2.151 -1.516 -1.296 -1.194 -0.089 -2.265 -2.344 -1.371 -1.746 -0.159 -3.629 -1.441 -1.5 8.648 0.72 -2.432
341 R -1.251 4.031 -0.288 0.777 -2.27 0.75 2.009 -1.884 0.086 -2.583 -2.319 2.265 -1.442 -2.599 -2.262 -1.121 -1.357 -2.4 -1.883 -2.173
342 K -1.09 0.733 0.911 -1.12 -1.086 -0.31 -0.783 -1.783 -0.736 1.015 1.067 2.821 0.241 -1.031 -2.387 -1.425 -1.078 -2.328 -1.564 0.408
343 I -1.362 -3.086 -3.248 -3.166 -0.136 -3.195 -3.672 -3.465 -2.697 4.483 1.691 -2.664 1.286 0.232 -3.49 -3.062 -1.06 -2.17 -1.271 2.875
344 D -1.763 -1.574 1.213 5.811 -2.358 -0.858 1.065 -1.109 -0.522 -2.711 -3.477 -0.815 -2.683 -2.905 -2.275 -0.938 -1.398 -3.517 -3.029 -2.85
345 P -1.044 -2.123 -2.358 -2.211 -0.748 -2.004 -2.249 -2.401 -1.718 1.934 0.404 -1.536 2.32 -0.968 4.762 -1.964 -1.214 -2.843 -1.764 0.74
346 S 1.606 -1.059 1.067 2.471 -0.25 -0.799 -0.262 -0.197 -0.534 -1.831 -2.326 -0.532 -1.443 -2.147 -1.705 2.062 0.224 -2.75 -2.027 -1.221
347 E -0.885 1.181 -0.316 0.597 -2.199 1.076 3.124 -1.643 0.079 -2.438 -2.475 3.195 -1.489 -2.718 -1.795 -0.848 -1.202 -2.48 -1.86 -2.078
348 D -1.072 -1.366 1.642 5.241 -1.78 -0.812 0.744 -0.881 -0.429 -2.585 -3.256 -0.713 -2.368 -2.714 -2.164 0.363 -0.802 -3.323 -2.739 -2.532
349 I -1.39 -3.113 -3.275 -3.193 -0.163 -3.222 -3.699 -3.492 -2.724 4.554 1.664 -2.691 1.258 0.205 -3.517 -3.089 -1.087 -2.197 -1.298 2.847
350 S 2.366 -0.981 -0.073 -0.666 0.277 -0.812 -0.795 0.05 -0.702 -1.517 -1.965 -0.474 -1.091 -1.924 -1.488 2.627 0.595 -2.525 -1.768 -0.746
351 A 2.453 -2.085 -2.309 -2.349 0.382 -2.022 -2.144 -0.912 -1.91 2.468 0.318 -1.587 0.255 -0.817 -2.276 -0.723 -0.609 -2.368 -1.523 2.284
352 W -2.662 -2.396 -3.179 -3.633 -2.347 -2.837 -2.982 -2.378 -1.147 -1.866 -1.663 -2.804 -1.293 1.116 -5.421 -3.368 -2.708 10.623 2.157 -2.24
353 R -1.171 4.296 -0.376 -1.125 -2.128 0.653 -0.103 -1.721 -0.08 -2.37 -2.145 3.53 -1.236 -2.647 -2.164 -1.144 -1.275 -2.4 -1.793 -2.092
354 V -0.762 -2.79 -3.104 -3.185 0.093 -2.894 -3.276 -3.218 -2.824 3.887 1.321 -2.542 1.047 -0.087 -3.346 -2.666 -0.759 -2.297 -1.298 3.577
355 V -0.521 -2.657 -3.031 -3.182 0.199 -2.76 -3.106 -3.104 -2.87 3.532 1.155 -2.479 0.948 -0.226 -3.273 -2.496 -0.624 -2.342 -1.298 3.85
356 F -2.347 -2.909 -2.873 -3.327 -1.387 -3.877 -3.495 -2.887 -0.841 0.264 0.552 -3.317 0.189 6.534 -4.461 -3.043 -2.383 0.839 2.918 -0.52
357 Y -1.599 -2.377 -2.651 -3.113 -0.854 -2.422 -2.963 -3.205 0.59 2.971 0.651 -2.261 0.444 2.176 -3.43 -2.752 -1.55 0.848 4.858 1.524
358 Y -1.825 -1.79 -2.138 -3.035 -1.764 -1.796 -2.376 -2.945 2.092 -0.816 -0.923 -1.886 -0.695 3.336 -3.346 -2.45 -2.102 2.296 6.682 -0.992
359 L -1.923 -2.532 -3.113 -3.476 -0.711 -3.201 -3.405 -3.13 -1.489 1.256 2.808 -2.874 1.313 4.907 -4.008 -3.106 -1.961 -0.149 1.565 0.398
360 L -1.47 -2.62 -3.325 -3.405 -0.163 -2.924 -3.503 -3.443 -2.518 3.549 3.103 -2.589 1.721 0.529 -3.567 -3.13 -1.329 -1.918 -1.181 2.102
361 I -1.39 -3.113 -3.275 -3.193 -0.163 -3.222 -3.699 -3.492 -2.724 4.554 1.664 -2.691 1.258 0.205 -3.517 -3.089 -1.087 -2.197 -1.298 2.847
362 S 1.055 -0.754 0.484 -0.261 0.06 -0.583 -0.568 -0.119 -0.473 -1.924 -2.341 -0.298 -1.199 -1.956 -1.488 3.306 0.998 -2.562 -1.768 -1.305
363 G 0.077 -2.37 -0.453 -1.335 -1.333 -2.208 -2.635 5.821 -1.489 -3.228 -3.473 -1.663 -2.68 -2.691 -2.792 -1.015 -1.932 -2.453 -3.161 -2.877
364 L -1.592 -2.234 -3.345 -3.615 -0.219 -2.709 -3.328 -3.365 -2.22 1.919 3.943 -2.531 2.04 1.68 -3.658 -3.164 -1.632 -1.45 -0.627 1.024
365 S 1.055 -0.754 0.484 -0.261 0.06 -0.583 -0.568 -0.119 -0.473 -1.924 -2.341 -0.298 -1.199 -1.956 -1.488 3.306 0.998 -2.562 -1.768 -1.305
366 G -0.667 -1.238 3.996 0.251 -1.584 -1.255 -1.533 4.162 -0.015 -2.966 -3.315 -0.907 -2.416 -2.535 -2.695 -0.539 -1.106 -2.704 -2.571 -2.721
367 S 1.055 -0.754 0.484 -0.261 0.06 -0.583 -0.568 -0.119 -0.473 -1.924 -2.341 -0.298 -1.199 -1.956 -1.488 3.306 0.998 -2.562 -1.768 -1.305
368 F -2.347 -2.909 -2.873 -3.327 -1.387 -3.877 -3.495 -2.887 -0.841 0.264 0.552 -3.317 0.189 6.534 -4.461 -3.043 -2.383 0.839 2.918 -0.52
369 I -1.313 -3.076 -3.256 -3.193 -0.133 -3.184 -3.649 -3.46 -2.735 4.487 1.628 -2.674 1.236 0.174 -3.498 -3.039 -1.049 -2.208 -1.298 2.938
370 N -1.208 -0.462 5.389 1.134 -1.571 -0.544 -0.719 -0.162 0.828 -2.624 -3.06 -0.307 -2.048 -2.336 -2.453 0.524 -0.26 -2.93 -2.045 -2.401
371 S 1.055 -0.754 0.484 -0.261 0.06 -0.583 -0.568 -0.119 -0.473 -1.924 -2.341 -0.298 -1.199 -1.956 -1.488 3.306 0.998 -2.562 -1.768 -1.305
372 F -2.347 -2.909 -2.873 -3.327 -1.387 -3.877 -3.495 -2.887 -0.841 0.264 0.552 -3.317 0.189 6.534 -4.461 -3.043 -2.383 0.839 2.918 -0.52
373 P -0.849 -2.026 -1.946 -1.576 -1.47 -1.946 -1.635 -1.865 -1.62 -2.33 -2.763 -1.077 -2.416 -3.348 6.676 -1.465 -1.361 -4.562 -2.648 -2.174
374 V -0.639 -1.895 -2.643 -2.997 0.084 -1.731 -2.623 -2.776 -1.793 2.391 1.588 -1.895 4.167 0.054 -3.219 -2.16 -0.746 -1.809 -1.062 2.986
375 N -1.673 -0.428 5.67 1.269 -1.859 -0.539 -0.738 -0.167 0.956 -2.725 -3.164 -0.308 -2.174 -2.387 -2.6 -0.131 -0.464 -2.979 -2.081 -2.573
376 Q -0.895 0.995 -0.105 -0.37 -1.924 4.928 1.379 -1.492 0.757 -2.253 -2.004 1.209 -0.416 -2.971 -2.164 -0.767 -0.988 -2.197 -1.298 -1.8
377 L -1.47 -2.62 -3.325 -3.405 -0.163 -2.924 -3.503 -3.443 -2.518 3.549 3.103 -2.589 1.721 0.529 -3.567 -3.13 -1.329 -1.918 -1.181 2.102
378 F -2.347 -2.909 -2.873 -3.327 -1.387 -3.877 -3.495 -2.887 -0.841 0.264 0.552 -3.317 0.189 6.534 -4.461 -3.043 -2.383 0.839 2.918 -0.52
379 F -2.347 -2.909 -2.873 -3.327 -1.387 -3.877 -3.495 -2.887 -0.841 0.264 0.552 -3.317 0.189 6.534 -4.461 -3.043 -2.383 0.839 2.918 -0.52
380 I -1.39 -3.113 -3.275 -3.193 -0.163 -3.222 -3.699 -3.492 -2.724 4.554 1.664 -2.691 1.258 0.205 -3.517 -3.089 -1.087 -2.197 -1.298 2.847
381 S 1.055 -0.754 0.484 -0.261 0.06 -0.583 -0.568 -0.119 -0.473 -1.924 -2.341 -0.298 -1.199 -1.956 -1.488 3.306 0.998 -2.562 -1.768 -1.305
382 C -0.888 -3.23 -3.122 -3.31 7.786 -3.344 -3.816 -2.76 -2.841 2.981 0.608 -2.901 0.316 -0.704 -3.364 -2.301 -1.206 -2.675 -1.956 1.653
383 G 0.077 -2.37 -0.453 -1.335 -1.333 -2.208 -2.635 5.821 -1.489 -3.228 -3.473 -1.663 -2.68 -2.691 -2.792 -1.015 -1.932 -2.453 -3.161 -2.877
384 Y -1.825 -1.79 -2.138 -3.035 -1.764 -1.796 -2.376 -2.945 2.092 -0.816 -0.923 -1.886 -0.695 3.336 -3.346 -2.45 -2.102 2.296 6.682 -0.992
385 F -2.074 -2.296 -2.482 -3.177 -1.569 -2.653 -2.882 -2.916 0.983 -0.226 -0.092 -2.514 -0.219 5.357 -3.85 -2.731 -2.239 1.658 5.374 -0.746
386 L -1.095 -2.464 -3.227 -3.4 -0.018 -2.755 -3.275 -3.29 -2.57 3.037 2.991 -2.509 1.623 0.388 -3.469 -2.884 -1.126 -1.968 -1.181 2.644
387 F -2.074 -2.296 -2.482 -3.177 -1.569 -2.653 -2.882 -2.916 0.983 -0.226 -0.092 -2.514 -0.219 5.357 -3.85 -2.731 -2.239 1.658 5.374 -0.746
388 K -0.839 2.081 -0.281 -0.735 -1.99 0.794 0.301 -1.355 -0.256 -2.136 -2.253 4.522 -1.236 -2.818 -1.7 -0.894 -1.095 -2.562 -1.801 -2.012
389 Y -1.29 0.751 -1.063 -1.661 -1.875 -0.22 -0.738 -2.042 1.151 -1.401 -1.512 2.82 -0.953 1.659 -2.407 -1.568 -1.555 0.787 4.83 -1.457
390 K -0.962 1.787 1.92 -0.289 -1.968 0.61 0.151 -1.12 -0.015 -2.226 -2.386 4.103 -1.373 -2.742 -1.832 -0.752 -0.98 -2.627 -1.846 -2.098
391 G -0.625 -2.283 -1.559 -2.261 -0.689 -2.422 -2.956 3.937 -1.877 0.43 2.263 -2.048 0.62 -0.431 -3.175 -1.896 -1.758 -2.031 -1.929 -0.257
392 N -1.218 -1.384 3.804 -0.173 -0.739 -1.494 -1.749 -1.314 -0.353 2.24 -0.092 -1.22 -0.117 -0.99 -2.957 -1.141 -0.624 -2.612 -1.663 1.836
393 E -0.892 -0.095 -0.311 1.545 -2.384 1.374 4.429 -1.922 0.42 -2.737 -2.676 0.704 -1.726 -2.581 -1.854 -0.764 -1.274 -2.36 -1.881 -2.107
394 V -0.206 -2.459 -2.902 -3.137 0.367 -2.56 -2.866 -2.928 -2.888 3.057 0.973 -2.361 0.859 -0.371 -3.144 -2.257 -0.424 -2.36 -1.258 4.051
395 N -1.633 -0.388 5.584 1.309 -1.819 -0.5 -0.698 -0.127 0.996 -2.685 -3.124 -0.268 -2.134 -2.347 -2.56 -0.091 -0.424 -2.939 -2.041 -2.533
396 H -1.68 -0.33 0.487 -0.934 -2.307 -0.138 -0.473 -1.67 7.948 -2.634 -2.568 -0.738 -1.234 -0.825 -2.722 -1.552 -2.199 -1.427 1.694 -3.008
397 I -1.35 -3.074 -3.235 -3.154 -0.123 -3.182 -3.66 -3.452 -2.684 4.448 1.704 -2.651 1.298 0.245 -3.477 -3.049 -1.047 -2.157 -1.258 2.887
398 K -0.799 2.121 -0.241 -0.695 -1.95 0.834 0.34 -1.315 -0.216 -2.096 -2.213 4.42 -1.196 -2.778 -1.66 -0.854 -1.055 -2.522 -1.761 -1.972
399 F -2.307 -2.869 -2.833 -3.287 -1.347 -3.837 -3.455 -2.847 -0.801 0.304 0.592 -3.277 0.229 6.471 -4.421 -3.003 -2.343 0.879 2.958 -0.48
400 G 0.117 -2.33 -0.413 -1.296 -1.293 -2.168 -2.595 5.783 -1.449 -3.188 -3.433 -1.624 -2.64 -2.651 -2.752 -0.975 -1.892 -2.413 -3.121 -2.837
401 K -0.839 2.081 -0.281 -0.735 -1.99 0.794 0.301 -1.355 -0.256 -2.136 -2.253 4.522 -1.236 -2.818 -1.7 -0.894 -1.095 -2.562 -1.801 -2.012
402 V -0.041 -0.331 -1.054 -1.31 -0.233 -0.771 -0.375 -1.678 -1.303 1.469 -0.263 1.271 -0.042 -1.232 -2.3 0.351 -0.218 -2.471 -1.538 2.516
403 A 2.574 -0.995 2.672 -0.267 0.008 -0.92 -0.968 0.119 -0.295 -1.496 -1.963 -0.569 -1.265 -2.02 -1.757 1.259 -0.056 -2.615 -1.852 -0.726
404 I 0.533 -2.706 -2.904 -2.883 0.049 -2.742 -3.056 -2.343 -2.433 3.957 1.254 -2.265 0.944 -0.12 -3.031 -2.047 -0.895 -2.261 -1.371 2.736
405 G -0.667 -1.238 3.996 0.251 -1.584 -1.255 -1.533 4.162 -0.015 -2.966 -3.315 -0.907 -2.416 -2.535 -2.695 -0.539 -1.106 -2.704 -2.571 -2.721
406 V -0.655 2.396 -1.375 -1.941 -0.642 -0.525 -1.142 -2.252 -1.18 1.435 -0.217 1.992 -0.03 -1.323 -2.596 -1.646 -0.832 -2.409 -1.535 2.473
407 Q -0.871 1.018 -0.082 -0.346 -1.9 4.842 1.403 -1.468 0.781 -2.229 -1.98 1.233 -0.392 -2.947 -2.14 -0.743 -0.964 -2.173 -1.274 -1.776
408 I -1.366 -3.09 -3.251 -3.17 -0.139 -3.198 -3.676 -3.468 -2.7 4.491 1.688 -2.667 1.282 0.229 -3.493 -3.065 -1.064 -2.173 -1.274 2.871