#Seq2Logo.py -f /work3/idamei/wzy_ssn/run/1e-50/run/150/MSAs/0011_4.afa -o /work3/idamei/wzy_ssn/run/1e-50/run/150/logos/0011_4.logo
Last position-specific scoring matrix computed, values are in halfbits
A R N D C Q E G H I L K M F P S T W Y V
0 L -1.059 -1.361 -2.338 -2.792 -0.147 -1.029 -2.331 -2.561 -0.947 1.625 2.157 -1.431 5.499 0.489 -3.221 -1.995 -1.024 -1.284 -0.811 1.011
1 T -0.091 -1.071 -0.117 -0.993 0.143 -1.081 -1.356 -1.307 -1.391 -0.202 -1.035 -0.769 -0.51 -1.559 -1.665 0.727 4.179 -2.163 -1.685 0.251
2 K -0.805 2.115 -0.246 -0.7 -1.956 0.828 0.335 -1.321 -0.221 -2.101 -2.219 4.434 -1.202 -2.784 -1.665 -0.86 -1.06 -2.527 -1.767 -1.977
3 L -1.109 -1.412 -2.388 -2.842 -0.197 -1.08 -2.382 -2.612 -0.997 1.575 2.107 -1.481 5.752 0.439 -3.271 -2.045 -1.074 -1.335 -0.861 0.961
4 Q -0.282 0.312 -0.152 -0.501 -1.247 3.767 0.664 -1.142 0.214 -2.194 -2.2 0.621 -0.836 -2.744 1.831 0.864 -0.406 -2.548 -1.589 -1.732
5 I -1.212 -3.033 -3.241 -3.207 -0.103 -3.14 -3.588 -3.427 -2.768 4.415 1.554 -2.664 1.184 0.109 -3.483 -2.978 -1.006 -2.241 -1.314 3.071
6 K -1.088 3.83 -0.364 -1.024 -2.103 0.678 0.002 -1.628 -0.145 -2.317 -2.191 3.879 -1.252 -2.711 -2.039 -1.086 -1.238 -2.461 -1.811 -2.085
7 T -0.178 -1.173 -0.236 -1.098 0.084 -1.185 -1.464 -1.412 -1.479 0.166 -0.927 -0.869 -0.472 -1.521 -1.764 0.6 4.24 -2.213 -1.719 0.35
8 R 0.031 3.173 1.522 -0.459 -0.857 -0.104 -0.567 -0.758 -0.091 -2.261 -2.318 1.031 -1.32 -2.225 -2.009 1.922 0.09 -2.501 -1.823 -1.752
9 N -1.717 -0.695 5.066 3.239 -1.998 -0.638 -0.198 -0.397 0.631 -2.744 -3.261 -0.449 -2.315 -2.53 -2.539 -0.334 -0.692 -3.126 -2.312 -2.662
10 L -1.856 -2.473 -3.183 -3.525 -0.6 -3.09 -3.402 -3.201 -1.665 1.414 3.144 -2.804 1.49 4.414 -3.936 -3.136 -1.894 -0.429 1.153 0.546
11 L -1.552 -2.442 -3.346 -3.521 -0.215 -2.838 -3.431 -3.415 -2.366 2.85 3.554 -2.582 1.857 1.279 -3.634 -3.162 -1.498 -1.659 -0.843 1.589
12 Y -2.017 -2.158 -2.396 -3.152 -1.64 -2.397 -2.744 -2.94 1.33 -0.398 -0.322 -2.336 -0.363 4.918 -3.712 -2.664 -2.215 1.84 5.838 -0.83
13 F -2.092 -2.975 -2.984 -3.309 -1.045 -3.715 -3.561 -3.043 -1.225 2.066 0.857 -3.163 0.48 5.833 -4.21 -3.071 -2.017 0.311 2.287 0.735
14 I -1.405 -3.129 -3.291 -3.209 -0.179 -3.238 -3.715 -3.508 -2.74 4.595 1.648 -2.707 1.243 0.189 -3.533 -3.105 -1.103 -2.213 -1.314 2.832
15 L 0.258 -1.424 -2.291 -2.675 -0.076 -1.112 -2.227 -2.03 -1.026 1.361 1.843 -1.398 5.407 0.233 -2.981 -1.593 -0.989 -1.454 -0.961 0.867
16 V -0.262 -2.515 -2.958 -3.193 0.311 -2.616 -2.922 -2.984 -2.943 3.001 0.917 -2.417 0.803 -0.427 -3.2 -2.313 -0.48 -2.416 -1.314 4.2
17 L -1.162 -2.404 -3.263 -3.464 -0.048 -2.73 -3.275 -3.311 -2.537 2.773 3.261 -2.511 1.71 0.454 -3.505 -2.931 -1.213 -1.921 -1.172 2.447
18 C -0.32 -2.653 -1.859 -2.394 7.698 -2.649 -2.963 0.931 -2.22 1.553 -0.39 -2.252 -0.449 -1.359 -2.927 -0.311 -0.879 -2.767 -2.252 0.568
19 A 3.906 -1.497 -1.62 -1.689 0.633 -1.34 -1.33 0.299 -1.247 -0.835 -1.34 -0.875 -0.889 -1.867 -1.511 0.435 -0.044 -2.459 -1.782 0.113
20 T -0.141 -1.121 -0.167 -1.043 0.093 -1.131 -1.406 -1.357 -1.441 -0.253 -1.085 -0.819 -0.56 -1.609 -1.715 0.676 4.329 -2.213 -1.735 0.201
21 I -1.405 -3.129 -3.291 -3.209 -0.179 -3.238 -3.715 -3.508 -2.74 4.595 1.648 -2.707 1.243 0.189 -3.533 -3.105 -1.103 -2.213 -1.314 2.832
22 F -2.251 -2.826 -2.947 -3.379 -1.218 -3.708 -3.488 -2.962 -1.006 0.53 1.299 -3.216 0.498 6.229 -4.357 -3.075 -2.288 0.606 2.619 -0.278
23 A 3.986 -1.512 -1.691 -1.716 0.651 -1.349 -1.327 0.345 -1.24 -0.859 -1.35 -0.877 -0.902 -1.877 -1.504 0.426 -0.451 -2.469 -1.784 0.11
24 V -0.85 -2.21 -2.826 -3.067 -0.0 -2.1 -2.908 -2.979 -2.046 3.2 1.594 -2.117 3.642 0.082 -3.317 -2.412 -0.855 -1.931 -1.144 2.962
25 K -0.855 2.065 -0.297 -0.751 -2.006 0.778 0.285 -1.371 -0.272 -2.151 -2.269 4.562 -1.252 -2.834 -1.715 -0.91 -1.111 -2.578 -1.817 -2.027
26 I -1.405 -3.129 -3.291 -3.209 -0.179 -3.238 -3.715 -3.508 -2.74 4.595 1.648 -2.707 1.243 0.189 -3.533 -3.105 -1.103 -2.213 -1.314 2.832
27 L -1.005 -1.512 -2.444 -2.878 -0.138 -1.21 -2.435 -2.649 -1.153 1.766 2.0 -1.568 5.486 0.358 -3.263 -2.072 -1.005 -1.433 -0.906 1.54
28 P -0.865 -2.042 -1.962 -1.592 -1.486 -1.962 -1.651 -1.881 -1.636 -2.346 -2.779 -1.093 -2.432 -3.364 6.692 -1.48 -1.377 -4.578 -2.664 -2.19
29 Y -1.841 -1.806 -2.154 -3.051 -1.78 -1.812 -2.392 -2.961 2.076 -0.832 -0.939 -1.902 -0.711 3.32 -3.362 -2.466 -2.118 2.28 6.714 -1.008
30 S 1.039 -0.77 0.468 -0.277 0.044 -0.598 -0.584 -0.135 -0.489 -1.94 -2.357 -0.314 -1.215 -1.972 -1.504 3.359 0.982 -2.578 -1.784 -1.321
31 N -1.688 -0.443 5.703 1.253 -1.875 -0.555 -0.754 -0.183 0.94 -2.741 -3.18 -0.324 -2.19 -2.403 -2.616 -0.146 -0.48 -2.995 -2.097 -2.589
32 D -1.806 -1.617 1.17 5.875 -2.401 -0.901 1.022 -1.152 -0.565 -2.754 -3.52 -0.858 -2.726 -2.948 -2.318 -0.981 -1.441 -3.56 -3.072 -2.893
33 H -1.773 -0.817 -0.254 -1.57 -2.141 -0.674 -1.066 -2.109 6.969 -1.883 -1.904 -1.143 -1.069 1.36 -2.973 -1.886 -2.205 0.457 4.522 -2.153
34 Q -0.636 0.434 -0.204 -0.598 -1.78 4.231 0.763 2.446 0.322 -2.483 -2.323 0.698 -0.853 -2.915 -2.324 -0.843 -1.212 -2.275 -1.679 -2.049
35 A 3.986 -1.512 -1.691 -1.716 0.651 -1.349 -1.327 0.345 -1.24 -0.859 -1.35 -0.877 -0.902 -1.877 -1.504 0.426 -0.451 -2.469 -1.784 0.11
36 Y -1.841 -1.806 -2.154 -3.051 -1.78 -1.812 -2.392 -2.961 2.076 -0.832 -0.939 -1.902 -0.711 3.32 -3.362 -2.466 -2.118 2.28 6.714 -1.008
37 L -1.12 -2.002 -2.185 -2.698 -0.108 -2.265 -2.76 -2.756 -2.138 2.189 3.096 -2.007 1.504 0.27 -3.01 -1.643 1.294 -1.877 -1.267 1.229
38 D -1.806 -1.617 1.17 5.875 -2.401 -0.901 1.022 -1.152 -0.565 -2.754 -3.52 -0.858 -2.726 -2.948 -2.318 -0.981 -1.441 -3.56 -3.072 -2.893
39 L -1.569 -2.215 -3.391 -3.649 -0.179 -2.669 -3.334 -3.411 -2.342 1.976 4.084 -2.507 2.104 0.804 -3.633 -3.187 -1.609 -1.679 -1.085 1.077
40 F -2.035 -2.195 -2.421 -3.162 -1.626 -2.463 -2.781 -2.938 1.243 -0.358 -0.267 -2.383 -0.331 5.039 -3.75 -2.685 -2.225 1.792 5.734 -0.813
41 K -0.855 2.065 -0.297 -0.751 -2.006 0.778 0.285 -1.371 -0.272 -2.151 -2.269 4.562 -1.252 -2.834 -1.715 -0.91 -1.111 -2.578 -1.817 -2.027
42 F -2.146 -2.432 -2.578 -3.224 -1.545 -2.891 -3.018 -2.926 0.662 -0.13 0.043 -2.684 -0.143 5.67 -3.986 -2.811 -2.285 1.486 5.015 -0.712
43 T -0.141 -1.121 -0.167 -1.043 0.093 -1.131 -1.406 -1.357 -1.441 -0.253 -1.085 -0.819 -0.56 -1.609 -1.715 0.676 4.329 -2.213 -1.735 0.201
44 I -1.617 -3.077 -3.185 -3.242 -0.44 -3.388 -3.663 -3.344 -2.142 3.971 1.408 -2.851 1.01 3.381 -3.742 -3.093 -1.377 -1.109 0.426 2.286
45 Y -1.639 -0.709 2.422 -0.765 -1.894 0.937 -0.884 -1.668 3.659 -1.61 -1.711 -0.703 -1.042 1.656 -2.899 -1.364 -1.468 0.74 4.851 -1.666
46 D -1.806 -1.617 1.17 5.875 -2.401 -0.901 1.022 -1.152 -0.565 -2.754 -3.52 -0.858 -2.726 -2.948 -2.318 -0.981 -1.441 -3.56 -3.072 -2.893
47 P 0.493 -1.163 -0.187 -0.681 -0.415 -1.015 -0.921 -0.645 -0.848 -2.078 -2.501 -0.568 -1.593 -2.396 4.009 2.369 0.34 -3.145 -2.069 -1.602
48 S 1.039 -0.77 0.468 -0.277 0.044 -0.598 -0.584 -0.135 -0.489 -1.94 -2.357 -0.314 -1.215 -1.972 -1.504 3.359 0.982 -2.578 -1.784 -1.321
49 Y -1.963 -2.048 -2.321 -3.121 -1.681 -2.209 -2.634 -2.946 1.575 -0.522 -0.494 -2.199 -0.463 4.524 -3.603 -2.603 -2.186 1.979 6.13 -0.883
50 E -1.111 -0.517 -0.713 0.776 -2.127 0.724 3.696 -2.168 0.856 -2.05 -2.104 0.142 -1.426 0.267 -2.202 -1.074 -0.905 -0.379 3.118 -1.714
51 R -1.563 5.563 -0.491 -1.592 -2.288 0.489 -0.589 -2.157 0.07 -2.64 -2.056 1.99 -1.252 -2.501 -2.733 -1.435 -1.482 -2.263 -1.801 -2.19
52 L -1.109 -1.412 -2.388 -2.842 -0.197 -1.08 -2.382 -2.612 -0.997 1.575 2.107 -1.481 5.752 0.439 -3.271 -2.045 -1.074 -1.335 -0.861 0.961
53 E -0.947 -0.15 -0.367 1.489 -2.44 1.318 4.56 -1.978 0.364 -2.793 -2.731 0.648 -1.782 -2.636 -1.91 -0.819 -1.329 -2.416 -1.936 -2.162
54 V -0.659 -2.741 -3.084 -3.199 0.129 -2.845 -3.208 -3.178 -2.862 3.735 1.227 -2.527 0.984 -0.169 -3.326 -2.599 -0.709 -2.335 -1.314 3.737
55 G 0.061 -2.386 -0.468 -1.351 -1.349 -2.224 -2.651 5.836 -1.505 -3.244 -3.489 -1.679 -2.695 -2.707 -2.808 -1.031 -1.948 -2.469 -3.177 -2.893
56 F -2.363 -2.925 -2.889 -3.343 -1.403 -3.893 -3.511 -2.903 -0.857 0.248 0.536 -3.333 0.173 6.559 -4.477 -3.059 -2.399 0.823 2.902 -0.536
57 K -1.016 3.404 -0.344 -0.939 -2.074 0.709 0.09 -1.548 -0.182 -2.266 -2.214 4.101 -1.252 -2.747 -1.938 -1.032 -1.199 -2.496 -1.813 -2.067
58 S 0.263 -1.015 1.47 -0.472 -0.251 -0.986 -1.045 -0.656 -0.537 -1.151 -1.539 -0.688 -0.914 1.471 -1.913 2.168 1.991 -1.82 -0.609 -0.857
59 F -0.987 -2.157 -1.664 -2.242 -0.786 -2.539 -2.451 -1.977 -0.933 0.471 0.857 -2.151 0.237 5.265 -3.305 0.165 -1.023 -0.04 1.838 -0.262
60 V -0.914 -2.182 -2.775 -3.083 -0.11 -2.142 -2.876 -2.901 -1.798 2.662 1.462 -2.17 3.589 2.148 -3.406 -2.395 -0.966 -1.38 -0.193 2.747
61 V -0.237 -2.054 -1.482 -0.965 0.049 -2.059 -2.193 0.54 -2.218 1.993 0.136 -1.792 0.179 -0.942 -2.682 -1.076 1.55 -2.403 -1.622 3.095
62 F -2.054 -2.651 -3.058 -3.448 -0.904 -3.394 -3.446 -3.074 -1.304 0.989 2.333 -3.01 1.018 5.494 -4.146 -3.104 -2.092 0.154 2.004 0.148
63 F -1.739 -2.6 -2.278 -2.81 -1.208 -3.299 -3.013 -2.444 -0.815 0.079 0.333 -2.812 0.052 6.25 -3.967 -1.232 -1.781 0.601 2.643 -0.611
64 K -0.855 2.065 -0.297 -0.751 -2.006 0.778 0.285 -1.371 -0.272 -2.151 -2.269 4.562 -1.252 -2.834 -1.715 -0.91 -1.111 -2.578 -1.817 -2.027
65 S 0.232 -1.304 -0.497 -1.173 -0.145 -1.313 -1.39 -1.004 -0.952 -0.019 1.308 -1.036 0.287 1.572 -2.213 2.109 0.178 -1.721 -0.586 -0.342
66 L -1.469 -2.735 -3.33 -3.374 -0.179 -3.001 -3.559 -3.469 -2.577 3.825 2.858 -2.627 1.612 0.447 -3.572 -3.137 -1.292 -1.991 -1.221 2.263
67 D -1.684 -1.297 3.078 5.112 -2.217 -0.847 0.584 -0.047 -0.134 -2.767 -3.43 -0.739 -2.581 -2.793 -2.406 -0.75 -1.184 -3.363 -2.799 -2.814
68 F -2.092 -2.439 -1.278 2.204 -1.396 -2.664 -1.567 -2.412 -0.947 0.117 0.957 -2.389 0.108 5.252 -3.661 -2.398 -2.012 -0.117 1.766 -0.631
69 S 0.776 -0.721 2.056 -0.002 -0.164 -0.592 -0.607 -0.142 -0.236 -2.042 -2.461 -0.315 -1.336 -2.03 -1.639 3.054 0.814 -2.634 -1.827 -1.471
70 F -2.143 -2.73 -3.006 -3.416 -1.045 -3.535 -3.466 -3.022 -1.163 0.786 1.901 -3.103 0.789 5.857 -4.242 -3.091 -2.18 0.371 2.304 -0.041
71 E -0.395 -0.471 0.122 2.452 -1.588 0.681 3.493 -1.286 0.049 -2.55 -2.73 0.25 -1.741 -2.495 -1.856 0.886 -0.569 -2.596 -2.033 -2.014
72 F -1.426 -2.965 -2.924 -3.346 5.914 -3.573 -3.52 -2.719 -1.514 0.662 0.272 -3.136 0.011 5.237 -3.917 -2.551 -1.766 -0.148 1.767 0.826
73 L -1.635 -2.107 -3.029 -3.487 -0.504 -2.43 -3.068 -3.292 -0.481 1.489 3.418 -2.343 1.615 1.665 -3.563 -2.989 -1.728 -0.088 3.243 0.68
74 W -2.678 -2.411 -3.195 -3.649 -2.363 -2.853 -2.997 -2.394 -1.163 -1.882 -1.679 -2.819 -1.309 1.1 -5.437 -3.383 -2.723 10.639 2.141 -2.256
75 L -1.953 -2.561 -3.12 -3.486 -0.748 -3.238 -3.424 -3.137 -1.479 1.21 2.767 -2.905 1.264 5.004 -4.039 -3.12 -1.991 -0.123 1.61 0.354
76 L -1.255 -2.463 -3.286 -3.597 5.978 -2.853 -3.477 -3.055 -2.489 1.497 3.409 -2.653 1.574 0.311 -3.528 -2.737 -1.541 -2.001 -1.431 0.766
77 I -1.465 -2.969 -3.152 -3.255 -0.378 -3.288 -3.555 -3.283 -2.147 3.721 1.48 -2.809 1.001 3.37 -3.705 -3.001 -1.314 -1.109 0.431 2.451
78 A 3.368 -1.732 -1.959 -2.02 0.57 -1.617 -1.651 -0.196 -1.581 0.677 -0.596 -1.192 -0.373 -1.441 -1.844 -0.054 -0.458 -2.455 -1.659 1.776
79 F -1.678 -2.817 -2.906 -3.305 -0.87 -3.517 -3.352 -2.923 -1.254 1.217 0.636 -3.075 0.344 5.813 -4.101 -2.854 -1.787 0.29 2.287 1.522
80 I -0.727 -1.989 -1.377 -1.965 -0.045 -2.033 -2.375 -2.274 -2.041 3.158 0.639 -1.644 0.511 -0.541 -2.515 -0.695 2.661 -2.213 -1.509 1.85
81 S 1.039 -0.77 0.468 -0.277 0.044 -0.598 -0.584 -0.135 -0.489 -1.94 -2.357 -0.314 -1.215 -1.972 -1.504 3.359 0.982 -2.578 -1.784 -1.321
82 L -1.032 -2.319 -3.229 -3.478 0.006 -2.65 -3.18 -3.251 -2.543 2.385 3.3 -2.474 1.703 0.422 -3.471 -2.843 -1.153 -1.921 -1.164 2.603
83 L 1.212 -1.84 -2.218 -2.525 0.075 -2.008 -2.318 -1.566 -1.785 1.2 3.023 -1.724 1.331 0.097 -2.683 -0.482 -0.898 -1.946 -1.316 0.67
84 L -1.569 -2.215 -3.391 -3.649 -0.179 -2.669 -3.334 -3.411 -2.342 1.976 4.084 -2.507 2.104 0.804 -3.633 -3.187 -1.609 -1.679 -1.085 1.077
85 K -0.855 2.065 -0.297 -0.751 -2.006 0.778 0.285 -1.371 -0.272 -2.151 -2.269 4.562 -1.252 -2.834 -1.715 -0.91 -1.111 -2.578 -1.817 -2.027
86 F -2.005 -2.984 -2.903 -3.357 4.441 -3.831 -3.57 -2.79 -1.08 0.124 0.353 -3.305 0.021 6.138 -4.263 -2.821 -2.223 0.493 2.523 -0.522
87 Y -1.828 -1.585 -1.674 -2.697 -1.847 -1.553 -2.082 -2.774 3.875 -1.009 -1.103 -1.738 -0.777 3.029 -3.282 -2.343 -2.135 2.005 6.399 -1.198
88 V -0.262 -2.515 -2.958 -3.193 0.311 -2.616 -2.922 -2.984 -2.943 3.001 0.917 -2.417 0.803 -0.427 -3.2 -2.313 -0.48 -2.416 -1.314 4.2
89 L -1.569 -2.215 -3.391 -3.649 -0.179 -2.669 -3.334 -3.411 -2.342 1.976 4.084 -2.507 2.104 0.804 -3.633 -3.187 -1.609 -1.679 -1.085 1.077
90 K -0.855 2.065 -0.297 -0.751 -2.006 0.778 0.285 -1.371 -0.272 -2.151 -2.269 4.562 -1.252 -2.834 -1.715 -0.91 -1.111 -2.578 -1.817 -2.027
91 S 1.039 -0.77 0.468 -0.277 0.044 -0.598 -0.584 -0.135 -0.489 -1.94 -2.357 -0.314 -1.215 -1.972 -1.504 3.359 0.982 -2.578 -1.784 -1.321
92 F -2.213 -2.58 -2.673 -3.262 -1.499 -3.174 -3.166 -2.918 0.259 -0.004 0.209 -2.875 -0.039 5.984 -4.133 -2.888 -2.321 1.291 4.494 -0.655
93 D -1.809 -1.645 0.823 5.372 -2.286 -1.032 0.669 -1.383 0.08 -2.329 -2.895 -1.006 -2.275 -0.547 -2.466 -1.179 -1.542 -1.424 1.99 -2.478
94 S 1.039 -0.77 0.468 -0.277 0.044 -0.598 -0.584 -0.135 -0.489 -1.94 -2.357 -0.314 -1.215 -1.972 -1.504 3.359 0.982 -2.578 -1.784 -1.321
95 D -1.205 0.821 0.364 3.689 -2.208 0.317 1.529 -1.35 -0.292 -2.452 -2.761 2.962 -1.818 -2.853 -1.963 -0.926 -1.264 -2.901 -2.264 -2.356
96 I -1.518 -2.602 -1.452 -2.816 -0.555 -2.677 -3.167 -3.156 -0.506 3.785 1.086 -2.364 0.781 1.298 -3.452 -2.763 -1.299 -0.319 3.201 2.136
97 S 0.376 0.121 -0.047 -0.7 -0.384 -0.377 -0.584 -0.722 -0.631 -0.98 -0.087 1.727 -0.447 -1.528 -1.783 2.242 0.289 -2.431 -1.681 -0.966
98 V -0.64 -2.73 -3.078 -3.199 0.137 -2.834 -3.195 -3.169 -2.865 3.706 1.213 -2.522 0.976 -0.18 -3.32 -2.585 -0.698 -2.338 -1.314 3.759
99 L -1.569 -2.215 -3.391 -3.649 -0.179 -2.669 -3.334 -3.411 -2.342 1.976 4.084 -2.507 2.104 0.804 -3.633 -3.187 -1.609 -1.679 -1.085 1.077
100 F -2.251 -2.826 -2.947 -3.379 -1.218 -3.708 -3.488 -2.962 -1.006 0.53 1.299 -3.216 0.498 6.229 -4.357 -3.075 -2.288 0.606 2.619 -0.278
101 W -1.719 -2.408 -3.16 -3.528 -1.111 -2.765 -3.024 -2.662 -1.676 0.772 0.692 -2.668 0.035 0.742 -4.431 -3.05 -1.833 9.222 1.23 1.278
102 L -1.569 -2.215 -3.391 -3.649 -0.179 -2.669 -3.334 -3.411 -2.342 1.976 4.084 -2.507 2.104 0.804 -3.633 -3.187 -1.609 -1.679 -1.085 1.077
103 Y -1.841 -1.806 -2.154 -3.051 -1.78 -1.812 -2.392 -2.961 2.076 -0.832 -0.939 -1.902 -0.711 3.32 -3.362 -2.466 -2.118 2.28 6.714 -1.008
104 F -2.092 -2.975 -2.984 -3.309 -1.045 -3.715 -3.561 -3.043 -1.225 2.066 0.857 -3.163 0.48 5.833 -4.21 -3.071 -2.017 0.311 2.287 0.735
105 L -1.635 -2.107 -3.029 -3.487 -0.504 -2.43 -3.068 -3.292 -0.481 1.489 3.418 -2.343 1.615 1.665 -3.563 -2.989 -1.728 -0.088 3.243 0.68
106 Y -1.726 -2.084 -2.399 -3.09 -1.289 -2.108 -2.67 -3.088 1.422 1.682 -0.046 -2.083 -0.085 2.798 -3.404 -2.613 -1.829 1.646 5.943 0.516
107 C 2.187 -1.77 -1.193 -1.649 6.937 -1.659 -1.727 -0.495 -1.47 -1.09 -1.499 -1.288 -1.062 -1.967 -2.011 1.222 -0.206 -2.762 -2.114 -0.44
108 I -1.352 -2.76 -3.118 -3.143 -0.18 -2.745 -3.444 -3.336 -2.364 4.26 1.732 -2.461 2.646 0.235 -3.486 -2.897 -1.096 -2.045 -1.231 2.595
109 S 1.041 -0.768 0.47 -0.275 0.046 -0.596 -0.582 -0.133 -0.487 -1.938 -2.355 -0.312 -1.213 -1.97 -1.502 3.352 0.984 -2.576 -1.782 -1.319
110 L -1.567 -2.213 -3.389 -3.647 -0.177 -2.667 -3.332 -3.409 -2.34 1.978 4.08 -2.505 2.106 0.806 -3.631 -3.185 -1.607 -1.677 -1.083 1.079
111 L -1.567 -2.213 -3.389 -3.647 -0.177 -2.667 -3.332 -3.409 -2.34 1.978 4.08 -2.505 2.106 0.806 -3.631 -3.185 -1.607 -1.677 -1.083 1.079
112 A 3.981 -1.51 -1.688 -1.714 0.653 -1.346 -1.325 0.347 -1.238 -0.857 -1.348 -0.875 -0.9 -1.875 -1.502 0.428 -0.449 -2.467 -1.782 0.112
113 L -1.567 -2.213 -3.389 -3.647 -0.177 -2.667 -3.332 -3.409 -2.34 1.978 4.08 -2.505 2.106 0.806 -3.631 -3.185 -1.607 -1.677 -1.083 1.079
114 H -1.734 -0.384 0.433 -0.988 -2.361 -0.192 -0.527 -1.724 8.045 -2.688 -2.622 -0.792 -1.288 -0.879 -2.776 -1.606 -2.253 -1.481 1.64 -3.062
115 E -0.945 -0.148 -0.365 1.491 -2.438 1.32 4.555 -1.976 0.366 -2.791 -2.729 0.65 -1.78 -2.634 -1.908 -0.817 -1.327 -2.414 -1.934 -2.16
116 G 0.026 -2.097 -0.407 -1.288 -1.011 -1.98 -2.366 5.28 -1.491 -2.383 -2.849 -1.493 -2.146 -2.461 -2.564 -0.616 0.677 -2.416 -2.839 -1.991
117 T -0.139 -1.119 -0.165 -1.041 0.095 -1.129 -1.404 -1.355 -1.439 -0.251 -1.083 -0.817 -0.558 -1.607 -1.713 0.678 4.323 -2.211 -1.733 0.203
118 Q -0.909 0.981 -0.119 -0.383 -1.938 4.976 1.366 -1.505 0.743 -2.267 -2.017 1.195 -0.429 -2.985 -2.177 -0.781 -1.001 -2.211 -1.311 -1.813
119 I -1.403 -3.127 -3.289 -3.207 -0.177 -3.236 -3.713 -3.505 -2.738 4.59 1.65 -2.705 1.245 0.191 -3.531 -3.103 -1.101 -2.211 -1.311 2.834
120 R -1.561 5.559 -0.489 -1.59 -2.286 0.491 -0.587 -2.155 0.072 -2.638 -2.054 1.992 -1.25 -2.499 -2.731 -1.433 -1.48 -2.261 -1.799 -2.188
121 A 3.981 -1.51 -1.688 -1.714 0.653 -1.346 -1.325 0.347 -1.238 -0.857 -1.348 -0.875 -0.9 -1.875 -1.502 0.428 -0.449 -2.467 -1.782 0.112
122 A 3.981 -1.51 -1.688 -1.714 0.653 -1.346 -1.325 0.347 -1.238 -0.857 -1.348 -0.875 -0.9 -1.875 -1.502 0.428 -0.449 -2.467 -1.782 0.112
123 I -1.237 -2.409 -2.941 -3.079 -0.157 -2.302 -3.161 -3.151 -2.041 3.813 1.782 -2.224 3.577 0.251 -3.425 -2.667 -1.059 -1.896 -1.153 2.431
124 A 3.656 -1.372 -1.197 -1.419 0.561 -1.207 -1.187 0.273 -1.098 -1.011 -1.493 -0.773 -0.95 -1.89 -1.502 1.169 -0.155 -2.485 -1.782 -0.082
125 I -1.403 -3.127 -3.289 -3.207 -0.177 -3.236 -3.713 -3.505 -2.738 4.59 1.65 -2.705 1.245 0.191 -3.531 -3.103 -1.101 -2.211 -1.311 2.834
126 A 3.981 -1.51 -1.688 -1.714 0.653 -1.346 -1.325 0.347 -1.238 -0.857 -1.348 -0.875 -0.9 -1.875 -1.502 0.428 -0.449 -2.467 -1.782 0.112
127 L -1.488 -2.612 -3.341 -3.429 -0.177 -2.924 -3.507 -3.455 -2.523 3.511 3.168 -2.598 1.728 0.53 -3.583 -3.146 -1.355 -1.919 -1.189 2.047
128 G 0.063 -2.384 -0.466 -1.349 -1.347 -2.222 -2.648 5.834 -1.503 -3.242 -3.487 -1.677 -2.693 -2.705 -2.806 -1.029 -1.946 -2.467 -3.175 -2.891
129 L -1.498 -1.978 -2.623 -3.033 -0.542 -1.938 -2.826 -2.78 -1.073 1.724 1.626 -2.09 4.454 4.0 -3.645 -2.438 -1.453 -0.476 0.964 0.821
130 C 1.121 -2.531 -2.678 -2.918 6.759 -2.562 -2.806 -1.776 -2.54 1.608 0.008 -2.246 -0.011 -1.138 -2.799 -1.38 -0.732 -2.681 -1.83 2.669
131 G 0.063 -2.384 -0.466 -1.349 -1.347 -2.222 -2.648 5.834 -1.503 -3.242 -3.487 -1.677 -2.693 -2.705 -2.806 -1.029 -1.946 -2.467 -3.175 -2.891
132 F -2.361 -2.923 -2.887 -3.341 -1.401 -3.891 -3.509 -2.901 -0.855 0.25 0.538 -3.331 0.175 6.556 -4.475 -3.057 -2.397 0.825 2.904 -0.534
133 R -1.561 5.559 -0.489 -1.59 -2.286 0.491 -0.587 -2.155 0.072 -2.638 -2.054 1.992 -1.25 -2.499 -2.731 -1.433 -1.48 -2.261 -1.799 -2.188
134 C 0.2 -2.089 -1.164 -1.811 8.385 -2.03 -2.186 -1.227 -1.765 -1.153 -1.508 -1.722 -1.146 -2.022 -2.447 1.285 -0.226 -2.981 -2.381 -0.741
135 R -0.976 3.362 -0.424 -0.545 -1.626 0.51 1.228 -1.761 -0.199 -1.688 -1.64 2.657 -0.08 -2.238 -2.114 -0.797 0.496 -2.319 -1.764 -1.435
136 N -0.469 -0.546 4.755 0.829 -1.083 -0.568 -0.694 -0.165 0.54 -2.446 -2.877 -0.319 -1.825 -2.25 -2.194 1.53 0.096 -2.847 -1.987 -2.1
137 K -1.025 1.126 -0.994 -1.361 -1.259 -0.052 -0.543 -1.922 -0.883 1.93 -0.322 3.501 -0.162 -1.445 -2.202 -1.472 -1.106 -2.449 -1.637 0.575
138 R -1.992 3.6 -1.572 -2.441 -2.026 -0.864 -1.663 -2.385 -0.518 -0.814 -1.127 0.375 -0.846 2.175 -3.675 -2.248 -1.945 7.559 0.923 -1.372
139 L -1.535 -2.706 -3.175 -3.371 -0.395 -3.13 -3.456 -3.256 -2.025 2.977 2.416 -2.76 1.282 3.521 -3.746 -3.03 -1.475 -0.956 0.529 1.949
140 G 0.427 -1.739 -0.119 -0.945 -0.804 -1.573 -1.785 4.841 -1.123 -2.739 -3.058 -1.147 -2.112 -2.438 -2.303 1.231 -0.613 -2.503 -2.632 -2.267
141 L -1.26 -2.704 -3.271 -3.344 -0.101 -2.942 -3.459 -3.393 -2.626 3.725 2.639 -2.594 1.508 0.337 -3.513 -3.001 -1.157 -2.048 -1.233 2.637
142 C -0.794 -2.928 -3.118 -3.511 8.584 -3.186 -3.73 -2.542 -2.749 0.464 1.741 -2.912 0.394 -0.762 -3.36 -2.113 -1.428 -2.632 -2.12 0.162
143 L -1.155 -2.548 -3.25 -3.578 6.719 -2.915 -3.524 -2.943 -2.537 1.319 3.142 -2.701 1.375 0.128 -3.492 -2.599 -1.516 -2.115 -1.555 0.657
144 L -1.774 -2.596 -3.194 -3.455 -0.53 -3.133 -3.46 -3.247 -1.814 2.332 2.864 -2.795 1.419 4.047 -3.865 -3.126 -1.735 -0.649 0.888 1.127
145 L -1.512 -2.487 -3.355 -3.493 -0.177 -2.844 -3.454 -3.441 -2.467 3.13 3.473 -2.57 1.846 0.616 -3.597 -3.157 -1.428 -1.844 -1.157 1.789
146 F -0.966 -2.582 -2.226 -2.638 4.926 -2.839 -2.964 -2.361 -1.67 2.364 0.838 -2.419 0.399 3.676 -3.32 -0.695 -1.049 -1.005 0.599 1.072
147 S 2.379 -0.995 -0.087 -0.68 0.263 -0.825 -0.809 0.036 -0.716 -1.531 -1.979 -0.487 -1.105 -1.938 -1.502 2.664 0.581 -2.539 -1.782 -0.759
148 V 0.647 -2.526 -2.836 -2.933 0.213 -2.573 -2.848 -2.327 -2.565 3.379 0.972 -2.223 0.779 -0.359 -2.981 -1.917 -0.667 -2.352 -1.374 3.427
149 L 1.612 -1.82 -2.414 -2.584 0.122 -1.715 -2.289 -1.43 -1.544 1.968 1.898 -1.588 3.32 -0.104 -2.637 -1.203 -0.941 -1.882 -1.26 1.171
150 F -2.223 -2.602 -2.687 -3.267 -1.493 -3.216 -3.188 -2.917 0.197 0.014 0.232 -2.903 -0.024 6.026 -4.155 -2.899 -2.326 1.262 4.411 -0.647
151 H -1.736 -0.386 0.431 -0.99 -2.363 -0.194 -0.529 -1.726 8.048 -2.69 -2.624 -0.794 -1.29 -0.881 -2.778 -1.608 -2.255 -1.483 1.638 -3.064
152 Y -1.841 -1.806 -2.154 -3.051 -1.78 -1.812 -2.392 -2.961 2.076 -0.832 -0.939 -1.902 -0.711 3.32 -3.362 -2.466 -2.118 2.28 6.714 -1.008
153 S 0.463 -1.101 -0.103 -0.823 -0.396 -1.019 -1.025 -0.556 -0.643 -1.925 -2.172 -0.766 -1.238 -0.851 -2.098 2.621 0.407 6.727 -0.212 -1.528
154 A 2.155 -1.563 -1.357 -1.746 0.27 -1.533 -1.647 -0.708 -1.421 0.657 1.258 -1.199 0.332 -0.792 -2.098 0.918 -0.237 -2.269 -1.534 1.066
155 I 1.589 -2.482 -2.652 -2.619 0.127 -2.461 -2.683 -1.603 -2.147 3.631 0.95 -1.959 0.69 -0.348 -2.686 -1.407 -0.867 -2.294 -1.46 2.177
156 L -1.512 -2.487 -3.355 -3.493 -0.177 -2.844 -3.454 -3.441 -2.467 3.13 3.473 -2.57 1.846 0.616 -3.597 -3.157 -1.428 -1.844 -1.157 1.789
157 F -2.361 -2.923 -2.887 -3.341 -1.401 -3.891 -3.509 -2.901 -0.855 0.25 0.538 -3.331 0.175 6.556 -4.475 -3.057 -2.397 0.825 2.904 -0.534
158 I -0.97 -2.908 -3.174 -3.202 -0.004 -3.013 -3.424 -3.32 -2.804 4.151 1.426 -2.605 1.105 0.0 -3.416 -2.814 -0.878 -2.277 -1.311 3.362
159 P -0.832 -2.539 -2.685 -2.558 -0.368 -2.569 -2.648 -2.717 -2.374 2.947 0.491 -1.987 0.282 -0.82 3.691 -2.237 -0.976 -2.882 -1.695 2.567
160 L -1.567 -2.213 -3.389 -3.647 -0.177 -2.667 -3.332 -3.409 -2.34 1.978 4.08 -2.505 2.106 0.806 -3.631 -3.185 -1.607 -1.677 -1.083 1.079
161 Y -1.839 -1.804 -2.152 -3.049 -1.778 -1.81 -2.39 -2.958 2.078 -0.83 -0.937 -1.9 -0.709 3.322 -3.36 -2.464 -2.116 2.282 6.71 -1.006
162 F -1.287 -2.093 -2.22 -2.713 -0.462 -2.18 -2.75 -2.623 -1.308 1.974 1.176 -2.094 3.223 3.923 -3.342 -1.848 0.408 -0.632 0.879 1.191
163 L -1.063 -2.309 -3.237 -3.487 -0.004 -2.649 -3.188 -3.259 -2.527 2.362 3.356 -2.474 1.734 0.451 -3.479 -2.863 -1.18 -1.902 -1.157 2.521
164 G -0.659 -0.991 4.348 0.473 -1.453 -1.015 -1.237 3.307 0.197 -2.806 -3.185 -0.706 -2.232 -2.453 -2.548 0.225 -0.687 -2.767 -2.377 -2.532
165 I -1.415 -1.834 2.791 -0.901 -0.76 -2.042 -2.244 -1.811 -0.703 2.438 0.322 -1.717 0.155 2.606 -3.277 -1.655 -0.956 -1.534 -0.045 1.75
166 V -1.031 -2.531 -2.852 -3.163 -0.298 -2.604 -3.052 -3.172 -0.665 3.292 0.902 -2.385 0.693 1.203 -3.368 -2.64 -1.069 -0.343 3.206 2.925
167 A 1.917 -1.858 -1.643 -1.996 0.275 -1.822 -2.001 -1.097 -1.819 2.178 0.097 -1.42 0.114 -0.949 -2.175 -0.371 1.561 -2.331 -1.578 1.88
168 K -1.016 3.404 -0.344 -0.939 -2.074 0.709 0.09 -1.548 -0.182 -2.266 -2.214 4.101 -1.252 -2.747 -1.938 -1.032 -1.199 -2.496 -1.813 -2.067
169 P -0.514 -1.884 -1.577 -1.753 -0.519 -1.869 -1.851 -1.968 -1.857 0.424 -1.005 -1.293 -0.825 -1.917 4.814 -0.918 1.432 -3.228 -2.034 1.308
170 Y -1.769 2.168 -1.64 -2.611 -1.899 -1.044 -1.825 -2.738 1.69 -1.189 -1.18 -0.348 -0.837 2.615 -3.191 -2.171 -1.945 1.643 5.934 -1.261
171 K -0.853 2.067 -0.295 -0.749 -2.004 0.78 0.287 -1.369 -0.27 -2.149 -2.267 4.557 -1.25 -2.832 -1.713 -0.908 -1.109 -2.576 -1.815 -2.025
172 F -2.005 -2.989 -3.015 -3.296 -0.933 -3.656 -3.575 -3.089 -1.357 2.481 0.958 -3.107 0.577 5.54 -4.125 -3.072 -1.898 0.12 2.051 1.06
173 T -0.708 -1.605 -0.822 -1.625 -0.323 -1.793 -1.951 -1.785 -1.231 -0.074 -0.436 -1.439 -0.293 3.708 -2.377 -0.121 3.29 -0.817 0.707 -0.022
174 W -2.676 -2.409 -3.193 -3.647 -2.361 -2.851 -2.995 -2.392 -1.161 -1.88 -1.677 -2.817 -1.307 1.102 -5.435 -3.381 -2.721 10.637 2.143 -2.254
175 L -1.567 -2.213 -3.389 -3.647 -0.177 -2.667 -3.332 -3.409 -2.34 1.978 4.08 -2.505 2.106 0.806 -3.631 -3.185 -1.607 -1.677 -1.083 1.079
176 I 1.581 -2.362 -2.663 -2.667 0.127 -2.393 -2.642 -1.596 -2.098 3.266 1.572 -1.936 0.859 -0.232 -2.697 -1.413 -0.929 -2.209 -1.424 1.931
177 V -0.65 -2.687 -3.083 -3.217 0.136 -2.809 -3.181 -3.166 -2.841 3.601 1.423 -2.513 1.032 -0.138 -3.325 -2.591 -0.719 -2.306 -1.3 3.703
178 V -0.26 -2.513 -2.956 -3.191 0.313 -2.614 -2.92 -2.982 -2.941 3.003 0.919 -2.415 0.805 -0.425 -3.198 -2.311 -0.478 -2.414 -1.311 4.195
179 V -0.355 -2.036 -1.733 -2.287 0.176 -2.096 -2.404 -2.388 -2.325 2.632 0.532 -1.811 0.495 -0.659 -2.651 -1.006 2.047 -2.316 -1.445 3.151
180 G 1.744 -1.567 -0.584 -1.253 -0.288 -1.435 -1.602 3.275 -0.633 -1.616 -2.042 -1.057 -1.396 -0.903 -2.051 0.936 0.446 -1.497 0.959 -1.03
181 I -1.344 -2.712 -3.094 -3.134 -0.18 -2.681 -3.407 -3.312 -2.314 4.21 1.743 -2.428 2.801 0.241 -3.479 -2.869 -1.096 -2.022 -1.22 2.559
182 A 2.934 -1.133 -0.461 -0.939 0.38 -0.965 -0.947 0.129 -0.856 -1.322 -1.784 -0.593 -1.045 -1.92 -1.502 2.181 0.322 -2.518 -1.782 -0.482
183 T -0.341 -1.409 -0.554 -1.347 0.045 -1.429 -1.724 -1.66 -1.646 1.492 -0.325 -1.094 -0.117 -1.167 -1.982 0.246 3.815 -2.211 -1.648 0.923
184 I -0.983 -2.814 -3.183 -3.241 -0.004 -2.958 -3.389 -3.311 -2.763 3.954 1.794 -2.586 1.204 0.069 -3.425 -2.821 -0.919 -2.221 -1.289 3.256
185 F -1.513 -2.054 -2.663 -3.05 -0.541 -2.037 -2.886 -2.82 -1.137 1.955 1.602 -2.149 4.279 3.997 -3.658 -2.487 -1.455 -0.503 0.954 0.95
186 P -0.863 -2.04 -1.96 -1.59 -1.483 -1.96 -1.649 -1.879 -1.634 -2.344 -2.777 -1.091 -2.429 -3.362 6.69 -1.478 -1.375 -4.576 -2.662 -2.188
187 L -1.808 -2.431 -3.212 -3.541 -0.53 -3.02 -3.39 -3.23 -1.756 1.509 3.305 -2.755 1.594 4.081 -3.886 -3.142 -1.847 -0.585 0.909 0.635
188 L -1.668 -2.304 -3.312 -3.601 -0.323 -2.813 -3.357 -3.331 -2.075 1.786 3.773 -2.609 1.897 2.666 -3.737 -3.166 -1.708 -1.158 -0.059 0.897
189 L -1.567 -2.213 -3.389 -3.647 -0.177 -2.667 -3.332 -3.409 -2.34 1.978 4.08 -2.505 2.106 0.806 -3.631 -3.185 -1.607 -1.677 -1.083 1.079
190 E -0.924 0.571 -0.242 0.649 -2.168 3.603 3.288 -1.713 0.526 -2.498 -2.347 1.261 -1.037 -2.806 -2.023 -0.804 -1.157 -2.323 -1.616 -1.984
191 K -0.883 1.573 -0.208 -0.562 -1.973 3.587 0.874 -1.438 0.279 -2.21 -2.141 3.344 -0.813 -2.91 -1.938 -0.846 -1.057 -2.39 -1.554 -1.92
192 Y -1.949 -1.809 -1.814 -2.759 -1.746 -1.913 -2.298 -2.76 3.617 -0.68 -0.634 -2.017 -0.524 4.336 -3.516 -2.475 -2.203 1.671 5.739 -1.064
193 S 2.1 -0.938 0.061 -0.575 0.208 -0.768 -0.752 -0.007 -0.659 -1.629 -2.07 -0.444 -1.134 -1.948 -1.504 2.858 0.685 -2.55 -1.784 -0.891
194 N 1.077 -0.347 3.329 2.004 -1.072 1.944 0.106 -0.432 0.27 -2.043 -2.359 -0.035 -1.375 -2.462 -2.153 -0.236 -0.719 -2.714 -1.914 -1.518
195 L -1.189 -2.5 -3.117 -3.173 -0.188 -2.742 -3.157 -3.179 -2.472 3.056 2.731 -2.378 1.404 0.198 0.61 -2.795 -1.211 -2.147 -1.312 2.284
196 L -1.553 -2.199 -3.375 -3.632 -0.163 -2.653 -3.318 -3.395 -2.326 1.993 4.057 -2.49 2.12 0.821 -3.617 -3.171 -1.593 -1.663 -1.068 1.094
197 V -0.726 -1.471 -1.742 -0.522 -0.557 -0.548 1.986 -2.648 -1.209 2.511 0.287 -0.902 0.239 -0.86 -2.695 -1.778 -0.896 -2.352 -1.513 2.62
198 S 0.953 -0.734 1.214 -0.148 -0.021 -0.58 -0.577 -0.121 -0.369 -1.964 -2.382 -0.298 -1.247 -1.978 -1.541 3.187 0.932 -2.584 -1.785 -1.364
199 I -0.876 -2.851 -3.137 -3.187 0.044 -2.957 -3.355 -3.27 -2.803 4.032 1.394 -2.571 1.091 -0.025 -3.379 -2.745 -0.821 -2.276 -1.297 3.445
200 N -1.672 -0.427 5.669 1.269 -1.859 -0.539 -0.738 -0.167 0.956 -2.725 -3.164 -0.308 -2.174 -2.387 -2.6 -0.13 -0.464 -2.979 -2.081 -2.573
201 P -0.849 -2.026 -1.946 -1.576 -1.469 -1.945 -1.635 -1.865 -1.62 -2.33 -2.763 -1.076 -2.415 -3.348 6.675 -1.464 -1.361 -4.561 -2.648 -2.174
202 L -1.553 -2.199 -3.375 -3.632 -0.163 -2.653 -3.318 -3.395 -2.326 1.993 4.057 -2.49 2.12 0.821 -3.617 -3.171 -1.593 -1.663 -1.068 1.094
203 F -2.346 -2.909 -2.872 -3.326 -1.386 -3.876 -3.495 -2.887 -0.84 0.264 0.552 -3.317 0.189 6.534 -4.46 -3.043 -2.383 0.84 2.919 -0.52
204 N -0.274 -0.738 3.595 0.249 -0.54 -0.75 -0.92 -0.537 -0.065 -1.402 -2.049 -0.48 -1.257 -1.972 -1.971 1.307 2.405 -2.572 -1.87 -0.989
205 L -1.553 -2.199 -3.375 -3.632 -0.163 -2.653 -3.318 -3.395 -2.326 1.993 4.057 -2.49 2.12 0.821 -3.617 -3.171 -1.593 -1.663 -1.068 1.094
206 Y -1.825 -1.79 -2.138 -3.034 -1.764 -1.796 -2.376 -2.944 2.092 -0.816 -0.922 -1.885 -0.694 3.336 -3.345 -2.449 -2.102 2.296 6.681 -0.992
207 L -1.553 -2.199 -3.375 -3.632 -0.163 -2.653 -3.318 -3.395 -2.326 1.993 4.057 -2.49 2.12 0.821 -3.617 -3.171 -1.593 -1.663 -1.068 1.094
208 E -0.918 0.338 -0.257 0.942 -2.227 3.214 3.706 -1.778 0.526 -2.571 -2.43 0.879 -1.188 -2.746 -1.991 -0.79 -1.188 -2.323 -1.673 -2.012
209 N -1.672 -0.427 5.669 1.269 -1.859 -0.539 -0.738 -0.167 0.956 -2.725 -3.164 -0.308 -2.174 -2.387 -2.6 -0.13 -0.464 -2.979 -2.081 -2.573
210 S 1.056 -0.753 0.485 -0.261 0.06 -0.582 -0.567 -0.119 -0.472 -1.924 -2.341 -0.297 -1.199 -1.956 -1.488 3.304 0.999 -2.561 -1.768 -1.305
211 D -1.789 -1.6 1.187 5.851 -2.385 -0.884 1.038 -1.136 -0.548 -2.738 -3.504 -0.842 -2.71 -2.932 -2.302 -0.964 -1.425 -3.543 -3.056 -2.877
212 N -1.444 -0.969 3.607 2.165 -1.131 -0.798 -0.816 -1.101 0.067 -0.218 0.082 -0.815 3.288 -0.956 -2.786 -0.906 -0.842 -2.265 -1.641 -0.643
213 T 1.105 -1.168 -0.361 -1.132 0.213 -1.151 -1.376 -0.969 -1.39 -0.332 -1.113 -0.813 -0.6 -1.637 -1.662 0.651 3.853 -2.239 -1.727 0.202
214 E -0.909 0.578 -0.295 0.953 -2.255 2.294 3.71 -1.765 0.351 -2.563 -2.499 1.866 -1.396 -2.711 -1.903 -0.812 -1.217 -2.391 -1.783 -2.061
215 V -0.62 -2.712 -3.061 -3.183 0.155 -2.815 -3.176 -3.151 -2.85 3.687 1.227 -2.505 0.991 -0.166 -3.303 -2.566 -0.68 -2.323 -1.297 3.737
216 N -1.672 -0.427 5.669 1.269 -1.859 -0.539 -0.738 -0.167 0.956 -2.725 -3.164 -0.308 -2.174 -2.387 -2.6 -0.13 -0.464 -2.979 -2.081 -2.573
217 K -0.839 2.081 -0.28 -0.734 -1.99 0.795 0.301 -1.354 -0.255 -2.135 -2.252 4.521 -1.236 -2.818 -1.699 -0.893 -1.094 -2.561 -1.801 -2.011
218 F -2.126 -2.408 -2.556 -3.206 -1.532 -2.859 -2.994 -2.91 0.7 -0.121 0.049 -2.657 -0.133 5.634 -3.962 -2.791 -2.267 1.513 5.023 -0.699
219 S 1.056 -0.753 0.485 -0.261 0.06 -0.582 -0.567 -0.119 -0.472 -1.924 -2.341 -0.297 -1.199 -1.956 -1.488 3.304 0.999 -2.561 -1.768 -1.305
220 F -1.318 -2.738 -2.9 -3.266 -0.575 -3.296 -3.244 -2.919 -1.506 1.689 0.711 -2.915 0.458 5.228 -3.88 -2.721 -1.458 -0.068 1.86 2.263
221 T -0.125 -1.105 -0.151 -1.027 0.109 -1.115 -1.39 -1.341 -1.425 -0.236 -1.069 -0.803 -0.544 -1.593 -1.699 0.693 4.281 -2.197 -1.719 0.217
222 L -0.905 -1.894 -2.24 -2.703 -0.123 -2.175 -2.621 -2.503 -1.911 1.6 3.579 -1.976 1.761 0.497 -3.122 -0.59 -0.95 -1.798 -1.177 0.8
223 I -1.389 -3.113 -3.275 -3.193 -0.163 -3.222 -3.699 -3.491 -2.723 4.553 1.665 -2.691 1.259 0.206 -3.517 -3.089 -1.087 -2.197 -1.297 2.848
224 F -1.792 -2.85 -3.111 -3.322 -0.625 -3.369 -3.543 -3.201 -1.712 2.919 1.898 -2.904 1.04 4.516 -3.903 -3.083 -1.669 -0.447 1.268 1.5
225 A 3.947 -1.496 -1.674 -1.7 0.668 -1.332 -1.311 0.361 -1.223 -0.842 -1.334 -0.861 -0.886 -1.86 -1.488 0.442 -0.434 -2.452 -1.768 0.126
226 F -1.353 -2.448 -2.093 -2.578 -0.517 -2.782 -2.921 -2.633 -1.557 2.584 0.765 -2.33 0.504 4.262 -3.271 -1.687 1.048 -0.589 1.097 1.315
227 V 0.769 -2.53 -2.807 -2.87 0.193 -2.567 -2.839 -2.209 -2.476 3.482 1.019 -2.179 0.802 -0.313 -2.934 -1.847 -0.709 -2.32 -1.373 3.188
228 F -2.346 -2.909 -2.872 -3.326 -1.386 -3.876 -3.495 -2.887 -0.84 0.264 0.552 -3.317 0.189 6.534 -4.46 -3.043 -2.383 0.84 2.919 -0.52
229 F -2.346 -2.909 -2.872 -3.326 -1.386 -3.876 -3.495 -2.887 -0.84 0.264 0.552 -3.317 0.189 6.534 -4.46 -3.043 -2.383 0.84 2.919 -0.52
230 L -1.143 -2.579 -3.234 -3.357 -0.043 -2.838 -3.349 -3.326 -2.6 3.399 2.767 -2.542 1.552 0.349 -3.476 -2.918 -1.114 -2.013 -1.204 2.697
231 V -0.529 -2.661 -3.033 -3.181 0.196 -2.764 -3.111 -3.108 -2.867 3.545 1.162 -2.48 0.952 -0.221 -3.275 -2.501 -0.628 -2.34 -1.297 3.84
232 N -1.672 -0.427 5.669 1.269 -1.859 -0.539 -0.738 -0.167 0.956 -2.725 -3.164 -0.308 -2.174 -2.387 -2.6 -0.13 -0.464 -2.979 -2.081 -2.573
233 F -2.332 -2.894 -2.858 -3.312 -1.372 -3.862 -3.48 -2.873 -0.826 0.279 0.567 -3.302 0.203 6.511 -4.446 -3.029 -2.369 0.854 2.933 -0.505
234 F -2.332 -2.894 -2.858 -3.312 -1.372 -3.862 -3.48 -2.873 -0.826 0.279 0.567 -3.302 0.203 6.511 -4.446 -3.029 -2.369 0.854 2.933 -0.505
235 V -0.774 -2.576 -3.109 -3.259 0.107 -2.762 -3.187 -3.184 -2.716 3.379 2.103 -2.486 1.284 0.086 -3.351 -2.666 -0.834 -2.155 -1.232 3.329
236 G 0.092 -2.356 -0.438 -1.321 -1.318 -2.193 -2.62 5.807 -1.474 -3.213 -3.459 -1.649 -2.665 -2.676 -2.777 -1.0 -1.917 -2.438 -3.146 -2.862
237 R -1.452 3.649 -1.533 -2.258 -1.014 -0.78 -1.717 -2.723 -0.975 2.75 0.384 0.538 0.287 -0.822 -3.075 -2.12 -1.256 -2.207 -1.516 1.329
238 K -0.962 3.236 -0.306 -0.881 -2.033 0.749 0.149 -1.491 -0.164 -2.219 -2.191 4.106 -1.222 -2.729 -1.875 -0.984 -1.156 -2.477 -1.783 -2.031
239 L -1.552 -2.405 -3.3 -3.496 -0.22 -2.826 -3.394 -3.361 -2.253 2.685 3.498 -2.57 1.862 1.802 -3.633 -3.129 -1.51 -1.474 -0.536 1.508
240 N 0.017 -0.571 4.088 0.619 -0.728 -0.546 -0.637 -0.128 0.344 -2.282 -2.709 -0.288 -1.631 -2.149 -1.976 2.036 0.374 -2.748 -1.906 -1.855
241 R -1.332 3.69 -1.288 -2.26 5.408 -0.582 -1.507 -2.342 0.497 -1.546 -1.451 0.596 -1.026 0.6 -2.975 -1.723 -1.588 -0.188 3.37 -1.35
242 Y -1.81 -1.775 -2.124 -3.02 -1.75 -1.782 -2.361 -2.93 2.107 -0.802 -0.908 -1.871 -0.68 3.35 -3.331 -2.435 -2.087 2.311 6.651 -0.977
243 N -0.819 -0.48 5.072 1.017 -1.312 -0.534 -0.686 -0.142 0.718 -2.519 -2.952 -0.291 -1.921 -2.274 -2.308 1.005 -0.068 -2.87 -1.997 -2.236
244 T -0.21 -1.011 1.183 -0.699 0.002 -1.032 -1.299 -1.187 -1.081 -0.366 -1.182 -0.729 -0.634 -1.631 -1.745 0.652 3.986 -2.234 -1.724 0.075
245 N -1.633 -0.388 5.585 1.308 -1.819 -0.5 -0.698 -0.128 0.995 -2.686 -3.125 -0.269 -2.134 -2.347 -2.561 -0.091 -0.424 -2.939 -2.042 -2.534
246 N -1.633 -0.388 5.585 1.308 -1.819 -0.5 -0.698 -0.128 0.995 -2.686 -3.125 -0.269 -2.134 -2.347 -2.561 -0.091 -0.424 -2.939 -2.042 -2.534
247 N -1.633 -0.388 5.585 1.308 -1.819 -0.5 -0.698 -0.128 0.995 -2.686 -3.125 -0.269 -2.134 -2.347 -2.561 -0.091 -0.424 -2.939 -2.042 -2.534
248 N -1.633 -0.388 5.585 1.308 -1.819 -0.5 -0.698 -0.128 0.995 -2.686 -3.125 -0.269 -2.134 -2.347 -2.561 -0.091 -0.424 -2.939 -2.042 -2.534
249 N -1.633 -0.388 5.585 1.308 -1.819 -0.5 -0.698 -0.128 0.995 -2.686 -3.125 -0.269 -2.134 -2.347 -2.561 -0.091 -0.424 -2.939 -2.042 -2.534
250 N -1.633 -0.388 5.585 1.308 -1.819 -0.5 -0.698 -0.128 0.995 -2.686 -3.125 -0.269 -2.134 -2.347 -2.561 -0.091 -0.424 -2.939 -2.042 -2.534
251 N -1.633 -0.388 5.585 1.308 -1.819 -0.5 -0.698 -0.128 0.995 -2.686 -3.125 -0.269 -2.134 -2.347 -2.561 -0.091 -0.424 -2.939 -2.042 -2.534
252 N -1.264 -0.263 3.981 1.404 -2.113 0.561 2.928 -0.913 0.697 -2.736 -2.916 0.233 -1.948 -2.487 -2.211 -0.433 -0.843 -2.66 -1.985 -2.337
253 N -1.513 -1.454 3.768 -0.159 -0.873 -1.565 -1.84 -1.36 -0.319 2.742 0.175 -1.246 0.04 -0.794 -3.008 -1.231 -0.744 -2.547 -1.648 1.273
254 N -1.682 -0.627 5.107 3.014 -1.949 -0.595 -0.24 -0.334 0.708 -2.713 -3.219 -0.4 -2.266 -2.481 -2.519 -0.275 -0.63 -3.076 -2.25 -2.621
255 F -1.918 -1.361 3.783 -0.189 -1.483 -1.684 -1.777 -1.222 0.151 -0.606 -0.063 -1.387 -0.482 4.281 -3.321 -1.224 -1.208 -0.66 1.128 -1.153
256 I -0.674 -1.923 -1.295 -1.897 -0.009 -1.966 -2.305 -2.206 -1.988 3.026 0.624 -1.581 0.51 -0.541 -2.453 -0.604 2.664 -2.183 -1.486 1.837
257 F -2.332 -2.894 -2.858 -3.312 -1.372 -3.862 -3.48 -2.873 -0.826 0.279 0.567 -3.302 0.203 6.511 -4.446 -3.029 -2.369 0.854 2.933 -0.505
258 K -0.824 2.096 -0.266 -0.72 -1.975 0.809 0.315 -1.34 -0.241 -2.121 -2.238 4.485 -1.222 -2.804 -1.685 -0.879 -1.08 -2.547 -1.787 -1.997
259 K -0.852 1.603 -0.177 -0.532 -1.942 3.506 0.905 -1.408 0.309 -2.179 -2.111 3.293 -0.782 -2.879 -1.908 -0.815 -1.026 -2.359 -1.524 -1.889
260 Y -1.81 -1.775 -2.124 -3.02 -1.75 -1.782 -2.361 -2.93 2.107 -0.802 -0.908 -1.871 -0.68 3.35 -3.331 -2.435 -2.087 2.311 6.651 -0.977
261 N -1.658 -0.413 5.638 1.284 -1.844 -0.525 -0.723 -0.152 0.971 -2.71 -3.149 -0.294 -2.159 -2.372 -2.585 -0.116 -0.449 -2.964 -2.067 -2.558
262 L -1.539 -2.184 -3.36 -3.618 -0.148 -2.638 -3.303 -3.38 -2.311 2.007 4.034 -2.476 2.134 0.835 -3.602 -3.156 -1.578 -1.648 -1.054 1.108
263 F -2.332 -2.894 -2.858 -3.312 -1.372 -3.862 -3.48 -2.873 -0.826 0.279 0.567 -3.302 0.203 6.511 -4.446 -3.029 -2.369 0.854 2.933 -0.505
264 S 1.07 -0.739 0.499 -0.247 0.075 -0.568 -0.553 -0.104 -0.458 -1.909 -2.326 -0.283 -1.185 -1.941 -1.473 3.255 1.013 -2.547 -1.753 -1.29
265 F -2.332 -2.894 -2.858 -3.312 -1.372 -3.862 -3.48 -2.873 -0.826 0.279 0.567 -3.302 0.203 6.511 -4.446 -3.029 -2.369 0.854 2.933 -0.505
266 L -1.539 -2.184 -3.36 -3.618 -0.148 -2.638 -3.303 -3.38 -2.311 2.007 4.034 -2.476 2.134 0.835 -3.602 -3.156 -1.578 -1.648 -1.054 1.108
267 F -2.059 -2.281 -2.468 -3.162 -1.555 -2.638 -2.867 -2.901 0.998 -0.211 -0.077 -2.499 -0.205 5.344 -3.835 -2.717 -2.225 1.673 5.353 -0.732
268 L -1.455 -2.605 -3.31 -3.39 -0.148 -2.909 -3.488 -3.428 -2.503 3.526 3.09 -2.575 1.736 0.544 -3.552 -3.115 -1.315 -1.903 -1.166 2.116
269 S 1.07 -0.739 0.499 -0.247 0.075 -0.568 -0.553 -0.104 -0.458 -1.909 -2.326 -0.283 -1.185 -1.941 -1.473 3.255 1.013 -2.547 -1.753 -1.29
270 S 1.07 -0.739 0.499 -0.247 0.075 -0.568 -0.553 -0.104 -0.458 -1.909 -2.326 -0.283 -1.185 -1.941 -1.473 3.255 1.013 -2.547 -1.753 -1.29
271 V -0.231 -2.484 -2.927 -3.162 0.342 -2.585 -2.892 -2.953 -2.913 3.032 0.947 -2.386 0.834 -0.396 -3.169 -2.282 -0.449 -2.385 -1.283 4.119
272 I -0.999 -2.909 -3.161 -3.174 0.001 -3.016 -3.435 -3.317 -2.766 4.163 1.488 -2.591 1.154 0.057 -3.403 -2.825 -0.88 -2.239 -1.283 3.281
273 L -1.539 -2.184 -3.36 -3.618 -0.148 -2.638 -3.303 -3.38 -2.311 2.007 4.034 -2.476 2.134 0.835 -3.602 -3.156 -1.578 -1.648 -1.054 1.108
274 L -1.539 -2.184 -3.36 -3.618 -0.148 -2.638 -3.303 -3.38 -2.311 2.007 4.034 -2.476 2.134 0.835 -3.602 -3.156 -1.578 -1.648 -1.054 1.108
275 S 1.07 -0.739 0.499 -0.247 0.075 -0.568 -0.553 -0.104 -0.458 -1.909 -2.326 -0.283 -1.185 -1.941 -1.473 3.255 1.013 -2.547 -1.753 -1.29
276 A 3.752 -1.543 -1.734 -1.769 0.659 -1.392 -1.385 0.231 -1.302 -0.3 -1.083 -0.933 -0.71 -1.715 -1.566 0.328 -0.422 -2.434 -1.717 0.696
277 L -1.539 -2.184 -3.36 -3.618 -0.148 -2.638 -3.303 -3.38 -2.311 2.007 4.034 -2.476 2.134 0.835 -3.602 -3.156 -1.578 -1.648 -1.054 1.108
278 S 1.07 -0.739 0.499 -0.247 0.075 -0.568 -0.553 -0.104 -0.458 -1.909 -2.326 -0.283 -1.185 -1.941 -1.473 3.255 1.013 -2.547 -1.753 -1.29
279 F -2.332 -2.894 -2.858 -3.312 -1.372 -3.862 -3.48 -2.873 -0.826 0.279 0.567 -3.302 0.203 6.511 -4.446 -3.029 -2.369 0.854 2.933 -0.505
280 S 1.07 -0.739 0.499 -0.247 0.075 -0.568 -0.553 -0.104 -0.458 -1.909 -2.326 -0.283 -1.185 -1.941 -1.473 3.255 1.013 -2.547 -1.753 -1.29
281 P -0.834 -2.011 -1.932 -1.562 -1.455 -1.931 -1.62 -1.85 -1.605 -2.315 -2.748 -1.062 -2.401 -3.333 6.661 -1.45 -1.346 -4.547 -2.633 -2.16
282 V -0.231 -2.484 -2.927 -3.162 0.342 -2.585 -2.892 -2.953 -2.913 3.032 0.947 -2.386 0.834 -0.396 -3.169 -2.282 -0.449 -2.385 -1.283 4.119
283 L -1.455 -2.605 -3.31 -3.39 -0.148 -2.909 -3.488 -3.428 -2.503 3.526 3.09 -2.575 1.736 0.544 -3.552 -3.115 -1.315 -1.903 -1.166 2.116
284 S 1.07 -0.739 0.499 -0.247 0.075 -0.568 -0.553 -0.104 -0.458 -1.909 -2.326 -0.283 -1.185 -1.941 -1.473 3.255 1.013 -2.547 -1.753 -1.29
285 I -1.375 -3.099 -3.261 -3.179 -0.148 -3.207 -3.685 -3.477 -2.709 4.516 1.679 -2.677 1.273 0.22 -3.503 -3.074 -1.073 -2.183 -1.283 2.862
286 R -1.532 5.506 -0.46 -1.562 -2.257 0.52 -0.559 -2.126 0.1 -2.61 -2.026 2.021 -1.222 -2.47 -2.702 -1.404 -1.452 -2.232 -1.77 -2.16
287 L -1.539 -2.184 -3.36 -3.618 -0.148 -2.638 -3.303 -3.38 -2.311 2.007 4.034 -2.476 2.134 0.835 -3.602 -3.156 -1.578 -1.648 -1.054 1.108
288 Y -1.81 -1.775 -2.124 -3.02 -1.75 -1.782 -2.361 -2.93 2.107 -0.802 -0.908 -1.871 -0.68 3.35 -3.331 -2.435 -2.087 2.311 6.651 -0.977
289 E -0.917 -0.12 -0.336 1.52 -2.409 1.348 4.489 -1.947 0.395 -2.762 -2.701 0.679 -1.751 -2.606 -1.879 -0.789 -1.299 -2.385 -1.906 -2.132
290 L -1.539 -2.184 -3.36 -3.618 -0.148 -2.638 -3.303 -3.38 -2.311 2.007 4.034 -2.476 2.134 0.835 -3.602 -3.156 -1.578 -1.648 -1.054 1.108
291 L -1.908 -2.517 -3.098 -3.461 -0.696 -3.186 -3.39 -3.115 -1.474 1.27 2.793 -2.86 1.328 4.889 -3.994 -3.092 -1.947 -0.134 1.579 0.413
292 S 1.07 -0.739 0.499 -0.247 0.075 -0.568 -0.553 -0.104 -0.458 -1.909 -2.326 -0.283 -1.185 -1.941 -1.473 3.255 1.013 -2.547 -1.753 -1.29
293 L -1.539 -2.184 -3.36 -3.618 -0.148 -2.638 -3.303 -3.38 -2.311 2.007 4.034 -2.476 2.134 0.835 -3.602 -3.156 -1.578 -1.648 -1.054 1.108
294 S 1.07 -0.739 0.499 -0.247 0.075 -0.568 -0.553 -0.104 -0.458 -1.909 -2.326 -0.283 -1.185 -1.941 -1.473 3.255 1.013 -2.547 -1.753 -1.29
295 P -0.834 -2.011 -1.932 -1.562 -1.455 -1.931 -1.62 -1.85 -1.605 -2.315 -2.748 -1.062 -2.401 -3.333 6.661 -1.45 -1.346 -4.547 -2.633 -2.16
296 F -2.332 -2.894 -2.858 -3.312 -1.372 -3.862 -3.48 -2.873 -0.826 0.279 0.567 -3.302 0.203 6.511 -4.446 -3.029 -2.369 0.854 2.933 -0.505
297 A 2.476 -2.006 -2.26 -2.332 0.456 -1.946 -2.058 -0.866 -1.916 2.113 0.19 -1.544 0.191 -0.911 -2.231 -0.655 -0.515 -2.381 -1.509 2.525
298 V -0.747 -2.775 -3.089 -3.171 0.107 -2.88 -3.261 -3.203 -2.809 3.868 1.336 -2.528 1.062 -0.072 -3.331 -2.651 -0.744 -2.282 -1.283 3.559
299 I -1.375 -3.099 -3.261 -3.179 -0.148 -3.207 -3.685 -3.477 -2.709 4.516 1.679 -2.677 1.273 0.22 -3.503 -3.074 -1.073 -2.183 -1.283 2.862
300 A 3.913 -1.482 -1.66 -1.685 0.682 -1.318 -1.296 0.376 -1.209 -0.828 -1.319 -0.847 -0.871 -1.846 -1.473 0.457 -0.42 -2.438 -1.753 0.141
301 C -0.621 -3.284 -3.024 -3.364 9.007 -3.401 -3.87 -2.397 -2.895 1.419 -0.217 -3.012 -0.388 -1.376 -3.266 -1.917 -1.261 -2.973 -2.397 0.667
302 L -1.539 -2.184 -3.36 -3.618 -0.148 -2.638 -3.303 -3.38 -2.311 2.007 4.034 -2.476 2.134 0.835 -3.602 -3.156 -1.578 -1.648 -1.054 1.108
303 Y -1.81 -1.775 -2.124 -3.02 -1.75 -1.782 -2.361 -2.93 2.107 -0.802 -0.908 -1.871 -0.68 3.35 -3.331 -2.435 -2.087 2.311 6.651 -0.977
304 S 1.957 -0.883 0.153 -0.5 0.216 -0.713 -0.697 0.006 -0.603 -1.641 -2.079 -0.395 -1.115 -1.921 -1.473 2.843 0.76 -2.523 -1.753 -0.918
305 R -1.157 4.278 -0.361 -1.11 -2.113 0.668 -0.089 -1.706 -0.065 -2.355 -2.13 3.508 -1.222 -2.632 -2.149 -1.13 -1.26 -2.385 -1.778 -2.077
306 E -0.045 0.667 -0.13 0.616 2.823 0.522 2.91 -1.168 -0.065 -2.237 -2.366 0.339 -1.448 -2.3 -1.851 1.298 -0.258 -2.484 -1.895 -1.658
307 V -0.753 -2.285 -2.781 -3.114 -0.062 -2.379 -2.878 -2.852 -1.873 2.332 1.177 -2.318 2.627 2.968 -3.416 -2.364 -0.898 -1.136 0.325 3.036
308 N -1.211 1.106 3.989 0.452 -1.909 0.218 -0.157 -0.686 0.428 -2.401 -2.658 2.989 -1.653 -2.58 -2.1 -0.472 -0.747 -2.748 -1.923 -2.264
309 N -1.633 -0.388 5.585 1.308 -1.819 -0.5 -0.698 -0.128 0.995 -2.686 -3.125 -0.269 -2.134 -2.347 -2.561 -0.091 -0.424 -2.939 -2.042 -2.534
310 L -1.053 -1.356 -2.333 -2.787 -0.141 -1.024 -2.326 -2.556 -0.941 1.63 2.162 -1.425 5.471 0.495 -3.215 -1.989 -1.019 -1.279 -0.805 1.016
311 I -1.49 -2.636 -2.358 -0.465 -0.549 -2.619 -2.669 -3.112 -0.704 3.701 1.084 -2.316 0.774 1.133 -3.36 -2.72 -1.286 -0.525 2.791 2.148
312 L -1.267 -2.462 -3.266 -3.419 -0.073 -2.782 -3.343 -3.342 -2.501 3.092 3.191 -2.519 1.747 0.517 -3.508 -2.991 -1.243 -1.891 -1.15 2.281
313 L -1.908 -2.517 -3.098 -3.461 -0.696 -3.186 -3.39 -3.115 -1.474 1.27 2.793 -2.86 1.328 4.889 -3.994 -3.092 -1.947 -0.134 1.579 0.413
314 Y -1.78 -1.294 -1.124 -2.268 -1.904 -1.22 -1.696 -2.52 5.191 -1.222 -1.298 -1.509 -0.834 2.637 -3.152 -2.163 -2.126 1.637 5.878 -1.431
315 R -0.069 3.795 -0.114 -1.003 2.879 -0.081 -0.702 -1.085 -0.275 -2.124 -2.066 1.012 -1.195 -2.2 -2.137 1.483 -0.128 -2.427 -1.825 -1.609
316 D -1.741 -1.199 3.264 5.088 -2.21 -0.767 0.646 -0.81 -0.019 -2.72 -3.388 -0.664 -2.532 -2.751 -2.369 -0.686 -1.102 -3.356 -2.728 -2.772
317 R -1.499 3.679 -1.549 -2.344 -1.014 -0.703 -1.659 -2.702 -0.909 1.696 1.676 0.557 0.665 -0.554 -3.099 -2.137 -1.401 -2.043 -1.443 0.606
318 K -1.188 2.894 2.818 -0.118 -1.995 0.42 -0.128 -1.08 0.227 -2.381 -2.42 3.223 -1.46 -2.602 -2.121 -0.736 -0.956 -2.587 -1.86 -2.182
319 L -1.539 -2.184 -3.36 -3.618 -0.148 -2.638 -3.303 -3.38 -2.311 2.007 4.034 -2.476 2.134 0.835 -3.602 -3.156 -1.578 -1.648 -1.054 1.108
320 A 3.102 1.073 -1.61 -1.862 0.228 -1.152 -1.39 -0.208 -1.015 -0.588 -0.307 -0.39 -0.476 0.562 -1.884 -0.077 -0.729 -1.948 -0.975 -0.051
321 L -1.707 -2.878 -3.124 -3.285 -0.528 -3.329 -3.554 -3.233 -1.843 3.237 1.863 -2.853 1.092 4.1 -3.821 -3.069 -1.549 -0.66 0.984 1.787
322 L -1.691 -2.322 -3.245 -3.55 -0.37 -2.86 -3.34 -3.264 -1.923 1.714 3.566 -2.634 1.816 3.261 -3.764 -3.128 -1.731 -0.901 0.372 0.83
323 R -1.532 5.506 -0.46 -1.562 -2.257 0.52 -0.559 -2.126 0.1 -2.61 -2.026 2.021 -1.222 -2.47 -2.702 -1.404 -1.452 -2.232 -1.77 -2.16
324 R -1.452 3.649 -1.533 -2.258 -1.014 -0.78 -1.717 -2.723 -0.975 2.75 0.384 0.538 0.287 -0.822 -3.075 -2.12 -1.256 -2.207 -1.516 1.329
325 L -0.779 -1.988 -2.216 -2.724 0.058 -2.22 -2.665 -2.696 -2.241 2.026 2.723 -2.0 1.37 0.115 -2.962 -1.618 1.102 -1.954 -1.248 2.219
326 L -1.539 -2.184 -3.36 -3.618 -0.148 -2.638 -3.303 -3.38 -2.311 2.007 4.034 -2.476 2.134 0.835 -3.602 -3.156 -1.578 -1.648 -1.054 1.108
327 L -1.798 -2.418 -3.171 -3.505 -0.528 -3.018 -3.365 -3.189 -1.69 1.501 3.205 -2.745 1.582 4.188 -3.876 -3.11 -1.837 -0.492 1.038 0.629
328 L -0.749 -1.808 -2.0 -2.496 -0.099 -2.053 -2.456 -2.303 -1.802 1.507 3.424 -1.846 1.678 0.425 -2.996 -0.224 -0.795 -1.819 -1.19 0.736
329 T -0.211 -1.453 -0.71 -1.482 0.154 -1.48 -1.767 -1.728 -1.756 1.384 -0.238 -1.175 -0.024 -1.125 -2.052 0.098 3.476 -2.225 -1.578 1.79
330 L -1.539 -2.184 -3.36 -3.618 -0.148 -2.638 -3.303 -3.38 -2.311 2.007 4.034 -2.476 2.134 0.835 -3.602 -3.156 -1.578 -1.648 -1.054 1.108
331 W -1.757 -1.838 -2.733 -3.187 -1.05 -1.801 -2.643 -2.47 -1.048 0.366 0.825 -2.043 3.855 0.819 -4.124 -2.607 -1.752 8.654 1.044 -0.19
332 L -1.343 -2.629 -3.277 -3.358 -0.11 -2.905 -3.454 -3.395 -2.545 3.577 2.896 -2.568 1.649 0.463 -3.519 -3.044 -1.226 -1.954 -1.183 2.372
333 I -1.223 -2.114 -2.774 -2.989 -0.157 -1.931 -2.942 -2.994 -1.708 3.413 1.917 -1.999 4.182 0.348 -3.368 -2.496 -1.058 -1.71 -1.048 2.076
334 S 1.07 -0.739 0.499 -0.247 0.075 -0.568 -0.553 -0.104 -0.458 -1.909 -2.326 -0.283 -1.185 -1.941 -1.473 3.255 1.013 -2.547 -1.753 -1.29
335 L -0.905 -2.309 -3.167 -3.414 0.072 -2.615 -3.12 -3.19 -2.554 2.491 3.08 -2.437 1.647 0.37 -3.409 -2.749 -1.04 -1.941 -1.15 2.785
336 H -1.705 -0.356 0.461 -0.959 -2.332 -0.163 -0.499 -1.695 7.994 -2.66 -2.593 -0.764 -1.259 -0.851 -2.747 -1.577 -2.225 -1.452 1.669 -3.033
337 R -1.532 5.506 -0.46 -1.562 -2.257 0.52 -0.559 -2.126 0.1 -2.61 -2.026 2.021 -1.222 -2.47 -2.702 -1.404 -1.452 -2.232 -1.77 -2.16
338 F -2.332 -2.894 -2.858 -3.312 -1.372 -3.862 -3.48 -2.873 -0.826 0.279 0.567 -3.302 0.203 6.511 -4.446 -3.029 -2.369 0.854 2.933 -0.505
339 I -1.375 -3.099 -3.261 -3.179 -0.148 -3.207 -3.685 -3.477 -2.709 4.516 1.679 -2.677 1.273 0.22 -3.503 -3.074 -1.073 -2.183 -1.283 2.862
340 A 3.913 -1.482 -1.66 -1.685 0.682 -1.318 -1.296 0.376 -1.209 -0.828 -1.319 -0.847 -0.871 -1.846 -1.473 0.457 -0.42 -2.438 -1.753 0.141
341 Y -1.81 -1.775 -2.124 -3.02 -1.75 -1.782 -2.361 -2.93 2.107 -0.802 -0.908 -1.871 -0.68 3.35 -3.331 -2.435 -2.087 2.311 6.651 -0.977
342 Y -1.81 -1.775 -2.124 -3.02 -1.75 -1.782 -2.361 -2.93 2.107 -0.802 -0.908 -1.871 -0.68 3.35 -3.331 -2.435 -2.087 2.311 6.651 -0.977
343 F -2.212 -2.615 -2.684 -3.247 -1.449 -3.273 -3.201 -2.885 0.099 0.079 0.308 -2.93 0.036 6.067 -4.168 -2.891 -2.306 1.234 4.221 -0.6
344 V -0.231 -2.484 -2.927 -3.162 0.342 -2.585 -2.892 -2.953 -2.913 3.032 0.947 -2.386 0.834 -0.396 -3.169 -2.282 -0.449 -2.385 -1.283 4.119
345 N -1.658 -0.413 5.638 1.284 -1.844 -0.525 -0.723 -0.152 0.971 -2.71 -3.149 -0.294 -2.159 -2.372 -2.585 -0.116 -0.449 -2.964 -2.067 -2.558
346 P -0.834 -2.011 -1.932 -1.562 -1.455 -1.931 -1.62 -1.85 -1.605 -2.315 -2.748 -1.062 -2.401 -3.333 6.661 -1.45 -1.346 -4.547 -2.633 -2.16
347 I -1.375 -3.099 -3.261 -3.179 -0.148 -3.207 -3.685 -3.477 -2.709 4.516 1.679 -2.677 1.273 0.22 -3.503 -3.074 -1.073 -2.183 -1.283 2.862
348 L -1.43 -2.763 -3.296 -3.32 -0.15 -3.007 -3.554 -3.446 -2.572 3.899 2.693 -2.61 1.588 0.438 -3.538 -3.103 -1.234 -1.995 -1.207 2.385
349 L -1.318 0.362 2.933 -0.388 -1.198 -0.462 -0.881 -1.34 -0.234 -0.125 1.385 2.032 0.205 -0.959 -2.522 -1.125 -1.001 -2.335 -1.606 -0.669
350 F -1.765 -0.96 -1.621 -1.966 -1.542 1.979 -0.871 -2.331 -0.192 -0.346 -0.064 -0.943 0.014 5.398 -3.466 -2.059 -1.827 0.146 2.078 -0.874