#Seq2Logo.py -f /work3/idamei/wzy_ssn/run/1e-50/run/150/MSAs/0011_156.afa -o /work3/idamei/wzy_ssn/run/1e-50/run/150/logos/0011_156.logo
Last position-specific scoring matrix computed, values are in halfbits
A R N D C Q E G H I L K M F P S T W Y V
0 L -1.066 -1.369 -2.345 -2.799 -0.154 -1.037 -2.339 -2.569 -0.954 1.618 2.149 -1.438 5.537 0.482 -3.228 -2.002 -1.031 -1.292 -0.818 1.004
1 P -0.822 -1.999 -1.919 -1.549 -1.443 -1.919 -1.608 -1.838 -1.593 -2.303 -2.736 -1.05 -2.389 -3.321 6.648 -1.437 -1.334 -4.535 -2.621 -2.147
2 I -1.362 -3.086 -3.248 -3.166 -0.136 -3.195 -3.672 -3.465 -2.697 4.483 1.691 -2.664 1.286 0.232 -3.49 -3.062 -1.06 -2.17 -1.271 2.875
3 E -0.905 -0.107 -0.324 1.532 -2.397 1.361 4.46 -1.935 0.407 -2.75 -2.688 0.691 -1.739 -2.593 -1.867 -0.777 -1.286 -2.373 -1.893 -2.12
4 I -1.362 -3.086 -3.248 -3.166 -0.136 -3.195 -3.672 -3.465 -2.697 4.483 1.691 -2.664 1.286 0.232 -3.49 -3.062 -1.06 -2.17 -1.271 2.875
5 A 3.883 -1.469 -1.648 -1.673 0.694 -1.306 -1.284 0.388 -1.197 -0.816 -1.307 -0.834 -0.859 -1.834 -1.461 0.469 -0.408 -2.426 -1.741 0.153
6 I -1.362 -3.086 -3.248 -3.166 -0.136 -3.195 -3.672 -3.465 -2.697 4.483 1.691 -2.664 1.286 0.232 -3.49 -3.062 -1.06 -2.17 -1.271 2.875
7 L -1.107 -1.41 -2.386 -2.84 -0.195 -1.078 -2.38 -2.61 -0.995 1.577 2.109 -1.479 5.742 0.441 -3.269 -2.043 -1.072 -1.333 -0.859 0.963
8 V -0.505 -2.179 -1.914 -2.402 0.118 -2.244 -2.571 -2.531 -2.377 3.05 0.739 -1.928 0.625 -0.507 -2.767 -1.237 1.754 -2.296 -1.426 3.075
9 I -1.35 -3.074 -3.236 -3.154 -0.123 -3.183 -3.66 -3.452 -2.684 4.449 1.704 -2.652 1.298 0.245 -3.478 -3.05 -1.048 -2.158 -1.258 2.887
10 L -1.428 -1.96 -3.065 -3.392 -0.182 -2.117 -3.026 -3.157 -1.888 1.869 3.64 -2.172 3.674 0.707 -3.523 -2.81 -1.444 -1.574 -1.017 1.047
11 F -1.256 -2.549 -2.065 -2.685 -0.982 -2.972 -3.189 2.529 -1.401 0.346 1.659 -2.539 0.429 4.432 -3.672 -2.347 -2.023 -0.463 1.1 -0.381
12 A 2.044 -1.922 -2.236 -2.438 -0.035 -1.925 -2.172 -1.041 -1.17 0.753 0.441 -1.661 2.31 3.455 -2.598 -0.912 -1.052 -0.917 0.565 0.647
13 Y -1.839 -1.804 -2.152 -3.049 -1.778 -1.81 -2.39 -2.958 2.078 -0.83 -0.937 -1.9 -0.709 3.322 -3.36 -2.464 -2.116 2.282 6.71 -1.006
14 C -0.71 -3.295 -3.073 -3.375 8.774 -3.412 -3.881 -2.509 -2.906 1.929 -0.011 -3.009 -0.219 -1.217 -3.315 -2.034 -1.272 -2.92 -2.305 0.923
15 F -1.271 -2.74 -2.916 -3.276 -0.54 -3.273 -3.242 -2.935 -1.574 1.754 0.707 -2.902 0.462 5.127 -3.857 -2.713 -1.416 -0.159 1.752 2.414
16 L -1.567 -2.213 -3.389 -3.647 -0.177 -2.667 -3.332 -3.409 -2.34 1.978 4.08 -2.505 2.106 0.806 -3.631 -3.185 -1.607 -1.677 -1.083 1.079
17 C -0.71 -3.295 -3.073 -3.375 8.774 -3.412 -3.881 -2.509 -2.906 1.929 -0.011 -3.009 -0.219 -1.217 -3.315 -2.034 -1.272 -2.92 -2.305 0.923
18 I -1.449 -2.835 -3.317 -3.326 -0.177 -3.062 -3.599 -3.478 -2.618 4.052 2.575 -2.646 1.518 0.381 -3.559 -3.126 -1.237 -2.048 -1.244 2.431
19 I 1.315 -2.488 -2.699 -2.683 0.085 -2.458 -2.759 -1.785 -2.143 3.686 1.086 -2.005 1.254 -0.252 -2.784 -1.565 -0.898 -2.239 -1.417 2.212
20 T 1.722 -1.226 -0.525 -1.218 0.266 -1.19 -1.381 -0.759 -1.38 -0.411 -1.157 -0.834 -0.652 -1.681 -1.651 0.609 3.565 -2.282 -1.747 0.177
21 L -1.58 -2.659 -3.28 -3.413 -0.302 -3.033 -3.512 -3.382 -2.262 3.29 2.923 -2.681 1.567 2.326 -3.677 -3.134 -1.459 -1.411 -0.254 1.85
22 L -1.028 -2.737 -2.589 -2.939 4.218 -2.907 -3.429 1.18 -2.412 2.989 2.095 -2.501 0.971 -0.118 -3.39 -2.481 -1.396 -2.191 -1.628 1.573
23 L -1.773 -2.399 -3.236 -3.556 -0.477 -2.967 -3.381 -3.255 -1.832 1.581 3.429 -2.717 1.673 3.787 -3.848 -3.148 -1.812 -0.718 0.696 0.703
24 T 0.214 -1.072 -0.043 -0.858 0.07 -1.025 -1.204 -1.005 -1.172 -0.107 -1.193 -0.718 -0.624 -1.603 -1.706 1.662 3.567 -2.311 -1.728 0.036
25 F -2.012 -2.988 -3.012 -3.296 -0.941 -3.66 -3.574 -3.085 -1.346 2.449 0.95 -3.111 0.569 5.565 -4.131 -3.072 -1.907 0.136 2.071 1.035
26 F -1.715 -2.85 -2.932 -3.299 -0.854 -3.527 -3.394 -2.963 -1.304 1.627 0.726 -3.066 0.414 5.692 -4.084 -2.892 -1.779 0.214 2.19 1.505
27 D -0.476 -0.418 0.653 3.844 -1.366 2.207 0.764 -0.908 -0.107 -2.36 -2.681 0.021 -1.471 -2.642 -2.022 1.045 -0.422 -2.832 -2.098 -2.054
28 K -0.812 2.108 -0.254 -0.708 -1.963 0.821 0.328 -1.328 -0.229 -2.109 -2.226 4.453 -1.209 -2.791 -1.673 -0.867 -1.068 -2.535 -1.774 -1.984
29 S 1.082 -0.727 0.511 -0.234 0.087 -0.555 -0.541 -0.092 -0.446 -1.897 -2.314 -0.271 -1.172 -1.929 -1.461 3.212 1.025 -2.535 -1.741 -1.278
30 E -0.905 -0.107 -0.324 1.532 -2.397 1.361 4.46 -1.935 0.407 -2.75 -2.688 0.691 -1.739 -2.593 -1.867 -0.777 -1.286 -2.373 -1.893 -2.12
31 N -1.645 -0.4 5.612 1.296 -1.832 -0.512 -0.711 -0.14 0.983 -2.698 -3.137 -0.281 -2.147 -2.36 -2.573 -0.104 -0.437 -2.952 -2.054 -2.546
32 K 0.113 1.166 0.058 -0.536 -0.945 0.268 -0.054 -0.773 -0.361 -2.057 -2.304 3.317 -1.234 -2.431 -1.621 1.675 -0.023 -2.576 -1.801 -1.701
33 K -1.135 4.08 -0.376 -1.08 -2.121 0.66 -0.056 -1.68 -0.118 -2.349 -2.174 3.718 -1.25 -2.685 -2.106 -1.121 -1.262 -2.436 -1.808 -2.094
34 Q -0.374 0.161 0.145 -0.562 -1.291 3.059 0.387 -1.127 4.561 -2.188 -2.194 0.307 -0.847 -1.444 -2.132 0.966 -0.515 -1.71 0.704 -1.87
35 F -2.32 -2.882 -2.846 -3.3 -1.36 -3.85 -3.468 -2.86 -0.814 0.291 0.579 -3.29 0.216 6.492 -4.434 -3.016 -2.356 0.866 2.945 -0.493
36 K -1.304 3.121 -0.906 -1.55 -1.71 -0.04 -0.663 -1.978 -0.409 -0.88 -0.624 2.917 -0.578 2.464 -2.531 -1.525 -1.427 -1.388 -0.017 -0.831
37 L -1.363 -0.896 -2.03 -2.291 -0.58 1.831 -1.097 -2.726 -1.083 1.261 3.246 -0.899 1.578 0.13 -3.136 -2.273 -1.421 -1.82 -1.146 0.504
38 C -1.197 -2.016 2.398 -1.189 6.279 -2.172 -2.526 -1.828 -1.147 2.023 0.939 -1.867 0.181 -0.797 -3.171 -1.595 -1.036 -2.599 -1.858 0.829
39 Y -1.839 -1.804 -2.152 -3.049 -1.778 -1.81 -2.39 -2.958 2.078 -0.83 -0.937 -1.9 -0.709 3.322 -3.36 -2.464 -2.116 2.282 6.71 -1.006
40 V -0.543 -2.676 -3.047 -3.196 0.182 -2.778 -3.125 -3.122 -2.882 3.552 1.147 -2.495 0.938 -0.235 -3.289 -2.516 -0.643 -2.354 -1.311 3.867
41 F -2.111 -2.702 -3.022 -3.425 -0.995 -3.485 -3.457 -3.037 -1.207 0.858 2.051 -3.07 0.87 5.738 -4.207 -3.093 -2.148 0.303 2.21 0.026
42 L -1.29 -2.359 -3.302 -3.511 -0.091 -2.722 -3.304 -3.346 -2.477 2.622 3.513 -2.513 1.831 0.565 -3.544 -3.013 -1.328 -1.848 -1.146 2.091
43 F -2.492 -2.691 -3.014 -3.468 -1.774 -3.398 -3.277 -2.672 -0.982 -0.481 -0.215 -3.099 -0.37 5.251 -4.848 -3.192 -2.532 8.318 2.602 -1.151
44 I 0.557 -2.293 -2.017 -2.288 -0.085 -2.33 -2.513 -1.837 -1.826 3.323 1.053 -1.894 0.673 1.38 -2.8 -0.227 -0.64 -1.861 -0.72 1.859
45 C -0.746 -2.986 -3.099 -3.501 8.774 -3.227 -3.76 -2.489 -2.78 0.318 1.471 -2.944 0.222 -0.915 -3.341 -2.05 -1.416 -2.714 -2.21 0.084
46 L -1.567 -2.213 -3.389 -3.647 -0.177 -2.667 -3.332 -3.409 -2.34 1.978 4.08 -2.505 2.106 0.806 -3.631 -3.185 -1.607 -1.677 -1.083 1.079
47 I -0.973 -2.521 -2.988 -3.124 -0.031 -2.488 -3.163 -3.15 -2.335 3.748 1.566 -2.331 2.819 0.084 -3.378 -2.623 -0.903 -2.061 -1.213 3.042
48 G -0.221 -1.995 -0.918 -1.713 6.306 -1.99 -2.335 2.357 -1.868 -0.328 -1.307 -1.612 -1.0 -1.858 -2.405 -0.349 2.339 -2.541 -2.305 -0.29
49 W -2.676 -2.409 -3.193 -3.647 -2.361 -2.851 -2.995 -2.392 -1.161 -1.88 -1.677 -2.817 -1.307 1.102 -5.435 -3.381 -2.721 10.637 2.143 -2.254
50 S 1.041 -0.768 0.47 -0.275 0.046 -0.596 -0.582 -0.133 -0.487 -1.938 -2.355 -0.312 -1.213 -1.97 -1.502 3.352 0.984 -2.576 -1.782 -1.319
51 I -1.403 -3.127 -3.289 -3.207 -0.177 -3.236 -3.713 -3.505 -2.738 4.59 1.65 -2.705 1.245 0.191 -3.531 -3.103 -1.101 -2.211 -1.311 2.834
52 V -0.621 -2.446 -3.087 -3.315 0.162 -2.652 -3.062 -3.118 -2.748 2.838 2.24 -2.451 1.257 0.008 -3.329 -2.565 -0.783 -2.175 -1.244 3.536
53 C 1.603 -1.609 -0.835 -1.399 6.354 -1.499 -1.564 -0.636 -1.35 -0.568 -1.353 -1.169 -0.894 -1.811 -2.023 1.699 0.074 -2.717 -1.998 0.218
54 R -1.561 5.559 -0.489 -1.59 -2.286 0.491 -0.587 -2.155 0.072 -2.638 -2.054 1.992 -1.25 -2.499 -2.731 -1.433 -1.48 -2.261 -1.799 -2.188
55 N -1.274 -1.158 3.582 -0.149 -0.995 -1.348 -1.516 -1.099 -0.095 -0.732 -0.638 -1.059 -0.713 2.95 -2.684 -0.41 1.65 -1.317 0.174 -0.852
56 A 2.019 -1.234 2.566 -0.727 -0.5 -1.211 -1.399 -0.455 0.672 -1.273 -1.621 -0.948 -1.151 0.648 -2.245 -0.335 -0.845 -0.261 3.439 -0.778
57 V 1.907 -1.634 -1.246 -1.677 0.343 -1.548 -1.623 -0.839 -1.561 1.305 -0.321 -1.23 -0.108 -1.184 -2.112 1.046 0.028 -2.474 -1.571 2.418
58 L -1.472 -2.7 -3.332 -3.387 -0.177 -2.978 -3.544 -3.464 -2.561 3.74 2.945 -2.617 1.646 0.471 -3.574 -3.138 -1.307 -1.97 -1.211 2.207
59 Q -0.909 0.981 -0.119 -0.383 -1.938 4.976 1.366 -1.505 0.743 -2.267 -2.017 1.195 -0.429 -2.985 -2.177 -0.781 -1.001 -2.211 -1.311 -1.813
60 Q -0.909 0.981 -0.119 -0.383 -1.938 4.976 1.366 -1.505 0.743 -2.267 -2.017 1.195 -0.429 -2.985 -2.177 -0.781 -1.001 -2.211 -1.311 -1.813
61 D -1.804 -1.614 1.172 5.872 -2.399 -0.898 1.024 -1.15 -0.563 -2.752 -3.518 -0.856 -2.724 -2.946 -2.316 -0.979 -1.439 -3.558 -3.07 -2.891
62 L -1.291 -1.959 -2.825 -3.117 -0.188 -1.862 -2.894 -3.004 -1.664 2.744 2.655 -1.989 4.386 0.476 -3.422 -2.543 -1.207 -1.619 -1.024 1.578
63 L -1.411 -2.26 -2.98 -3.285 -0.159 -2.617 -3.205 -3.221 -2.333 2.563 3.576 -2.38 1.834 0.58 -3.428 -2.646 -0.397 -1.804 -1.167 1.432
64 V -0.262 -2.515 -2.958 -3.193 0.311 -2.616 -2.922 -2.984 -2.943 3.001 0.917 -2.417 0.803 -0.427 -3.2 -2.313 -0.48 -2.416 -1.314 4.2
65 Y -1.841 -1.806 -2.154 -3.051 -1.78 -1.812 -2.392 -2.961 2.076 -0.832 -0.939 -1.902 -0.711 3.32 -3.362 -2.466 -2.118 2.28 6.714 -1.008
66 S 0.633 -0.917 -0.025 -0.737 -0.014 -0.711 -0.939 -0.584 -0.607 -0.593 -0.468 -0.564 2.437 -1.156 -1.855 2.673 0.589 -2.213 -1.524 -0.561
67 E -0.947 -0.15 -0.367 1.489 -2.44 1.318 4.56 -1.978 0.364 -2.793 -2.731 0.648 -1.782 -2.636 -1.91 -0.819 -1.329 -2.416 -1.936 -2.162
68 A 2.831 -1.849 -2.042 -2.178 0.503 -1.773 -1.857 -0.622 -1.804 1.299 -0.234 -1.386 -0.099 -1.21 -2.066 -0.357 -0.054 -2.438 -1.588 2.423
69 L -1.109 -1.412 -2.388 -2.842 -0.197 -1.08 -2.382 -2.612 -0.997 1.575 2.107 -1.481 5.752 0.439 -3.271 -2.045 -1.074 -1.335 -0.861 0.961
70 T -0.195 0.075 -0.148 -0.907 -0.31 -0.49 -0.826 -1.254 -1.031 -0.729 -1.42 1.68 -0.763 -1.897 -1.7 0.687 3.456 -2.325 -1.759 -0.315
71 Y -1.841 -1.806 -2.154 -3.051 -1.78 -1.812 -2.392 -2.961 2.076 -0.832 -0.939 -1.902 -0.711 3.32 -3.362 -2.466 -2.118 2.28 6.714 -1.008
72 D -1.204 -1.63 1.927 4.783 -2.045 -1.136 0.27 2.552 -0.554 -2.867 -3.474 -0.976 -2.656 -2.824 -2.465 -0.891 -1.435 -3.187 -2.975 -2.859
73 W -1.861 -2.437 -3.134 -3.528 -1.43 -2.792 -2.978 -2.531 -1.516 0.27 -0.782 -2.713 -0.62 0.787 -4.696 -3.076 -1.98 9.82 1.587 1.001
74 D -1.763 -1.574 1.213 5.811 -2.358 -0.858 1.065 -1.109 -0.522 -2.711 -3.477 -0.815 -2.683 -2.905 -2.275 -0.938 -1.398 -3.517 -3.029 -2.85
75 S 0.641 -0.77 0.347 1.131 -0.324 -0.298 1.014 -0.475 -0.412 -1.644 -2.26 -0.24 -1.269 -2.044 -1.659 2.731 0.569 -2.608 -1.862 -0.943
76 F -2.363 -2.925 -2.889 -3.343 -1.403 -3.893 -3.511 -2.903 -0.857 0.248 0.536 -3.333 0.173 6.559 -4.477 -3.059 -2.399 0.823 2.902 -0.536
77 F -2.035 -2.195 -2.421 -3.162 -1.626 -2.463 -2.781 -2.938 1.243 -0.358 -0.267 -2.383 -0.331 5.039 -3.75 -2.685 -2.225 1.792 5.734 -0.813
78 K -0.253 1.574 -0.085 -0.625 -1.342 0.491 0.091 -1.009 -0.324 -2.097 -2.291 3.904 -1.243 -2.593 -1.661 0.862 -0.429 -2.578 -1.809 -1.834
79 T 0.509 -0.94 0.168 -0.635 0.069 -0.853 -0.966 -0.682 -0.926 -0.975 -1.652 -0.555 -0.869 -1.785 -1.608 2.319 3.116 -2.39 -1.759 -0.461
80 F -2.298 -2.868 -2.922 -3.364 -1.296 -3.786 -3.498 -2.937 -0.941 0.412 0.996 -3.265 0.363 6.375 -4.408 -3.068 -2.335 0.701 2.744 -0.386
81 Y -1.841 -1.806 -2.154 -3.051 -1.78 -1.812 -2.392 -2.961 2.076 -0.832 -0.939 -1.902 -0.711 3.32 -3.362 -2.466 -2.118 2.28 6.714 -1.008
82 T -0.591 -1.809 -1.228 -1.946 -0.152 -1.979 -2.167 -2.043 -1.575 1.048 -0.035 -1.656 0.021 3.101 -2.563 -0.535 2.714 -1.143 0.317 1.721
83 L -1.569 -2.215 -3.391 -3.649 -0.179 -2.669 -3.334 -3.411 -2.342 1.976 4.084 -2.507 2.104 0.804 -3.633 -3.187 -1.609 -1.679 -1.085 1.077
84 R -1.563 5.563 -0.491 -1.592 -2.288 0.489 -0.589 -2.157 0.07 -2.64 -2.056 1.99 -1.252 -2.501 -2.733 -1.435 -1.482 -2.263 -1.801 -2.19
85 E -0.947 -0.15 -0.367 1.489 -2.44 1.318 4.56 -1.978 0.364 -2.793 -2.731 0.648 -1.782 -2.636 -1.91 -0.819 -1.329 -2.416 -1.936 -2.162
86 P -0.865 -2.042 -1.962 -1.592 -1.486 -1.962 -1.651 -1.881 -1.636 -2.346 -2.779 -1.093 -2.432 -3.364 6.692 -1.48 -1.377 -4.578 -2.664 -2.19
87 V -0.365 -2.575 -2.992 -3.195 0.263 -2.676 -2.997 -3.036 -2.921 3.22 1.005 -2.446 0.853 -0.354 -3.234 -2.388 -0.541 -2.393 -1.314 4.081
88 Y -1.841 -1.806 -2.154 -3.051 -1.78 -1.812 -2.392 -2.961 2.076 -0.832 -0.939 -1.902 -0.711 3.32 -3.362 -2.466 -2.118 2.28 6.714 -1.008
89 W -2.678 -2.411 -3.195 -3.649 -2.363 -2.853 -2.997 -2.394 -1.163 -1.882 -1.679 -2.819 -1.309 1.1 -5.437 -3.383 -2.723 10.639 2.141 -2.256
90 L -1.146 -2.495 -3.252 -3.416 -0.048 -2.787 -3.313 -3.321 -2.58 3.1 3.017 -2.532 1.617 0.386 -3.494 -2.923 -1.162 -1.979 -1.197 2.603
91 S 0.786 -0.854 0.322 -0.45 0.056 -0.723 -0.768 -0.395 -0.699 -1.417 -1.983 -0.432 -1.037 -1.877 -1.555 2.886 2.242 -2.482 -1.772 -0.859
92 S 1.039 -0.77 0.468 -0.277 0.044 -0.598 -0.584 -0.135 -0.489 -1.94 -2.357 -0.314 -1.215 -1.972 -1.504 3.359 0.982 -2.578 -1.784 -1.321
93 K -0.597 1.434 -0.339 -0.889 -1.827 0.269 -0.217 2.473 -0.534 -2.388 -2.529 3.84 -1.551 -2.802 -1.952 -0.94 -1.298 -2.55 -2.102 -2.221
94 Y -1.316 -2.252 -2.573 -3.134 -0.792 -2.34 -2.796 -3.053 0.618 2.054 0.293 -2.245 0.199 2.844 -3.416 -2.569 -1.452 0.946 4.966 1.942
95 L -1.569 -2.215 -3.391 -3.649 -0.179 -2.669 -3.334 -3.411 -2.342 1.976 4.084 -2.507 2.104 0.804 -3.633 -3.187 -1.609 -1.679 -1.085 1.077
96 F -2.09 -2.311 -2.498 -3.193 -1.585 -2.669 -2.897 -2.932 0.967 -0.242 -0.108 -2.529 -0.235 5.372 -3.866 -2.747 -2.255 1.643 5.397 -0.762
97 E -0.459 -0.576 0.787 2.931 -1.57 0.475 3.136 -1.165 0.011 -2.545 -2.795 0.117 -1.812 -2.507 -1.905 0.895 -0.548 -2.689 -2.109 -2.072
98 L -1.939 -2.548 -3.129 -3.492 -0.726 -3.216 -3.421 -3.146 -1.505 1.24 2.824 -2.89 1.297 4.927 -4.024 -3.122 -1.977 -0.165 1.549 0.382
99 L -1.704 -2.592 -3.233 -3.456 -0.44 -3.075 -3.469 -3.298 -1.974 2.636 2.973 -2.744 1.508 3.493 -3.795 -3.134 -1.644 -0.916 0.491 1.358
100 H -1.229 0.994 0.094 -0.878 -2.064 0.274 -0.146 -1.542 6.202 -2.305 -2.386 2.826 -1.243 -1.659 -2.198 -1.154 -1.009 -1.967 0.401 -2.361
101 S 0.028 -0.715 2.867 2.16 -0.844 -0.348 0.812 -0.43 0.021 -2.319 -2.734 -0.265 -1.681 -2.269 -1.903 2.031 0.192 -2.783 -2.033 -1.88
102 N -1.3 -0.636 4.137 0.907 -1.914 -0.163 1.611 -0.867 0.396 -2.664 -2.974 -0.183 -2.131 -2.644 2.671 -0.553 -0.852 -3.097 -2.167 -2.389
103 V -0.777 -2.806 -3.12 -3.201 0.077 -2.91 -3.292 -3.234 -2.84 3.907 1.306 -2.558 1.031 -0.102 -3.362 -2.682 -0.775 -2.313 -1.314 3.596
104 L -1.715 -2.383 -3.272 -3.564 -0.401 -2.911 -3.384 -3.298 -1.965 1.847 3.539 -2.672 1.755 3.274 -3.79 -3.156 -1.74 -0.945 0.336 0.893
105 V -0.262 -2.515 -2.958 -3.193 0.311 -2.616 -2.922 -2.984 -2.943 3.001 0.917 -2.417 0.803 -0.427 -3.2 -2.313 -0.48 -2.416 -1.314 4.2
106 F -2.143 -2.73 -3.006 -3.416 -1.045 -3.535 -3.466 -3.022 -1.163 0.786 1.901 -3.103 0.789 5.857 -4.242 -3.091 -2.18 0.371 2.304 -0.041
107 I -1.074 -2.963 -3.204 -3.205 -0.048 -3.069 -3.496 -3.367 -2.789 4.271 1.482 -2.632 1.139 0.047 -3.446 -2.886 -0.934 -2.263 -1.314 3.239
108 I -1.434 -2.994 -3.143 -3.24 -0.367 -3.298 -3.553 -3.277 -2.162 3.774 1.319 -2.811 0.954 3.358 -3.695 -2.982 -1.283 -1.126 0.426 2.539
109 L -1.469 -2.515 -3.238 -3.597 5.932 -2.901 -3.385 -2.797 -2.129 0.788 2.49 -2.732 0.9 0.402 -3.871 -2.778 -1.776 6.742 -0.111 0.156
110 D -1.806 -1.617 1.17 5.875 -2.401 -0.901 1.022 -1.152 -0.565 -2.754 -3.52 -0.858 -2.726 -2.948 -2.318 -0.981 -1.441 -3.56 -3.072 -2.893
111 T 1.179 -1.66 -1.103 -1.67 0.15 -1.647 -1.88 -1.294 -1.707 2.031 -0.049 -1.259 0.023 -1.016 -2.075 -0.065 2.779 -2.266 -1.618 1.21
112 I -1.188 -3.021 -3.235 -3.207 -0.094 -3.128 -3.572 -3.417 -2.771 4.391 1.542 -2.659 1.176 0.099 -3.477 -2.962 -0.994 -2.245 -1.314 3.1
113 F 0.906 -2.545 -2.624 -2.814 -0.449 -2.886 -2.831 -1.785 -1.329 1.941 0.529 -2.37 0.271 4.786 -3.217 -1.734 -1.464 -0.345 1.463 0.849
114 L -1.939 -2.548 -3.129 -3.492 -0.726 -3.216 -3.421 -3.146 -1.505 1.24 2.824 -2.89 1.297 4.927 -4.024 -3.122 -1.977 -0.165 1.549 0.382
115 S 0.786 -0.854 0.322 -0.45 0.056 -0.723 -0.768 -0.395 -0.699 -1.417 -1.983 -0.432 -1.037 -1.877 -1.555 2.886 2.242 -2.482 -1.772 -0.859
116 A 2.482 -1.906 -2.335 -2.441 0.378 -1.923 -2.087 -0.912 -1.851 1.31 1.507 -1.562 0.56 -0.619 -2.302 -0.737 -0.708 -2.238 -1.476 1.933
117 L -1.619 -2.26 -3.352 -3.626 -0.251 -2.741 -3.346 -3.372 -2.207 1.882 3.934 -2.558 2.002 1.883 -3.686 -3.178 -1.659 -1.408 -0.528 0.988
118 V -0.269 -2.172 -2.102 -2.579 0.25 -2.245 -2.545 -2.565 -2.543 2.637 0.623 -2.001 0.579 -0.616 -2.821 -1.381 1.392 -2.364 -1.399 3.648
119 F -2.013 -2.427 -2.796 -3.339 -1.124 -2.93 -3.147 -3.037 -0.012 0.593 1.715 -2.704 0.631 5.158 -3.944 -2.929 -2.113 0.878 4.072 -0.134
120 A 2.683 -1.569 -1.214 -1.545 0.363 -1.444 -1.482 -0.36 -1.332 1.178 -0.559 -1.048 -0.333 -1.324 -1.872 1.126 -0.096 -2.452 -1.659 1.204
121 G 1.238 -2.26 -1.041 -1.714 5.943 -2.142 -2.407 4.117 -1.661 -1.867 -2.216 -1.676 -1.755 -2.32 -2.511 -0.227 -1.179 -2.656 -2.681 -1.338
122 Y -1.841 -1.806 -2.154 -3.051 -1.78 -1.812 -2.392 -2.961 2.076 -0.832 -0.939 -1.902 -0.711 3.32 -3.362 -2.466 -2.118 2.28 6.714 -1.008
123 K -1.051 1.619 -0.097 -0.809 -2.091 0.564 0.102 -1.455 4.496 -2.277 -2.353 3.878 -1.262 -2.209 -1.947 -1.069 -1.357 -2.263 -0.501 -2.254
124 Y 1.062 -0.219 -1.466 -1.975 -0.997 -0.827 -1.234 -1.396 1.006 -1.117 -1.326 1.459 -0.886 1.702 -2.353 -1.092 -1.361 0.78 4.861 -0.884
125 K -1.058 1.527 1.092 2.08 -2.063 0.458 0.371 -1.229 -0.214 -2.29 -2.516 3.883 -1.528 -2.821 -1.872 -0.86 -1.116 -2.76 -2.025 -2.203
126 L -1.207 -2.729 -3.256 -3.325 -0.085 -2.949 -3.449 -3.38 -2.654 3.779 2.49 -2.595 1.449 0.284 -3.498 -2.969 -1.112 -2.083 -1.246 2.768
127 K -0.855 2.065 -0.297 -0.751 -2.006 0.778 0.285 -1.371 -0.272 -2.151 -2.269 4.562 -1.252 -2.834 -1.715 -0.91 -1.111 -2.578 -1.817 -2.027
128 P -0.865 -2.042 -1.962 -1.592 -1.486 -1.962 -1.651 -1.881 -1.636 -2.346 -2.779 -1.093 -2.432 -3.364 6.692 -1.48 -1.377 -4.578 -2.664 -2.19
129 Y -1.841 -1.806 -2.154 -3.051 -1.78 -1.812 -2.392 -2.961 2.076 -0.832 -0.939 -1.902 -0.711 3.32 -3.362 -2.466 -2.118 2.28 6.714 -1.008
130 F -2.363 -2.925 -2.889 -3.343 -1.403 -3.893 -3.511 -2.903 -0.857 0.248 0.536 -3.333 0.173 6.559 -4.477 -3.059 -2.399 0.823 2.902 -0.536
131 I -1.074 -2.963 -3.204 -3.205 -0.048 -3.069 -3.496 -3.367 -2.789 4.271 1.482 -2.632 1.139 0.047 -3.446 -2.886 -0.934 -2.263 -1.314 3.239
132 L -1.569 -2.215 -3.391 -3.649 -0.179 -2.669 -3.334 -3.411 -2.342 1.976 4.084 -2.507 2.104 0.804 -3.633 -3.187 -1.609 -1.679 -1.085 1.077
133 L -1.183 -2.287 -3.276 -3.528 -0.048 -2.656 -3.225 -3.298 -2.481 2.269 3.558 -2.484 1.829 0.542 -3.519 -2.942 -1.283 -1.846 -1.14 2.224
134 F -2.363 -2.925 -2.889 -3.343 -1.403 -3.893 -3.511 -2.903 -0.857 0.248 0.536 -3.333 0.173 6.559 -4.477 -3.059 -2.399 0.823 2.902 -0.536
135 I -1.617 -3.077 -3.185 -3.242 -0.44 -3.388 -3.663 -3.344 -2.142 3.971 1.408 -2.851 1.01 3.381 -3.742 -3.093 -1.377 -1.109 0.426 2.286
136 L -1.569 -2.215 -3.391 -3.649 -0.179 -2.669 -3.334 -3.411 -2.342 1.976 4.084 -2.507 2.104 0.804 -3.633 -3.187 -1.609 -1.679 -1.085 1.077
137 F -2.363 -2.925 -2.889 -3.343 -1.403 -3.893 -3.511 -2.903 -0.857 0.248 0.536 -3.333 0.173 6.559 -4.477 -3.059 -2.399 0.823 2.902 -0.536
138 F -2.363 -2.925 -2.889 -3.343 -1.403 -3.893 -3.511 -2.903 -0.857 0.248 0.536 -3.333 0.173 6.559 -4.477 -3.059 -2.399 0.823 2.902 -0.536
139 P -0.865 -2.042 -1.962 -1.592 -1.486 -1.962 -1.651 -1.881 -1.636 -2.346 -2.779 -1.093 -2.432 -3.364 6.692 -1.48 -1.377 -4.578 -2.664 -2.19
140 N -0.731 -0.522 5.025 0.94 -1.263 -0.566 -0.71 -0.171 0.644 -2.519 -2.951 -0.322 -1.914 -2.289 -2.295 1.196 -0.039 -2.885 -2.016 -2.216
141 L -0.884 -2.38 -3.178 -3.413 0.059 -2.662 -3.147 -3.208 -2.62 2.622 2.929 -2.471 1.539 0.273 -3.42 -2.745 -1.014 -2.017 -1.197 2.983
142 L -1.109 -1.412 -2.388 -2.842 -0.197 -1.08 -2.382 -2.612 -0.997 1.575 2.107 -1.481 5.752 0.439 -3.271 -2.045 -1.074 -1.335 -0.861 0.961
143 G 0.061 -2.386 -0.468 -1.351 -1.349 -2.224 -2.651 5.836 -1.505 -3.244 -3.489 -1.679 -2.695 -2.707 -2.808 -1.031 -1.948 -2.469 -3.177 -2.893
144 F -2.092 -2.975 -2.984 -3.309 -1.045 -3.715 -3.561 -3.043 -1.225 2.066 0.857 -3.163 0.48 5.833 -4.21 -3.071 -2.017 0.311 2.287 0.735
145 L -1.569 -2.215 -3.391 -3.649 -0.179 -2.669 -3.334 -3.411 -2.342 1.976 4.084 -2.507 2.104 0.804 -3.633 -3.187 -1.609 -1.679 -1.085 1.077
146 N -1.688 -0.443 5.703 1.253 -1.875 -0.555 -0.754 -0.183 0.94 -2.741 -3.18 -0.324 -2.19 -2.403 -2.616 -0.146 -0.48 -2.995 -2.097 -2.589
147 V -0.64 -2.73 -3.078 -3.199 0.137 -2.834 -3.195 -3.169 -2.865 3.706 1.213 -2.522 0.976 -0.18 -3.32 -2.585 -0.698 -2.338 -1.314 3.759
148 Y -1.841 -1.806 -2.154 -3.051 -1.78 -1.812 -2.392 -2.961 2.076 -0.832 -0.939 -1.902 -0.711 3.32 -3.362 -2.466 -2.118 2.28 6.714 -1.008
149 R -1.563 5.563 -0.491 -1.592 -2.288 0.489 -0.589 -2.157 0.07 -2.64 -2.056 1.99 -1.252 -2.501 -2.733 -1.435 -1.482 -2.263 -1.801 -2.19
150 Q -0.911 0.979 -0.121 -0.385 -1.94 4.983 1.364 -1.508 0.741 -2.269 -2.019 1.193 -0.432 -2.987 -2.179 -0.783 -1.004 -2.213 -1.314 -1.815
151 F -2.223 -2.602 -2.687 -3.267 -1.493 -3.216 -3.188 -2.917 0.197 0.014 0.232 -2.903 -0.024 6.026 -4.155 -2.899 -2.326 1.262 4.411 -0.647
152 L -1.527 -2.418 -3.366 -3.532 -0.179 -2.801 -3.425 -3.435 -2.436 2.884 3.64 -2.555 1.911 0.662 -3.608 -3.166 -1.474 -1.804 -1.14 1.625
153 A 3.483 -1.308 -0.982 -1.284 0.511 -1.142 -1.122 0.232 -1.033 -1.093 -1.571 -0.726 -0.977 -1.9 -1.504 1.48 -0.02 -2.496 -1.784 -0.187
154 T -0.141 -1.121 -0.167 -1.043 0.093 -1.131 -1.406 -1.357 -1.441 -0.253 -1.085 -0.819 -0.56 -1.609 -1.715 0.676 4.329 -2.213 -1.735 0.201
155 I -1.165 -3.01 -3.229 -3.206 -0.085 -3.117 -3.557 -3.407 -2.775 4.368 1.53 -2.653 1.169 0.088 -3.471 -2.947 -0.982 -2.248 -1.314 3.128
156 F 2.295 -2.111 -2.241 -2.424 -0.161 -2.317 -2.213 -0.852 -1.086 -0.154 0.055 -1.831 -0.201 4.536 -2.605 -0.822 -1.242 -0.469 1.289 -0.127
157 L -1.569 -2.215 -3.391 -3.649 -0.179 -2.669 -3.334 -3.411 -2.342 1.976 4.084 -2.507 2.104 0.804 -3.633 -3.187 -1.609 -1.679 -1.085 1.077
158 F -2.363 -2.925 -2.889 -3.343 -1.403 -3.893 -3.511 -2.903 -0.857 0.248 0.536 -3.333 0.173 6.559 -4.477 -3.059 -2.399 0.823 2.902 -0.536
159 L -1.022 -2.846 -3.195 -3.371 5.986 -3.059 -3.561 -3.035 -2.715 3.057 2.052 -2.718 1.033 -0.114 -3.437 -2.604 -1.192 -2.313 -1.558 2.16
160 C 0.136 -2.209 -1.326 -1.959 8.575 -2.164 -2.344 -1.319 -1.879 -1.088 -1.439 -1.854 -1.128 -2.013 -2.522 1.016 -0.332 -3.002 -2.421 -0.689
161 F -2.363 -2.925 -2.889 -3.343 -1.403 -3.893 -3.511 -2.903 -0.857 0.248 0.536 -3.333 0.173 6.559 -4.477 -3.059 -2.399 0.823 2.902 -0.536
162 F -2.143 -2.73 -3.006 -3.416 -1.045 -3.535 -3.466 -3.022 -1.163 0.786 1.901 -3.103 0.789 5.857 -4.242 -3.091 -2.18 0.371 2.304 -0.041
163 L -1.33 -1.785 -2.846 -3.217 -0.188 -1.766 -2.819 -2.984 -1.592 1.782 3.261 -1.948 4.469 0.628 -3.446 -2.56 -1.329 -1.502 -0.971 1.02
164 L -1.183 -2.287 -3.276 -3.528 -0.048 -2.656 -3.225 -3.298 -2.481 2.269 3.558 -2.484 1.829 0.542 -3.519 -2.942 -1.283 -1.846 -1.14 2.224
165 Y -1.858 -1.839 -2.177 -3.061 -1.766 -1.866 -2.425 -2.958 2.01 -0.786 -0.871 -1.942 -0.674 3.526 -3.395 -2.485 -2.128 2.239 6.638 -0.99
166 H -1.288 0.492 0.075 -0.098 -2.288 0.501 1.861 -1.692 6.224 -2.57 -2.556 1.864 -1.395 -1.661 -2.254 -1.212 -1.69 -1.945 0.386 -2.539
167 N -1.688 -0.443 5.703 1.253 -1.875 -0.555 -0.754 -0.183 0.94 -2.741 -3.18 -0.324 -2.19 -2.403 -2.616 -0.146 -0.48 -2.995 -2.097 -2.589
168 L -1.639 1.105 2.423 -0.864 -1.244 -0.881 -1.376 -1.745 4.47 -0.032 1.679 -0.574 0.366 -0.5 -3.018 -1.566 -1.4 -1.973 -0.348 -0.674
169 N -1.765 -1.455 3.837 -0.201 -1.244 -1.68 -1.842 -1.311 -0.073 1.522 -0.273 -1.363 -0.355 3.084 -3.213 -1.256 -1.018 -1.353 0.232 0.218
170 G -0.565 2.43 1.242 -0.898 -1.706 -0.633 -1.272 4.062 -0.533 -2.855 -2.85 1.297 -1.993 -2.638 -2.587 -0.997 -1.512 -2.482 -2.448 -2.538
171 F -2.32 -2.882 -2.846 -3.3 -1.36 -3.85 -3.468 -2.86 -0.814 0.291 0.579 -3.29 0.216 6.492 -4.434 -3.016 -2.356 0.866 2.945 -0.493
172 S 1.082 -0.727 0.511 -0.234 0.087 -0.555 -0.541 -0.092 -0.446 -1.897 -2.314 -0.271 -1.172 -1.929 -1.461 3.212 1.025 -2.535 -1.741 -1.278
173 S 0.491 -1.177 -0.076 -0.793 -0.256 -1.137 -1.085 -0.618 -0.576 -1.219 -1.322 -0.824 -0.801 2.977 -2.01 2.631 0.436 -1.29 0.243 -1.104
174 R -1.398 4.116 2.587 -0.413 -2.108 0.342 -0.382 -1.347 0.238 -2.534 -2.355 2.568 -1.46 -2.555 -2.416 -0.931 -1.109 -2.509 -1.876 -2.242
175 L -1.939 -2.548 -3.129 -3.492 -0.726 -3.216 -3.421 -3.146 -1.505 1.24 2.824 -2.89 1.297 4.927 -4.024 -3.122 -1.977 -0.165 1.549 0.382
176 I -1.509 -2.526 -2.957 -3.155 -0.406 -2.612 -3.268 -3.124 -1.748 3.351 1.711 -2.45 3.078 3.124 -3.642 -2.795 -1.346 -1.051 0.309 1.871
177 Y -1.963 -2.048 -2.321 -3.121 -1.681 -2.209 -2.634 -2.946 1.575 -0.522 -0.494 -2.199 -0.463 4.524 -3.603 -2.603 -2.186 1.979 6.13 -0.883
178 L -1.527 -2.418 -3.366 -3.532 -0.179 -2.801 -3.425 -3.435 -2.436 2.884 3.64 -2.555 1.911 0.662 -3.608 -3.166 -1.474 -1.804 -1.14 1.625
179 L 0.825 -2.258 -2.672 -2.862 0.18 -2.376 -2.688 -2.11 -2.328 2.658 1.95 -2.066 1.014 -0.182 -2.887 -1.683 -0.358 -2.184 -1.346 2.783
180 S 2.1 -0.938 0.061 -0.575 0.208 -0.768 -0.752 -0.007 -0.659 -1.629 -2.07 -0.444 -1.134 -1.948 -1.504 2.858 0.685 -2.55 -1.784 -0.891
181 L -1.415 -2.639 -3.157 -3.519 5.948 -3.131 -3.522 -2.935 -2.018 1.085 2.68 -2.848 1.116 3.366 -3.71 -2.709 -1.715 -1.06 0.329 0.4
182 F -2.267 -2.84 -2.939 -3.374 -1.244 -3.734 -3.491 -2.953 -0.984 0.491 1.201 -3.232 0.453 6.278 -4.374 -3.073 -2.303 0.638 2.661 -0.313
183 I -0.348 -1.849 -1.107 -1.683 -0.051 -1.832 -2.067 -1.825 -1.737 3.001 0.468 -1.46 0.391 -0.623 -2.423 0.569 1.887 -2.288 -1.526 1.657
184 H -1.736 -0.386 0.431 -0.99 -2.363 -0.194 -0.529 -1.726 8.048 -2.69 -2.624 -0.794 -1.29 -0.881 -2.778 -1.608 -2.255 -1.483 1.638 -3.064
185 N -1.688 -0.443 5.703 1.253 -1.875 -0.555 -0.754 -0.183 0.94 -2.741 -3.18 -0.324 -2.19 -2.403 -2.616 -0.146 -0.48 -2.995 -2.097 -2.589
186 V -0.452 -2.197 -2.805 -3.101 0.193 -2.149 -2.777 -2.886 -2.321 2.705 1.263 -2.153 2.997 -0.185 -3.217 -2.243 -0.617 -2.105 -1.193 3.667
187 G 2.103 -1.262 -0.211 -0.846 -0.0 -1.094 -1.137 2.549 -0.887 -1.794 -2.217 -0.72 -1.373 -2.085 -1.738 2.117 0.158 -2.523 -2.031 -1.063
188 G 1.279 -2.459 -1.934 -2.248 -0.179 -2.401 -2.676 2.428 -1.974 2.892 0.318 -1.888 0.141 -0.784 -2.718 -1.31 -1.103 -2.338 -1.805 1.506
189 V -0.508 -2.657 -3.038 -3.197 0.196 -2.759 -3.101 -3.106 -2.891 3.489 1.118 -2.487 0.919 -0.26 -3.28 -2.491 -0.623 -2.364 -1.314 3.914
190 F -2.363 -2.925 -2.889 -3.343 -1.403 -3.893 -3.511 -2.903 -0.857 0.248 0.536 -3.333 0.173 6.559 -4.477 -3.059 -2.399 0.823 2.902 -0.536
191 L -1.569 -2.215 -3.391 -3.649 -0.179 -2.669 -3.334 -3.411 -2.342 1.976 4.084 -2.507 2.104 0.804 -3.633 -3.187 -1.609 -1.679 -1.085 1.077
192 P -0.865 -2.042 -1.962 -1.592 -1.486 -1.962 -1.651 -1.881 -1.636 -2.346 -2.779 -1.093 -2.432 -3.364 6.692 -1.48 -1.377 -4.578 -2.664 -2.19
193 L -1.48 -2.669 -3.337 -3.405 -0.179 -2.96 -3.532 -3.462 -2.548 3.659 3.032 -2.612 1.675 0.491 -3.579 -3.143 -1.327 -1.953 -1.205 2.146
194 L -1.527 -2.418 -3.366 -3.532 -0.179 -2.801 -3.425 -3.435 -2.436 2.884 3.64 -2.555 1.911 0.662 -3.608 -3.166 -1.474 -1.804 -1.14 1.625
195 F -2.363 -2.925 -2.889 -3.343 -1.403 -3.893 -3.511 -2.903 -0.857 0.248 0.536 -3.333 0.173 6.559 -4.477 -3.059 -2.399 0.823 2.902 -0.536
196 I -1.395 -2.85 -3.303 -3.312 -0.16 -3.061 -3.584 -3.463 -2.642 4.077 2.457 -2.645 1.47 0.337 -3.545 -3.093 -1.196 -2.077 -1.255 2.552
197 K -1.152 2.998 -0.861 -1.418 -1.486 0.092 -0.556 -1.98 -0.615 1.295 -0.669 3.195 -0.4 -1.677 -2.327 -1.464 -1.197 -2.403 -1.679 0.09
198 K -0.855 2.065 -0.297 -0.751 -2.006 0.778 0.285 -1.371 -0.272 -2.151 -2.269 4.562 -1.252 -2.834 -1.715 -0.91 -1.111 -2.578 -1.817 -2.027
199 K -0.476 0.891 -0.231 -0.893 -0.77 -0.021 -0.439 -1.364 -0.798 -1.049 -1.617 2.977 -0.886 -2.157 -1.715 -0.009 2.736 -2.39 -1.776 -0.703
200 F -2.141 1.987 -2.079 -2.796 -1.6 -2.054 -2.462 -2.698 -0.596 -0.248 0.073 -0.89 -0.123 5.77 -3.933 -2.56 -2.141 0.306 2.255 -0.869
201 F -2.062 -2.946 -3.001 -3.319 -0.997 -3.664 -3.554 -3.06 -1.273 2.111 1.072 -3.131 0.567 5.716 -4.179 -3.075 -1.988 0.239 2.19 0.784
202 Q -1.087 0.683 2.671 0.119 -1.923 4.29 0.962 -1.115 0.792 -2.38 -2.269 0.882 -0.781 -2.83 -2.283 -0.61 -0.863 -2.39 -1.49 -1.99
203 I -1.362 -3.086 -3.248 -3.166 -0.136 -3.195 -3.672 -3.465 -2.697 4.483 1.691 -2.664 1.286 0.232 -3.49 -3.062 -1.06 -2.17 -1.271 2.875
204 F -1.763 -2.737 -2.526 -2.955 -1.023 -3.372 -3.201 -2.678 -1.084 1.584 0.646 -2.867 0.321 5.817 -3.956 -1.728 -1.731 0.301 2.278 0.389
205 L -1.373 -0.437 -2.259 -2.611 -0.539 -1.357 -1.931 -2.751 -1.67 1.368 3.358 1.226 1.56 0.235 -3.022 -2.429 -1.476 -1.879 -1.251 0.558
206 F -2.143 -2.73 -3.006 -3.416 -1.045 -3.535 -3.466 -3.022 -1.163 0.786 1.901 -3.103 0.789 5.857 -4.242 -3.091 -2.18 0.371 2.304 -0.041
207 I -1.356 -3.105 -3.279 -3.209 -0.16 -3.213 -3.683 -3.487 -2.747 4.551 1.625 -2.696 1.228 0.169 -3.521 -3.073 -1.079 -2.22 -1.314 2.893
208 V -0.829 -2.6 -3.125 -3.294 0.044 -2.81 -3.211 -3.193 -2.653 3.272 2.078 -2.535 1.222 0.819 -3.409 -2.695 -0.899 -2.001 -0.946 3.312
209 F 1.103 -1.865 -1.33 -1.847 -0.413 -2.051 -1.945 -1.091 -0.854 -0.421 -0.398 -1.638 -0.365 4.708 -2.634 0.684 -0.264 -0.385 1.422 -0.523
210 S 1.01 -0.814 0.44 -0.309 0.004 -0.643 -0.637 0.502 -0.519 -1.978 -2.391 -0.353 -1.257 -1.995 -1.542 3.277 0.916 -2.574 -1.824 -1.365
211 F -1.463 -2.865 -3.002 -3.271 -0.569 -3.36 -3.399 -3.064 -1.681 2.622 0.946 -2.92 0.634 4.832 -3.866 -2.864 -1.474 -0.338 1.504 2.214
212 I -0.856 -2.505 -2.352 -2.684 -0.034 -2.606 -2.957 -2.85 -2.42 3.65 1.087 -2.219 0.843 0.613 -3.062 -1.816 0.957 -2.073 -1.054 2.889
213 S 2.1 -0.938 0.061 -0.575 0.208 -0.768 -0.752 -0.007 -0.659 -1.629 -2.07 -0.444 -1.134 -1.948 -1.504 2.858 0.685 -2.55 -1.784 -0.891
214 I -1.411 -3.091 -3.295 -3.224 -0.179 -3.216 -3.701 -3.504 -2.724 4.533 1.782 -2.7 1.278 0.214 -3.537 -3.108 -1.12 -2.192 -1.305 2.784
215 A 2.345 -2.171 -2.304 -2.391 0.044 -2.243 -2.249 -0.912 -1.436 1.81 0.16 -1.749 0.045 3.126 -2.48 -0.825 -1.0 -1.194 0.305 0.959
216 L 1.017 -2.053 -2.606 -2.834 0.15 -2.225 -2.554 -1.899 -2.107 1.816 2.704 -1.954 1.259 0.018 -2.846 -1.285 -0.902 -2.039 -1.303 2.062
217 L 1.181 -1.436 -2.197 -2.517 0.04 -1.145 -2.08 -1.546 -1.056 1.131 1.553 -1.318 5.016 0.011 -2.718 -1.203 -0.905 -1.579 -1.065 0.771
218 V -0.472 -2.636 -3.026 -3.197 0.213 -2.738 -3.075 -3.088 -2.899 3.424 1.09 -2.477 0.903 -0.283 -3.268 -2.465 -0.603 -2.371 -1.314 3.956
219 L -1.756 -2.643 -3.196 -3.434 -0.519 -3.158 -3.482 -3.26 -1.854 2.561 2.751 -2.8 1.382 3.967 -3.851 -3.125 -1.694 -0.705 0.827 1.277
220 F -2.143 -2.73 -3.006 -3.416 -1.045 -3.535 -3.466 -3.022 -1.163 0.786 1.901 -3.103 0.789 5.857 -4.242 -3.091 -2.18 0.371 2.304 -0.041
221 S 0.53 -0.056 0.292 -0.306 -0.472 2.528 0.227 -0.517 -0.011 -2.038 -2.233 0.288 -0.923 -2.265 -1.705 2.493 0.466 -2.444 -1.611 -1.469
222 G -0.374 -1.807 0.975 3.202 -1.492 -1.452 -0.642 4.216 -0.896 -2.897 -3.348 -1.156 -2.495 -2.682 -2.475 -0.138 -1.266 -2.819 -2.913 -2.679
223 G 0.756 -1.208 0.196 -0.586 -0.343 -1.039 -1.116 3.312 -0.782 -2.306 -2.68 -0.694 -1.622 -2.19 -1.87 2.468 0.3 -2.534 -2.171 -1.749
224 K -0.848 2.072 -0.289 -0.743 -1.999 0.785 0.292 -1.364 -0.264 -2.144 -2.262 4.544 -1.245 -2.827 -1.708 -0.903 -1.103 -2.571 -1.81 -2.02
225 S 1.047 -0.762 0.476 -0.27 0.051 -0.591 -0.577 -0.128 -0.481 -1.933 -2.35 -0.306 -1.208 -1.965 -1.497 3.335 0.99 -2.571 -1.777 -1.314
226 E -0.646 -0.432 -0.292 0.872 -1.324 0.714 3.552 -1.749 -0.115 -1.673 -2.066 0.244 -1.308 -2.245 -1.837 -0.223 1.86 -2.34 -1.861 -1.138
227 V -0.761 2.73 -1.847 -2.521 -0.401 -1.074 -1.897 -2.66 -1.39 2.024 0.448 -0.091 1.487 -0.809 -3.049 -1.988 -0.857 -2.227 -1.411 2.81
228 D -1.034 -1.844 0.727 4.811 -1.999 -1.271 0.237 3.133 -0.838 -2.901 -3.503 -1.099 -2.709 -2.858 -2.465 -0.99 -1.593 -3.141 -3.099 -2.886
229 T 0.315 -0.992 0.068 -0.757 0.084 -0.936 -1.098 -0.883 -1.081 -0.706 -1.443 -0.634 -0.756 -1.718 -1.636 1.858 3.562 -2.323 -1.744 -0.216
230 G 0.068 -2.379 -0.461 -1.344 -1.342 -2.217 -2.643 5.83 -1.498 -3.237 -3.482 -1.672 -2.688 -2.7 -2.801 -1.024 -1.941 -2.462 -3.17 -2.886
231 E -1.199 -0.554 0.248 3.747 -2.42 0.756 3.771 -1.669 0.093 -2.773 -2.964 0.235 -2.057 -2.73 -2.033 -0.865 -1.359 -2.742 -2.261 -2.379
232 V -0.214 -1.965 -1.698 -2.28 0.248 -2.025 -2.317 -2.327 -2.345 2.271 0.397 -1.774 0.423 -0.763 -2.609 -0.939 2.071 -2.34 -1.44 3.354
233 P 0.54 -1.128 -0.132 -0.646 -0.375 -0.978 -0.89 -0.601 -0.816 -2.062 -2.484 -0.543 -1.56 -2.359 3.835 2.426 0.395 -3.097 -2.042 -1.576
234 P -0.075 -1.546 -0.902 -1.077 -0.874 -1.425 -1.243 -1.168 -1.194 -2.197 -2.624 -0.802 -1.96 -2.815 5.598 1.09 -0.354 -3.74 -2.333 -1.863
235 F -2.066 -2.661 -3.04 -3.434 -0.928 -3.418 -3.444 -3.056 -1.265 0.953 2.238 -3.023 0.976 5.569 -4.16 -3.094 -2.104 0.211 2.081 0.114
236 L -1.562 -2.208 -3.384 -3.642 -0.172 -2.662 -3.327 -3.404 -2.335 1.983 4.072 -2.499 2.111 0.811 -3.626 -3.18 -1.602 -1.672 -1.078 1.084
237 F -2.356 -2.918 -2.882 -3.336 -1.396 -3.886 -3.504 -2.896 -0.85 0.255 0.543 -3.326 0.18 6.548 -4.47 -3.052 -2.392 0.83 2.909 -0.529
238 L -1.803 -2.426 -3.207 -3.536 -0.525 -3.015 -3.385 -3.225 -1.751 1.514 3.298 -2.749 1.599 4.076 -3.881 -3.137 -1.842 -0.58 0.914 0.64
239 A 3.115 -1.802 -2.047 -2.122 0.549 -1.705 -1.76 -0.395 -1.697 1.056 -0.376 -1.298 -0.209 -1.302 -1.959 -0.226 -0.453 -2.444 -1.611 2.16
240 V -0.255 -2.508 -2.951 -3.186 0.319 -2.609 -2.915 -2.977 -2.936 3.008 0.924 -2.41 0.81 -0.42 -3.193 -2.306 -0.473 -2.409 -1.306 4.181
241 I -1.023 -2.933 -3.185 -3.198 -0.023 -3.039 -3.459 -3.341 -2.789 4.209 1.465 -2.614 1.131 0.033 -3.427 -2.848 -0.904 -2.263 -1.306 3.29
242 C -0.972 -3.205 -2.951 -3.405 8.563 -3.609 -3.791 -2.403 -2.08 -0.376 -0.434 -3.197 -0.608 3.657 -3.586 -2.078 -1.648 -1.198 0.44 -0.463
243 F 0.664 -2.426 -2.521 -2.77 -0.219 -2.68 -2.763 -1.972 -1.642 2.227 0.887 -2.25 0.487 3.843 -3.093 -1.666 -0.516 -0.843 0.796 1.821
244 G -0.463 -2.652 -1.939 -2.438 -0.318 -2.656 -3.055 2.9 -2.316 2.847 0.404 -2.228 0.24 -0.733 -3.158 -2.014 -1.108 -2.357 -1.805 2.567
245 F -1.113 -2.204 -2.727 -3.111 -0.337 -2.294 -2.894 -2.821 -1.448 1.831 1.274 -2.305 3.369 3.928 -3.586 -2.434 -1.204 -0.645 0.916 2.227
246 L -1.201 -1.983 -1.771 -2.421 -0.42 -2.336 -2.577 -2.413 -1.476 0.83 1.998 -2.017 0.807 3.895 -3.028 -1.248 1.728 -0.693 0.815 0.33
247 I -1.398 -3.122 -3.284 -3.202 -0.172 -3.231 -3.708 -3.5 -2.733 4.577 1.655 -2.7 1.25 0.196 -3.526 -3.098 -1.096 -2.206 -1.306 2.839
248 F -2.356 -2.918 -2.882 -3.336 -1.396 -3.886 -3.504 -2.896 -0.85 0.255 0.543 -3.326 0.18 6.548 -4.47 -3.052 -2.392 0.83 2.909 -0.529
249 L -1.058 -2.304 -3.232 -3.482 0.001 -2.644 -3.183 -3.254 -2.522 2.367 3.35 -2.469 1.739 0.456 -3.474 -2.858 -1.175 -1.897 -1.152 2.515
250 L -0.571 -1.82 -1.384 -1.984 -0.439 -2.054 -2.135 -1.759 -1.118 0.52 1.878 -1.75 0.683 3.878 -2.915 0.725 -0.62 -0.762 0.808 -0.075
251 L -1.562 -2.208 -3.384 -3.642 -0.172 -2.662 -3.327 -3.404 -2.335 1.983 4.072 -2.499 2.111 0.811 -3.626 -3.18 -1.602 -1.672 -1.078 1.084
252 N -1.681 -0.436 5.688 1.26 -1.868 -0.548 -0.747 -0.176 0.947 -2.734 -3.173 -0.317 -2.183 -2.396 -2.609 -0.139 -0.473 -2.988 -2.09 -2.582
253 K -1.065 3.735 -0.353 -0.998 -2.09 0.692 0.029 -1.603 -0.146 -2.298 -2.189 3.917 -1.245 -2.712 -2.009 -1.067 -1.222 -2.462 -1.805 -2.074
254 L -1.803 -2.426 -3.207 -3.536 -0.525 -3.015 -3.385 -3.225 -1.751 1.514 3.298 -2.749 1.599 4.076 -3.881 -3.137 -1.842 -0.58 0.914 0.64
255 V 0.011 -1.929 -1.372 -1.865 0.096 -1.892 -2.054 -1.78 -1.828 2.809 0.476 -1.586 0.439 -0.63 -2.583 0.819 -0.033 -2.401 -1.455 2.755
256 L -1.803 -2.426 -3.207 -3.536 -0.525 -3.015 -3.385 -3.225 -1.751 1.514 3.298 -2.749 1.599 4.076 -3.881 -3.137 -1.842 -0.58 0.914 0.64
257 Y -1.466 0.116 -1.387 -2.06 -1.846 -0.665 -1.197 -2.321 1.491 -1.202 -1.311 1.936 -0.873 2.323 -2.696 -1.842 -1.735 1.373 5.604 -1.302
258 K -1.082 3.327 -0.372 0.042 -2.225 0.896 2.35 -1.789 0.065 -2.496 -2.337 2.931 -1.411 -2.655 -2.057 -1.023 -1.287 -2.416 -1.844 -2.115
259 K -0.878 1.504 -0.313 0.209 -2.136 0.977 2.462 -1.552 -0.037 -2.343 -2.408 3.727 -1.411 -2.76 -1.772 -0.872 -1.175 -2.516 -1.849 -2.065
260 N -0.434 -0.35 4.574 0.753 -1.083 -0.482 -0.631 -0.206 0.49 -2.413 -2.826 0.234 -1.774 -2.263 -2.146 1.503 0.079 -2.822 -1.968 -2.07
261 L -1.472 -2.714 -3.251 -3.333 -0.231 -2.948 -3.5 -3.44 -2.079 3.793 2.644 -2.589 1.505 0.656 -3.55 -3.091 -1.298 -1.571 0.297 2.242
262 D -1.704 3.133 0.651 4.612 -2.35 -0.283 0.515 -1.488 -0.299 -2.703 -2.865 0.579 -2.066 -2.762 -2.462 -1.138 -1.45 -2.988 -2.513 -2.598
263 L -1.839 -2.458 -3.182 -3.521 -0.579 -3.069 -3.393 -3.2 -1.676 1.44 3.169 -2.787 1.518 4.343 -3.919 -3.13 -1.878 -0.453 1.112 0.57
264 I -1.362 -3.086 -3.248 -3.166 -0.136 -3.195 -3.672 -3.465 -2.697 4.483 1.691 -2.664 1.286 0.232 -3.49 -3.062 -1.06 -2.17 -1.271 2.875
265 Y -1.983 -2.146 -2.424 -3.164 -1.546 -2.39 -2.755 -2.954 1.253 -0.228 0.13 -2.328 -0.182 4.784 -3.694 -2.676 -2.174 1.758 5.719 -0.7
266 Y -1.834 -1.799 -2.147 -3.044 -1.773 -1.805 -2.385 -2.953 2.083 -0.825 -0.931 -1.895 -0.704 3.327 -3.355 -2.459 -2.111 2.287 6.7 -1.001
267 I -1.178 -2.423 -2.998 -3.021 -0.16 -2.757 -3.211 -3.277 -2.579 4.264 1.454 -1.428 1.109 0.023 -3.36 -2.824 -0.999 -2.251 -1.329 2.968
268 N -1.688 -0.488 5.557 1.152 -1.863 -0.597 -0.807 -0.262 1.013 -2.608 -3.016 -0.376 -2.092 -1.642 -2.64 -0.216 -0.533 -2.347 -0.157 -2.483
269 L -0.885 -2.173 -2.838 -3.194 -0.45 -2.418 -2.978 -2.703 -1.408 1.373 2.478 -2.341 3.045 4.007 -3.606 -2.498 -1.559 -0.564 0.921 0.862
270 Y -1.815 -1.73 -2.0 -2.928 -1.697 -1.738 -2.3 -2.9 2.817 -0.668 -0.403 -1.857 -0.508 3.135 -3.336 -2.441 -2.091 2.077 6.447 -0.926
271 C -0.444 -2.832 -2.678 -3.179 8.381 -2.909 -3.299 -2.399 0.309 1.054 -0.292 -2.719 -0.321 -1.344 -3.193 -1.877 -1.053 -2.842 -1.836 1.956
272 G -0.357 -2.505 -1.886 -2.423 -0.266 -2.482 -2.924 2.911 -2.235 2.449 0.345 -2.142 0.84 -0.789 -3.117 -1.914 -1.041 -2.325 -1.777 2.672
273 L -1.531 -2.125 -2.858 -3.256 2.244 -2.298 -3.041 -2.911 -1.404 1.335 2.572 -2.327 3.571 3.71 -3.687 -2.637 -1.591 -0.667 0.709 0.598
274 L -0.733 -2.456 -3.12 -3.332 0.119 -2.68 -3.116 -3.16 -2.703 2.918 2.432 -2.466 1.35 0.106 -3.362 -2.642 -0.863 -2.123 -1.228 3.333
275 S 2.375 -0.989 -0.082 -0.675 0.268 -0.82 -0.804 0.041 -0.711 -1.526 -1.974 -0.482 -1.1 -1.933 -1.497 2.65 0.586 -2.534 -1.777 -0.754
276 L 1.551 -2.234 -2.653 -2.716 0.089 -2.342 -2.59 -1.567 -1.946 2.64 2.043 -1.929 0.977 0.909 -2.731 -1.413 -1.035 -1.883 -0.951 1.522
277 F -1.582 -3.058 -2.916 -3.37 6.653 -3.744 -3.644 -2.639 -1.4 -0.043 0.096 -3.261 -0.187 5.45 -3.994 -2.524 -1.996 -0.009 1.931 -0.496
278 S 0.99 -0.845 0.378 -0.363 2.458 -0.68 -0.673 -0.199 -0.562 -1.864 -2.275 -0.394 -1.203 -1.969 -1.559 3.22 0.912 -2.6 -1.819 -1.265
279 V 0.187 -1.817 -1.318 -1.866 0.168 -1.807 -1.929 -1.688 -1.771 1.969 0.162 -1.555 0.248 0.44 -2.55 0.874 0.046 -2.185 -1.012 3.06
280 L -1.701 -2.398 -2.948 -3.328 -0.51 -2.935 -3.271 -3.098 -1.724 1.659 3.035 -2.642 1.454 4.043 -3.737 -2.775 -0.956 -0.612 0.895 0.731
281 F -2.356 -2.918 -2.882 -3.336 -1.396 -3.886 -3.504 -2.896 -0.85 0.255 0.543 -3.326 0.18 6.548 -4.47 -3.052 -2.392 0.83 2.909 -0.529
282 L -1.554 -2.245 -3.379 -3.619 -0.172 -2.686 -3.344 -3.409 -2.353 2.177 3.993 -2.509 2.075 0.785 -3.621 -3.176 -1.576 -1.695 -1.088 1.197
283 S 2.413 -0.987 -0.098 -0.682 0.293 -0.818 -0.801 0.064 -0.708 -1.493 -1.942 -0.477 -1.08 -1.917 -1.482 2.573 0.579 -2.518 -1.763 -0.715
284 G -0.791 -1.495 2.508 3.703 -1.711 -1.176 -0.268 3.297 -0.428 -2.843 -3.348 -0.941 -2.485 -2.672 -2.469 -0.365 -1.175 -2.954 -2.786 -2.708
285 A 3.036 -1.804 -2.052 -2.13 0.558 -1.71 -1.77 -0.424 -1.708 1.139 -0.321 -1.307 -0.164 -1.262 -1.97 -0.249 -0.439 -2.429 -1.589 2.211
286 P 1.781 -1.824 -1.843 -1.614 -0.526 -1.71 -1.512 -0.874 -1.47 -1.713 -2.173 -0.994 -1.779 -2.731 5.518 -0.641 -0.997 -3.633 -2.303 -1.143
287 A 3.935 -1.491 -1.669 -1.694 0.673 -1.327 -1.306 0.367 -1.218 -0.837 -1.328 -0.856 -0.881 -1.855 -1.482 0.448 -0.429 -2.447 -1.763 0.131
288 K -0.833 2.086 -0.275 -0.729 -1.985 0.8 0.306 -1.349 -0.25 -2.13 -2.247 4.508 -1.231 -2.813 -1.694 -0.888 -1.089 -2.556 -1.796 -2.006
289 R -1.541 5.524 -0.469 -1.571 -2.266 0.511 -0.568 -2.135 0.091 -2.619 -2.035 2.011 -1.231 -2.479 -2.711 -1.413 -1.461 -2.241 -1.779 -2.169
290 I -1.384 -3.108 -3.27 -3.188 -0.157 -3.217 -3.694 -3.486 -2.718 4.54 1.67 -2.686 1.264 0.211 -3.512 -3.084 -1.082 -2.192 -1.292 2.853
291 C -0.792 -2.888 -3.105 -3.495 8.495 -3.152 -3.7 -2.541 -2.718 0.532 1.811 -2.882 0.471 -0.691 -3.347 -2.116 -1.413 -2.584 -2.069 0.208
292 L -1.087 -1.39 -2.367 -2.821 -0.175 -1.058 -2.36 -2.59 -0.975 1.596 2.128 -1.459 5.647 0.461 -3.249 -2.023 -1.053 -1.313 -0.839 0.982
293 I -0.931 -2.878 -3.149 -3.182 0.024 -2.983 -3.391 -3.292 -2.788 4.094 1.434 -2.581 1.118 0.01 -3.391 -2.781 -0.848 -2.261 -1.292 3.373
294 G 3.075 -1.768 -1.18 -1.562 0.118 -1.604 -1.703 3.501 -1.308 -1.47 -1.913 -1.112 -1.391 -2.12 -1.875 0.016 -0.87 -2.447 -2.178 -0.609
295 L -1.378 -1.886 -2.978 -3.319 -0.164 -1.987 -2.943 -3.084 -1.776 1.863 3.511 -2.083 3.879 0.703 -3.48 -2.713 -1.389 -1.532 -0.983 1.058
296 I -0.173 -1.856 -1.084 -1.608 -0.05 -1.805 -1.984 -1.654 -1.606 3.097 0.54 -1.431 0.445 -0.547 -2.45 0.991 0.784 -2.314 -1.49 1.711
297 F -2.341 -2.903 -2.867 -3.321 -1.381 -3.871 -3.489 -2.882 -0.835 0.27 0.558 -3.311 0.194 6.526 -4.455 -3.038 -2.378 0.845 2.924 -0.515
298 L -1.539 -2.233 -3.365 -3.604 -0.157 -2.673 -3.331 -3.394 -2.339 2.195 3.967 -2.495 2.088 0.798 -3.607 -3.161 -1.56 -1.682 -1.074 1.217
299 L -1.548 -2.194 -3.37 -3.627 -0.157 -2.647 -3.313 -3.39 -2.321 1.998 4.049 -2.485 2.125 0.826 -3.612 -3.166 -1.588 -1.658 -1.063 1.099
300 Y -1.992 -2.129 -2.369 -3.128 -1.621 -2.363 -2.715 -2.919 1.368 -0.385 -0.312 -2.305 -0.348 4.881 -3.684 -2.638 -2.192 1.87 5.823 -0.812
301 S 1.061 -0.748 0.49 -0.256 0.065 -0.577 -0.562 -0.113 -0.467 -1.918 -2.336 -0.292 -1.194 -1.95 -1.482 3.287 1.004 -2.556 -1.763 -1.3
302 I -1.384 -3.108 -3.27 -3.188 -0.157 -3.217 -3.694 -3.486 -2.718 4.54 1.67 -2.686 1.264 0.211 -3.512 -3.084 -1.082 -2.192 -1.292 2.853
303 Y -1.82 -1.785 -2.133 -3.029 -1.759 -1.791 -2.371 -2.939 2.097 -0.811 -0.917 -1.88 -0.689 3.341 -3.34 -2.444 -2.097 2.301 6.67 -0.987
304 W -0.775 -1.704 -1.328 -1.97 -1.257 -1.831 -1.888 -1.369 -0.887 -1.881 -1.877 -1.659 -1.254 0.37 -3.39 0.748 -0.828 9.391 1.293 -1.872
305 F -0.665 -1.956 -1.219 -1.854 -0.789 -2.263 -2.106 -1.592 -0.701 -0.324 -0.165 -1.872 -0.22 5.364 -3.044 0.802 -0.714 0.044 1.972 -0.766
306 I -1.384 -3.108 -3.27 -3.188 -0.157 -3.217 -3.694 -3.486 -2.718 4.54 1.67 -2.686 1.264 0.211 -3.512 -3.084 -1.082 -2.192 -1.292 2.853
307 E -0.926 -0.129 -0.346 1.511 -2.418 1.339 4.511 -1.957 0.385 -2.771 -2.71 0.67 -1.761 -2.615 -1.889 -0.798 -1.308 -2.394 -1.915 -2.141
308 D -1.366 -0.843 0.598 4.602 -2.397 0.33 3.11 -1.474 -0.088 -2.75 -3.117 -0.061 -2.241 -2.782 -2.106 -0.886 -1.369 -2.967 -2.484 -2.52
309 R -1.52 5.483 -0.448 -1.549 -2.245 0.532 -0.546 -2.114 0.113 -2.597 -2.013 2.033 -1.209 -2.458 -2.69 -1.392 -1.439 -2.22 -1.758 -2.147
310 I -1.362 -3.086 -3.248 -3.166 -0.136 -3.195 -3.672 -3.465 -2.697 4.483 1.691 -2.664 1.286 0.232 -3.49 -3.062 -1.06 -2.17 -1.271 2.875
311 K -0.812 2.108 -0.254 -0.708 -1.963 0.821 0.328 -1.328 -0.229 -2.109 -2.226 4.453 -1.209 -2.791 -1.673 -0.867 -1.068 -2.535 -1.774 -1.984
312 N -1.385 -0.316 4.603 1.359 -2.039 0.267 2.242 -0.672 0.772 -2.738 -2.994 0.076 -2.019 -2.461 -2.328 -0.343 -0.728 -2.757 -2.019 -2.411
313 K -1.062 3.785 -0.342 -0.997 -2.08 0.702 0.029 -1.601 -0.126 -2.292 -2.171 3.855 -1.231 -2.692 -2.011 -1.061 -1.214 -2.442 -1.79 -2.062
314 K -0.833 2.086 -0.275 -0.729 -1.985 0.8 0.306 -1.349 -0.25 -2.13 -2.247 4.508 -1.231 -2.813 -1.694 -0.888 -1.089 -2.556 -1.796 -2.006
315 N -1.667 -0.422 5.658 1.274 -1.853 -0.534 -0.732 -0.162 0.961 -2.72 -3.159 -0.303 -2.168 -2.381 -2.595 -0.125 -0.458 -2.973 -2.076 -2.567
316 I -1.463 2.773 -1.971 -2.563 -0.735 -1.28 -2.154 -2.926 -1.364 3.024 1.488 -0.108 0.794 -0.35 -3.219 -2.393 -1.283 -2.122 -1.416 1.579
317 L -1.878 -2.492 -3.133 -3.486 -0.645 -3.135 -3.391 -3.15 -1.557 1.344 2.954 -2.828 1.41 4.674 -3.961 -3.107 -1.917 -0.264 1.392 0.481
318 L -1.367 -2.342 -3.242 -3.5 -0.177 -2.767 -3.281 -3.272 -2.228 2.245 3.415 -2.554 1.769 2.108 -3.61 -3.0 -1.426 -1.394 -0.344 1.811
319 F -1.969 -2.973 -3.002 -3.274 -0.892 -3.625 -3.559 -3.079 -1.365 2.528 0.997 -3.077 0.615 5.452 -4.089 -3.054 -1.855 0.099 2.02 1.14
320 R -1.541 5.524 -0.469 -1.571 -2.266 0.511 -0.568 -2.135 0.091 -2.619 -2.035 2.011 -1.231 -2.479 -2.711 -1.413 -1.461 -2.241 -1.779 -2.169
321 V -0.292 -2.677 -2.584 -2.862 -0.168 -2.833 -3.095 0.255 -2.188 3.092 0.871 -2.424 0.632 2.257 -3.288 -2.243 -1.032 -1.564 -0.237 2.787
322 F 0.974 -2.515 -2.467 -2.665 -0.319 -2.736 -2.785 -0.328 -1.511 2.373 0.578 -2.222 0.329 3.918 -3.054 -1.624 -1.31 -0.787 0.845 1.196
323 L -1.801 -2.423 -3.184 -3.516 -0.53 -3.02 -3.373 -3.202 -1.71 1.502 3.236 -2.748 1.585 4.158 -3.88 -3.12 -1.84 -0.52 0.999 0.63
324 V -0.241 -2.494 -2.936 -3.172 0.333 -2.594 -2.901 -2.962 -2.922 3.022 0.938 -2.395 0.824 -0.406 -3.178 -2.291 -0.458 -2.394 -1.292 4.144
325 L -1.341 -2.49 -3.193 -3.417 -0.214 -2.888 -3.323 -3.246 -2.192 2.652 2.94 -2.614 1.546 2.581 -3.622 -2.96 -1.362 -1.285 -0.05 2.09
326 I -1.46 -2.936 -3.073 -3.231 -0.44 -3.319 -3.49 -3.181 -1.935 3.377 1.216 -2.841 0.863 4.02 -3.75 -2.935 -1.355 -0.76 0.928 2.362
327 S 2.053 -0.934 0.049 -0.591 0.232 -0.773 -0.769 -0.034 -0.681 -1.507 -1.978 -0.447 -1.077 -1.907 -1.493 2.693 1.024 -2.509 -1.76 -0.785
328 L -1.465 -2.615 -3.319 -3.399 -0.157 -2.918 -3.497 -3.438 -2.513 3.54 3.098 -2.584 1.727 0.535 -3.561 -3.124 -1.324 -1.912 -1.175 2.107
329 I 1.719 -2.313 -2.566 -2.588 0.232 -2.307 -2.514 -1.469 -2.107 3.131 1.041 -1.864 0.665 -0.419 -2.595 -1.253 -0.763 -2.279 -1.436 2.378
330 P -0.844 -2.021 -1.941 -1.571 -1.464 -1.94 -1.629 -1.859 -1.615 -2.325 -2.757 -1.071 -2.41 -3.343 6.67 -1.459 -1.355 -4.556 -2.643 -2.169
331 T -0.12 -1.1 -0.146 -1.022 0.114 -1.11 -1.385 -1.336 -1.42 -0.231 -1.064 -0.798 -0.539 -1.588 -1.694 0.698 4.266 -2.192 -1.714 0.222
332 F -2.341 -2.903 -2.867 -3.321 -1.381 -3.871 -3.489 -2.882 -0.835 0.27 0.558 -3.311 0.194 6.526 -4.455 -3.038 -2.378 0.845 2.924 -0.515
333 L -1.339 -2.525 -3.182 -3.292 -0.133 -2.691 -3.357 -3.323 -2.362 3.554 2.751 -2.455 2.379 0.44 -3.501 -2.942 -1.209 -1.908 -1.163 2.284
334 F -2.341 -2.903 -2.867 -3.321 -1.381 -3.871 -3.489 -2.882 -0.835 0.27 0.558 -3.311 0.194 6.526 -4.455 -3.038 -2.378 0.845 2.924 -0.515
335 S 0.918 -0.853 0.321 -0.363 -0.056 -0.688 -0.653 -0.247 -0.563 -1.957 -2.375 -0.361 -1.295 -2.063 1.26 3.044 0.838 -2.704 -1.84 -1.376
336 S 1.061 -0.748 0.49 -0.256 0.065 -0.577 -0.562 -0.113 -0.467 -1.918 -2.336 -0.292 -1.194 -1.95 -1.482 3.287 1.004 -2.556 -1.763 -1.3
337 V 1.952 -2.102 -2.427 -2.565 0.456 -2.085 -2.238 -1.332 -2.206 2.161 0.329 -1.759 0.334 -0.835 -2.466 -1.019 -0.448 -2.413 -1.448 3.264
338 F -2.038 -2.635 -3.033 -3.425 -0.892 -3.382 -3.426 -3.05 -1.273 0.998 2.291 -2.995 1.025 5.491 -4.131 -3.082 -2.076 0.19 2.047 0.157
339 L -1.347 -0.801 2.702 0.421 -1.285 -0.161 2.021 -1.625 -0.072 -0.147 1.465 -0.437 0.175 -0.874 -2.615 -1.157 -1.112 -2.261 -1.63 -0.636
340 L -1.087 -1.39 -2.367 -2.821 -0.175 -1.058 -2.36 -2.59 -0.975 1.596 2.128 -1.459 5.647 0.461 -3.249 -2.023 -1.053 -1.313 -0.839 0.982
341 L -1.548 -2.194 -3.37 -3.627 -0.157 -2.647 -3.313 -3.39 -2.321 1.998 4.049 -2.485 2.125 0.826 -3.612 -3.166 -1.588 -1.658 -1.063 1.099
342 L -1.31 -2.237 -3.3 -3.554 -0.078 -2.639 -3.247 -3.321 -2.403 2.177 3.748 -2.471 1.964 0.671 -3.542 -3.016 -1.387 -1.757 -1.097 1.813
343 N -1.608 -1.556 2.911 -0.772 -1.119 -1.637 -1.996 -1.758 0.633 2.073 -0.119 -1.429 -0.167 1.141 -3.11 -1.552 -1.095 -0.134 3.549 0.752
344 K -0.003 0.862 -1.095 -1.481 -0.785 -0.123 -0.654 -1.631 -0.855 0.955 -0.081 2.955 1.692 -1.271 -2.169 -1.194 -0.908 -2.254 -1.492 1.0
345 G -0.238 -1.499 0.037 1.585 -0.552 -1.349 -1.108 2.912 -1.271 -1.196 -1.925 -1.028 -1.324 -2.058 -2.068 0.051 2.735 -2.429 -2.265 -0.807
346 R -1.507 5.46 -0.435 -1.537 -2.232 0.545 -0.534 -2.101 0.125 -2.585 -2.001 2.045 -1.197 -2.445 -2.677 -1.379 -1.427 -2.207 -1.745 -2.135
347 Q -0.856 1.034 -0.066 -0.33 -1.884 4.785 1.419 -1.452 0.796 -2.213 -1.964 1.249 -0.376 -2.932 -2.124 -0.728 -0.948 -2.158 -1.258 -1.76
348 S 1.095 -0.714 0.524 -0.222 0.099 -0.543 -0.528 -0.079 -0.433 -1.885 -2.302 -0.258 -1.16 -1.916 -1.449 3.167 1.038 -2.522 -1.729 -1.266
349 K -0.8 2.12 -0.241 -0.695 -1.951 0.834 0.34 -1.315 -0.216 -2.096 -2.213 4.421 -1.197 -2.779 -1.66 -0.854 -1.055 -2.522 -1.762 -1.972
350 S 1.344 -0.363 -0.314 -0.936 -0.023 -0.686 -0.871 -0.629 -0.916 -0.528 -0.779 0.92 -0.587 -1.64 -1.707 1.588 1.708 -2.393 -1.692 0.022