#Seq2Logo.py -f /work3/idamei/wzy_ssn/run/1e-50/run/150/MSAs/0012_44.afa -o /work3/idamei/wzy_ssn/run/1e-50/run/150/logos/0012_44.logo
Last position-specific scoring matrix computed, values are in halfbits
A R N D C Q E G H I L K M F P S T W Y V
0 L -1.119 -1.422 -2.399 -2.853 -0.207 -1.09 -2.392 -2.622 -1.007 1.564 2.096 -1.491 5.802 0.429 -3.281 -2.055 -1.085 -1.345 -0.871 0.95
1 K -1.09 0.029 2.464 -0.136 -1.153 -0.325 0.583 -1.459 -0.353 1.386 -0.75 1.689 -0.535 -1.528 -2.341 -0.813 0.514 -2.52 -1.762 0.227
2 R -0.575 2.252 2.395 -0.821 -1.008 -0.864 -1.425 -1.535 1.731 1.813 -0.425 -0.055 -0.325 -1.201 -2.763 -1.109 -0.187 -2.374 -1.338 0.53
3 L -1.465 -0.023 2.825 -0.615 -1.371 -0.711 -1.136 -1.52 0.409 -0.393 0.945 1.54 -0.089 0.399 -2.701 -1.289 -1.175 -0.78 2.514 -0.854
4 R -1.104 3.078 -0.225 -0.788 -2.076 3.329 0.595 -1.644 2.097 -2.362 -2.135 2.561 -0.877 -2.654 -2.224 -1.024 -1.221 -2.27 -1.232 -2.036
5 L 1.099 -0.074 -0.157 -1.837 -0.451 -0.465 -1.678 -1.322 -0.865 0.167 1.358 -1.044 0.345 3.177 -2.74 -0.627 -1.089 -1.107 0.334 -0.134
6 N 1.56 -0.836 3.436 0.114 -0.344 -0.794 -0.878 -0.096 -0.058 -1.749 -2.238 -0.49 -1.413 -2.086 -1.898 1.591 0.644 -2.683 -1.905 -1.135
7 A 1.865 -0.444 -0.677 -0.034 -0.581 0.073 2.127 -0.697 -0.047 -1.663 -1.94 0.668 -1.23 -1.083 -1.77 0.681 -0.547 -1.609 0.837 -0.987
8 V -0.443 0.185 -1.762 -2.02 -0.444 -1.403 -1.67 -2.159 -1.722 1.42 -0.322 0.475 -0.218 -1.419 3.017 -1.013 -0.695 -2.857 -1.735 2.539
9 L -1.716 -2.283 -3.153 -3.525 -0.481 -2.754 -3.258 -3.262 -1.259 1.553 3.417 -2.57 1.658 3.18 -3.735 -3.083 -1.775 -0.466 1.891 0.7
10 A 2.3 -1.298 -0.609 -1.124 0.275 -1.17 -1.217 -0.311 -1.085 0.518 -0.991 -0.8 -0.581 -1.515 -1.712 1.741 1.154 -2.435 -1.708 0.267
11 D -1.635 -0.746 2.752 2.75 -1.699 -0.764 -0.38 -1.321 4.511 0.178 -0.775 -0.064 -0.893 -1.379 -2.674 -1.176 -1.292 -2.449 -0.641 -0.898
12 L -1.497 -2.647 -3.351 -3.431 -0.189 -2.95 -3.529 -3.47 -2.545 3.589 3.124 -2.616 1.695 0.502 -3.593 -3.156 -1.356 -1.944 -1.208 2.075
13 I -1.273 -2.924 -3.112 -3.249 -0.308 -3.222 -3.458 -3.222 -2.193 3.579 1.216 -2.783 0.887 3.345 -3.659 -2.886 -1.202 -1.153 0.416 2.777
14 G 0.336 1.876 0.033 -0.776 -0.726 -0.562 -0.919 2.642 -0.585 -2.371 -2.542 0.678 -1.541 -2.299 -2.019 1.934 -0.055 -2.499 -2.091 -1.86
15 Y -1.781 -1.914 -2.428 -3.2 -1.3 -2.014 -2.611 -3.077 1.436 0.152 1.311 -2.052 0.276 2.856 -3.438 -2.64 -1.993 1.673 5.969 -0.34
16 Y -1.032 -0.928 -1.084 -1.741 -1.714 1.703 -0.962 2.304 1.156 -1.633 -1.684 -0.741 -1.022 1.631 -2.896 -1.591 -1.768 0.8 4.868 -1.595
17 L -1.404 -1.918 -3.013 -3.351 -0.181 -2.033 -2.977 -3.116 -1.817 1.852 3.558 -2.119 3.864 0.691 -3.504 -2.75 -1.416 -1.556 -1.005 1.043
18 Y -1.787 -1.752 -2.1 -2.997 -1.726 -1.758 -2.338 -2.907 2.13 -0.778 -0.885 -1.848 -0.657 3.374 -3.308 -2.412 -2.064 2.334 6.601 -0.954
19 F -2.359 -2.921 -2.885 -3.339 -1.399 -3.889 -3.507 -2.9 -0.853 0.252 0.54 -3.329 0.176 6.553 -4.473 -3.056 -2.396 0.827 2.906 -0.532
20 L -1.093 -2.939 -3.209 -3.389 6.718 -3.158 -3.686 -2.975 -2.706 2.966 1.992 -2.787 0.946 -0.179 -3.451 -2.57 -1.3 -2.36 -1.663 1.637
21 L -1.185 -2.605 -3.224 -3.381 -0.119 -2.898 -3.356 -3.304 -2.486 3.231 2.669 -2.601 1.443 1.447 -3.543 -2.922 -1.18 -1.756 -0.708 2.652
22 F -2.101 -2.694 -3.047 -3.446 -0.972 -3.462 -3.465 -3.063 -1.255 0.896 2.167 -3.059 0.914 5.665 -4.196 -3.109 -2.139 0.236 2.122 0.06
23 C -0.914 -3.256 -3.149 -3.336 7.812 -3.37 -3.842 -2.786 -2.867 3.036 0.582 -2.927 0.29 -0.731 -3.391 -2.328 -1.232 -2.701 -1.982 1.626
24 V -0.427 -2.087 -1.684 -2.164 -0.186 -2.145 -2.335 -2.037 -1.575 2.506 0.638 -1.86 1.247 2.655 -2.925 0.282 -0.451 -1.411 0.021 2.203
25 V -0.16 -2.535 -2.005 -2.547 5.999 -2.554 -2.872 1.656 -2.423 1.52 -0.183 -2.243 -0.172 -1.215 -3.004 -1.049 -0.789 -2.637 -1.97 2.627
26 C -0.317 -2.631 -2.012 -2.494 8.134 -2.642 -2.918 -1.919 -2.28 1.642 -0.28 -2.281 -0.344 -1.31 -2.894 0.011 -0.702 -2.846 -2.184 0.677
27 I -1.124 -2.9 -3.15 -3.272 2.862 -3.126 -3.472 -3.199 -2.469 3.609 1.49 -2.724 0.969 2.113 -3.543 -2.792 -1.114 -1.674 -0.367 2.821
28 I -1.103 -2.549 -3.04 -3.163 -0.092 -2.536 -3.233 -3.209 -2.326 3.808 1.795 -2.367 2.877 0.151 -3.429 -2.714 -0.998 -2.038 -1.22 2.843
29 Y -1.855 -1.82 -2.168 -3.065 -1.794 -1.826 -2.406 -2.975 2.062 -0.846 -0.953 -1.916 -0.725 3.306 -3.376 -2.48 -2.132 2.266 6.743 -1.022
30 Y -2.027 -2.165 -2.405 -3.164 -1.657 -2.398 -2.751 -2.954 1.333 -0.421 -0.347 -2.341 -0.384 4.902 -3.719 -2.674 -2.227 1.835 5.882 -0.848
31 L 0.971 -1.855 -1.767 -2.206 -0.231 -2.031 -2.151 -1.4 -1.318 0.485 1.901 -1.71 0.624 2.859 -2.754 0.226 -0.809 2.792 0.281 0.076
32 L -0.963 -1.268 -1.184 -1.882 -0.581 0.145 -1.556 -2.139 -0.175 0.175 1.004 -1.165 0.242 2.186 -2.6 -0.776 2.197 -0.262 2.929 -0.024
33 F -2.377 -2.939 -2.903 -3.357 -1.417 -3.907 -3.525 -2.917 -0.871 0.234 0.522 -3.347 0.159 6.58 -4.491 -3.073 -2.413 0.809 2.888 -0.55
34 V 0.298 -2.129 -1.877 -2.274 0.171 -2.125 -2.319 -2.002 -2.15 2.847 0.582 -1.832 0.517 -0.605 -2.741 0.063 -0.236 -2.422 -1.438 3.261
35 A 1.966 -1.33 1.857 -1.058 -0.499 -1.288 -1.487 -0.616 0.739 -1.203 -1.527 -1.044 -1.074 1.012 -2.273 -0.113 -0.845 0.079 3.971 -0.748
36 G -0.34 -1.373 2.668 1.871 -0.856 -1.249 -0.954 2.158 -0.554 -0.359 -1.738 -0.992 -1.26 -1.932 -2.46 0.579 -0.466 -2.763 -2.17 0.582
37 G -0.374 -0.838 0.238 -1.301 -0.841 -1.021 -1.499 2.0 0.072 -0.751 -0.644 0.237 1.994 0.343 -2.49 0.418 -0.145 -0.603 2.639 -0.869
38 G -0.649 -2.596 -1.64 -2.031 -0.859 -2.541 -2.784 3.409 -1.982 2.286 -0.306 -1.918 -0.454 -1.275 2.417 -1.814 -1.485 -2.682 -2.216 0.76
39 F -2.141 -2.343 -0.585 3.422 -1.776 -2.328 -0.853 -2.086 -0.751 -0.63 -0.515 -2.095 -0.685 5.176 -3.428 -2.057 -1.991 -0.272 1.647 -1.279
40 T -0.14 -1.383 -0.059 2.095 -0.236 -1.213 -0.781 -1.275 -1.266 0.291 -1.057 -0.98 -0.649 -1.613 -2.043 0.94 2.511 -2.57 -1.885 1.158
41 Y -1.818 -1.24 -0.984 -2.167 -1.985 -1.152 -1.611 -2.48 5.644 -1.371 -1.438 -1.478 -0.915 2.404 -3.158 -2.15 -2.179 1.416 5.752 -1.589
42 E -0.962 -0.165 -0.381 1.475 -2.454 1.304 4.591 -1.992 0.35 -2.807 -2.746 0.634 -1.796 -2.651 -1.924 -0.834 -1.344 -2.43 -1.951 -2.177
43 P -0.879 -2.056 -1.976 -1.606 -1.5 -1.976 -1.665 -1.895 -1.65 -2.36 -2.793 -1.107 -2.446 -3.378 6.706 -1.495 -1.391 -4.592 -2.678 -2.204
44 I -0.849 -2.851 -3.151 -3.216 0.038 -2.956 -3.345 -3.274 -2.844 4.003 1.328 -2.587 1.039 -0.086 -3.393 -2.736 -0.82 -2.317 -1.328 3.543
45 R -0.69 2.234 -0.366 0.523 -1.566 0.14 1.408 -1.562 0.485 -2.023 -2.063 1.534 -1.295 -0.098 -2.211 0.406 -0.824 -0.744 2.623 -1.748
46 G 0.047 -2.4 -0.483 -1.365 -1.363 -2.238 -2.665 5.849 -1.519 -3.258 -3.503 -1.693 -2.71 -2.721 -2.822 -1.045 -1.962 -2.483 -3.191 -2.907
47 W -2.27 -2.255 -2.692 -3.35 -1.928 -2.558 -2.841 -2.724 0.6 -0.938 -0.832 -2.514 -0.734 3.85 -4.281 -2.936 -2.418 8.208 4.929 -1.342
48 L -1.838 -2.67 -3.175 -3.447 -0.622 -3.235 -3.492 -3.229 -1.727 2.3 2.634 -2.867 1.272 4.435 -3.933 -3.133 -1.794 -0.488 1.147 1.052
49 Y -1.809 -1.34 2.663 -1.017 -1.822 -1.389 -1.811 -1.833 1.765 -1.299 -1.463 -1.346 -1.095 2.442 -3.131 -1.571 -1.536 1.429 5.771 -1.413
50 P -0.879 -2.056 -1.976 -1.606 -1.5 -1.976 -1.665 -1.895 -1.65 -2.36 -2.793 -1.107 -2.446 -3.378 6.706 -1.495 -1.391 -4.592 -2.678 -2.204
51 A 2.226 -1.793 -1.714 -2.059 0.398 -1.753 -1.897 -0.97 -1.869 1.364 -0.201 -1.399 -0.056 -1.177 -2.133 -0.331 1.332 -2.409 -1.592 2.482
52 N -1.703 -0.458 5.732 1.239 -1.889 -0.569 -0.768 -0.197 0.926 -2.755 -3.194 -0.338 -2.204 -2.417 -2.63 -0.161 -0.494 -3.009 -2.111 -2.603
53 I -1.118 -2.615 -2.354 -2.641 -0.137 -2.69 -3.097 -2.945 -2.443 4.116 1.257 -2.232 0.947 -0.106 -3.081 -1.87 1.077 -2.227 -1.407 2.45
54 H -1.613 -1.213 -0.571 -1.701 -1.3 -1.08 -1.441 -2.328 6.643 2.309 -0.163 -1.43 -0.017 -0.419 -3.071 -2.132 -1.752 -1.767 0.77 0.686
55 D -1.82 -1.631 1.156 5.896 -2.415 -0.915 1.007 -1.166 -0.579 -2.768 -3.534 -0.872 -2.74 -2.962 -2.332 -0.995 -1.455 -3.574 -3.086 -2.907
56 H -1.741 -0.412 2.504 -0.395 -2.272 -0.277 -0.587 -1.358 7.489 -2.714 -2.741 -0.708 -1.463 -1.142 -2.759 -1.265 -1.816 -1.742 1.171 -2.977
57 Y -1.855 -1.82 -2.168 -3.065 -1.794 -1.826 -2.406 -2.975 2.062 -0.846 -0.953 -1.916 -0.725 3.306 -3.376 -2.48 -2.132 2.266 6.743 -1.022
58 I -0.907 -2.882 -3.167 -3.217 0.013 -2.987 -3.386 -3.301 -2.834 4.08 1.363 -2.602 1.061 -0.056 -3.409 -2.776 -0.852 -2.307 -1.328 3.471
59 Y -1.855 -1.82 -2.168 -3.065 -1.794 -1.826 -2.406 -2.975 2.062 -0.846 -0.953 -1.916 -0.725 3.306 -3.376 -2.48 -2.132 2.266 6.743 -1.022
60 L -1.317 -2.198 -3.029 -3.44 -0.335 -2.48 -3.053 -3.242 -0.847 1.847 3.079 -2.372 1.456 1.337 -3.501 -2.855 -1.446 -0.44 2.764 1.815
61 D -0.785 2.019 2.445 2.62 -1.632 0.062 1.604 -1.01 0.105 -2.569 -2.735 0.403 -1.792 -2.488 -2.194 0.65 -0.595 -2.74 -2.115 -2.195
62 N -1.595 -0.857 3.427 0.239 -1.954 -0.452 1.096 -1.396 1.346 -1.844 -2.018 -0.605 -1.451 1.19 -2.735 -1.039 -1.227 0.286 4.297 -1.794
63 Y 0.667 -2.208 -2.458 -2.8 -0.509 -2.199 -2.578 -2.088 0.277 2.57 0.319 -1.951 0.193 1.675 -2.953 -1.801 -1.32 0.395 4.34 1.264
64 E -1.256 -0.605 2.107 1.473 -1.738 0.387 3.158 -1.689 0.074 -1.034 0.335 -0.048 -0.572 -1.537 -2.359 -1.019 -1.208 -2.414 -1.833 -1.256
65 D -0.764 -0.027 2.895 3.28 -1.559 -0.226 0.631 -0.745 -0.013 -2.462 -2.879 1.477 -1.893 -2.568 -2.071 0.718 -0.509 -2.952 -2.229 -2.247
66 I -1.613 -2.947 -3.235 -3.312 -0.4 -3.275 -3.628 -3.376 -2.213 3.813 2.011 -2.804 1.2 3.016 -3.729 -3.122 -1.41 -1.25 0.16 2.152
67 K -0.53 0.809 0.19 2.427 -1.591 0.351 1.491 -1.125 -0.277 -2.321 -2.582 2.894 -1.579 -2.646 -1.824 0.602 -0.646 -2.737 -2.054 -2.051
68 N -0.895 2.099 3.621 0.934 -1.239 -0.365 -0.651 -0.825 0.13 -1.945 -2.319 0.7 -1.493 -2.256 -2.262 0.399 1.3 -2.645 -1.969 -1.598
69 G 0.06 -1.682 -0.526 -1.309 -0.492 -1.642 -1.907 3.556 -1.355 -0.688 0.431 -1.281 -0.451 -1.334 -2.389 0.859 0.862 -2.294 -2.089 -0.82
70 G -0.418 -1.171 2.141 0.033 -1.016 -0.655 1.036 2.078 -0.42 0.789 -1.274 -0.663 -0.966 -1.687 -2.402 0.519 -0.605 -2.537 -2.014 -0.288
71 D -1.784 -1.595 1.192 5.844 -2.379 -0.879 1.043 -1.131 -0.543 -2.732 -3.499 -0.836 -2.705 -2.927 -2.296 -0.959 -1.42 -3.538 -3.05 -2.872
72 W -2.657 -2.39 -3.173 -3.627 -2.341 -2.831 -2.976 -2.373 -1.141 -1.861 -1.657 -2.798 -1.287 1.121 -5.415 -3.362 -2.702 10.618 2.162 -2.235
73 I -0.968 -2.906 -3.172 -3.2 -0.002 -3.012 -3.422 -3.319 -2.802 4.149 1.428 -2.604 1.107 0.002 -3.414 -2.812 -0.877 -2.276 -1.31 3.361
74 N -0.993 -0.689 3.696 2.813 -1.553 -0.19 1.555 -0.775 0.236 -2.316 -2.788 -0.25 -1.896 -2.423 -2.2 0.33 0.472 -2.853 -2.173 -2.006
75 L -1.787 -1.915 1.562 -1.779 -0.749 -2.331 -2.649 -2.333 -1.014 1.04 2.81 -2.083 1.155 3.406 -3.587 -2.261 -1.521 -0.999 0.409 0.229
76 I -0.18 -2.015 -0.828 1.895 -0.549 -1.913 -1.262 -1.651 -1.275 1.775 -0.073 -1.631 -0.121 2.639 -2.741 0.152 -0.673 -1.56 -0.095 1.353
77 G 0.047 -2.4 -0.483 -1.365 -1.363 -2.238 -2.665 5.849 -1.519 -3.258 -3.503 -1.693 -2.71 -2.721 -2.822 -1.045 -1.962 -2.483 -3.191 -2.907
78 L -1.366 -2.59 -3.19 -3.416 -0.287 -2.991 -3.365 -3.247 -2.158 2.718 2.673 -2.69 1.366 3.039 -3.68 -2.964 -1.385 -1.174 0.195 2.199
79 N -1.685 -0.44 5.695 1.256 -1.871 -0.552 -0.75 -0.18 0.943 -2.737 -3.177 -0.321 -2.186 -2.399 -2.613 -0.143 -0.476 -2.991 -2.094 -2.585
80 N -1.703 -0.458 5.732 1.239 -1.889 -0.569 -0.768 -0.197 0.926 -2.755 -3.194 -0.338 -2.204 -2.417 -2.63 -0.161 -0.494 -3.009 -2.111 -2.603
81 N -1.703 -0.458 5.732 1.239 -1.889 -0.569 -0.768 -0.197 0.926 -2.755 -3.194 -0.338 -2.204 -2.417 -2.63 -0.161 -0.494 -3.009 -2.111 -2.603
82 L -1.802 -2.858 -3.156 -3.36 -0.622 -3.363 -3.568 -3.247 -1.788 2.991 2.02 -2.911 1.067 4.404 -3.911 -3.117 -1.679 -0.553 1.126 1.5
83 G 0.047 -2.4 -0.483 -1.365 -1.363 -2.238 -2.665 5.849 -1.519 -3.258 -3.503 -1.693 -2.71 -2.721 -2.822 -1.045 -1.962 -2.483 -3.191 -2.907
84 I -1.42 -3.143 -3.305 -3.223 -0.193 -3.252 -3.729 -3.522 -2.754 4.631 1.634 -2.721 1.228 0.175 -3.547 -3.119 -1.117 -2.227 -1.328 2.817
85 A 3.156 -1.206 -0.642 -1.066 0.409 -1.039 -1.021 0.148 -0.93 -1.258 -1.726 -0.653 -1.038 -1.929 -1.518 1.992 0.196 -2.526 -1.798 -0.395
86 L -1.656 -2.706 -3.259 -3.419 -0.4 -3.121 -3.531 -3.353 -2.126 3.168 2.762 -2.751 1.443 3.079 -3.755 -3.142 -1.542 -1.147 0.195 1.705
87 L -1.131 -2.688 -3.247 -3.344 -0.062 -2.911 -3.399 -3.354 -2.676 3.644 2.501 -2.586 1.421 0.241 -3.489 -2.922 -1.083 -2.103 -1.257 2.88
88 Y -1.855 -1.82 -2.168 -3.065 -1.794 -1.826 -2.406 -2.975 2.062 -0.846 -0.953 -1.916 -0.725 3.306 -3.376 -2.48 -2.132 2.266 6.743 -1.022
89 Y -1.005 -1.581 -1.419 -2.257 -1.326 -1.539 -1.943 -2.146 1.7 -1.036 -1.186 -1.521 -0.819 2.775 -2.896 -0.03 -1.191 1.753 6.136 -1.082
90 L -0.749 -2.061 -1.847 -2.415 3.745 -2.172 -2.461 -2.196 -0.468 1.561 1.324 -1.944 0.447 2.303 -3.025 -0.104 -0.873 -0.347 2.919 0.842
91 L -1.664 -2.362 -2.794 -3.246 -0.793 -2.519 -3.052 -3.242 0.215 2.632 1.686 -2.36 0.784 2.504 -3.537 -2.859 -1.651 0.565 4.424 1.247
92 F -2.107 -1.653 -0.034 -1.935 -1.742 -1.878 -1.971 -2.263 5.29 -0.619 -0.383 -2.017 -0.369 5.24 -3.677 -2.281 -2.231 0.058 2.367 -1.303
93 G -0.272 -0.53 1.304 0.053 -1.338 1.748 1.444 2.933 -0.135 -2.479 -2.656 -0.067 -1.564 -2.541 -2.208 0.419 -0.18 -2.47 -2.1 -2.011
94 F -1.805 -2.857 -3.094 -3.352 -0.708 -3.421 -3.524 -3.165 -1.625 2.612 1.726 -2.966 0.893 4.892 -3.977 -3.063 -1.736 -0.287 1.504 1.434
95 L -1.69 -2.527 -3.278 -3.508 -0.4 -3.003 -3.456 -3.335 -2.058 2.522 3.248 -2.709 1.623 3.129 -3.776 -3.159 -1.651 -1.067 0.223 1.29
96 E -0.801 -0.861 1.063 0.385 -1.849 0.079 2.636 1.936 0.561 -2.318 -2.422 -0.278 -1.702 -0.134 -2.382 -0.578 -1.317 -0.744 2.574 -2.017
97 L -0.662 -2.074 -2.663 -3.073 5.384 -1.157 -2.626 -2.608 -0.611 1.081 2.201 -2.094 0.812 1.757 -3.306 -2.26 -1.564 -0.439 2.806 0.383
98 L -1.47 -2.312 -3.122 -3.337 -0.247 -2.472 -3.24 -3.247 -2.045 2.949 3.041 -2.372 3.114 1.412 -3.577 -2.905 -1.385 -1.57 -0.715 1.641
99 G -0.091 -2.223 0.527 0.066 -1.432 -2.048 -2.199 5.579 -1.281 -3.205 -3.489 -1.563 -2.684 -2.717 -2.786 -0.991 -1.841 -2.553 -3.121 -2.891
100 L -1.811 -2.81 -3.161 -3.382 -0.622 -3.33 -3.549 -3.242 -1.772 2.833 2.186 -2.9 1.12 4.412 -3.916 -3.121 -1.707 -0.537 1.131 1.394
101 D -1.242 -1.33 1.792 4.686 -1.73 -0.682 1.221 -1.162 -0.421 -0.453 -2.19 -0.698 -1.721 -2.275 -2.322 -0.136 -0.959 -3.12 -2.492 -1.31
102 I -1.188 -2.764 -3.26 -3.324 -0.088 -2.97 -3.458 -3.386 -2.687 3.848 2.378 -2.61 1.393 0.235 -3.502 -2.961 -1.094 -2.122 -1.269 2.855
103 K 1.102 0.419 0.205 -1.052 -0.599 -0.391 -0.716 -0.948 -0.778 1.027 -0.866 2.49 -0.535 -1.661 -1.971 0.339 -0.542 -2.512 -1.725 0.14
104 P -1.424 -1.912 -2.09 -2.391 -1.673 -1.885 -2.087 -2.493 1.076 -1.361 -1.556 -1.565 -1.296 2.015 4.19 -2.045 -1.813 0.965 5.342 -1.439
105 E -1.114 -0.404 -0.001 3.049 -2.446 0.976 4.149 -1.807 0.186 -2.799 -2.887 0.389 -1.962 -2.71 -2.001 -0.865 -1.366 -2.625 -2.145 -2.309
106 V 0.191 0.727 -1.574 -2.094 -0.074 -1.31 -1.719 -1.98 -1.702 1.867 0.068 0.306 0.169 -1.034 -2.597 -0.479 0.12 -2.438 -1.509 3.04
107 L 0.652 -2.134 -2.929 -3.132 -0.102 -2.457 -2.834 -2.152 -1.927 1.424 3.31 -2.176 1.523 2.004 -3.138 -2.023 -1.415 -1.444 -0.443 0.76
108 S 2.155 -1.059 -0.181 -0.81 0.235 -0.924 -0.959 -0.192 -0.888 -1.208 -1.76 -0.585 -0.993 -1.882 -1.559 2.308 1.797 -2.483 -1.788 -0.509
109 L -1.583 -2.229 -3.405 -3.663 -0.193 -2.683 -3.348 -3.425 -2.356 1.962 4.106 -2.521 2.09 0.79 -3.647 -3.201 -1.623 -1.693 -1.099 1.063
110 I -1.278 -2.827 -3.199 -3.302 -0.371 -3.007 -3.363 -3.134 -2.405 3.652 1.016 -2.668 0.75 0.25 -3.744 -2.949 -1.192 6.137 -0.232 2.797
111 L -1.021 -2.541 -3.222 -3.385 -0.012 -2.796 -3.283 -3.291 -2.654 3.189 2.734 -2.537 1.476 0.254 -3.464 -2.846 -1.06 -2.066 -1.234 2.931
112 N -1.703 -0.458 5.732 1.239 -1.889 -0.569 -0.768 -0.197 0.926 -2.755 -3.194 -0.338 -2.204 -2.417 -2.63 -0.161 -0.494 -3.009 -2.111 -2.603
113 L -1.329 -2.426 -3.321 -3.621 5.429 -2.829 -3.462 -3.137 -2.473 1.585 3.579 -2.637 1.674 0.402 -3.563 -2.836 -1.569 -1.948 -1.373 0.817
114 F 0.49 -2.623 -2.642 -2.948 2.247 -3.143 -2.961 -1.903 -1.095 0.512 0.237 -2.626 -0.013 5.626 -3.506 -1.906 -1.785 0.142 2.088 -0.116
115 V -0.875 -2.663 -3.169 -3.299 0.038 -2.844 -3.275 -3.256 -2.757 3.534 2.088 -2.548 1.246 0.06 -3.411 -2.75 -0.905 -2.198 -1.28 3.331
116 L -1.811 -2.616 -3.12 -3.404 -0.623 -3.109 -3.433 -3.186 -1.659 2.283 2.511 -2.798 1.738 4.43 -3.912 -3.065 -1.763 -0.476 1.152 1.046
117 L -1.925 -2.511 -3.089 -3.462 -0.742 -3.105 -3.378 -3.118 -1.456 1.201 2.723 -2.835 1.747 4.94 -4.016 -3.069 -1.958 -0.168 1.539 0.361
118 L 1.925 -1.868 -2.431 -2.659 0.001 -1.962 -2.257 -1.29 -0.775 0.747 2.307 -1.679 0.836 0.692 -2.572 -1.141 -1.162 -0.836 2.106 0.451
119 C 0.215 -2.676 -2.332 -2.785 8.322 -2.711 -2.99 -1.893 -2.512 0.645 -0.551 -2.404 -0.513 -1.554 -2.906 -0.551 -0.763 -2.93 -2.225 1.553
120 F -2.004 -2.581 -3.04 -3.432 -0.865 -3.223 -3.395 -3.069 -1.317 1.027 2.371 -2.916 1.584 5.35 -4.101 -3.056 -2.037 0.058 1.865 0.198
121 I -0.702 0.647 -1.48 -1.936 -0.442 -1.453 -1.896 -2.142 -1.515 3.334 0.619 0.281 0.473 -0.583 -2.738 -0.036 -0.593 -2.337 -1.511 1.72
122 S 0.936 -1.095 -0.084 -0.8 0.114 -0.984 -1.047 -0.632 -0.984 -0.159 -1.303 -0.692 -0.683 -1.621 -1.761 2.44 1.878 -2.486 -1.713 0.744
123 F -2.053 -2.217 -2.44 -3.178 -1.637 -2.49 -2.803 -2.952 1.212 -0.365 -0.27 -2.407 -0.338 5.072 -3.772 -2.703 -2.241 1.768 5.735 -0.824
124 K -0.054 1.037 -0.624 -1.076 -1.034 -0.002 -0.411 -1.339 -0.721 0.954 -0.942 3.356 -0.547 -1.792 -1.965 0.139 -0.664 -2.51 -1.717 -0.079
125 R -0.905 3.609 2.239 -0.494 -1.664 0.125 -0.499 -1.202 0.256 -2.341 -2.28 2.161 -1.394 -1.668 -2.312 0.238 -0.733 -1.975 0.038 -2.026
126 I -1.42 -3.143 -3.305 -3.223 -0.193 -3.252 -3.729 -3.522 -2.754 4.631 1.634 -2.721 1.228 0.175 -3.547 -3.119 -1.117 -2.227 -1.328 2.817
127 V -0.116 -2.666 -3.003 -3.118 0.154 -2.749 -3.076 -2.856 -2.774 3.589 1.108 -2.426 0.889 -0.263 -3.209 -2.341 -0.696 -2.36 -1.349 3.684
128 K -1.243 2.586 -1.003 -1.586 -1.566 -0.098 -0.73 -2.087 -0.015 0.97 -0.785 2.935 -0.497 -0.192 -2.44 -1.576 -1.328 -1.048 2.034 -0.144
129 L -1.214 0.73 0.759 -1.245 -1.137 -0.331 -0.826 -1.86 -0.764 0.179 1.882 2.882 0.512 -0.809 -2.45 -1.525 -1.24 -2.232 -1.54 -0.418
130 L -1.762 -2.391 -3.271 -3.583 -0.454 -2.944 -3.391 -3.29 -1.907 1.617 3.541 -2.706 1.714 3.558 -3.836 -3.169 -1.801 -0.838 0.508 0.736
131 G -0.272 -1.479 2.191 -0.598 -1.491 -1.599 -1.965 5.128 -0.777 -3.087 -3.366 -0.5 -2.512 -2.664 -2.718 -0.839 -1.56 -2.586 -2.862 -2.795
132 L -1.583 -2.229 -3.405 -3.663 -0.193 -2.683 -3.348 -3.425 -2.356 1.962 4.106 -2.521 2.09 0.79 -3.647 -3.201 -1.623 -1.693 -1.099 1.063
133 D -1.401 -1.718 0.944 4.372 -1.988 -1.273 0.121 -1.374 -0.851 -2.597 -3.198 -0.934 -2.591 -3.09 4.243 -1.133 -1.374 -3.904 -2.862 -2.591
134 G -0.467 -2.143 -1.673 -2.251 -0.518 -2.135 -2.454 1.793 -0.618 1.578 0.168 -1.851 -0.085 0.531 -0.472 -0.778 -0.961 -0.727 2.64 1.912
135 Y -0.315 -1.349 -0.714 -1.529 -0.534 -1.304 -1.58 -1.551 0.589 -0.504 -1.152 -1.133 -0.695 1.351 -2.285 0.935 1.922 0.376 4.32 -0.073
136 Y -1.202 -2.272 -2.624 -3.192 -0.747 -2.432 -2.791 -2.944 0.288 1.38 0.119 -2.343 0.077 3.303 -3.526 -2.537 -1.415 3.405 4.589 2.227
137 T 0.356 -1.596 -0.657 -1.428 -0.079 -1.571 -1.835 2.005 -1.641 0.393 -0.918 -1.229 -0.573 -1.545 -2.151 0.217 2.818 -2.347 -1.894 1.279
138 W -2.141 -2.438 -3.22 -3.599 -1.147 -2.967 -3.242 -2.881 -1.519 0.559 2.171 -2.796 0.734 3.232 -4.426 -3.251 -2.182 8.096 1.451 -0.223
139 L -0.242 -1.42 -0.853 -1.567 -0.04 -1.497 -1.765 -1.587 -1.483 0.611 2.013 -1.233 0.702 -0.465 -2.285 0.942 2.234 -2.082 -1.482 0.298
140 F -2.377 -2.939 -2.903 -3.357 -1.417 -3.907 -3.525 -2.917 -0.871 0.234 0.522 -3.347 0.159 6.58 -4.491 -3.073 -2.413 0.809 2.888 -0.55
141 F -1.488 -2.829 -2.962 -3.298 -0.668 -3.399 -3.354 -2.997 -1.523 1.99 0.769 -2.978 0.481 5.28 -3.951 -2.833 -1.569 -0.089 1.829 2.09
142 F -1.938 -2.65 -3.073 -3.452 -0.83 -3.35 -3.43 -3.089 -1.397 1.136 2.327 -2.982 1.015 5.344 -4.096 -3.074 -1.991 0.03 1.857 0.571
143 N -1.569 -1.209 3.322 -0.553 -1.021 -1.226 -1.779 -1.439 -0.055 0.162 0.521 -1.213 3.533 2.749 -3.19 -1.273 -1.037 -1.215 0.091 -0.359
144 S 0.384 -1.283 -0.222 -0.99 5.458 -1.205 -1.332 -0.876 -1.198 -1.027 -1.605 -0.905 -0.963 -1.87 -1.871 2.023 2.46 -2.578 -1.96 -0.546
145 S 0.732 -0.997 0.105 -0.511 -0.218 -0.839 -0.782 -0.424 -0.699 -2.031 -2.451 -0.468 -1.435 -2.216 2.662 2.891 0.626 -2.896 -1.954 -1.489
146 L -1.875 -2.492 -3.194 -3.537 -0.622 -3.112 -3.418 -3.211 -1.668 1.389 3.14 -2.823 1.463 4.466 -3.956 -3.149 -1.914 -0.425 1.167 0.521
147 W -1.489 -2.639 -3.185 -3.409 -0.717 -2.904 -3.205 -2.901 -2.039 2.648 0.758 -2.679 0.388 0.482 -4.065 -3.004 -1.485 8.058 0.567 2.19
148 Y -1.855 -1.82 -2.168 -3.065 -1.794 -1.826 -2.406 -2.975 2.062 -0.846 -0.953 -1.916 -0.725 3.306 -3.376 -2.48 -2.132 2.266 6.743 -1.022
149 F -2.377 -2.939 -2.903 -3.357 -1.417 -3.907 -3.525 -2.917 -0.871 0.234 0.522 -3.347 0.159 6.58 -4.491 -3.073 -2.413 0.809 2.888 -0.55
150 A 3.619 -1.362 -1.125 -1.379 0.525 -1.196 -1.176 0.241 -1.087 -1.059 -1.539 -0.77 -0.976 -1.91 -1.518 1.309 -0.116 -2.504 -1.798 -0.139
151 Q -0.925 0.964 -0.135 -0.4 -1.954 5.03 1.349 -1.522 0.727 -2.283 -2.034 1.179 -0.446 -3.001 -2.194 -0.797 -1.018 -2.227 -1.328 -1.83
152 L -1.583 -2.229 -3.405 -3.663 -0.193 -2.683 -3.348 -3.425 -2.356 1.962 4.106 -2.521 2.09 0.79 -3.647 -3.201 -1.623 -1.693 -1.099 1.063
153 I -1.358 -2.709 -3.101 -3.146 -0.197 -2.672 -3.409 -3.319 -2.311 4.226 1.732 -2.431 2.895 0.227 -3.493 -2.874 -1.112 -2.029 -1.231 2.528
154 N -1.703 -0.458 5.732 1.239 -1.889 -0.569 -0.768 -0.197 0.926 -2.755 -3.194 -0.338 -2.204 -2.417 -2.63 -0.161 -0.494 -3.009 -2.111 -2.603
155 K -0.869 2.051 -0.311 -0.765 -2.02 0.764 0.271 -1.385 -0.286 -2.166 -2.283 4.596 -1.266 -2.848 -1.73 -0.924 -1.125 -2.592 -1.831 -2.042
156 D -1.82 -1.631 1.156 5.896 -2.415 -0.915 1.007 -1.166 -0.579 -2.768 -3.534 -0.872 -2.74 -2.962 -2.332 -0.995 -1.455 -3.574 -3.086 -2.907
157 V 0.158 -1.785 -1.136 -1.68 0.098 -1.73 -1.861 -1.57 -1.691 2.434 0.209 -1.44 0.257 -0.804 -2.461 1.262 0.092 -2.451 -1.507 2.666
158 F -2.377 -2.939 -2.903 -3.357 -1.417 -3.907 -3.525 -2.917 -0.871 0.234 0.522 -3.347 0.159 6.58 -4.491 -3.073 -2.413 0.809 2.888 -0.55
159 T -0.155 -1.135 -0.182 -1.057 0.079 -1.146 -1.421 -1.372 -1.456 -0.267 -1.1 -0.834 -0.575 -1.623 -1.73 0.662 4.369 -2.227 -1.749 0.187
160 I -1.42 -3.143 -3.305 -3.223 -0.193 -3.252 -3.729 -3.522 -2.754 4.631 1.634 -2.721 1.228 0.175 -3.547 -3.119 -1.117 -2.227 -1.328 2.817
161 F -2.033 -2.634 -3.093 -3.475 -0.864 -3.354 -3.453 -3.11 -1.377 1.053 2.501 -2.988 1.09 5.354 -4.123 -3.124 -2.071 0.048 1.861 0.206
162 I -1.42 -3.143 -3.305 -3.223 -0.193 -3.252 -3.729 -3.522 -2.754 4.631 1.634 -2.721 1.228 0.175 -3.547 -3.119 -1.117 -2.227 -1.328 2.817
163 L -1.268 -2.744 -3.154 -3.329 -0.26 -3.075 -3.397 -3.238 -2.236 3.225 2.04 -2.716 1.147 2.977 -3.641 -2.906 -1.248 -1.264 0.167 2.608
164 L -1.875 -2.492 -3.194 -3.537 -0.622 -3.112 -3.418 -3.211 -1.668 1.389 3.14 -2.823 1.463 4.466 -3.956 -3.149 -1.914 -0.425 1.167 0.521
165 K -0.998 1.566 -0.718 -1.156 -1.551 0.331 -0.175 -1.693 -0.597 -0.745 0.508 4.013 -0.214 -1.667 -2.024 -1.257 -1.218 -2.388 -1.669 -1.099
166 A 1.884 -2.052 -1.743 -2.096 -0.041 -2.032 -2.256 2.111 -1.714 1.597 1.135 -1.601 0.234 -0.791 -2.458 -0.505 -0.952 -2.262 -1.759 0.727
167 I -0.849 -2.851 -3.151 -3.216 0.038 -2.956 -3.345 -3.274 -2.844 4.003 1.328 -2.587 1.039 -0.086 -3.393 -2.736 -0.82 -2.317 -1.328 3.543
168 E -0.844 0.113 0.559 1.232 -2.191 1.109 4.083 -1.688 0.287 -2.685 -2.697 1.315 -1.727 -2.62 -1.914 -0.363 -1.104 -2.48 -1.938 -2.134
169 Y -1.943 -2.198 -2.594 -3.263 -1.292 -2.49 -2.882 -3.042 0.827 0.257 1.262 -2.402 0.323 4.508 -3.725 -2.784 -2.101 1.365 5.231 -0.343
170 A 3.156 -1.206 -0.642 -1.066 0.409 -1.039 -1.021 0.148 -0.93 -1.258 -1.726 -0.653 -1.038 -1.929 -1.518 1.992 0.196 -2.526 -1.798 -0.395
171 L -1.03 -0.7 -2.229 -2.569 -0.365 -1.339 -1.997 -2.672 -1.648 2.128 2.273 0.873 2.83 -0.062 -3.0 -2.207 -1.113 -1.966 -1.252 1.917
172 A 0.917 -0.136 2.11 0.524 -1.012 -0.464 -0.049 -0.793 0.469 -1.687 -1.982 1.356 -1.311 -0.053 -2.133 0.136 -0.75 -0.823 2.616 -1.326
173 K -0.837 0.946 2.63 -0.192 -1.841 0.608 -0.304 2.128 -0.059 -2.506 -2.692 3.04 -1.674 -2.717 -2.156 -0.729 -1.089 -2.648 -2.1 -2.321
174 K -1.224 1.61 2.315 -0.274 -2.068 1.297 0.038 -1.211 4.102 -2.415 -2.475 2.963 -1.34 -2.259 -2.181 -0.885 -1.18 -2.357 -0.733 -2.316
175 W -1.528 0.298 -1.583 -2.037 -1.673 -0.621 -1.167 -1.991 -0.757 -0.87 -0.584 2.322 2.019 -0.107 -3.077 -1.934 -1.658 8.061 0.515 -1.212
176 R -0.482 2.722 -1.096 -1.697 -1.107 -0.224 -0.98 -0.422 -0.691 0.939 -0.055 2.293 2.199 -1.23 -2.52 -1.424 -1.204 -2.162 -1.582 0.029
177 S 0.366 -0.843 2.426 -0.08 -0.609 -0.038 -0.793 2.349 -0.24 -2.345 -2.702 -0.451 -1.605 -2.25 -1.977 2.218 0.207 -2.628 -2.065 -1.849
178 F -1.549 -2.634 -2.825 -3.24 -0.788 -2.991 -3.182 -3.057 -0.458 2.197 0.641 -2.699 0.396 4.601 -3.772 -2.794 -1.606 0.395 3.54 1.806
179 F -2.065 -2.948 -3.022 -3.337 -0.992 -3.658 -3.566 -3.082 -1.306 2.144 1.144 -3.133 0.587 5.687 -4.18 -3.091 -1.991 0.195 2.136 0.789
180 L 0.845 -2.284 -2.879 -3.001 0.092 -2.45 -2.806 -2.141 -2.272 2.639 2.539 -2.131 1.246 0.04 -2.986 -1.888 -1.019 -2.084 -1.319 2.254
181 L -1.517 -2.561 -3.365 -3.479 -0.193 -2.897 -3.495 -3.463 -2.509 3.334 3.351 -2.599 1.775 0.56 -3.607 -3.168 -1.41 -1.895 -1.188 1.896
182 F 0.736 -2.294 -2.122 -2.499 -0.334 -2.546 -2.585 -1.779 -1.422 1.782 0.345 -2.094 0.176 4.247 -2.949 -1.254 0.534 -0.654 1.042 1.063
183 L -0.824 -2.418 -2.445 -2.9 -0.252 -2.626 -3.128 1.654 -2.335 2.215 2.58 -2.332 1.147 -0.028 -3.346 -2.414 -1.305 -2.066 -1.5 2.105
184 L -1.785 -2.508 -3.172 -3.513 -0.592 -3.109 -3.395 -3.19 -1.69 1.463 3.002 -2.818 1.397 4.452 -3.93 -3.1 -1.838 -0.446 1.162 0.85
185 S 1.025 -0.784 0.454 -0.291 0.03 -0.613 -0.598 -0.149 -0.503 -1.954 -2.371 -0.328 -1.229 -1.986 -1.518 3.406 0.968 -2.592 -1.798 -1.335
186 V 0.238 -2.188 -2.694 -2.949 0.031 -2.163 -2.707 -2.383 -1.916 2.498 1.15 -2.08 2.972 1.716 -3.136 -1.959 -0.842 -1.615 -0.444 2.921
187 F -1.891 -2.379 -2.836 -3.265 -0.869 -2.752 -3.174 -2.911 -1.087 0.921 1.787 -2.647 2.993 5.336 -4.012 -2.801 -1.904 0.097 1.882 0.167
188 I -1.152 -3.01 -3.236 -3.22 -0.088 -3.117 -3.552 -3.409 -2.793 4.369 1.502 -2.661 1.146 0.062 -3.478 -2.942 -0.982 -2.267 -1.328 3.162
189 R -1.577 5.589 -0.505 -1.606 -2.302 0.475 -0.603 -2.171 0.056 -2.654 -2.071 1.976 -1.266 -2.515 -2.747 -1.449 -1.497 -2.277 -1.815 -2.204
190 F -1.465 -2.93 -3.072 -3.273 -0.501 -3.349 -3.474 -3.161 -1.878 3.158 1.087 -2.89 0.752 4.346 -3.81 -2.925 -1.41 -0.642 1.106 2.354
191 Q -0.925 0.964 -0.135 -0.4 -1.954 5.03 1.349 -1.522 0.727 -2.283 -2.034 1.179 -0.446 -3.001 -2.194 -0.797 -1.018 -2.227 -1.328 -1.83
192 L -1.55 -2.39 -3.385 -3.569 -0.193 -2.788 -3.421 -3.444 -2.432 2.729 3.753 -2.56 1.937 0.677 -3.627 -3.185 -1.515 -1.792 -1.143 1.51
193 P -0.879 -2.056 -1.976 -1.606 -1.5 -1.976 -1.665 -1.895 -1.65 -2.36 -2.793 -1.107 -2.446 -3.378 6.706 -1.495 -1.391 -4.592 -2.678 -2.204
194 A 3.533 -1.701 -1.917 -1.971 0.572 -1.575 -1.597 -0.094 -1.523 0.414 -0.746 -1.14 -0.485 -1.537 -1.787 0.035 -0.471 -2.472 -1.698 1.523
195 L -1.69 -2.527 -3.278 -3.508 -0.4 -3.003 -3.456 -3.335 -2.058 2.522 3.248 -2.709 1.623 3.129 -3.776 -3.159 -1.651 -1.067 0.223 1.29
196 L -1.656 -2.706 -3.259 -3.419 -0.4 -3.121 -3.531 -3.353 -2.126 3.168 2.762 -2.751 1.443 3.079 -3.755 -3.142 -1.542 -1.147 0.195 1.705
197 L -1.041 -2.487 -3.232 -3.526 5.445 -2.818 -3.371 -3.055 -2.588 1.853 3.072 -2.618 1.421 0.163 -3.474 -2.661 -1.309 -2.094 -1.422 1.862
198 L -0.731 -2.405 -3.138 -3.381 0.111 -2.651 -3.094 -3.161 -2.702 2.619 2.621 -2.466 1.381 0.116 -3.38 -2.645 -0.894 -2.112 -1.234 3.341
199 Y -1.799 -1.897 -2.377 -3.175 -1.395 -1.979 -2.572 -3.059 1.57 -0.025 0.981 -2.027 0.099 2.949 -3.428 -2.61 -2.023 1.799 6.147 -0.467
200 L 0.862 -2.136 -2.196 -2.611 -0.243 -2.325 -2.701 1.896 -1.845 0.871 2.674 -1.981 0.994 0.959 -2.953 -1.629 -1.442 -1.771 -1.091 0.317
201 F -2.377 -2.939 -2.903 -3.357 -1.417 -3.907 -3.525 -2.917 -0.871 0.234 0.522 -3.347 0.159 6.58 -4.491 -3.073 -2.413 0.809 2.888 -0.55
202 F -1.915 -2.744 -3.125 -3.417 -0.741 -3.358 -3.51 -3.178 -1.575 2.182 2.27 -2.949 1.079 4.918 -4.015 -3.12 -1.868 -0.237 1.517 0.925
203 I -0.473 -2.359 -2.01 -2.349 -0.019 -2.366 -2.616 -2.364 -2.182 3.65 0.968 -1.998 0.759 -0.306 -2.939 -0.15 -0.422 -2.347 -1.416 2.835
204 Y -1.678 -1.808 -1.671 -2.589 -1.336 -1.872 -2.228 -2.719 4.223 0.914 -0.24 -1.99 -0.196 3.658 -3.432 -2.429 -1.882 0.867 4.736 0.56
205 F -2.32 -2.882 -2.846 -3.3 -1.36 -3.85 -3.468 -2.86 -0.814 0.291 0.579 -3.29 0.216 6.492 -4.434 -3.016 -2.356 0.866 2.945 -0.493
206 G -0.482 2.211 -0.329 -1.156 -0.927 -0.444 -1.005 1.979 -0.851 -1.457 -1.882 1.682 -1.182 -2.216 -2.107 -0.276 2.241 -2.357 -2.017 -1.064
207 K -0.761 1.212 0.611 -0.447 -1.461 2.07 0.7 -1.363 -0.129 -1.74 -2.012 3.186 -0.997 -2.555 -1.867 -0.465 1.096 -2.451 -1.726 -1.428
208 K -0.943 1.325 1.013 0.374 -2.128 0.889 2.432 -1.428 0.073 -2.394 -2.481 3.461 -1.486 -2.726 -1.842 -0.805 -1.119 -2.551 -1.876 -2.112
209 P -0.942 1.362 0.16 -0.955 -1.807 -0.138 -0.46 -1.537 -0.649 -2.293 -2.506 3.048 -1.729 -3.005 4.275 -1.118 -1.21 -3.239 -2.155 -2.14
210 H -0.592 -0.448 0.657 -0.845 -1.117 1.597 -0.421 -1.339 4.192 -1.593 -1.834 -0.335 -0.904 0.151 -2.29 0.615 0.825 -0.578 2.93 -1.373
211 L -1.12 -2.213 -2.373 -2.794 -0.11 -2.44 -2.918 -2.886 -2.284 2.871 2.758 -2.142 1.387 0.188 -3.103 -1.864 0.994 -1.984 -1.299 1.817
212 F -1.537 0.144 -1.638 -2.07 -1.331 -1.015 -1.38 -2.278 -0.844 0.05 1.152 2.244 0.257 4.225 -2.944 -2.034 -1.683 -0.631 1.046 -0.584
213 N -1.652 2.304 3.47 -0.182 -2.088 -0.308 -0.796 -1.12 0.193 -2.424 -2.424 1.714 -1.618 -1.367 -2.807 -1.004 -1.16 6.12 -0.562 -2.336
214 L -1.838 -2.67 -3.175 -3.447 -0.622 -3.235 -3.492 -3.229 -1.727 2.3 2.634 -2.867 1.272 4.435 -3.933 -3.133 -1.794 -0.488 1.147 1.052
215 L 0.815 -2.166 -1.989 -2.401 2.456 -2.35 -2.5 -1.712 -1.601 1.747 0.892 -1.935 0.327 3.2 -2.764 -1.042 0.995 -1.147 0.301 0.855
216 G 1.214 -2.483 -2.036 -2.385 2.395 -2.561 -2.714 1.976 -1.667 1.997 0.05 -2.052 -0.104 2.652 -2.876 -1.352 -1.307 -1.427 -0.141 0.836
217 A 1.79 -1.614 -1.248 -1.774 0.321 -1.589 -1.771 -1.065 -1.76 1.034 -0.401 -1.247 -0.177 -1.283 -2.027 -0.049 2.436 -2.363 -1.63 2.056
218 Y -1.855 -1.82 -2.168 -3.065 -1.794 -1.826 -2.406 -2.975 2.062 -0.846 -0.953 -1.916 -0.725 3.306 -3.376 -2.48 -2.132 2.266 6.743 -1.022
219 L -0.788 -2.284 -2.293 -2.704 0.016 -2.427 -2.825 -2.792 -2.42 3.087 1.86 -2.122 1.032 -0.138 -3.008 -1.708 1.13 -2.169 -1.359 2.758
220 L -0.361 -2.587 -2.988 -3.196 -0.458 -3.012 -3.211 -2.609 -1.712 2.391 2.232 -2.603 1.061 4.096 -3.564 -2.505 -1.585 -0.688 0.906 1.151
221 L -1.656 -2.706 -3.259 -3.419 -0.4 -3.121 -3.531 -3.353 -2.126 3.168 2.762 -2.751 1.443 3.079 -3.755 -3.142 -1.542 -1.147 0.195 1.705
222 S 1.922 -0.918 0.133 -0.527 0.162 -0.748 -0.732 -0.046 -0.638 -1.703 -2.14 -0.432 -1.164 -1.967 -1.518 3.007 0.733 -2.57 -1.798 -0.987
223 L -1.55 -2.39 -3.385 -3.569 -0.193 -2.788 -3.421 -3.444 -2.432 2.729 3.753 -2.56 1.937 0.677 -3.627 -3.185 -1.515 -1.792 -1.143 1.51
224 F -0.678 -2.698 -2.912 -3.155 -0.42 -3.028 -3.198 -2.762 -1.728 2.649 0.963 -2.666 1.257 4.325 -3.621 -2.527 -1.331 -0.625 1.107 2.276
225 N -1.703 -0.458 5.732 1.239 -1.889 -0.569 -0.768 -0.197 0.926 -2.755 -3.194 -0.338 -2.204 -2.417 -2.63 -0.161 -0.494 -3.009 -2.111 -2.603
226 G 0.047 -2.4 -0.483 -1.365 -1.363 -2.238 -2.665 5.849 -1.519 -3.258 -3.503 -1.693 -2.71 -2.721 -2.822 -1.045 -1.962 -2.483 -3.191 -2.907
227 F -1.711 -2.391 -2.612 -3.208 -1.144 -2.701 -2.951 -2.98 0.493 0.978 0.168 -2.535 0.021 4.84 -3.753 -2.708 -1.861 1.159 4.842 0.961
228 L -1.656 -2.706 -3.259 -3.419 -0.4 -3.121 -3.531 -3.353 -2.126 3.168 2.762 -2.751 1.443 3.079 -3.755 -3.142 -1.542 -1.147 0.195 1.705
229 A 3.156 -1.206 -0.642 -1.066 0.409 -1.039 -1.021 0.148 -0.93 -1.258 -1.726 -0.653 -1.038 -1.929 -1.518 1.992 0.196 -2.526 -1.798 -0.395
230 K -1.132 3.997 -0.387 -1.073 -2.13 0.652 -0.048 -1.674 -0.144 -2.351 -2.196 3.809 -1.266 -2.71 -2.095 -1.123 -1.268 -2.462 -1.825 -2.106
231 Y -1.855 -1.82 -2.168 -3.065 -1.794 -1.826 -2.406 -2.975 2.062 -0.846 -0.953 -1.916 -0.725 3.306 -3.376 -2.48 -2.132 2.266 6.743 -1.022
232 Q -0.925 0.964 -0.135 -0.4 -1.954 5.03 1.349 -1.522 0.727 -2.283 -2.034 1.179 -0.446 -3.001 -2.194 -0.797 -1.018 -2.227 -1.328 -1.83
233 T 0.114 -1.345 -0.192 -1.017 -0.182 -1.289 -1.513 2.093 -1.299 -0.251 -1.421 -0.943 -0.884 -1.752 -1.943 1.168 3.087 -2.347 -1.972 -0.245
234 L -1.308 -1.436 -1.762 0.048 -0.786 -0.701 1.578 -2.716 -1.075 1.859 2.213 -1.054 2.515 -0.193 -2.925 -2.037 -1.368 -1.988 -1.4 0.761
235 F -2.035 -3.02 -3.045 -3.326 -0.963 -3.686 -3.606 -3.119 -1.387 2.525 0.928 -3.137 0.547 5.582 -4.155 -3.103 -1.928 0.089 2.021 1.03
236 I -1.719 -3.088 -3.179 -3.281 -0.56 -3.468 -3.674 -3.32 -1.996 3.79 1.295 -2.929 0.9 3.992 -3.843 -3.118 -1.502 -0.847 0.804 2.051
237 G -0.148 -1.035 3.143 2.251 -1.016 -0.88 -0.549 2.011 -0.157 -2.514 -2.964 -0.622 -1.955 -2.388 -2.158 1.611 -0.146 -2.849 -2.294 -2.155
238 E -0.97 0.043 -0.353 1.222 -2.378 2.367 4.275 -1.922 0.402 -2.727 -2.628 0.718 -1.537 -2.72 -1.982 -0.842 -1.301 -2.409 -1.851 -2.13
239 S 0.488 -0.576 0.188 0.41 -0.601 0.162 2.267 -0.657 -0.204 -2.225 -2.505 0.016 -1.42 -2.205 -1.661 2.589 0.368 -2.551 -1.862 -1.603
240 T -0.169 -1.149 -0.196 -1.071 0.065 -1.16 -1.435 -1.386 -1.47 -0.281 -1.114 -0.848 -0.589 -1.637 -1.744 0.648 4.409 -2.242 -1.763 0.173
241 L -1.597 -2.243 -3.419 -3.677 -0.207 -2.697 -3.362 -3.439 -2.37 1.948 4.128 -2.535 2.076 0.776 -3.661 -3.215 -1.637 -1.707 -1.113 1.049
242 S 1.793 -0.909 0.175 -0.501 0.126 -0.739 -0.723 -0.077 -0.629 -1.757 -2.191 -0.428 -1.189 -1.984 -1.532 3.119 0.759 -2.587 -1.812 -1.056
243 D -1.834 -1.645 1.142 5.916 -2.429 -0.929 0.993 -1.18 -0.593 -2.782 -3.548 -0.886 -2.754 -2.976 -2.346 -1.009 -1.47 -3.588 -3.1 -2.921
244 G 0.033 -2.414 -0.497 -1.38 -1.377 -2.252 -2.679 5.862 -1.533 -3.272 -3.517 -1.708 -2.724 -2.735 -2.836 -1.059 -1.976 -2.497 -3.205 -2.921
245 L -1.63 -2.194 -3.142 -3.475 -0.381 -2.516 -3.207 -3.203 -1.817 1.654 3.47 -2.451 2.996 2.873 -3.719 -2.971 -1.655 -1.061 0.077 0.815
246 S 1.011 -0.798 0.44 -0.305 0.016 -0.627 -0.612 -0.163 -0.517 -1.968 -2.385 -0.342 -1.244 -2.0 -1.532 3.451 0.954 -2.606 -1.812 -1.349
247 Y 1.783 -1.539 -1.414 -1.977 -0.474 -1.449 -1.676 -1.0 0.91 -1.027 -1.3 -1.253 -0.881 1.728 -2.314 0.389 -0.822 0.755 4.915 -0.657
248 F -2.036 -2.376 -2.938 -3.431 -1.135 -2.807 -3.136 -2.971 -0.462 0.558 1.874 -2.663 1.176 4.325 -4.096 -3.015 -2.112 5.894 3.374 -0.169
249 V -0.537 -2.685 -3.066 -3.225 0.168 -2.788 -3.129 -3.134 -2.919 3.498 1.089 -2.515 0.891 -0.288 -3.308 -2.52 -0.652 -2.392 -1.342 3.968
250 Y -1.869 -1.834 -2.182 -3.079 -1.809 -1.84 -2.42 -2.989 2.048 -0.86 -0.967 -1.93 -0.739 3.291 -3.39 -2.494 -2.146 2.252 6.771 -1.036
251 S -0.344 0.393 0.502 -0.646 -1.222 2.655 0.145 -1.147 0.566 -1.91 -2.002 1.548 -0.912 -0.421 -2.083 1.064 -0.417 -0.958 2.294 -1.604
252 L -1.482 -2.252 -3.206 -3.434 -0.21 -2.461 -3.251 -3.309 -2.169 2.715 3.464 -2.374 3.053 0.598 -3.577 -2.975 -1.432 -1.748 -1.12 1.496
253 N -1.717 -0.472 5.76 1.225 -1.903 -0.584 -0.782 -0.211 0.912 -2.769 -3.208 -0.353 -2.218 -2.431 -2.644 -0.175 -0.508 -3.023 -2.126 -2.617
254 L -1.253 0.64 -2.387 -2.892 -0.514 -1.988 -2.635 -3.023 -0.825 2.85 1.559 -1.32 0.782 0.779 -3.283 -2.376 -0.627 -0.806 2.351 2.101
255 N -1.375 0.735 4.607 0.625 -1.952 -0.009 -0.348 -0.602 0.515 -2.534 -2.832 2.549 -1.83 -2.585 -2.273 -0.438 -0.729 -2.86 -2.017 -2.394
256 Y -1.869 -1.834 -2.182 -3.079 -1.809 -1.84 -2.42 -2.989 2.048 -0.86 -0.967 -1.93 -0.739 3.291 -3.39 -2.494 -2.146 2.252 6.771 -1.036
257 G -0.764 -2.11 -1.218 -2.106 -1.585 -2.039 -2.547 3.994 0.78 -1.821 -1.969 -1.817 -1.564 1.628 -3.1 -1.688 -2.06 0.761 4.861 -1.827
258 I -1.051 -2.965 -3.218 -3.233 -0.055 -3.071 -3.489 -3.373 -2.826 4.266 1.425 -2.648 1.093 -0.006 -3.46 -2.879 -0.935 -2.299 -1.342 3.314
259 G 0.033 -2.414 -0.497 -1.38 -1.377 -2.252 -2.679 5.862 -1.533 -3.272 -3.517 -1.708 -2.724 -2.735 -2.836 -1.059 -1.976 -2.497 -3.205 -2.921
260 S 1.011 -0.798 0.44 -0.305 0.016 -0.627 -0.612 -0.163 -0.517 -1.968 -2.385 -0.342 -1.244 -2.0 -1.532 3.451 0.954 -2.606 -1.812 -1.349
261 L -1.686 -2.489 -3.313 -3.547 -0.378 -2.961 -3.452 -3.364 -2.12 2.44 3.426 -2.691 1.693 2.856 -3.768 -3.18 -1.661 -1.177 0.027 1.239
262 L -1.679 -2.525 -3.309 -3.528 -0.378 -2.985 -3.467 -3.367 -2.134 2.594 3.336 -2.7 1.657 2.845 -3.764 -3.176 -1.637 -1.194 0.02 1.332
263 L -1.839 -2.461 -3.242 -3.571 -0.56 -3.05 -3.42 -3.26 -1.786 1.478 3.343 -2.785 1.563 4.111 -3.916 -3.172 -1.877 -0.615 0.878 0.605
264 N -1.717 -0.472 5.76 1.225 -1.903 -0.584 -0.782 -0.211 0.912 -2.769 -3.208 -0.353 -2.218 -2.431 -2.644 -0.175 -0.508 -3.023 -2.126 -2.617
265 P -0.893 -2.07 -1.99 -1.621 -1.514 -1.99 -1.679 -1.909 -1.664 -2.374 -2.807 -1.121 -2.46 -3.392 6.719 -1.509 -1.405 -4.606 -2.692 -2.219
266 L -1.199 -2.383 -3.297 -3.518 -0.077 -2.727 -3.283 -3.334 -2.542 2.562 3.422 -2.528 1.732 0.463 -3.539 -2.964 -1.27 -1.918 -1.187 2.375
267 R -1.591 5.614 -0.519 -1.621 -2.316 0.461 -0.617 -2.185 0.042 -2.668 -2.085 1.962 -1.281 -2.529 -2.761 -1.463 -1.511 -2.291 -1.829 -2.219
268 L 0.69 -2.271 -2.916 -3.08 0.113 -2.454 -2.816 -2.276 -2.359 2.397 2.58 -2.179 1.244 0.012 -3.043 -1.976 -0.975 -2.106 -1.315 2.592
269 I 0.687 -2.094 -2.626 -2.811 0.047 -1.955 -2.619 -2.127 -1.847 2.914 1.326 -1.878 3.53 -0.127 -2.97 -1.752 -0.867 -1.992 -1.252 2.426
270 Q -0.939 0.95 -0.15 -0.414 -1.968 5.077 1.335 -1.536 0.713 -2.297 -2.048 1.165 -0.46 -3.015 -2.208 -0.811 -1.032 -2.242 -1.342 -1.844
271 Y -0.084 -1.27 -0.583 -1.371 -0.755 -1.17 -1.377 -1.243 1.041 -1.361 -1.59 -1.028 -0.98 1.719 -2.314 1.797 -0.198 0.743 4.915 -1.188
272 F -1.867 -2.702 -3.128 -3.445 -0.728 -3.321 -3.477 -3.168 -1.585 1.913 2.36 -2.942 1.082 4.935 -4.016 -3.099 -1.865 -0.246 1.506 0.979
273 Y -1.852 -1.544 -1.558 -2.617 -1.898 -1.5 -2.014 -2.743 4.309 -1.098 -1.188 -1.713 -0.828 2.897 -3.284 -2.332 -2.169 1.878 6.34 -1.292
274 D 0.154 -1.288 0.569 3.304 -0.831 -0.947 -0.177 1.949 -0.69 -2.412 -2.904 -0.711 -1.897 -2.412 -1.976 2.006 -0.057 -2.877 -2.398 -2.029
275 V 0.905 -2.227 -2.594 -2.895 0.089 -2.252 -2.531 -2.118 -1.095 2.16 0.352 -2.042 0.331 0.47 -2.89 -1.685 -0.719 -0.949 2.339 3.372
276 L -1.823 -2.532 -3.234 -3.533 -0.56 -3.099 -3.451 -3.267 -1.812 1.89 3.154 -2.803 1.488 4.096 -3.907 -3.165 -1.828 -0.643 0.869 0.83
277 L -1.617 -2.283 -1.018 2.962 -0.776 -2.118 -1.176 -2.5 -1.748 2.599 2.107 -1.927 0.802 -0.28 -3.125 -2.26 -1.405 -2.409 -1.726 1.134
278 S 1.011 -0.798 0.44 -0.305 0.016 -0.627 -0.612 -0.163 -0.517 -1.968 -2.385 -0.342 -1.244 -2.0 -1.532 3.451 0.954 -2.606 -1.812 -1.349
279 F -2.243 -2.822 -2.995 -3.42 -1.187 -3.677 -3.509 -3.01 -1.085 0.59 1.515 -3.206 0.57 6.151 -4.346 -3.108 -2.28 0.502 2.489 -0.225
280 D -0.964 -0.411 2.678 4.46 -2.015 -0.549 0.402 -0.959 -0.033 -2.461 -2.966 1.1 -2.151 -2.02 -2.291 -0.778 -1.166 -2.606 -0.536 -2.404
281 F -2.391 -2.953 -2.917 -3.371 -1.431 -3.921 -3.539 -2.931 -0.885 0.22 0.508 -3.361 0.145 6.601 -4.505 -3.087 -2.427 0.795 2.874 -0.564
282 I -1.12 -2.479 -2.451 -2.839 -0.331 -2.571 -2.973 -2.971 -1.047 3.417 0.881 -2.261 0.654 1.487 -3.212 -2.095 0.405 -0.726 2.455 2.449
283 D -0.842 -1.533 0.338 2.52 -1.128 -1.211 -0.209 -1.673 0.488 -0.223 -1.284 -1.187 -0.939 0.955 -2.614 0.035 -0.863 -0.085 3.855 0.518
284 G 0.063 1.597 -0.018 0.496 -1.047 -0.296 1.017 2.586 -0.467 -2.54 -2.679 0.107 -1.71 -2.403 -2.108 1.475 -0.382 -2.531 -2.182 -2.022
285 D -1.752 -1.563 1.224 5.795 -2.347 -0.847 1.075 -1.098 -0.511 -2.7 -3.466 -0.804 -2.672 -2.894 -2.264 -0.927 -1.388 -3.506 -3.018 -2.839
286 Y -1.736 -1.651 0.402 3.384 1.507 -1.254 -0.017 -1.969 1.053 -1.585 -1.858 -1.313 -1.469 1.62 -2.852 -1.631 -1.726 0.633 4.872 -1.688
287 G -0.292 0.084 -0.5 -1.192 -1.507 -0.753 -1.219 4.462 -1.047 -2.114 -2.657 2.284 -1.875 -2.639 -2.39 -1.056 -1.563 -2.535 -2.53 -1.577
288 I -1.233 -2.878 -3.277 -3.304 -0.119 -3.054 -3.532 -3.426 -2.73 4.109 2.131 -2.651 1.312 0.183 -3.519 -2.998 -1.093 -2.177 -1.302 2.902
289 D -1.834 -1.645 1.142 5.916 -2.429 -0.929 0.993 -1.18 -0.593 -2.782 -3.548 -0.886 -2.754 -2.976 -2.346 -1.009 -1.47 -3.588 -3.1 -2.921
290 V -0.29 -2.543 -2.986 -3.221 0.283 -2.644 -2.95 -3.012 -2.972 2.973 0.888 -2.445 0.775 -0.455 -3.228 -2.341 -0.508 -2.444 -1.342 4.271
291 S 0.869 -1.012 0.304 -0.459 -0.175 -0.842 -0.869 2.084 -0.663 -2.149 -2.546 -0.529 -1.443 -2.11 -1.713 3.043 0.63 -2.587 -2.003 -1.559
292 R -1.215 4.347 -0.42 -1.169 -2.172 0.609 -0.148 -1.765 -0.124 -2.414 -2.189 3.594 -1.281 -2.691 -2.208 -1.189 -1.319 -2.444 -1.837 -2.136
293 L -1.606 -2.391 -3.309 -3.536 -0.292 -2.779 -3.389 -3.371 -2.204 2.517 3.564 -2.576 2.162 1.96 -3.689 -3.133 -1.579 -1.453 -0.494 1.33
294 K -0.883 2.037 -0.325 -0.779 -2.034 0.75 0.256 -1.399 -0.3 -2.18 -2.297 4.63 -1.281 -2.863 -1.744 -0.938 -1.139 -2.606 -1.846 -2.056
295 N -1.736 -0.637 5.348 2.722 -1.984 -0.638 -0.4 -0.352 0.709 -2.771 -3.262 -0.435 -2.301 -2.515 -2.592 -0.298 -0.648 -3.11 -2.267 -2.666
296 I -1.402 -2.957 -3.321 -3.306 -0.185 -3.135 -3.64 -3.496 -2.706 4.296 2.197 -2.689 1.361 0.251 -3.563 -3.109 -1.18 -2.153 -1.302 2.661
297 P -0.893 -2.07 -1.99 -1.621 -1.514 -1.99 -1.679 -1.909 -1.664 -2.374 -2.807 -1.121 -2.46 -3.392 6.719 -1.509 -1.405 -4.606 -2.692 -2.219
298 Q -0.939 0.95 -0.15 -0.414 -1.968 5.077 1.335 -1.536 0.713 -2.297 -2.048 1.165 -0.46 -3.015 -2.208 -0.811 -1.032 -2.242 -1.342 -1.844
299 L -0.871 -2.389 -3.195 -3.44 0.048 -2.671 -3.149 -3.218 -2.655 2.506 2.941 -2.49 1.498 0.226 -3.437 -2.745 -1.018 -2.052 -1.225 3.088
300 L -1.571 -2.155 -2.683 -3.104 -0.554 -2.309 -2.985 -2.887 -1.344 1.69 2.179 -2.295 3.615 4.038 -3.655 -2.466 -0.878 -0.574 0.896 0.754
301 L -1.116 -2.442 -2.422 -2.819 -0.237 -2.688 -3.003 -2.864 -2.098 2.976 1.728 -2.329 0.927 2.585 -3.249 -1.959 0.756 -1.411 -0.091 2.231
302 F -1.874 -2.408 -2.98 -3.377 -0.758 -2.846 -3.262 -3.038 -1.327 1.13 2.444 -2.693 2.633 4.948 -3.98 -2.931 -1.896 -0.157 1.536 0.329
303 L -1.536 -2.733 -3.342 -3.418 -0.249 -3.038 -3.57 -3.468 -2.493 3.69 2.91 -2.673 1.572 1.224 -3.637 -3.165 -1.379 -1.807 -0.883 2.092
304 L -1.747 -2.509 -3.047 -3.395 -0.652 -2.873 -3.302 -3.271 -0.819 2.459 2.495 -2.622 1.168 3.471 -3.742 -3.036 -1.722 -0.116 2.885 1.146
305 L -0.965 -1.946 -2.311 -2.77 -0.169 -2.232 -2.683 -2.569 -1.967 1.567 3.662 -2.034 1.727 0.462 -3.179 -0.556 -1.011 -1.839 -1.218 0.764
306 L 0.092 -1.484 -0.893 -1.528 -0.007 -1.502 -1.673 -1.385 -1.406 0.953 1.774 -1.252 0.607 -0.533 -2.366 1.617 0.425 -2.235 -1.481 1.252
307 P -0.893 -2.07 -1.99 -1.621 -1.514 -1.99 -1.679 -1.909 -1.664 -2.374 -2.807 -1.121 -2.46 -3.392 6.719 -1.509 -1.405 -4.606 -2.692 -2.219
308 F -2.278 -2.327 -2.708 -3.353 -1.867 -2.673 -2.913 -2.772 0.521 -0.773 -0.642 -2.591 -0.62 4.359 -4.276 -2.946 -2.419 7.745 4.867 -1.231
309 I 0.537 -2.649 -2.873 -2.961 -0.125 -2.815 -3.019 -2.289 -2.097 3.32 1.183 -2.368 0.752 2.538 -3.177 -2.053 -1.087 -1.498 -0.114 2.418
310 I -1.029 -2.737 -3.224 -3.318 -0.034 -2.925 -3.379 -3.331 -2.745 3.738 2.179 -2.594 1.287 0.119 -3.466 -2.86 -0.999 -2.185 -1.293 3.146
311 L -1.356 2.19 1.641 -1.039 -1.307 -0.321 -0.908 -1.781 -0.487 -0.175 1.497 2.37 0.229 -1.025 -2.597 -1.438 -1.234 -2.283 -1.618 -0.689
312 A 2.906 -1.593 -1.186 -1.55 5.092 -1.458 -1.485 -0.201 -1.325 -0.761 -1.402 -1.065 -0.941 -1.879 -1.816 1.281 -0.162 -2.641 -1.939 0.11
313 F -1.685 -2.697 -2.852 -3.273 -0.898 -3.139 -3.25 -3.047 -0.537 1.956 0.608 -2.812 0.344 5.056 -3.894 -2.853 -1.74 0.454 3.449 1.532
314 L -1.402 -2.369 -2.841 -3.271 -0.594 -2.531 -3.033 -3.21 -0.132 2.56 1.735 -2.378 0.819 2.186 -3.498 -2.78 -1.459 0.233 4.0 1.941
315 N -1.482 1.46 4.117 0.327 -2.045 -0.044 -0.438 -0.836 3.816 -2.594 -2.76 1.966 -1.719 -2.214 -2.424 -0.659 -0.977 -2.551 -1.002 -2.502
316 Y -1.95 -1.993 -2.293 -3.126 -1.742 -2.099 -2.579 -2.979 1.723 -0.65 -0.663 -2.124 -0.572 4.175 -3.548 -2.585 -2.191 2.055 6.391 -0.952
317 N -0.6 2.468 3.269 0.035 -1.379 -0.035 -0.461 -0.747 0.183 -2.405 -2.544 1.949 -1.55 -2.418 -2.153 1.005 -0.332 -2.667 -1.924 -2.059
318 F -0.936 1.421 -0.938 -1.88 4.853 -1.181 -1.624 -1.87 3.685 -1.262 -1.237 -0.661 -0.879 2.666 -2.906 -0.103 -1.195 -0.375 2.891 -1.315
319 F -0.669 -1.73 -1.173 -1.897 -0.963 -1.832 -1.935 -1.704 0.53 -0.733 -0.71 -1.618 -0.555 4.336 -2.877 0.881 -0.769 0.761 4.381 -0.965
320 L -1.209 -1.559 -2.561 -2.99 -0.222 -1.319 -2.548 -2.759 -1.21 1.617 2.537 -1.657 5.507 0.475 -3.356 -2.235 -1.185 -1.418 -0.925 0.952
321 N -1.218 2.316 3.675 0.108 -1.962 0.018 -0.47 0.771 0.249 -2.579 -2.695 2.529 -1.744 -2.61 -2.343 -0.676 -0.969 -2.705 -2.051 -2.374
322 T -0.492 -0.017 0.018 1.808 -0.762 0.324 -0.584 1.672 -0.945 -1.268 -1.899 0.005 -1.193 -2.181 -2.076 -0.067 2.756 -2.488 -2.12 -0.886
323 D -1.763 -1.574 1.213 5.811 -2.358 -0.858 1.065 -1.109 -0.522 -2.711 -3.477 -0.815 -2.683 -2.905 -2.275 -0.938 -1.398 -3.517 -3.029 -2.85
324 K -1.133 2.769 -0.051 1.851 -2.143 0.48 0.271 -1.477 -0.286 -2.35 -2.433 3.829 -1.48 -2.823 -1.987 -1.031 -1.251 -2.69 -2.017 -2.211
325 L 1.223 -1.348 -1.664 -0.58 -0.455 -0.542 1.909 -1.601 -1.019 1.548 0.941 -0.771 0.179 -0.92 -2.37 -1.098 -1.042 -2.287 -1.609 1.091
326 K -1.1 3.762 -0.388 -1.033 -2.125 0.657 -0.007 -1.638 -0.182 -2.334 -2.224 3.982 -1.281 -2.747 -2.045 -1.103 -1.258 -2.497 -1.84 -2.109
327 Y -1.539 -1.941 -2.302 -3.102 -1.337 -1.96 -2.502 -2.993 1.621 0.237 -0.563 -2.01 -0.425 2.919 -3.362 -2.468 -1.8 1.837 6.28 0.789
328 L -0.057 -2.405 -2.976 -3.225 -0.074 -2.702 -2.99 -2.635 -2.168 2.09 2.29 -2.436 1.102 2.618 -3.344 -2.321 -1.109 -1.39 -0.046 2.682
329 L -1.332 -1.929 -2.861 -3.178 -0.216 -1.858 -2.897 -3.026 -1.668 2.464 2.88 -2.003 4.514 0.499 -3.459 -2.577 -1.275 -1.607 -1.034 1.375
330 A 2.757 -1.081 1.838 -0.545 0.118 -0.969 -0.991 0.08 -0.54 -1.474 -1.938 -0.612 -1.216 -2.019 -1.69 1.749 0.078 -2.615 -1.862 -0.678
331 L -0.978 -2.271 -2.903 -3.211 5.008 -2.227 -3.079 -2.877 -2.064 2.441 2.02 -2.251 3.604 0.006 -3.381 -2.375 -1.122 -1.992 -1.335 2.021
332 I -1.074 -2.802 -3.234 -3.301 -0.055 -2.974 -3.427 -3.358 -2.754 3.907 2.062 -2.614 1.262 0.113 -3.476 -2.891 -1.009 -2.201 -1.302 3.124
333 P -1.351 -2.017 0.714 -1.658 1.795 -2.213 -2.206 -2.078 -1.231 -0.199 1.114 -1.658 -0.141 2.238 4.305 -1.85 -1.472 -2.003 -0.434 -0.733
334 A 2.284 -1.351 -0.556 -1.105 5.066 -1.205 -1.222 -0.235 -1.064 -1.358 -1.785 -0.856 -1.118 -1.982 -1.758 2.179 0.227 -2.671 -1.962 -0.651
335 F -2.391 -2.953 -2.917 -3.371 -1.431 -3.921 -3.539 -2.931 -0.885 0.22 0.508 -3.361 0.145 6.601 -4.505 -3.087 -2.427 0.795 2.874 -0.564
336 F -2.391 -2.953 -2.917 -3.371 -1.431 -3.921 -3.539 -2.931 -0.885 0.22 0.508 -3.361 0.145 6.601 -4.505 -3.087 -2.427 0.795 2.874 -0.564
337 L -1.229 -2.406 -2.666 -3.079 -0.372 -2.703 -3.294 1.213 -2.272 2.279 3.292 -2.41 1.51 0.309 -3.49 -2.713 -1.599 -1.911 -1.413 1.092
338 V -0.806 -2.834 -3.148 -3.229 0.048 -2.938 -3.32 -3.262 -2.868 3.942 1.277 -2.587 1.003 -0.131 -3.39 -2.71 -0.803 -2.341 -1.342 3.63
339 W -2.706 -2.44 -3.223 -3.677 -2.391 -2.881 -3.026 -2.422 -1.191 -1.91 -1.707 -2.848 -1.337 1.072 -5.465 -3.412 -2.752 10.667 2.112 -2.284
340 L -1.839 -2.461 -3.242 -3.571 -0.56 -3.05 -3.42 -3.26 -1.786 1.478 3.343 -2.785 1.563 4.111 -3.916 -3.172 -1.877 -0.615 0.878 0.605
341 L -1.839 -2.461 -3.242 -3.571 -0.56 -3.05 -3.42 -3.26 -1.786 1.478 3.343 -2.785 1.563 4.111 -3.916 -3.172 -1.877 -0.615 0.878 0.605
342 N -1.717 -0.472 5.76 1.225 -1.903 -0.584 -0.782 -0.211 0.912 -2.769 -3.208 -0.353 -2.218 -2.431 -2.644 -0.175 -0.508 -3.023 -2.126 -2.617
343 P -0.893 -2.07 -1.99 -1.621 -1.514 -1.99 -1.679 -1.909 -1.664 -2.374 -2.807 -1.121 -2.46 -3.392 6.719 -1.509 -1.405 -4.606 -2.692 -2.219
344 T 0.064 -1.088 -0.08 -0.929 0.057 -1.064 -1.28 -1.143 -1.287 -0.502 -1.29 -0.757 -0.688 -1.695 -1.707 1.346 4.052 -2.299 -1.771 -0.032
345 I -1.209 -3.046 -3.261 -3.235 -0.119 -3.153 -3.595 -3.442 -2.801 4.444 1.51 -2.685 1.146 0.067 -3.503 -2.985 -1.018 -2.274 -1.342 3.106
346 N -1.045 -0.524 5.324 1.02 -1.481 -0.591 -0.753 -0.203 0.717 -2.619 -3.054 -0.351 -2.031 -2.355 -2.427 0.835 -0.207 -2.949 -2.071 -2.363
347 S 0.136 -0.759 -0.385 -0.885 -0.501 1.208 -0.593 -1.0 -0.65 -0.914 0.17 -0.382 -0.368 -1.581 2.181 1.901 0.027 -2.606 -1.723 -0.955
348 R -1.591 5.614 -0.519 -1.621 -2.316 0.461 -0.617 -2.185 0.042 -2.668 -2.085 1.962 -1.281 -2.529 -2.761 -1.463 -1.511 -2.291 -1.829 -2.219
349 Y -1.869 -1.834 -2.182 -3.079 -1.809 -1.84 -2.42 -2.989 2.048 -0.86 -0.967 -1.93 -0.739 3.291 -3.39 -2.494 -2.146 2.252 6.771 -1.036
350 V -1.056 -2.619 -3.03 -3.343 -0.273 -3.02 -3.203 -3.051 -2.017 2.124 1.655 -2.736 0.859 3.949 -3.672 -2.708 -1.21 -0.847 0.823 2.878
351 I -1.282 -2.173 -2.833 -3.048 -0.216 -1.99 -3.0 -3.053 -1.767 3.509 1.858 -2.058 4.405 0.289 -3.427 -2.555 -1.117 -1.769 -1.107 2.017
352 L -1.402 -2.004 1.149 -2.051 4.959 -2.322 -2.815 -2.405 -1.569 1.17 3.127 -2.118 1.28 0.071 -3.399 -2.196 -1.373 -2.114 -1.498 0.448
353 F -1.873 -3.054 -3.111 -3.304 -0.755 -3.575 -3.64 -3.218 -1.676 3.226 1.117 -3.031 0.729 4.895 -3.995 -3.11 -1.707 -0.341 1.476 1.585
354 L -1.376 -2.608 -3.181 -3.38 -0.286 -2.926 -3.374 -3.265 -2.18 3.014 2.546 -2.647 1.763 2.732 -3.66 -2.953 -1.351 -1.308 -0.01 2.245
355 P -0.893 -2.07 -1.99 -1.621 -1.514 -1.99 -1.679 -1.909 -1.664 -2.374 -2.807 -1.121 -2.46 -3.392 6.719 -1.509 -1.405 -4.606 -2.692 -2.219
356 F -1.219 -2.613 -2.385 -2.771 -0.544 -2.952 -3.021 -2.664 -1.604 2.711 0.793 -2.518 0.52 4.422 -3.502 -1.293 -0.581 -0.613 1.137 1.805
357 L -1.542 -2.517 -3.386 -3.523 -0.207 -2.875 -3.484 -3.471 -2.497 3.159 3.508 -2.6 1.816 0.585 -3.628 -3.188 -1.459 -1.875 -1.187 1.759
358 T -0.404 -0.269 -0.18 -0.835 -0.468 2.505 -0.194 -1.435 -0.547 -0.81 -1.393 -0.011 -0.545 -2.028 -1.89 0.238 3.45 -2.242 -1.616 -0.357
359 L -1.556 -2.303 -3.357 -3.581 -0.208 -2.673 -3.36 -3.413 -2.346 2.45 3.844 -2.508 2.303 0.691 -3.633 -3.147 -1.545 -1.753 -1.131 1.332
360 L -1.02 -2.332 -2.487 -2.859 -0.074 -2.527 -2.977 -2.941 -2.409 3.124 2.426 -2.22 1.257 0.073 -3.145 -1.974 0.806 -2.083 -1.328 2.365
361 G 0.397 -1.77 -0.15 -0.975 -0.835 -1.603 -1.815 4.866 -1.153 -2.769 -3.089 -1.177 -2.142 -2.469 -2.333 1.291 -0.644 -2.533 -2.663 -2.297
362 L -1.429 -2.47 -3.247 -3.507 -0.285 -2.905 -3.347 -3.282 -2.175 2.291 3.181 -2.658 1.561 2.797 -3.697 -3.023 -1.48 -1.234 0.014 1.895
363 Y -0.804 -1.958 -1.515 -2.263 5.473 -2.043 -2.318 -2.021 0.218 -0.643 -0.843 -1.846 -0.677 3.115 -2.871 -0.197 0.761 0.38 4.12 -0.635
364 Y 0.752 1.476 -1.226 -1.93 -0.712 -0.937 -1.523 -1.442 0.551 -0.625 -0.51 -0.407 1.813 1.12 -2.53 0.181 -0.853 0.125 3.907 -0.586
365 L -1.837 -2.18 -2.756 -3.35 -0.983 -2.49 -2.964 -3.134 0.383 0.768 2.258 -2.398 0.861 3.806 -3.68 -2.867 -1.968 0.897 4.619 0.069
366 K -1.072 0.997 -1.011 -1.487 -1.47 -0.074 -0.597 -1.943 0.124 0.42 -0.779 3.306 0.37 0.167 -2.283 -1.469 -1.26 -0.709 2.667 -0.035
367 Y -1.459 -1.48 2.987 -0.714 -1.713 -1.577 -1.893 1.63 0.991 -1.501 -1.591 -1.387 -1.283 2.772 -3.132 -1.333 -1.495 0.453 4.322 -1.674
368 F -1.22 1.165 -1.444 -2.25 -1.557 -2.07 -2.512 2.972 -0.691 -1.034 -0.808 -1.123 -0.827 4.553 -3.495 -1.965 -2.093 -0.271 1.813 -1.453
369 R -1.284 3.729 -0.64 -1.374 -2.096 0.333 -0.383 -1.902 0.359 -2.072 -1.954 3.271 -1.183 -0.477 -2.33 -1.346 -1.425 -0.952 2.252 -1.915
370 Y -1.798 -1.763 -2.111 -3.008 -1.737 -1.769 -2.349 -2.918 2.119 -0.789 -0.896 -1.859 -0.668 3.363 -3.319 -2.423 -2.075 2.323 6.624 -0.965
371 I -1.031 -2.92 -3.161 -3.162 -0.005 -3.026 -3.453 -3.324 -2.746 4.184 1.525 -2.589 1.182 0.09 -3.403 -2.843 -0.891 -2.22 -1.271 3.228
372 K -0.812 2.108 -0.254 -0.708 -1.963 0.821 0.328 -1.328 -0.229 -2.109 -2.226 4.453 -1.209 -2.791 -1.673 -0.867 -1.068 -2.535 -1.774 -1.984
373 H -1.693 -0.343 0.474 -0.947 -2.32 -0.151 -0.486 -1.683 7.972 -2.647 -2.581 -0.751 -1.247 -0.838 -2.735 -1.565 -2.212 -1.44 1.681 -3.021
374 E -0.905 -0.107 -0.324 1.532 -2.397 1.361 4.46 -1.935 0.407 -2.75 -2.688 0.691 -1.739 -2.593 -1.867 -0.777 -1.286 -2.373 -1.893 -2.12
375 N -1.645 -0.4 5.612 1.296 -1.832 -0.512 -0.711 -0.14 0.983 -2.698 -3.137 -0.281 -2.147 -2.36 -2.573 -0.104 -0.437 -2.952 -2.054 -2.546
376 I -1.362 -3.086 -3.248 -3.166 -0.136 -3.195 -3.672 -3.465 -2.697 4.483 1.691 -2.664 1.286 0.232 -3.49 -3.062 -1.06 -2.17 -1.271 2.875
377 D -1.763 -1.574 1.213 5.811 -2.358 -0.858 1.065 -1.109 -0.522 -2.711 -3.477 -0.815 -2.683 -2.905 -2.275 -0.938 -1.398 -3.517 -3.029 -2.85
378 N -1.645 -0.4 5.612 1.296 -1.832 -0.512 -0.711 -0.14 0.983 -2.698 -3.137 -0.281 -2.147 -2.36 -2.573 -0.104 -0.437 -2.952 -2.054 -2.546
379 K -0.812 2.108 -0.254 -0.708 -1.963 0.821 0.328 -1.328 -0.229 -2.109 -2.226 4.453 -1.209 -2.791 -1.673 -0.867 -1.068 -2.535 -1.774 -1.984
380 L -1.526 -2.172 -3.348 -3.606 -0.136 -2.626 -3.291 -3.368 -2.299 2.019 4.014 -2.464 2.147 0.847 -3.59 -3.144 -1.566 -1.636 -1.042 1.12
381 S 1.082 -0.727 0.511 -0.234 0.087 -0.555 -0.541 -0.092 -0.446 -1.897 -2.314 -0.271 -1.172 -1.929 -1.461 3.212 1.025 -2.535 -1.741 -1.278
382 L -1.526 -2.172 -3.348 -3.606 -0.136 -2.626 -3.291 -3.368 -2.299 2.019 4.014 -2.464 2.147 0.847 -3.59 -3.144 -1.566 -1.636 -1.042 1.12
383 S 1.082 -0.727 0.511 -0.234 0.087 -0.555 -0.541 -0.092 -0.446 -1.897 -2.314 -0.271 -1.172 -1.929 -1.461 3.212 1.025 -2.535 -1.741 -1.278
384 S 1.082 -0.727 0.511 -0.234 0.087 -0.555 -0.541 -0.092 -0.446 -1.897 -2.314 -0.271 -1.172 -1.929 -1.461 3.212 1.025 -2.535 -1.741 -1.278
385 K -0.934 2.723 -0.29 -0.786 -2.024 1.744 0.36 -1.468 -0.074 -2.216 -2.202 4.044 -1.129 -2.802 -1.874 -0.947 -1.134 -2.482 -1.74 -2.013
386 H -1.441 1.821 0.173 -0.867 -2.214 2.394 0.153 -1.707 6.572 -2.546 -2.344 0.416 -1.002 -1.548 -2.577 -1.313 -1.721 -1.769 0.691 -2.515
387 N -0.91 1.253 4.554 0.601 -1.524 -0.555 -0.88 1.547 0.469 -2.664 -2.929 -0.023 -1.966 -2.386 -2.48 0.42 -0.484 -2.764 -2.123 -2.373
388 R -0.759 2.658 -0.107 1.762 -1.546 -0.179 -0.287 -1.416 0.249 -2.061 -2.151 1.887 -1.367 -0.414 -2.255 0.472 -0.8 -1.055 2.212 -1.856
389 L -1.526 -2.172 -3.348 -3.606 -0.136 -2.626 -3.291 -3.368 -2.299 2.019 4.014 -2.464 2.147 0.847 -3.59 -3.144 -1.566 -1.636 -1.042 1.12
390 A 1.521 -0.321 -0.395 -0.821 -0.151 -0.571 -0.251 -0.64 -0.865 -0.325 -1.43 1.146 -0.828 -1.849 -1.737 1.589 1.374 -2.49 -1.773 -0.016
391 F -1.303 -0.636 -0.474 -1.925 -0.877 -1.475 -1.786 -2.186 -1.042 0.405 1.258 0.984 0.331 3.839 -2.918 -1.476 0.621 -0.838 0.736 0.149
392 L -0.791 -0.211 0.608 -1.223 -0.703 1.225 -0.824 -0.571 -0.825 0.875 0.772 1.086 0.177 -1.149 -2.489 -1.009 0.866 -2.301 -1.568 1.127