#Seq2Logo.py -f /work3/idamei/wzy_ssn/run/1e-50/run/150/MSAs/0012_115.afa -o /work3/idamei/wzy_ssn/run/1e-50/run/150/logos/0012_115.logo
Last position-specific scoring matrix computed, values are in halfbits
A R N D C Q E G H I L K M F P S T W Y V
0 L -1.165 -1.468 -2.445 -2.899 -0.253 -1.136 -2.438 -2.668 -1.053 1.518 2.05 -1.537 6.007 0.383 -3.327 -2.101 -1.131 -1.391 -0.917 0.905
1 F -0.958 0.103 -0.856 -1.482 -0.944 -0.815 -1.128 -1.77 -0.796 -0.527 -0.688 1.925 -0.467 3.629 -2.357 -0.695 1.755 -0.868 0.715 -0.625
2 R -1.447 3.64 -1.528 -2.253 -1.009 -0.775 -1.712 -2.718 -0.97 2.738 0.389 0.543 0.293 -0.817 -3.07 -2.115 -1.251 -2.202 -1.511 1.334
3 F -1.899 3.65 -1.412 -2.301 -1.776 -0.904 -1.659 -2.47 -0.321 -0.813 -0.442 0.449 -0.417 4.629 -3.439 -2.098 -1.869 -0.29 1.454 -1.21
4 V -0.533 -0.233 -1.168 -1.425 -0.564 3.068 -0.012 -2.117 -0.514 1.467 -0.157 -0.045 0.287 -1.396 -2.609 -1.412 -0.694 -2.277 -1.278 2.458
5 H -1.676 -0.379 4.074 0.38 -2.073 -0.333 -0.604 -0.817 6.228 -2.68 -2.853 -0.514 -1.669 -1.507 -2.66 -0.75 -1.197 -2.105 0.373 -2.781
6 G -0.959 -2.363 -1.485 -2.241 -1.776 -2.486 -2.783 3.968 -1.293 -2.448 -2.409 -2.158 -1.884 -0.181 -3.797 -1.938 -2.274 8.634 0.601 -2.521
7 P -0.445 -1.509 -0.892 -1.269 -0.554 -1.481 -1.49 -1.572 -1.501 -1.078 -1.774 -0.917 -1.311 -2.319 4.812 -0.169 2.615 -3.124 -2.127 -0.718
8 I -1.152 1.139 -2.574 -2.938 -0.339 -2.076 -2.753 -3.141 -2.093 3.594 1.432 -1.194 0.887 -0.253 -3.351 -2.604 -1.07 -2.264 -1.411 2.782
9 K -0.784 3.223 -0.241 -0.943 -1.79 0.453 -0.118 -1.427 1.864 -2.326 -2.302 3.622 -1.306 -2.526 -2.025 0.037 -0.938 -2.472 -1.477 -2.078
10 I -1.378 -2.839 -3.301 -3.376 -0.231 -3.094 -3.551 -3.429 -2.558 3.853 2.378 -2.709 1.327 1.433 -3.62 -3.066 -1.255 -1.844 -0.778 2.575
11 N -0.577 1.774 3.192 0.062 -1.382 1.824 -0.098 -0.773 0.291 -2.404 -2.521 1.449 -1.372 -2.505 -2.173 1.067 -0.334 -2.641 -1.844 -2.022
12 K -0.942 1.652 -0.8 -1.324 -1.202 0.006 -0.567 -1.807 -0.741 0.655 -0.514 3.356 1.512 -1.591 -2.171 -1.042 0.457 -2.338 -1.66 -0.205
13 R -0.518 3.3 0.876 -0.68 -1.452 1.502 -0.104 -1.191 -0.036 -2.344 -2.294 2.458 -1.232 -2.54 -2.105 0.907 -0.526 -2.508 -1.809 -1.941
14 G -0.511 -1.725 1.306 -1.141 -1.028 -1.755 -1.985 3.005 -0.626 -1.148 -1.771 -1.442 -1.328 0.879 -2.817 0.071 0.476 4.977 1.02 -0.634
15 L 1.136 -2.469 -2.809 -2.893 -0.09 -2.623 -2.848 -1.952 -2.019 2.959 1.747 -2.197 0.839 2.094 -3.012 -1.776 -1.151 -1.635 -0.416 1.831
16 I -1.374 -2.346 -2.739 -2.139 -0.575 -2.018 -0.319 -3.098 -1.946 3.427 1.502 -2.024 0.789 0.057 -3.462 -2.695 -1.317 4.914 -0.669 2.226
17 L 1.216 -1.975 -2.64 -2.886 4.385 -1.973 -2.579 -1.748 -1.778 1.03 2.451 -1.869 3.199 -0.119 -2.878 -1.499 -1.172 -1.979 -1.414 0.612
18 F -2.419 -2.981 -2.945 -3.399 -1.459 -3.949 -3.567 -2.959 -0.913 0.192 0.48 -3.389 0.117 6.643 -4.533 -3.115 -2.455 0.767 2.846 -0.592
19 L -1.486 -2.81 -3.292 -3.47 4.311 -3.164 -3.625 -3.252 -2.366 3.064 2.614 -2.807 1.249 2.259 -3.689 -2.966 -1.514 -1.577 -0.412 1.569
20 L 1.875 -1.987 -2.688 -2.823 0.105 -2.157 -2.468 -1.462 -1.934 1.149 3.056 -1.84 1.245 0.005 -2.699 -1.336 -1.175 -2.007 -1.384 0.695
21 L -1.346 -2.002 -2.67 -3.123 -0.202 -2.248 -2.943 -3.015 -2.071 1.668 3.633 -2.153 2.788 0.489 -3.325 -2.247 0.267 -1.751 -1.185 0.91
22 L -1.503 -2.455 -3.265 -3.425 -0.237 -2.655 -3.383 -3.389 -2.324 3.282 3.197 -2.483 2.74 0.486 -3.604 -3.044 -1.397 -1.876 -1.195 1.798
23 P -0.846 -2.204 -1.956 -2.084 4.215 -2.175 -2.208 -2.141 -1.034 1.034 -0.904 -1.614 -0.878 -0.491 4.487 -0.907 -0.274 -1.797 1.584 -0.036
24 F -1.531 -2.495 -2.793 -3.257 -0.81 -2.822 -3.1 -2.948 -0.676 1.23 0.69 -2.663 1.916 5.042 -3.859 -2.7 -1.65 0.29 3.091 1.679
25 F -2.104 -3.033 -2.958 -3.412 4.152 -3.895 -3.619 -2.86 -1.107 0.083 0.32 -3.365 -0.016 6.277 -4.345 -2.906 -2.301 0.48 2.517 -0.58
26 Q -0.891 0.328 -0.685 -0.434 -1.38 3.054 1.724 -1.818 -0.033 -0.711 0.332 1.361 1.683 -1.542 -2.33 -0.565 -1.029 -2.17 -1.47 -0.902
27 P -0.921 -2.098 -2.018 -1.649 -1.542 -2.018 -1.707 -1.937 -1.692 -2.402 -2.835 -1.149 -2.488 -3.42 6.747 -1.537 -1.433 -4.634 -2.72 -2.247
28 T -0.54 -0.992 -0.809 -0.898 -0.489 0.883 0.545 -1.805 -0.978 1.456 0.595 -0.634 0.117 -1.077 -2.294 0.282 2.015 -2.263 -1.596 0.521
29 Y 0.308 -1.935 -1.814 -2.469 4.213 -1.963 -2.247 -1.815 0.812 -0.834 -0.961 -1.81 -0.765 3.155 -2.912 -0.345 -1.275 0.941 5.092 -0.8
30 L -1.491 -2.558 -3.098 -3.35 -0.426 -2.834 -3.327 -3.193 -1.904 2.759 2.292 -2.626 2.416 3.474 -3.741 -2.907 -1.461 -0.999 0.436 1.923
31 D -0.38 0.06 0.212 2.822 -1.241 -0.096 1.214 -1.071 -0.47 -1.803 -1.322 1.866 -1.25 -2.21 -1.956 1.229 -0.439 -2.758 -2.088 -1.713
32 I -0.659 -1.963 -1.475 -2.1 -0.38 -2.04 -2.265 -2.12 -0.749 2.028 0.122 -1.753 0.097 2.531 -2.781 -0.021 1.349 -0.607 2.419 1.584
33 L -1.738 -2.762 -3.277 -3.457 -0.496 -3.206 -3.573 -3.366 -2.071 3.103 2.688 -2.827 1.335 3.512 -3.838 -3.18 -1.631 -1.019 0.419 1.563
34 P -0.598 -1.876 -1.26 -1.471 -1.045 -1.816 -1.749 1.041 -1.626 -1.798 -2.376 -1.144 -1.921 -2.797 5.47 -0.782 1.402 -3.558 -2.513 -1.499
35 L -1.171 -2.179 -2.133 -2.753 -0.515 -2.364 -2.675 -2.773 1.538 2.015 1.176 -2.205 0.521 3.053 -3.288 -2.01 0.327 -0.503 2.437 2.031
36 V 0.372 -1.714 -1.05 -1.394 -0.16 -1.493 -0.724 1.083 -1.621 1.589 -0.385 -1.292 -0.238 -1.247 -2.373 0.251 1.696 -2.423 -1.784 1.897
37 G -0.232 -1.622 1.425 -0.943 -1.009 -1.591 -1.819 3.462 -0.242 -1.61 -1.086 -1.272 -1.24 1.0 -2.625 0.8 -0.806 -1.087 1.783 -1.64
38 K -1.391 1.735 -1.042 -1.761 -1.425 -0.499 -1.045 -2.104 2.899 0.14 0.676 2.171 -0.117 -0.718 -2.746 -1.644 -0.543 4.92 -0.3 -0.63
39 L -1.48 -2.727 -2.674 -3.095 -0.737 -3.164 -3.398 0.639 -1.735 2.096 1.928 -2.749 0.781 4.255 -3.798 -2.757 -1.777 -0.679 0.909 1.128
40 Y -1.897 -1.862 -2.21 -3.107 -1.837 -1.868 -2.448 -3.017 2.02 -0.888 -0.995 -1.958 -0.767 3.263 -3.418 -2.522 -2.174 2.224 6.826 -1.064
41 R -1.477 3.537 3.49 -0.055 -2.105 1.443 -0.256 -1.163 0.419 -2.619 -2.509 1.827 -1.496 -2.616 -2.528 -0.807 -1.023 -2.606 -1.899 -2.316
42 L -1.562 -2.48 -2.047 0.674 -0.641 -2.645 -2.381 -0.6 -1.922 2.455 2.636 -2.37 1.109 2.204 -3.494 -2.656 -1.612 -1.58 -0.476 1.065
43 L 0.926 -2.088 -2.064 -2.487 -0.22 -2.199 -2.508 1.042 -1.678 0.975 1.925 -1.909 1.448 2.009 -2.908 -0.864 -1.11 -1.565 -0.497 1.111
44 K -0.555 1.647 -0.886 -1.53 -0.664 -0.412 -1.038 -1.742 -0.852 0.302 -0.037 1.881 2.742 -1.17 -2.352 0.029 0.705 -2.173 -1.526 0.74
45 L -1.547 -1.865 -2.16 -2.907 -0.94 -1.899 -2.466 -2.819 3.096 1.248 1.396 -2.037 1.982 1.359 -3.552 -2.575 -1.689 5.152 3.591 1.043
46 L 0.32 -2.273 -2.853 -3.091 -0.079 -2.409 -2.847 -2.403 -1.996 2.157 2.099 -2.229 2.313 2.154 -3.226 -2.091 -1.094 -1.52 -0.324 2.436
47 V 0.098 -1.61 -0.777 -1.479 -0.099 -1.584 -1.779 1.158 -1.543 0.761 0.442 -1.291 -0.062 -1.107 -2.333 1.235 1.459 -2.385 -1.744 1.597
48 I 0.781 -2.406 -2.326 -2.464 -0.392 -2.536 -2.539 -1.821 -1.654 2.371 0.304 -2.01 0.114 3.212 1.362 -0.962 -1.082 -1.364 0.234 1.338
49 L 0.793 -2.222 -2.356 -2.7 -0.269 -2.304 -2.729 0.964 -1.732 1.737 1.877 -2.038 2.131 2.063 -3.056 -1.713 -1.317 -1.518 -0.466 1.118
50 L -1.228 -2.109 -2.183 -2.782 -0.895 -2.328 -2.591 -2.465 -0.144 0.579 1.142 -2.172 0.244 3.391 -3.479 -0.838 -1.348 5.208 3.77 0.732
51 I -0.987 -2.879 -3.224 -3.285 -0.041 -3.009 -3.425 -3.35 -2.843 4.046 1.61 -2.639 1.095 -0.037 -3.466 -2.843 -0.936 -2.306 -1.355 3.399
52 A 1.202 -1.819 -1.23 -1.763 4.367 -1.832 -1.93 -1.134 -1.424 0.905 0.062 -1.467 -0.223 1.714 -2.357 0.956 0.85 -1.836 -0.646 0.277
53 L -1.389 -2.692 -2.722 -3.103 -0.593 -3.059 -3.398 0.621 -1.954 2.499 2.244 -2.667 0.975 3.415 -3.698 -2.767 -1.654 -1.071 0.317 1.408
54 S -0.408 1.436 -0.521 -0.788 2.631 -0.311 0.621 -1.468 0.16 -1.591 -1.827 1.096 -1.146 -0.143 -2.185 0.92 0.75 -0.863 2.542 -1.266
55 F -0.175 -2.189 -2.397 -3.001 -1.268 -2.409 -2.641 -2.314 0.887 -0.438 -0.389 -2.241 -0.424 4.845 -3.439 -2.129 -1.998 1.395 5.355 -0.722
56 I -1.409 -2.949 -3.263 -3.332 -0.294 -3.204 -3.586 -3.4 -2.456 3.962 1.9 -2.77 1.149 2.238 -3.659 -3.054 -1.263 -1.626 -0.35 2.618
57 K -0.933 1.467 1.255 -1.13 -1.047 -0.725 -1.205 -1.673 -0.137 1.137 -0.117 1.402 -0.328 -0.193 -2.539 -0.106 -0.03 -1.274 1.717 0.022
58 K -1.108 1.329 1.304 -0.963 -1.183 0.55 -0.64 -1.669 -0.538 -0.392 1.0 2.56 -0.007 -1.321 -2.354 -1.008 0.443 -2.341 -1.661 -0.713
59 K -0.901 2.854 -0.387 -0.967 -2.012 1.609 0.012 1.101 -0.235 -2.428 -2.376 3.602 -1.332 -2.827 -2.12 -1.056 -1.313 -2.512 -1.938 -2.181
60 K -1.126 3.603 -0.378 -0.966 -2.134 2.181 0.238 -1.678 -0.006 -2.375 -2.21 3.56 -1.136 -2.809 -2.143 -1.095 -1.257 -2.462 -1.767 -2.092
61 R 0.423 2.026 1.306 -1.047 -0.87 -0.596 -1.093 -1.172 -0.408 -0.892 -0.785 1.114 1.372 1.581 -2.413 0.185 0.023 -1.733 -0.591 -0.868
62 P -1.241 -2.239 -2.427 -2.236 -1.146 -2.371 -2.244 -2.373 -1.737 -0.331 1.058 -1.667 -0.296 1.638 5.433 -2.055 -1.601 -2.466 -0.842 -0.85
63 S 0.421 -0.497 -0.059 -0.714 -0.443 -0.749 -0.804 -0.657 -0.62 -1.657 -1.861 0.805 -1.119 1.453 0.382 2.658 0.334 -1.99 -0.687 -1.39
64 L -0.251 -0.457 -1.562 -1.992 -0.708 -1.27 -1.597 -1.902 -1.201 1.276 1.538 1.422 0.468 2.661 -2.724 -0.426 -1.047 -1.402 -0.063 0.271
65 I 0.192 -1.717 -2.05 -2.259 -0.68 0.297 -1.766 -1.947 -1.272 2.19 0.555 -1.459 0.191 1.992 -0.098 -1.069 -1.195 4.958 0.086 0.811
66 T -0.397 -1.404 -1.07 -1.357 -0.226 -0.18 -0.474 -1.938 -1.502 1.672 -0.269 -1.04 -0.095 -1.246 0.18 -0.12 2.368 -2.459 -1.661 1.964
67 L -0.624 -2.134 0.739 -2.007 -0.912 -2.339 -2.668 0.935 -1.35 1.555 1.427 -2.056 0.268 0.036 -3.541 -2.04 -1.572 6.79 -0.2 0.321
68 L 0.056 -2.251 -3.063 -3.26 -0.179 -2.518 -3.036 -2.575 -2.068 2.174 3.309 -2.294 2.162 1.533 -3.328 -2.379 -1.434 -1.613 -0.725 1.133
69 L 0.196 -2.509 -3.011 -3.164 -0.141 -2.76 -3.074 -2.537 -2.19 2.804 2.324 -2.414 1.122 2.194 -3.301 -2.29 -1.214 -1.572 -0.356 2.238
70 L 0.152 -2.598 -3.025 -3.14 -0.173 -2.829 -3.139 -2.567 -2.202 3.162 2.148 -2.443 1.084 2.19 -3.316 -2.329 -1.228 -1.592 -0.367 2.18
71 L -0.356 -2.495 -2.237 -2.679 -0.579 -2.777 -2.953 0.832 -1.637 1.936 1.491 -2.363 0.535 3.796 -3.374 -1.346 -1.393 -0.926 0.589 1.054
72 L -1.102 -1.993 -2.134 -2.782 -0.735 -1.963 -2.737 1.576 -0.25 0.815 1.831 -1.967 3.03 1.187 -3.336 -2.226 -1.609 -0.19 3.277 0.573
73 E -1.082 -0.072 1.536 1.225 -2.353 2.017 4.066 -1.682 0.435 -2.772 -2.739 0.564 -1.675 -2.704 -2.079 -0.778 -1.224 -2.512 -1.926 -2.222
74 L 0.537 -2.172 -1.884 -2.341 -0.264 -2.294 -2.515 1.006 -1.737 1.704 1.634 -1.935 0.543 1.977 -2.916 -0.387 -0.945 -1.65 -0.531 1.351
75 W -2.228 -2.55 -3.305 -3.617 -1.398 -2.941 -3.238 -2.805 -1.66 1.447 1.1 -2.794 0.15 0.837 -4.653 -3.348 -2.183 9.36 1.227 0.108
76 L -0.9 -2.237 -2.173 -2.632 -0.069 -2.389 -2.798 -2.757 -2.352 3.015 2.036 -2.077 1.021 -0.147 -2.983 -1.581 1.511 -2.162 -1.409 2.379
77 L -1.294 -2.22 -2.688 -3.134 -0.257 -2.592 -3.036 -3.005 -2.107 1.71 3.221 -2.362 1.469 2.321 -3.397 -2.269 0.274 -1.4 -0.301 1.507
78 L -1.252 -2.392 -2.461 -2.847 -0.464 -2.725 -2.978 -2.702 -1.757 2.464 2.496 -2.386 1.132 3.452 -3.462 -0.962 -1.213 -1.047 0.389 1.111
79 L -0.063 -2.088 -2.046 -2.476 -0.19 -2.273 -2.507 -2.105 -1.772 1.991 2.333 -1.977 0.989 2.136 -3.009 -0.084 -0.783 -1.572 -0.384 1.541
80 T -0.197 -1.177 -0.224 -1.099 0.037 -1.188 -1.463 -1.414 -1.498 -0.309 -1.142 -0.876 -0.617 -1.665 -1.772 0.62 4.485 -2.27 -1.791 0.145
81 I 0.241 -2.685 -3.019 -3.083 -0.081 -2.828 -3.145 -2.58 -2.397 3.615 1.699 -2.418 0.983 1.232 -3.24 -2.281 -1.062 -1.946 -0.848 2.654
82 L -1.246 -0.032 -1.897 -2.395 2.744 0.453 -1.787 -2.648 -0.73 1.862 1.938 -1.094 0.762 0.424 -3.043 -1.799 0.309 -1.077 1.79 0.758
83 N -0.826 -0.144 3.487 0.0 -1.556 1.042 -0.581 1.386 0.544 -2.301 -2.516 0.955 -1.564 -0.843 -2.428 0.266 -0.736 -1.427 1.63 -2.088
84 G -0.969 0.184 2.732 -0.288 -1.907 0.486 -0.613 2.578 3.957 -2.709 -2.863 1.792 -1.776 -2.294 -2.462 -0.887 -1.348 -2.436 -1.054 -2.59
85 G -0.164 -2.115 1.475 -0.922 -1.466 -2.011 -2.39 5.551 -1.116 -3.232 -3.505 -1.527 -2.683 -2.723 -2.84 -0.961 -1.774 -2.586 -3.074 -2.909
86 D -1.443 -0.599 1.608 2.824 -1.833 2.11 1.279 -1.637 0.344 0.104 -1.532 -0.218 -0.971 -0.658 -2.559 -1.181 -1.263 -1.432 1.65 -0.861
87 I -0.94 -2.471 -2.171 -2.553 -0.1 -2.54 -2.914 -2.803 -2.434 3.849 1.016 -2.133 0.772 -0.302 -2.981 -1.602 1.54 -2.294 -1.47 2.598
88 D 0.471 -0.21 1.585 1.603 -1.134 1.133 0.493 -0.97 0.228 -1.813 -2.124 0.989 -1.29 -0.793 -2.124 0.354 0.053 -1.409 1.653 -1.44
89 T 0.655 0.984 -0.747 -1.538 -0.463 -1.17 -1.597 1.187 -0.531 -0.786 -0.619 -0.558 -0.705 -0.391 -2.23 0.149 2.269 -1.197 1.665 -0.509
90 A 3.441 -1.163 -1.355 -0.585 0.077 -0.476 1.584 -0.14 -0.804 -1.291 -1.695 -0.47 -1.155 -2.105 -1.657 0.105 -0.703 -2.512 -1.878 -0.369
91 L -1.448 -2.711 -3.287 -3.438 -0.294 -3.055 -3.492 -3.377 -2.363 3.305 2.711 -2.718 1.392 2.319 -3.684 -3.073 -1.386 -1.511 -0.308 2.248
92 L -1.676 -0.812 -2.093 -2.453 -1.233 0.55 -1.554 -2.47 -0.959 0.699 1.283 0.345 1.925 2.207 -3.492 -2.347 -1.723 6.827 0.642 -0.173
93 N -1.163 0.105 4.671 0.635 -1.625 1.183 -0.331 -0.569 0.545 -2.379 -2.721 1.113 -1.66 -2.489 -2.349 0.157 0.198 -2.809 -1.966 -2.115
94 L 0.07 -2.366 -2.999 -3.255 -0.298 -2.759 -3.038 -2.491 -1.865 1.493 2.826 -2.459 1.224 3.459 -3.432 -2.339 -1.493 -1.007 0.405 1.366
95 L -1.42 -2.277 -2.741 -2.124 -0.439 -1.929 -0.337 -3.24 -1.973 3.648 2.292 -1.949 1.888 0.095 -3.336 -2.704 -1.305 -2.089 -1.35 1.958
96 L -0.571 1.428 1.33 -1.016 -0.74 -0.561 -1.13 -1.379 -0.496 -0.16 0.767 0.988 2.797 -0.94 -2.476 0.744 -0.488 -2.162 -1.53 -0.492
97 L -1.749 -2.704 -3.283 -3.485 -0.496 -3.168 -3.549 -3.36 -2.051 2.898 2.861 -2.814 1.394 3.525 -3.845 -3.185 -1.665 -0.996 0.427 1.435
98 V -0.445 -2.089 -1.435 -2.096 2.862 -2.13 -2.416 0.909 -1.463 1.686 -0.16 -1.812 -0.125 0.992 -2.739 -0.497 1.56 -1.52 0.752 1.92
99 G 0.721 -1.892 -1.033 -1.73 2.81 -1.836 -2.125 2.505 -0.842 0.551 -1.059 -1.479 -0.814 -0.37 -2.426 -0.104 1.497 -1.278 1.61 -0.043
100 L -0.452 -2.451 -2.572 -2.884 -0.231 -2.682 -3.019 -2.669 -2.126 3.058 2.095 -2.308 1.034 2.17 -3.217 -1.985 0.379 -1.57 -0.382 1.875
101 V 2.131 -2.265 -2.492 -2.629 4.456 -2.239 -2.395 -1.276 -2.232 1.857 0.036 -1.874 0.039 -1.081 -2.518 -0.998 -0.656 -2.572 -1.698 2.779
102 L 0.506 -1.906 -2.099 -2.528 4.361 -1.889 -2.411 -1.826 -1.587 0.966 1.917 -1.793 3.085 1.118 -2.89 -0.346 -0.861 -1.771 -0.889 0.846
103 L -1.167 -2.325 -3.181 -3.42 -0.107 -2.519 -3.19 -3.257 -2.366 2.67 3.103 -2.414 2.68 0.36 -3.517 -2.833 -1.214 -1.919 -1.195 2.447
104 V -1.007 -2.758 -3.158 -3.326 -0.128 -3.001 -3.33 -3.236 -2.511 3.359 1.712 -2.675 1.017 2.153 -3.548 -2.791 -1.046 -1.675 -0.35 3.233
105 D -1.725 -1.281 2.208 5.312 -2.391 -0.527 1.657 -1.155 -0.261 -2.813 -3.422 -0.61 -2.577 -2.891 -2.355 -0.899 -1.345 -3.373 -2.826 -2.809
106 L -1.378 -2.67 -3.16 -3.346 -0.323 -2.855 -3.374 -3.397 -1.5 3.618 2.257 -2.564 1.209 0.846 -3.548 -2.984 -1.299 -1.079 1.835 2.42
107 S 1.09 -0.719 0.519 -0.227 0.094 -0.548 -0.534 -0.085 -0.438 -1.89 -2.307 -0.263 -1.165 -1.922 -1.454 3.186 1.033 -2.527 -1.734 -1.271
108 V -0.212 -2.465 -2.908 -3.143 0.362 -2.566 -2.872 -2.934 -2.893 3.051 0.967 -2.367 0.853 -0.377 -3.15 -2.262 -0.43 -2.366 -1.263 4.066
109 Y -1.811 -1.077 -1.975 -2.728 -1.813 -1.548 -2.043 -2.757 1.553 -0.857 -0.889 0.156 -0.7 3.712 -3.261 -2.337 -2.059 1.75 6.137 -1.108
110 S 0.944 1.669 -0.178 -0.371 -0.796 1.4 1.058 -0.8 -0.225 -2.067 -2.218 1.427 -1.192 -2.37 -1.847 1.648 -0.171 -2.512 -1.802 -1.467
111 E -1.257 -0.737 0.238 3.538 -2.393 0.382 3.262 0.003 3.118 -2.85 -3.042 -0.091 -2.082 -2.494 -2.24 -1.028 -1.559 -2.637 -1.508 -2.579
112 N -1.375 1.551 3.892 1.901 -1.907 -0.339 -0.408 -0.895 2.223 -2.491 -2.712 1.148 -1.806 -1.484 -2.487 -0.199 -0.876 -2.055 0.496 -2.361
113 F -1.575 -2.646 -3.038 -3.315 -0.562 -2.966 -3.348 -3.131 -1.706 2.635 1.744 -2.72 2.257 4.288 -3.835 -2.893 -1.543 -0.637 0.999 1.808
114 V -0.738 -0.283 -0.945 -0.932 -0.877 1.632 0.801 -2.015 1.641 1.676 -0.413 0.902 -0.119 -1.349 -2.465 -0.67 -0.053 -2.344 -1.231 1.491
115 S -0.377 1.191 -0.334 1.257 -0.649 0.897 -0.538 -1.451 -0.774 -0.059 0.137 -0.186 -0.27 -1.47 -2.314 0.883 0.854 -2.452 -1.741 0.514
116 L -1.898 -2.517 -3.249 -3.586 -0.636 -3.126 -3.455 -3.266 -1.749 1.386 3.261 -2.846 1.465 4.377 -3.978 -3.195 -1.937 -0.532 1.025 0.516
117 L -1.377 -2.566 -3.359 -3.502 -0.169 -2.884 -3.447 -3.44 -2.588 3.221 3.263 -2.612 1.659 0.433 -3.601 -3.094 -1.339 -1.979 -1.239 2.251
118 R -1.07 2.854 1.622 1.043 -2.017 1.642 1.666 -1.424 0.161 -2.549 -2.489 2.098 -1.454 -2.677 -2.226 -0.342 -1.023 -2.572 -1.918 -2.183
119 V 1.267 -1.742 1.036 -1.396 4.391 -1.72 -1.857 -1.088 -1.375 0.997 -0.55 -1.423 -0.363 -1.382 -2.441 0.531 -0.279 -2.676 -1.795 2.209
120 L -1.368 -2.192 -3.246 -3.532 -0.171 -2.466 -3.2 -3.3 -2.256 2.025 3.701 -2.402 2.854 0.575 -3.585 -2.955 -1.429 -1.771 -1.139 1.699
121 L -1.405 -1.935 -2.96 -3.298 -0.243 -1.946 -2.954 -3.095 -1.75 2.051 3.284 -2.079 4.415 0.557 -3.519 -2.683 -1.388 -1.609 -1.054 1.12
122 L -1.478 -2.545 -3.305 -3.52 -0.294 -2.948 -3.424 -3.36 -2.295 2.692 3.198 -2.68 1.563 2.379 -3.703 -3.088 -1.481 -1.427 -0.277 1.936
123 H -1.538 -0.525 0.306 -1.053 -1.971 -0.352 -0.682 -1.733 7.773 -2.303 -2.437 -0.854 -1.244 -1.019 -2.678 -1.259 -0.046 -1.621 1.322 -2.448
124 F -1.546 -2.765 -2.641 -3.126 5.212 -3.357 -3.316 -2.599 -1.346 0.232 1.015 -2.937 0.196 5.414 -3.876 -1.632 -1.786 -0.093 1.794 -0.356
125 E -1.004 -0.207 -0.423 1.433 -2.496 1.261 4.683 -2.034 0.308 -2.849 -2.788 0.592 -1.838 -2.693 -1.966 -0.876 -1.386 -2.472 -1.993 -2.219
126 L -1.647 -2.327 -3.259 -3.507 -0.436 -2.583 -3.274 -3.228 -2.089 2.449 3.205 -2.483 2.652 0.638 -3.791 -3.081 -1.605 4.95 -0.49 1.206
127 C -0.574 -2.776 -2.54 -3.061 8.469 -2.916 -3.341 -2.34 -2.707 0.461 0.534 -2.622 -0.195 -1.295 -3.091 -1.519 0.403 -2.82 -2.245 0.968
128 I -0.959 -2.696 -2.647 -2.884 -0.071 -2.781 -3.169 -3.067 -2.644 4.022 1.182 -2.381 0.903 -0.191 -3.211 -2.155 0.567 -2.319 -1.419 3.064
129 Y -1.897 -1.862 -2.21 -3.107 -1.837 -1.868 -2.448 -3.017 2.02 -0.888 -0.995 -1.958 -0.767 3.263 -3.418 -2.522 -2.174 2.224 6.826 -1.064
130 I -0.995 -2.439 -2.051 -2.517 -0.303 -2.548 -2.988 0.709 -2.268 3.313 1.739 -2.142 0.834 -0.241 -3.078 -1.744 0.949 -2.191 -1.578 1.724
131 N -1.745 -0.5 5.815 1.197 -1.931 -0.612 -0.81 -0.239 0.884 -2.797 -3.236 -0.381 -2.246 -2.459 -2.672 -0.203 -0.536 -3.051 -2.154 -2.645
132 L 1.002 -2.309 -2.753 -2.992 -0.372 -2.681 -2.796 -1.867 -1.493 0.784 2.26 -2.297 0.828 4.25 -3.217 -1.813 -1.57 -0.648 0.951 0.26
133 L -1.345 -2.609 -2.941 -3.285 -0.452 -3.013 -3.347 -0.698 -2.025 2.251 2.496 -2.693 1.128 3.443 -3.712 -2.838 -1.533 -1.053 0.372 1.899
134 T 0.064 -1.108 -0.093 -0.939 0.028 -1.08 -1.29 -1.142 -1.293 -0.559 -1.341 -0.774 -0.729 -1.73 -1.731 1.439 4.074 -2.334 -1.8 -0.086
135 L -1.212 -2.498 -3.315 -3.5 -0.105 -2.81 -3.347 -3.372 -2.611 2.924 3.218 -2.576 1.615 0.37 -3.557 -2.984 -1.248 -2.001 -1.239 2.546
136 L -1.628 -2.55 -3.277 -3.468 -0.364 -2.883 -3.454 -3.372 -2.174 2.995 3.112 -2.637 2.167 2.398 -3.725 -3.116 -1.545 -1.389 -0.267 1.56
137 L -1.551 -2.689 -3.234 -3.455 -0.424 -3.123 -3.468 -3.3 -2.09 2.794 2.632 -2.788 1.286 3.49 -3.79 -3.068 -1.53 -1.035 0.419 1.934
138 F 1.033 -1.247 -2.113 -2.439 -0.7 -1.855 -2.064 -1.565 -0.939 -0.04 0.152 0.127 1.666 4.82 -2.975 -1.456 -1.517 -0.356 1.408 -0.324
139 P -0.602 -1.905 -1.577 -1.447 -1.3 -1.808 -1.55 -1.652 -1.521 -2.348 -2.779 -1.039 -2.305 -3.205 6.384 -0.179 -1.009 -4.294 -2.595 -2.122
140 N -1.41 -0.485 3.886 2.485 -2.231 0.33 2.89 -1.025 0.482 -2.821 -3.069 0.033 -2.119 -2.624 -2.307 -0.58 -0.995 -2.842 -2.185 -2.485
141 G -0.469 2.777 -0.521 -1.438 -1.708 -0.92 -1.662 4.64 -0.894 -3.021 -2.939 0.693 -2.123 -2.705 -2.759 -1.199 -1.793 -2.466 -2.639 -2.653
142 F -1.971 -2.716 -3.174 -3.492 -0.783 -3.352 -3.524 -3.213 -1.596 1.865 2.525 -2.974 1.115 4.978 -4.066 -3.168 -1.956 -0.257 1.481 0.686
143 F -2.147 -2.68 -2.787 -3.307 -1.359 -3.201 -3.266 -3.043 0.018 1.163 0.358 -2.885 0.088 5.677 -4.089 -2.961 -2.19 0.997 4.286 0.026
144 S 0.617 -0.816 0.335 -0.501 -0.217 -0.661 -0.724 -0.483 2.968 -1.799 -2.25 -0.485 -1.19 -1.822 -1.719 2.952 1.499 -2.427 -1.114 -1.292
145 R -1.599 5.297 -0.78 -1.808 -1.98 0.159 -0.895 -2.351 -0.22 -0.033 -1.298 1.628 -0.851 -2.049 -2.878 -1.654 -1.488 -2.313 -1.791 -0.913
146 V -0.092 -1.54 -0.977 -1.032 -0.337 -1.185 0.257 -1.566 -1.128 1.542 -0.267 -1.13 -0.148 1.738 -2.472 1.292 -0.182 -1.833 -0.54 1.766
147 N -1.109 -1.067 4.333 0.204 -0.956 -1.146 -1.365 -0.912 -0.048 1.165 -1.012 -0.874 -0.78 -1.521 -2.636 -0.051 0.806 -2.722 -1.874 0.446
148 S 0.334 -0.892 1.177 1.793 -0.543 -0.446 0.926 -0.614 -0.421 -1.456 -2.246 -0.383 -1.353 -2.104 -1.848 2.521 0.319 -2.733 -1.979 -0.655
149 A 3.815 -1.676 -1.878 -1.92 0.555 -1.536 -1.541 0.031 -1.461 -0.046 -1.005 -1.087 -0.682 -1.707 -1.725 0.14 -0.511 -2.518 -1.777 1.08
150 Y -1.897 -1.862 -2.21 -3.107 -1.837 -1.868 -2.448 -3.017 2.02 -0.888 -0.995 -1.958 -0.767 3.263 -3.418 -2.522 -2.174 2.224 6.826 -1.064
151 G 0.005 -2.442 -0.525 -1.408 -1.405 -2.28 -2.707 5.888 -1.561 -3.3 -3.546 -1.736 -2.752 -2.763 -2.864 -1.087 -2.004 -2.525 -3.233 -2.949
152 L 0.807 -1.223 -2.275 -2.531 -0.251 -1.701 -2.114 -1.902 -1.585 1.924 1.308 0.176 2.046 1.979 -2.84 -1.62 -1.079 -1.604 -0.405 1.811
153 T 0.304 -1.041 0.031 -0.788 0.018 -0.976 -1.126 -0.893 -1.103 -0.833 -1.556 -0.675 -0.845 -1.796 -1.691 2.076 3.594 -2.401 -1.81 -0.337
154 Q -1.091 -0.021 -0.871 -1.019 -1.545 2.493 0.472 -1.898 0.179 -1.411 -1.479 1.082 -0.807 1.889 1.48 -1.062 0.323 -0.891 2.104 -1.333
155 E -0.857 -0.408 -0.436 1.198 -2.335 0.995 4.329 0.959 0.13 -2.902 -2.872 0.385 -1.938 -2.701 -2.064 -0.901 -1.456 -2.479 -2.122 -2.301
156 W -2.616 -2.385 -3.098 -3.623 -2.339 -2.756 -2.971 -2.515 -0.554 -1.784 -1.632 -2.744 -1.283 1.434 -5.136 -3.308 -2.697 10.331 3.296 -2.124
157 F -2.363 -2.931 -2.974 -3.417 -1.365 -3.855 -3.556 -2.989 -0.987 0.336 0.913 -3.33 0.283 6.481 -4.472 -3.123 -2.399 0.66 2.708 -0.46
158 L -1.626 -2.271 -3.447 -3.705 -0.235 -2.725 -3.39 -3.467 -2.398 1.92 4.172 -2.563 2.048 0.748 -3.689 -3.243 -1.665 -1.735 -1.141 1.021
159 G 0.005 -2.442 -0.525 -1.408 -1.405 -2.28 -2.707 5.888 -1.561 -3.3 -3.546 -1.736 -2.752 -2.763 -2.864 -1.087 -2.004 -2.525 -3.233 -2.949
160 S 1.857 -1.356 -0.652 -1.217 -0.012 -1.255 -1.273 -0.498 -1.031 -0.493 -1.44 -0.948 -0.865 -1.196 -2.024 2.115 0.142 4.891 -0.902 0.486
161 D -1.524 3.206 0.136 3.439 -1.903 -0.405 -0.087 -1.822 2.997 -1.096 -1.962 0.409 -1.372 -2.1 -2.683 -1.423 -1.459 -2.634 -1.389 -0.266
162 N -1.756 -0.485 5.127 0.778 -2.046 -0.517 -0.752 -0.555 4.77 -2.784 -3.087 -0.491 -1.993 -1.997 -2.712 -0.505 -0.888 -2.593 -0.687 -2.757
163 N -1.232 -1.225 3.311 -0.526 -1.116 -1.328 -1.634 -1.355 0.586 -0.386 1.001 -1.163 -0.14 0.802 -2.889 -0.114 -0.862 -0.443 3.242 -0.805
164 F -2.419 -2.981 -2.945 -3.399 -1.459 -3.949 -3.567 -2.959 -0.913 0.192 0.48 -3.389 0.117 6.643 -4.533 -3.115 -2.455 0.767 2.846 -0.592
165 I -1.148 -2.895 -3.272 -3.313 -0.105 -3.052 -3.505 -3.412 -2.792 4.114 1.931 -2.663 1.21 0.079 -3.514 -2.951 -1.046 -2.245 -1.34 3.11
166 I -1.116 -1.947 -2.22 -2.492 -0.551 0.159 -2.073 -2.678 -1.469 2.98 0.728 -1.772 0.561 3.287 -3.336 -1.477 -1.087 -1.205 0.355 2.185
167 W -2.266 -2.271 -2.649 -3.219 -1.971 -2.629 -2.8 -2.299 -1.252 -1.677 -1.654 -2.536 -1.26 0.815 -4.672 -2.499 -0.224 10.314 1.805 -1.865
168 L -0.098 -2.411 -2.99 -3.274 -0.501 -2.895 -3.107 -2.483 -1.618 1.101 2.803 -2.559 1.164 4.314 -3.572 -2.422 -1.748 -0.589 0.988 0.391
169 F -1.769 -2.645 -3.132 -3.49 -0.703 -3.265 -3.421 -3.15 -1.612 1.375 2.466 -2.934 1.062 4.965 -4.014 -3.056 -1.844 -0.27 1.481 1.177
170 P -0.921 -2.098 -2.018 -1.649 -1.542 -2.018 -1.707 -1.937 -1.692 -2.402 -2.835 -1.149 -2.488 -3.42 6.747 -1.537 -1.433 -4.634 -2.72 -2.247
171 G 3.146 -1.866 -1.226 -1.63 -0.004 -1.703 -1.812 3.677 -1.393 -1.599 -2.037 -1.209 -1.508 -2.217 -1.983 -0.095 -0.982 -2.525 -2.288 -0.748
172 L -1.485 -2.185 -2.733 -3.185 -0.326 -2.599 -3.086 -3.055 -2.046 1.539 3.544 -2.373 1.625 2.393 -3.451 -2.361 0.184 -1.329 -0.28 0.761
173 L -1.141 -2.413 -3.299 -3.527 -0.073 -2.741 -3.277 -3.333 -2.598 2.532 3.34 -2.546 1.647 0.377 -3.541 -2.936 -1.233 -1.979 -1.225 2.597
174 I -1.034 -2.732 -2.665 -2.885 -0.102 -2.818 -3.215 -3.097 -2.633 4.126 1.228 -2.397 0.931 -0.152 -3.23 -2.195 0.543 -2.306 -1.419 2.944
175 A 3.863 -1.465 -1.371 -1.548 0.526 -1.3 -1.279 0.233 -1.191 -1.03 -1.514 -0.857 -0.996 -1.945 -1.56 1.013 -0.284 -2.538 -1.84 -0.091
176 W -0.218 -2.267 -3.081 -3.38 -0.966 -2.607 -2.895 -2.211 -1.618 0.211 1.916 -2.44 0.437 0.685 -3.98 -2.532 -1.964 8.731 0.862 -0.35
177 L -1.474 -2.547 -3.387 -3.531 -0.202 -2.888 -3.476 -3.468 -2.552 3.171 3.427 -2.618 1.733 0.502 -3.629 -3.155 -1.417 -1.935 -1.225 1.984
178 Y -1.958 -1.981 -2.293 -3.142 -1.787 -2.06 -2.567 -3.01 1.78 -0.729 -0.764 -2.103 -0.641 3.972 -3.536 -2.59 -2.208 2.077 6.543 -1.001
179 K -1.331 3.421 1.43 -0.872 -2.1 0.253 -0.398 -1.617 0.342 -2.206 -2.148 3.181 -1.334 -0.908 -2.347 -1.164 -1.297 -1.337 1.67 -2.044
180 E -1.305 -0.769 1.352 0.182 -1.685 0.667 2.393 -1.796 1.962 -1.386 -1.389 -0.373 -0.993 3.008 -2.565 -0.968 0.289 -1.239 0.357 -1.414
181 Y -1.633 -1.163 -2.254 -2.835 -1.15 -1.676 -2.238 -2.92 0.7 1.277 1.511 0.116 0.427 2.072 -3.232 -2.496 -1.763 0.811 4.99 0.248
182 T -0.458 -0.93 2.144 -0.594 -0.706 -1.162 -1.377 1.291 -0.64 -1.142 -1.573 -0.069 -1.082 1.484 -2.265 0.618 2.353 -1.852 -0.773 -0.932
183 G -0.635 2.298 -0.391 -1.205 -1.689 -0.343 -0.934 3.388 1.654 -2.511 -2.599 2.347 -1.715 -2.529 -2.391 -1.007 -0.539 -2.43 -1.855 -2.243
184 K -0.509 0.528 1.581 0.925 -1.243 0.057 1.003 -1.174 -0.325 -0.897 -1.867 2.569 -1.163 -2.236 -2.042 0.562 -0.535 -2.694 -1.91 -0.025
185 N -0.522 0.236 2.687 -0.038 -1.146 0.606 0.297 -0.947 -0.1 0.092 -1.608 1.896 -0.993 -2.003 -2.14 0.968 -0.354 -2.648 -1.836 -0.772
186 F -1.399 -0.833 -0.143 -1.962 -1.067 -1.578 -1.911 -2.265 -0.424 1.551 0.911 0.819 0.225 3.506 -3.099 -1.261 -1.359 -0.394 2.482 0.31
187 R -1.619 5.663 -0.547 -1.649 -2.344 0.433 -0.645 -2.213 0.014 -2.696 -2.113 1.934 -1.309 -2.557 -2.789 -1.491 -1.539 -2.319 -1.857 -2.247
188 C 1.342 -2.267 -1.838 -2.338 6.007 -2.344 -2.496 1.223 -1.637 -0.948 -1.206 -1.949 -1.015 1.688 -2.761 -0.863 0.323 4.942 -0.226 -0.645
189 Y -1.66 -2.038 0.731 -2.165 4.166 -2.19 -2.618 -2.414 0.525 0.447 0.308 -2.086 0.858 3.503 -3.491 -2.141 -1.691 0.619 4.483 -0.287
190 L 0.407 -1.826 -1.223 -1.776 2.905 -1.857 -1.955 -1.421 -1.429 1.443 0.772 -1.538 0.176 1.846 -2.559 1.289 -0.244 -1.789 -0.541 1.205
191 L -1.626 -2.271 -3.447 -3.705 -0.235 -2.725 -3.39 -3.467 -2.398 1.92 4.172 -2.563 2.048 0.748 -3.689 -3.243 -1.665 -1.735 -1.141 1.021
192 I -0.272 -2.09 -1.431 -1.962 4.37 -2.071 -2.287 -1.884 -1.934 2.771 0.265 -1.723 0.203 -0.82 -2.632 0.657 0.904 -2.498 -1.692 1.906
193 L 1.038 -2.197 -2.182 -2.471 2.979 -2.24 -2.475 -1.739 -2.071 2.551 1.521 -1.893 0.662 -0.465 -2.74 -0.303 -0.657 -2.341 -1.539 2.122
194 V 1.094 -2.361 -2.079 -2.395 -0.003 -2.334 -2.566 1.027 -2.159 2.852 0.384 -1.933 0.273 -0.768 -2.769 -0.815 -0.738 -2.433 -1.665 2.642
195 I -1.024 -2.616 -2.415 -2.715 -0.117 -2.693 -3.083 -2.961 -2.526 4.044 1.147 -2.27 0.867 -0.207 -3.112 -1.902 1.074 -2.294 -1.444 2.711
196 L 0.146 -2.543 -3.031 -3.165 -0.173 -2.796 -3.119 -2.563 -2.18 2.962 2.355 -2.431 1.148 2.21 -3.321 -2.332 -1.258 -1.563 -0.356 2.078
197 L 1.652 -2.099 -2.71 -2.859 0.169 -2.233 -2.519 -1.652 -2.128 1.651 2.509 -1.93 1.047 -0.184 -2.757 -1.439 -0.966 -2.141 -1.402 2.095
198 T 0.03 -1.266 -0.285 -1.071 -0.008 -1.229 -1.424 -1.229 -1.35 0.826 -0.845 -0.911 -0.455 -1.447 -1.888 1.478 3.519 -2.356 -1.747 0.376
199 E -1.039 0.219 -0.527 0.237 -1.868 3.71 2.888 -1.929 0.271 0.023 -1.458 0.643 -0.611 -2.288 -2.265 -1.061 -1.191 -2.344 -1.588 -0.783
200 L -0.098 -2.411 -2.99 -3.274 -0.501 -2.895 -3.107 -2.483 -1.618 1.101 2.803 -2.559 1.164 4.314 -3.572 -2.422 -1.748 -0.589 0.988 0.391
201 I -1.552 -1.569 -2.566 -2.803 -0.69 -2.19 -2.666 -2.941 -1.621 3.279 1.119 -0.062 2.136 3.366 -3.444 -2.63 -1.43 -1.108 0.372 1.604
202 R -1.365 2.864 -0.444 -1.1 -2.062 3.017 0.177 -1.872 3.2 -1.967 -1.695 1.717 -0.779 1.391 -2.584 -1.326 -1.477 -1.626 -0.054 -1.911
203 G -0.044 -2.071 -0.447 -1.327 -0.972 -1.966 -2.342 5.133 -1.545 -2.218 -2.733 -1.495 -2.053 -2.447 -2.55 -0.557 1.278 -2.459 -2.8 -1.817
204 S 0.878 -0.985 0.31 -0.448 -0.154 -0.814 -0.831 1.665 -0.654 -2.13 -2.533 -0.509 -1.42 -2.11 -1.694 3.235 0.686 -2.62 -1.982 -1.533
205 G 2.45 -1.442 -0.484 -1.069 -0.035 -1.275 -1.331 2.854 -1.049 -1.775 -2.203 -0.876 -1.442 -2.157 -1.835 1.816 -0.129 -2.565 -2.131 -1.01
206 T -0.197 -1.177 -0.224 -1.099 0.037 -1.188 -1.463 -1.414 -1.498 -0.309 -1.142 -0.876 -0.617 -1.665 -1.772 0.62 4.485 -2.27 -1.791 0.145
207 G 0.712 -2.094 -1.128 -1.836 -0.58 -2.096 -2.465 4.097 -1.704 -0.472 0.905 -1.675 -0.331 -1.243 -2.678 -0.943 0.239 -2.276 -2.212 -0.663
208 I -1.367 1.017 -2.219 -2.556 -0.618 -1.524 -2.253 -2.903 -1.667 3.65 1.083 0.511 2.146 -0.321 -3.157 -2.413 -1.202 -2.191 -1.423 1.889
209 V 0.682 -2.492 -2.859 -3.02 0.244 -2.546 -2.804 -2.395 -2.699 2.988 0.767 -2.261 0.643 -0.54 -3.017 -1.921 -0.603 -2.452 -1.425 3.874
210 G 0.989 -1.93 -0.521 -1.31 -0.681 -1.808 -2.088 4.713 -1.441 -2.059 -2.552 -1.35 -1.875 -2.368 -2.354 0.047 0.951 -2.482 -2.617 -1.531
211 V -0.063 -2.163 -1.741 -2.226 4.403 -2.155 -2.347 -1.988 -2.149 2.342 0.23 -1.879 0.224 -0.878 -2.767 0.483 -0.239 -2.579 -1.637 3.009
212 V 0.986 -2.081 -2.19 -2.553 0.041 -2.102 -2.423 -1.847 -1.842 1.937 0.562 -1.87 1.924 1.913 -2.78 -1.213 0.62 -1.658 -0.42 2.581
213 L 0.248 -2.477 -3.065 -3.172 -0.023 -2.668 -3.074 -2.593 -2.449 3.124 2.602 -2.341 1.295 0.101 -3.217 -2.298 -1.112 -2.121 -1.335 2.432
214 F -2.047 -2.684 -3.052 -3.429 -0.939 -3.302 -3.45 -3.094 -1.327 1.324 2.05 -2.975 1.622 5.492 -4.151 -3.074 -2.051 0.055 1.895 0.312
215 L -1.435 -2.433 -2.709 -3.064 -0.326 -2.758 -3.188 -3.081 -2.15 2.875 2.792 -2.43 1.342 2.293 -3.421 -2.342 0.274 -1.464 -0.332 1.487
216 L -0.5 -2.557 -3.224 -3.362 2.907 -2.825 -3.329 -2.942 -2.502 3.023 3.001 -2.517 1.455 0.249 -3.418 -2.647 -1.321 -2.066 -1.352 1.894
217 L -1.821 -2.435 -3.078 -3.282 -0.873 -2.902 -3.116 -2.969 -1.718 0.883 2.682 -2.551 0.986 3.501 1.18 -2.958 -1.936 5.029 0.786 0.083
218 L -0.033 -1.469 1.294 1.243 -0.596 -1.349 -1.251 -1.396 -0.295 0.346 0.617 -1.234 1.671 0.057 -2.623 0.332 -0.621 -1.246 1.725 0.697
219 L -1.03 -2.359 -2.339 -2.797 -0.235 -2.617 -2.907 -2.791 -2.062 2.519 1.706 -2.294 0.833 2.79 -3.22 -1.833 0.983 -1.36 0.006 2.317
220 L -0.567 -2.183 -1.868 -2.339 -0.166 -2.303 -2.507 -2.265 -1.88 2.655 1.306 -1.982 0.659 2.018 -2.974 -0.019 0.148 -1.697 -0.425 2.328
221 P -0.602 -1.905 -1.577 -1.447 -1.3 -1.808 -1.55 -1.652 -1.521 -2.348 -2.779 -1.039 -2.305 -3.205 6.384 -0.179 -1.009 -4.294 -2.595 -2.122
222 W -0.091 -1.256 -1.733 -2.049 -1.357 -1.368 -0.689 -1.958 3.12 -0.765 0.147 -0.515 -0.437 1.895 -3.221 -1.892 -1.877 6.895 3.274 -1.03
223 L -0.468 -2.674 -3.127 -3.258 -0.2 -2.936 -3.283 -2.92 -2.314 3.283 2.21 -2.571 1.154 2.218 -3.467 -2.625 -1.231 -1.589 -0.348 2.461
224 K -1.056 2.887 1.528 -0.622 -2.05 0.403 -0.162 0.18 -0.141 -2.423 -2.446 3.769 -1.485 -2.761 -2.105 -0.954 -1.19 -2.613 -1.973 -2.227
225 K -0.965 2.488 -0.527 -1.297 -1.563 -0.036 -0.599 -1.723 2.11 -1.706 -1.851 2.717 -1.106 -0.171 -2.247 -0.43 0.414 -0.798 2.644 -1.526
226 F -1.515 -2.923 -3.134 -3.338 -0.523 -3.345 -3.508 -3.219 -1.948 3.148 1.378 -2.908 0.814 4.262 -3.842 -2.984 -1.465 -0.74 0.966 2.3
227 I -1.355 -3.079 -3.241 -3.159 -0.129 -3.188 -3.665 -3.457 -2.689 4.463 1.698 -2.657 1.293 0.239 -3.483 -3.055 -1.053 -2.163 -1.263 2.882
228 K -0.805 2.115 -0.246 -0.7 -1.956 0.828 0.335 -1.321 -0.221 -2.101 -2.219 4.434 -1.202 -2.784 -1.665 -0.86 -1.06 -2.527 -1.767 -1.977
229 K -0.805 2.115 -0.246 -0.7 -1.956 0.828 0.335 -1.321 -0.221 -2.101 -2.219 4.434 -1.202 -2.784 -1.665 -0.86 -1.06 -2.527 -1.767 -1.977
230 Y -1.791 -1.756 -2.104 -3.001 -1.73 -1.762 -2.342 -2.91 2.126 -0.782 -0.888 -1.852 -0.661 3.37 -3.312 -2.416 -2.068 2.33 6.609 -0.958
231 L -1.808 -2.498 -3.101 -3.423 -0.638 -2.904 -3.358 -3.172 -1.618 1.981 2.651 -2.706 2.458 4.345 -3.911 -3.018 -1.784 -0.542 1.026 0.84
232 T -0.381 2.36 -0.383 -1.178 -0.59 -0.704 -1.154 -1.458 -0.941 -1.18 -1.685 0.145 -1.046 -2.094 1.588 0.686 2.931 -2.538 -1.916 -0.734
233 P -0.921 -2.098 -2.018 -1.649 -1.542 -2.018 -1.707 -1.937 -1.692 -2.402 -2.835 -1.149 -2.488 -3.42 6.747 -1.537 -1.433 -4.634 -2.72 -2.247
234 I 0.268 -1.119 -1.67 -2.149 -0.524 -1.568 -1.943 -1.912 -0.702 1.91 0.158 0.275 1.021 2.255 -2.659 -1.145 0.965 -0.742 2.141 0.786
235 R -1.497 3.324 1.121 -1.423 -1.3 -0.552 -1.307 -2.144 -0.617 1.673 0.624 1.403 0.018 -1.123 -2.895 -1.705 -1.267 -2.344 -1.666 0.314
236 G 0.287 -1.737 -0.58 -1.276 2.85 -1.623 -1.766 2.576 -1.374 0.839 -1.07 -1.272 -0.754 -1.575 -2.344 1.686 -0.137 -2.576 -2.051 0.765
237 L 0.116 -2.348 -2.863 -3.109 -0.3 -2.563 -2.954 -2.419 -1.729 2.068 2.104 -2.337 2.289 3.415 -3.377 -2.207 -1.361 -1.019 0.406 1.611
238 I 0.434 -2.521 -2.622 -2.804 2.954 -2.59 -2.894 -2.269 -2.368 3.347 1.512 -2.21 0.82 -0.292 -3.023 -1.205 -0.838 -2.341 -1.498 2.508
239 I -0.942 -2.801 -2.741 -2.999 -0.222 -2.916 -3.362 0.602 -2.606 3.66 1.651 -2.518 0.93 -0.163 -3.416 -2.618 -1.135 -2.276 -1.515 2.819
240 A 2.342 -1.517 -1.043 -1.512 0.3 -1.419 -1.489 -0.6 -1.431 0.536 -0.793 -1.072 -0.453 -1.487 -1.929 1.252 1.089 -2.505 -1.709 1.686
241 L 0.947 -1.553 -1.055 -1.646 2.973 -1.515 -1.736 -1.196 -1.455 0.584 1.032 -1.265 1.127 -0.873 -2.274 1.25 1.006 -2.313 -1.617 1.013
242 F 0.529 -2.132 -1.762 -2.224 -0.2 -2.259 -2.35 -1.771 -1.585 2.029 0.245 -1.879 0.16 3.217 -2.793 -0.138 0.659 -1.242 0.283 1.813
243 L -1.284 -2.586 -3.33 -3.474 -0.137 -2.881 -3.419 -3.411 -2.625 3.269 3.09 -2.607 1.583 0.362 -3.572 -3.034 -1.263 -2.024 -1.253 2.494
244 L -0.693 -1.052 -1.265 -1.711 -0.84 1.757 -1.018 0.961 -0.943 1.194 0.519 -0.839 0.064 -0.735 -2.914 -0.388 -0.975 4.91 -0.794 0.923
245 L -0.644 -2.677 -3.073 -3.284 -0.426 -3.075 -3.298 -2.849 -1.912 2.646 2.101 -2.69 1.007 3.888 -3.638 -2.665 -1.487 -0.878 0.696 1.838
246 L 0.457 -1.893 -1.845 -2.341 -0.143 -2.082 -2.327 -1.832 -1.666 1.02 2.408 -1.79 0.912 2.093 -2.783 -0.193 0.573 -1.529 -0.409 0.85
247 I -1.131 -3.019 -3.26 -3.262 -0.105 -3.126 -3.552 -3.424 -2.846 4.38 1.426 -2.688 1.083 -0.009 -3.502 -2.942 -0.991 -2.319 -1.37 3.253
248 V -0.318 -2.571 -3.014 -3.249 0.255 -2.672 -2.978 -3.04 -3.0 2.945 0.86 -2.473 0.747 -0.483 -3.256 -2.369 -0.536 -2.472 -1.37 4.34
249 I -1.463 -2.76 -3.024 -3.3 -0.555 -3.051 -3.345 -3.227 -1.157 3.107 1.27 -2.718 0.739 3.63 -3.711 -2.906 -1.439 -0.366 2.519 2.28
250 L 0.093 -1.834 0.83 -1.839 -0.502 -2.07 -2.349 -1.788 -1.089 0.601 1.928 -1.806 1.436 3.322 -3.04 -1.332 0.339 -1.077 0.324 0.122
251 R -0.865 3.355 2.703 -0.35 -1.682 1.253 -0.523 1.275 0.144 -2.641 -2.549 0.792 -1.536 -2.54 -2.514 0.174 -0.834 -2.545 -1.999 -2.241
252 N -1.068 -0.476 4.061 0.123 -1.146 -0.851 -1.11 -0.923 -0.032 1.356 -1.001 0.713 -0.767 -1.558 -2.569 0.182 -0.509 -2.733 -1.865 -0.022
253 V 0.976 -2.306 -2.619 -2.909 -0.039 -2.4 -2.599 -2.046 -1.193 1.886 0.299 -2.139 0.246 2.286 -2.985 -1.698 -0.882 -0.829 2.162 3.083
254 D -1.185 -0.515 1.913 3.899 -2.15 0.225 2.797 -1.271 -0.009 -2.724 -3.054 0.565 -2.126 -2.739 -2.153 -0.263 -1.084 -2.949 -2.371 -2.45
255 F -2.147 -2.68 -2.787 -3.307 -1.359 -3.201 -3.266 -3.043 0.018 1.163 0.358 -2.885 0.088 5.677 -4.089 -2.961 -2.19 0.997 4.286 0.026
256 L -1.714 -2.351 -3.38 -3.665 -0.363 -2.853 -3.412 -3.399 -2.165 1.753 3.899 -2.654 1.866 2.506 -3.782 -3.227 -1.753 -1.276 -0.227 0.862
257 E 1.688 2.474 -0.742 -0.052 -0.967 0.309 2.458 -1.007 -0.242 -2.019 -2.106 0.598 -1.372 -2.36 -1.982 -0.017 -0.92 -2.459 -1.901 -1.262
258 P -0.788 -2.139 -1.784 -1.617 -1.524 -2.049 -1.815 0.989 -1.676 -2.5 -2.915 -1.216 -2.52 -3.33 6.376 -1.477 -1.499 -4.27 -2.78 -2.326
259 I -1.502 -2.928 -3.372 -3.369 -0.235 -3.141 -3.671 -3.539 -2.691 4.245 2.482 -2.712 1.427 0.299 -3.614 -3.182 -1.278 -2.126 -1.311 2.426
260 V -0.63 -2.75 -3.114 -3.254 0.111 -2.853 -3.204 -3.194 -2.934 3.631 1.11 -2.561 0.891 -0.276 -3.356 -2.594 -0.717 -2.407 -1.37 3.935
261 E -0.828 -1.036 0.061 -0.238 -0.845 0.533 2.299 -2.32 -0.76 1.121 0.596 -0.578 0.056 -1.134 -2.648 -1.535 -0.993 -2.388 -1.602 2.137
262 G -0.304 -1.351 1.688 -0.713 -1.54 0.724 -1.402 5.016 -0.663 -3.052 -3.228 -0.9 -2.217 -2.742 -2.724 -0.894 -1.587 -2.542 -2.706 -2.712
263 V -0.189 -0.238 -2.581 -2.843 -0.154 -2.069 -2.551 -2.677 -2.215 3.165 1.488 -0.586 0.835 -0.346 -3.111 -2.221 -0.942 -2.31 -1.425 2.977
264 L -1.626 -2.271 -3.447 -3.705 -0.235 -2.725 -3.39 -3.467 -2.398 1.92 4.172 -2.563 2.048 0.748 -3.689 -3.243 -1.665 -1.735 -1.141 1.021
265 G -0.207 -1.076 -0.49 -0.79 -1.598 -1.052 0.174 5.126 -1.082 -3.082 -3.262 0.528 -2.405 -2.77 -2.581 -1.045 -1.804 -2.532 -2.849 -2.728
266 K -0.779 1.71 -0.374 -0.875 -1.971 0.479 -0.012 1.161 -0.456 -2.324 -2.452 4.355 -1.454 -2.874 -1.888 -0.981 -1.259 -2.62 -2.012 -2.179
267 D -1.703 -0.668 2.677 5.069 -2.3 -0.623 0.615 -1.025 -0.239 -2.725 -3.324 0.76 -2.451 -2.88 -2.344 -0.853 -1.251 -3.364 -2.741 -2.769
268 L -1.386 -1.842 -2.903 -3.274 -0.244 -1.823 -2.875 -3.04 -1.648 1.726 3.302 -2.005 4.659 0.571 -3.502 -2.616 -1.386 -1.558 -1.027 0.963
269 T -0.197 -1.177 -0.224 -1.099 0.037 -1.188 -1.463 -1.414 -1.498 -0.309 -1.142 -0.876 -0.617 -1.665 -1.772 0.62 4.485 -2.27 -1.791 0.145
270 F -2.229 -2.743 -2.878 -3.332 -1.278 -3.408 -3.399 -2.921 -0.93 0.395 0.73 -3.082 1.872 6.304 -4.352 -2.967 -2.253 0.57 2.57 -0.357
271 T 0.146 -1.085 -0.051 -0.888 0.024 -1.045 -1.234 -1.056 -1.228 -0.647 -1.411 -0.741 -0.767 -1.752 -1.717 1.667 3.922 -2.356 -1.804 -0.167
272 N -0.385 -0.966 4.174 0.361 -1.205 -0.959 -1.131 2.777 0.09 -2.684 -3.076 -0.661 -2.077 -2.415 -2.394 1.15 -0.354 -2.805 -2.3 -2.336
273 R -1.619 5.663 -0.547 -1.649 -2.344 0.433 -0.645 -2.213 0.014 -2.696 -2.113 1.934 -1.309 -2.557 -2.789 -1.491 -1.539 -2.319 -1.857 -2.247
274 L -0.824 -1.673 -1.407 -2.118 -0.096 -1.855 -2.268 -2.262 -1.913 1.016 2.596 -1.598 1.013 -0.213 -2.574 -0.708 2.809 -1.99 -1.448 0.616
275 L 0.42 -1.593 -1.231 -1.305 -0.669 -1.294 0.11 1.055 -0.511 -0.4 0.265 -1.241 -0.349 2.141 -2.526 -0.772 1.374 -0.744 2.078 -0.437
276 I -1.462 -3.186 -3.347 -3.266 -0.235 -3.294 -3.772 -3.564 -2.796 4.734 1.592 -2.764 1.186 0.133 -3.589 -3.161 -1.16 -2.27 -1.37 2.775
277 W -2.734 -2.468 -3.251 -3.705 -2.419 -2.909 -3.054 -2.45 -1.219 -1.938 -1.735 -2.876 -1.365 1.044 -5.493 -3.44 -2.78 10.695 2.084 -2.312
278 D -0.989 0.134 0.57 4.24 -1.872 1.225 0.681 -1.151 -0.342 -2.479 -2.857 1.901 -1.802 -2.84 -2.086 0.134 -0.935 -3.027 -2.346 -2.341
279 N -1.745 -0.5 5.815 1.197 -1.931 -0.612 -0.81 -0.239 0.884 -2.797 -3.236 -0.381 -2.246 -2.459 -2.672 -0.203 -0.536 -3.051 -2.154 -2.645
280 A 4.113 -1.569 -1.747 -1.772 0.595 -1.405 -1.383 0.289 -1.296 -0.915 -1.406 -0.934 -0.958 -1.933 -1.56 0.37 -0.507 -2.525 -1.84 0.054
281 I -1.114 -2.641 -3.146 -3.264 -0.107 -2.705 -3.318 -3.29 -2.508 3.796 1.986 -2.484 2.446 0.113 -3.481 -2.806 -1.042 -2.121 -1.28 2.953
282 N -0.441 0.16 2.748 -0.181 -0.986 -0.36 -0.633 -0.849 1.88 -0.661 -1.894 1.813 -1.16 -1.983 -2.064 1.122 0.93 -2.576 -1.496 -1.06
283 A 2.543 -1.145 -0.99 -1.069 -0.266 -0.718 0.506 -0.67 4.469 -0.455 -1.371 -0.813 -0.855 -1.516 -2.067 -0.448 -0.977 -2.233 -0.513 0.561
284 I -1.374 -2.947 -3.021 -3.095 -0.217 -3.07 -3.535 -3.365 -2.67 4.46 1.738 -2.589 1.165 0.092 -3.441 -2.714 -0.252 -2.233 -1.379 2.579
285 S 0.855 1.536 -0.444 -1.023 -0.564 1.096 -0.534 -0.979 -0.577 0.305 -1.251 1.219 -0.665 -1.856 -2.015 1.327 0.424 -2.462 -1.718 -0.312
286 L 0.475 -0.536 -1.004 -0.572 -0.793 -0.323 1.569 -1.565 1.62 0.841 0.8 0.791 -0.027 -1.074 -2.296 -0.058 -0.899 -2.273 -1.311 -0.009
287 N -1.249 1.068 4.055 0.415 -1.947 0.181 -0.195 -0.723 0.39 -2.438 -2.696 3.063 -1.69 -2.618 -2.138 -0.51 -0.785 -2.786 -1.961 -2.302
288 P -0.986 -2.069 -2.19 -1.895 -1.165 -2.083 -1.911 -2.122 -1.757 -0.817 0.343 -1.318 -0.788 -1.915 6.061 -1.743 -1.415 -3.713 -2.264 -1.17
289 L -1.587 -2.54 -3.008 -3.383 -0.633 -2.928 -3.257 -3.186 -0.914 2.137 2.123 -2.675 0.961 3.945 -3.764 -2.933 -1.639 -0.093 2.811 1.62
290 F -1.003 0.17 -1.551 -2.009 -0.856 0.504 -1.472 -2.197 -0.933 1.728 0.102 -0.126 0.101 3.68 -3.051 -0.554 -1.029 -1.003 0.624 1.188
291 G 0.005 -2.442 -0.525 -1.408 -1.405 -2.28 -2.707 5.888 -1.561 -3.3 -3.546 -1.736 -2.752 -2.763 -2.864 -1.087 -2.004 -2.525 -3.233 -2.949
292 Y -1.836 -1.478 -1.412 -2.493 -1.704 -1.45 -1.942 -2.702 4.928 -0.647 0.201 -1.701 -0.336 2.377 -3.291 -2.357 -2.138 1.294 5.686 -1.05
293 G 0.005 -2.442 -0.525 -1.408 -1.405 -2.28 -2.707 5.888 -1.561 -3.3 -3.546 -1.736 -2.752 -2.763 -2.864 -1.087 -2.004 -2.525 -3.233 -2.949
294 L -1.319 0.97 -0.305 -2.262 -0.714 -1.456 -2.162 -2.636 -0.65 2.384 1.328 -0.134 2.056 0.43 -3.189 -2.183 -1.236 -1.089 1.803 1.639
295 L -1.331 -1.574 -2.569 -2.83 -0.373 0.365 -2.072 -2.984 -1.592 2.227 3.038 -1.594 3.067 0.247 -3.359 -2.532 -1.335 -1.831 -1.166 1.432
296 T -0.613 -0.688 -0.687 -1.376 -0.667 1.498 -0.801 -1.694 1.951 -0.272 -0.191 -0.54 2.735 -0.042 -2.402 0.233 1.6 -0.986 1.91 -0.342
297 S 0.113 -0.827 1.666 -0.445 -0.729 0.839 -0.729 1.466 -0.285 -1.848 -1.986 -0.497 -1.186 1.431 -2.175 2.061 -0.013 -1.908 -0.727 -1.61
298 D -0.553 -1.112 2.551 3.687 -1.05 -0.852 -0.062 -0.761 -0.383 -1.964 -2.614 -0.659 -1.771 -2.36 -2.082 1.21 1.376 -2.964 -2.313 -1.662
299 D -1.175 -0.178 -0.245 2.775 -1.76 1.805 1.74 -1.832 0.155 -0.85 -1.736 1.059 -1.071 -0.768 -2.386 -1.244 -1.285 -1.427 1.647 -0.045
300 A 2.015 -1.767 0.808 -1.677 0.079 -1.7 -1.982 -1.018 -1.325 1.807 0.22 -1.434 1.761 -0.907 -2.474 -0.811 -0.665 -2.369 -1.564 2.078
301 V 1.406 -2.258 -2.575 -2.79 0.099 -2.259 -2.502 -1.827 -1.308 2.411 0.36 -1.974 0.305 0.193 -2.78 -1.483 -0.764 -1.272 1.779 3.09
302 E -1.159 1.724 1.666 1.041 -1.835 1.512 1.6 -1.475 3.171 -2.212 -2.365 1.422 -1.36 -2.3 -2.247 -0.713 0.398 -2.407 -1.17 -1.906
303 L -1.219 -1.614 -2.08 -2.485 -0.496 0.336 -1.932 -2.779 -0.878 2.442 2.111 -1.512 0.962 0.575 -3.09 -1.925 0.357 -1.047 1.824 1.469
304 L -1.714 -2.351 -3.38 -3.665 -0.363 -2.853 -3.412 -3.399 -2.165 1.753 3.899 -2.654 1.866 2.506 -3.782 -3.227 -1.753 -1.276 -0.227 0.862
305 G 0.005 -2.442 -0.525 -1.408 -1.405 -2.28 -2.707 5.888 -1.561 -3.3 -3.546 -1.736 -2.752 -2.763 -2.864 -1.087 -2.004 -2.525 -3.233 -2.949
306 N -1.556 -0.675 4.334 0.211 -1.338 1.001 -0.866 -1.049 0.212 0.74 0.299 -0.544 -0.333 -1.335 -2.838 -0.887 -0.826 -2.588 -1.745 -0.36
307 F -1.344 -2.514 -2.186 -2.654 -0.843 -2.864 -2.881 -2.488 -0.882 2.175 0.531 -2.455 0.278 4.957 -3.552 -0.72 -1.302 -0.01 2.472 0.748
308 G -0.247 -1.722 1.586 -0.755 -1.253 -1.636 -1.728 3.777 -0.938 -2.736 -3.099 -1.116 -2.34 -2.759 3.404 0.221 -1.008 -3.081 -2.678 -2.421
309 G -0.339 -1.173 2.951 0.169 -1.41 -0.782 0.572 3.821 -0.25 -2.865 -3.151 -0.687 -2.21 -2.543 -2.445 0.405 -0.875 -2.667 -2.48 -2.474
310 Y -1.562 -2.177 -2.136 -2.877 -1.547 -2.224 -2.719 0.973 0.94 0.695 -0.736 -2.137 -0.646 2.256 -3.563 -2.445 -2.049 5.682 5.396 -0.347
311 L -1.524 -2.751 -3.383 -3.439 -0.228 -3.03 -3.595 -3.515 -2.612 3.826 2.978 -2.669 1.594 0.42 -3.625 -3.189 -1.359 -2.021 -1.263 2.156
312 W -2.259 0.913 -2.187 -2.721 -2.217 0.414 -1.726 -2.35 -0.699 -1.685 -1.421 -1.033 -1.01 2.329 -4.314 -2.642 -2.293 9.37 1.641 -1.972
313 K -0.624 0.785 -0.464 -1.009 -1.039 -0.14 -0.516 -1.481 -0.873 -1.361 -1.872 3.078 -1.141 -2.419 1.646 -0.317 2.254 -2.669 -1.935 -1.052
314 G 0.928 -1.961 -0.57 -1.369 -0.677 -1.854 -2.163 4.701 -1.511 -1.916 -2.449 -1.391 -1.819 -2.341 -2.371 -0.366 1.356 -2.459 -2.613 -1.402
315 A 3.815 -1.676 -1.878 -1.92 0.555 -1.536 -1.541 0.031 -1.461 -0.046 -1.005 -1.087 -0.682 -1.707 -1.725 0.14 -0.511 -2.518 -1.777 1.08
316 T -0.197 -1.177 -0.224 -1.099 0.037 -1.188 -1.463 -1.414 -1.498 -0.309 -1.142 -0.876 -0.617 -1.665 -1.772 0.62 4.485 -2.27 -1.791 0.145
317 H -1.792 -0.442 0.375 -1.046 -2.419 -0.25 -0.585 -1.782 8.144 -2.746 -2.68 -0.85 -1.346 -0.938 -2.834 -1.664 -2.311 -1.539 1.582 -3.12
318 C 2.638 -2.349 -2.325 -2.51 7.884 -2.28 -2.407 -0.709 -2.036 -0.865 -1.273 -1.849 -1.059 -2.021 -2.298 -0.501 -0.92 -2.895 -2.314 -0.207
319 H -1.792 -0.442 0.375 -1.046 -2.419 -0.25 -0.585 -1.782 8.144 -2.746 -2.68 -0.85 -1.346 -0.938 -2.834 -1.664 -2.311 -1.539 1.582 -3.12
320 N -1.397 -1.073 4.832 1.369 5.911 -1.137 -1.161 -0.685 0.199 -2.162 -2.572 -0.906 -1.963 -2.399 -2.795 -0.571 -0.785 -3.149 -2.374 -1.954
321 Q -1.153 0.5 1.657 0.051 -2.096 4.11 1.717 -1.437 3.359 -2.493 -2.355 0.719 -0.909 -2.569 -2.32 -0.845 -1.155 -2.276 -0.92 -2.136
322 L -1.805 -2.532 -3.118 -3.463 -0.669 -2.956 -3.361 -3.291 -1.047 2.245 2.72 -2.698 1.224 3.735 -3.821 -3.096 -1.796 -0.236 2.542 0.979
323 L -1.626 -2.271 -3.447 -3.705 -0.235 -2.725 -3.39 -3.467 -2.398 1.92 4.172 -2.563 2.048 0.748 -3.689 -3.243 -1.665 -1.735 -1.141 1.021
324 Q -1.143 0.627 2.736 0.063 -1.98 4.464 0.905 -1.172 0.736 -2.436 -2.325 0.826 -0.837 -2.886 -2.339 -0.667 -0.92 -2.446 -1.547 -2.047
325 V -0.719 -2.616 -3.152 -3.333 0.081 -2.789 -3.188 -3.209 -2.839 3.233 1.947 -2.542 1.119 -0.094 -3.394 -2.654 -0.831 -2.282 -1.326 3.672
326 G 1.309 -2.176 -1.884 -2.317 -0.365 -2.168 -2.537 2.488 -1.548 1.16 0.922 -1.836 1.776 1.866 -2.834 -1.284 -1.351 -1.601 -0.638 0.334
327 F -1.994 -2.764 -2.851 -3.342 -1.221 -3.419 -3.325 -2.977 -0.495 0.621 0.385 -3.044 0.109 5.996 -4.184 -2.933 -2.101 0.761 3.548 0.666
328 Q -0.972 0.803 -0.207 -0.129 -2.054 4.886 2.014 -1.619 0.64 -2.386 -2.156 1.074 -0.626 -2.997 -2.201 -0.844 -1.099 -2.294 -1.441 -1.913
329 G 0.26 -1.783 -0.225 -1.063 -0.793 -1.644 -1.886 4.712 -1.264 -2.391 -2.827 -1.222 -1.985 -2.409 -2.337 1.044 0.64 -2.518 -2.621 -1.935
330 G 0.005 -2.442 -0.525 -1.408 -1.405 -2.28 -2.707 5.888 -1.561 -3.3 -3.546 -1.736 -2.752 -2.763 -2.864 -1.087 -2.004 -2.525 -3.233 -2.949
331 L -1.475 -2.425 -3.136 -3.401 -0.359 -2.628 -3.267 -3.352 -1.35 3.006 2.866 -2.459 2.056 0.983 -3.571 -2.976 -1.437 -0.958 1.86 1.843
332 L -1.097 -2.682 -3.269 -3.391 -0.073 -2.908 -3.386 -3.361 -2.725 3.539 2.525 -2.607 1.367 0.173 -3.511 -2.913 -1.088 -2.15 -1.296 3.004
333 G 0.885 -2.047 -0.996 -1.683 -0.55 -1.994 -2.282 4.128 -1.581 -0.465 0.422 -1.581 -0.555 -1.409 -2.62 -0.001 -1.096 -2.369 -2.239 -0.2
334 L -1.315 -2.601 -2.71 -3.126 -0.555 -2.983 -3.327 0.63 -1.943 2.04 2.415 -2.636 1.015 3.418 -3.682 -2.722 -1.636 -1.055 0.325 1.484
335 L -0.999 -2.725 -2.76 -3.098 4.326 -2.915 -3.42 0.638 -2.536 2.867 2.22 -2.564 0.972 -0.16 -3.438 -2.539 -1.344 -2.251 -1.625 1.965
336 L -0.434 -2.735 -3.111 -3.288 4.337 -3.002 -3.357 -2.785 -2.328 2.886 2.06 -2.637 0.971 2.139 -3.451 -2.488 -1.306 -1.668 -0.453 2.01
337 Y -1.42 -1.786 -1.638 -2.488 -1.202 -1.862 -2.276 -2.519 1.167 -0.581 -0.797 -1.777 -0.604 3.468 -3.009 -1.411 1.228 1.406 5.667 -0.655
338 L 0.072 -2.412 -3.033 -3.304 4.323 -2.793 -3.141 -2.423 -1.971 1.131 2.94 -2.496 1.193 2.895 -3.395 -2.262 -1.583 -1.267 -0.018 0.494
339 L -0.382 -2.093 -1.977 -2.548 -0.504 -2.316 -2.545 -2.214 -1.219 1.156 0.863 -2.035 0.217 2.922 -3.099 -1.355 1.371 5.051 1.687 1.136
340 I -1.071 -2.857 -3.251 -3.312 -0.073 -3.013 -3.454 -3.378 -2.804 4.009 1.895 -2.645 1.184 0.044 -3.493 -2.899 -1.004 -2.257 -1.34 3.223
341 Y -1.538 -2.419 -2.697 -3.238 4.208 -2.487 -3.037 -3.089 0.517 2.269 0.635 -2.365 0.183 2.026 -3.471 -2.633 -1.691 0.75 4.976 0.883
342 V -1.055 -2.62 -2.803 -3.139 -0.346 -2.778 -3.194 -0.7 -1.393 3.073 1.488 -2.497 0.791 1.679 -3.471 -2.652 -1.219 -0.943 1.989 2.714
343 I -1.083 -0.02 -1.634 -1.972 -0.732 -0.981 -1.457 -2.403 -1.536 2.953 0.798 2.243 0.42 -0.774 -2.64 -1.779 -0.223 -2.375 -1.559 1.636
344 G 0.746 -1.741 1.163 -1.263 4.331 -1.738 -1.954 1.258 -1.292 0.616 -0.245 -1.404 -0.491 -1.428 -2.47 0.248 0.74 -2.572 -1.977 0.87
345 L -0.025 -2.535 -2.955 -3.197 -0.464 -2.96 -3.122 -2.471 -1.68 1.879 2.205 -2.577 0.94 4.276 -3.532 -2.367 -1.592 -0.658 0.968 1.143
346 W -0.78 -0.92 -1.329 -1.914 -0.972 -1.285 -1.656 -1.741 -0.407 0.665 -0.431 0.361 1.502 0.501 -2.914 0.458 -0.829 6.848 2.292 -0.264
347 C -0.897 0.118 1.049 -1.369 5.955 -0.814 -1.262 -1.78 -1.069 0.001 0.21 2.283 -0.373 -1.577 -2.59 -1.396 -1.105 -2.683 -1.947 0.486
348 C 0.884 -2.179 -1.631 -2.157 7.866 -2.172 -2.363 -1.292 -1.91 -0.516 0.146 -1.849 -0.507 -1.521 -2.552 0.773 -0.547 -2.798 -2.2 -0.363
349 K -0.859 1.648 -0.916 -0.545 -1.418 -0.001 1.639 0.921 -0.676 0.735 -1.075 1.991 -0.757 -1.852 -2.421 -1.377 -1.267 -2.472 -1.899 0.596
350 K -0.19 2.2 0.662 -0.923 -1.329 0.117 -0.383 -1.372 1.766 -1.195 -1.803 3.223 -1.063 -2.228 -2.055 -0.72 0.484 -2.472 -1.456 -0.563
351 Y -1.572 -0.624 0.077 -1.9 -1.393 0.038 -1.466 -2.295 0.701 -0.222 0.376 0.594 1.817 3.067 -3.078 -1.918 -1.609 0.541 4.314 -0.645
352 W -2.24 0.653 -2.769 -3.3 -1.693 -2.229 -2.722 -2.649 -1.301 0.658 0.404 -1.6 -0.267 0.625 -4.482 -3.056 -2.205 9.359 1.198 -0.493
353 K -0.898 1.853 0.932 1.454 -1.749 -0.108 -0.205 -1.303 3.037 -2.431 -2.597 2.363 -1.642 -2.452 1.55 0.038 -0.977 -2.736 -1.325 -2.263
354 D -1.041 -1.214 3.346 3.732 -1.544 -0.983 -0.196 1.412 -0.223 -2.346 -2.962 -0.781 -2.143 -2.539 -2.377 0.02 0.58 -3.031 -2.531 -2.148
355 P -0.432 1.641 -0.601 -1.077 -1.137 -0.456 -0.758 -1.369 -0.822 -1.957 -2.277 1.977 -1.513 -2.63 3.694 0.6 0.713 -3.019 -2.092 -1.622
356 I -1.296 -1.873 0.745 -1.804 4.27 0.24 -2.051 -2.456 -1.431 3.549 0.691 -1.592 0.5 -0.603 -3.224 -2.076 -1.09 -2.472 -1.613 1.784
357 A 3.488 -1.603 -1.481 -1.695 0.331 -1.511 -1.47 -0.027 -1.142 -0.86 -1.188 -1.065 -0.835 1.523 -1.802 0.804 -0.453 -1.855 -0.653 -0.168
358 Q -1.117 2.983 -0.266 -0.699 -2.079 4.518 0.929 -1.713 0.531 -2.414 -2.085 1.358 -0.672 -2.914 -2.364 -0.989 -1.172 -2.282 -1.484 -1.961
359 L -0.829 -2.207 -2.158 -2.632 -0.037 -2.358 -2.758 -2.73 -2.363 2.86 2.001 -2.062 0.994 -0.186 -2.965 -1.548 1.528 -2.173 -1.409 2.524
360 L 0.37 -2.336 -2.284 -2.776 4.287 -2.375 -2.781 0.893 -0.484 1.434 0.736 -2.121 0.05 0.856 -3.056 -1.791 -1.382 -0.427 3.223 1.205
361 L -0.317 -1.666 -1.139 -1.761 -0.221 -1.666 -1.941 -1.677 -1.311 1.489 1.079 -1.45 1.939 1.946 -2.6 1.038 0.9 -1.599 -0.438 0.939
362 F -1.955 -2.552 -2.924 -3.361 -1.101 -2.881 -3.205 -3.102 -0.25 2.068 1.181 -2.661 0.431 3.91 -3.955 -3.018 -1.945 5.235 3.875 0.678
363 G 1.529 -2.354 -1.28 -1.899 4.261 -2.311 -2.517 4.159 -1.545 -1.626 -1.824 -1.806 -1.544 1.409 -2.667 -0.878 -1.524 -1.913 -1.128 -1.28
364 L -1.372 -2.619 -3.271 -3.464 -0.26 -2.98 -3.418 -3.338 -2.351 2.965 2.857 -2.687 1.427 2.323 -3.668 -3.023 -1.37 -1.492 -0.298 2.305
365 F 0.116 -2.433 -2.137 -2.56 -0.753 -2.827 -2.696 -1.911 -1.087 1.104 0.238 -2.359 0.027 5.403 -3.365 -0.565 -1.344 -0.075 1.83 0.116
366 V 1.75 -2.431 -2.627 -2.731 4.431 -2.42 -2.618 -1.55 -2.314 2.619 0.355 -2.024 0.248 -0.845 -2.68 -1.268 -0.77 -2.528 -1.667 2.625
367 Y -2.082 -2.233 -2.465 -3.213 -1.689 -2.486 -2.819 -2.995 1.231 -0.435 -0.351 -2.416 -0.403 5.014 -3.788 -2.731 -2.277 1.759 5.876 -0.878
368 I -1.089 -2.128 0.919 -1.691 4.293 -2.273 -2.545 -2.121 -1.495 2.567 0.253 -1.899 0.109 1.846 -2.957 -1.189 1.476 -1.828 -0.615 1.172
369 V -0.834 -2.862 -3.176 -3.257 0.02 -2.966 -3.348 -3.29 -2.896 3.976 1.249 -2.615 0.975 -0.159 -3.418 -2.738 -0.831 -2.369 -1.37 3.662
370 I 1.162 -2.349 -2.757 -2.816 -0.006 -2.328 -2.774 -1.949 -2.055 3.37 1.707 -2.014 2.262 -0.129 -2.916 -1.713 -1.034 -2.132 -1.387 1.87
371 G 1.221 -1.708 -0.446 -1.16 4.305 -1.56 -1.695 3.558 -1.233 -2.044 -2.415 -1.168 -1.678 -2.28 -2.178 1.608 -0.35 -2.655 -2.418 -1.473
372 I -1.318 -2.663 -2.581 -2.87 -0.356 -2.734 -3.184 -3.125 -1.423 4.052 1.121 -2.346 0.819 0.627 -3.269 -2.254 0.409 -1.161 1.799 2.249
373 T -0.197 -1.177 -0.224 -1.099 0.037 -1.188 -1.463 -1.414 -1.498 -0.309 -1.142 -0.876 -0.617 -1.665 -1.772 0.62 4.485 -2.27 -1.791 0.145
374 E -1.004 -0.207 -0.423 1.433 -2.496 1.261 4.683 -2.034 0.308 -2.849 -2.788 0.592 -1.838 -2.693 -1.966 -0.876 -1.386 -2.472 -1.993 -2.219
375 V -0.789 -1.488 0.932 -1.551 -0.326 0.432 -1.634 -2.192 -1.333 2.696 0.34 -1.277 0.344 -0.846 -2.883 -1.41 0.668 -2.433 -1.508 2.744
376 L -1.33 0.856 -1.613 -2.407 -0.842 -1.618 -2.172 -2.509 -0.065 0.215 1.382 -1.041 0.305 2.69 -2.989 -1.414 1.297 0.029 3.503 -0.145
377 E -0.789 -0.565 1.464 0.904 -1.638 0.546 3.527 -1.586 0.046 -0.036 -1.726 0.099 -1.212 -2.047 -2.151 0.129 -0.844 -2.532 -1.907 -0.852
378 Y -1.681 -1.164 2.359 -1.106 -1.383 -0.158 -1.56 -1.889 2.386 -0.31 0.566 -1.195 1.644 2.101 -3.164 -1.635 -1.439 0.153 3.954 -0.754
379 P 1.408 -1.262 -1.483 -1.651 -0.398 0.583 -1.168 -1.16 -1.158 -0.318 1.019 -0.842 -0.061 -1.316 3.108 0.09 -0.788 -2.655 -1.769 -0.407
380 L -1.267 -0.951 -2.035 -2.317 -0.565 1.868 -1.169 -2.698 -1.078 1.303 2.917 -0.935 2.594 -0.014 -3.148 -2.194 -1.328 -1.856 -1.177 0.934
381 L -1.374 -1.954 -2.918 -3.239 -0.236 -1.919 -2.94 -3.071 -1.724 2.347 3.048 -2.053 4.477 0.511 -3.495 -2.638 -1.33 -1.625 -1.056 1.285
382 Y -1.641 -0.86 -1.542 -2.132 -1.844 1.931 -0.924 -2.542 1.587 -1.104 -1.102 -0.807 -0.617 3.0 -3.1 -1.992 -1.842 1.451 5.781 -1.215
383 L -1.535 -2.244 -3.188 -3.505 -0.33 -2.569 -3.23 -3.241 -1.972 1.782 3.479 -2.482 2.804 2.53 -3.697 -2.976 -1.581 -1.236 -0.156 1.25
384 L 0.3 -2.454 -2.986 -3.084 -0.036 -2.558 -3.028 -2.518 -2.32 3.313 2.304 -2.263 1.922 0.069 -3.18 -2.216 -1.085 -2.101 -1.325 2.345
385 L -1.596 -2.7 -3.186 -3.441 -0.502 -3.182 -3.454 -3.241 -1.93 2.531 2.444 -2.835 1.175 4.054 -3.848 -3.046 -1.595 -0.765 0.82 1.805
386 I 0.269 -2.613 -2.782 -2.658 -0.311 -2.645 -2.814 -2.335 -2.278 3.524 1.138 -2.06 0.583 -0.482 2.45 -2.044 -1.138 -2.598 -1.633 1.848
387 L -1.406 -2.302 -3.379 -3.633 -0.158 -2.711 -3.325 -3.4 -2.465 2.087 3.886 -2.544 1.911 0.618 -3.621 -3.103 -1.48 -1.816 -1.164 1.75
388 P -0.997 -2.166 -2.185 -1.884 -1.224 -2.08 -1.95 -2.147 -1.761 0.392 -1.163 -1.337 0.193 -2.232 6.117 -1.737 -1.367 -3.853 -2.342 -0.611
389 L -1.62 -2.329 -2.858 -3.42 4.373 -2.616 -3.121 -3.052 -0.024 0.688 2.243 -2.504 0.757 3.119 -3.629 -2.733 -1.877 0.425 4.149 0.068
390 F -1.63 -1.193 -2.104 -2.665 -1.104 -1.869 -2.26 -2.702 0.014 0.836 1.305 0.143 0.354 3.928 -3.28 -2.189 -0.644 0.405 3.872 -0.005
391 L -1.246 -2.661 -3.309 -3.423 -0.123 -2.921 -3.438 -3.407 -2.661 3.521 2.821 -2.616 1.497 0.299 -3.551 -3.008 -1.199 -2.073 -1.269 2.661
392 G -0.869 -0.811 -0.897 1.42 -1.159 -0.752 0.657 1.067 -1.041 -0.028 -0.081 0.672 1.499 -1.507 1.583 -1.46 -1.295 -2.594 -1.982 0.426
393 K 0.424 0.783 1.725 -0.281 -1.524 1.617 0.728 -1.005 3.403 -2.165 -2.309 2.568 -1.26 -2.314 -2.053 -0.663 -1.082 -2.41 -1.008 -1.805
394 I -1.043 -1.114 1.391 -1.121 -0.729 0.793 -1.259 -1.857 -0.161 1.91 -0.272 -0.894 -0.111 0.051 -2.608 -0.819 1.716 -1.083 1.997 0.723
395 L -1.212 1.388 -1.696 -2.242 -0.613 -1.245 -1.87 -2.559 -1.514 2.362 1.9 0.832 0.791 -0.418 -2.848 -1.696 0.527 -2.146 -1.476 1.066
396 V 0.753 -1.574 1.319 -1.384 -0.105 -1.546 -1.909 -1.369 -1.144 1.578 0.795 -1.358 2.093 -0.708 -2.596 -0.3 0.315 -2.26 -1.495 1.844
397 K -1.071 1.477 1.011 1.884 -1.823 0.028 0.695 -1.424 -0.394 -2.213 -2.502 2.66 -1.678 -2.767 2.003 -0.838 -0.119 -2.943 -2.16 -2.006
398 V 0.072 -0.695 -1.432 -0.868 4.739 -0.593 1.264 -1.928 -1.198 1.376 -0.505 0.855 -0.377 -1.477 -2.416 -1.151 -0.009 -2.545 -1.832 1.282
399 D -1.455 2.381 0.487 4.143 -2.269 -0.026 0.528 -1.409 -0.353 -2.552 -2.788 2.329 -1.91 -2.834 -2.211 -1.058 -1.36 -2.964 -2.387 -2.479
400 N -0.842 -0.592 2.938 1.321 -1.064 -0.856 -0.829 -1.048 0.131 -0.747 0.437 0.393 -0.422 -0.366 -2.464 0.494 -0.564 -1.535 1.19 -1.059
401 K -0.335 0.754 3.069 0.11 -1.209 0.029 -0.262 -0.599 0.079 -2.261 -2.556 2.646 -1.505 -2.438 -1.901 1.266 -0.168 -2.711 -1.902 -1.956
402 H -1.161 0.919 0.04 -0.182 -2.193 0.594 1.578 -1.589 5.6 -2.445 -2.461 2.58 -1.33 -1.825 -2.102 -1.113 -1.529 -2.025 0.096 -2.393
403 L -1.286 1.83 -1.91 -2.575 5.331 -1.274 -2.002 -2.565 -0.301 0.804 1.031 0.48 0.142 0.566 -3.072 -2.066 -1.527 -0.673 2.649 0.024
404 K -0.394 0.42 2.179 -0.398 -0.918 0.906 -0.378 -1.062 -0.254 -0.214 -1.413 2.097 -0.77 -1.967 -2.144 0.581 -0.335 -2.597 -1.715 0.704
405 I -1.665 -2.264 -2.19 -2.805 -0.888 -2.34 -2.738 -3.017 3.012 3.017 0.675 -2.252 0.464 2.791 -3.489 -2.711 -1.615 0.062 3.575 1.451
406 G -0.613 0.458 -0.66 -1.041 -1.696 1.053 -0.458 2.441 -0.676 -2.463 -2.63 2.443 -1.698 -2.95 3.079 -1.063 -1.359 -2.884 -2.238 -2.241
407 G 0.187 0.816 -0.214 -1.076 -1.028 -1.293 -1.703 4.662 -0.995 -2.793 -2.969 -0.571 -2.062 -2.487 -2.422 0.8 -0.859 -2.476 -2.583 -2.337
408 L -1.428 -1.899 0.552 -2.159 -0.356 -1.977 -2.703 -2.597 -1.417 2.594 2.702 -1.913 3.24 0.289 -3.378 -2.302 -1.191 -1.853 -1.197 1.37
409 F -1.504 0.1 -0.454 2.34 -1.911 -0.431 0.807 -1.809 -0.436 -1.247 -1.19 2.042 -0.963 3.603 -2.563 -1.472 -1.587 -1.06 0.579 -1.592
410 F -2.313 -2.875 -2.839 -3.293 -1.353 -3.843 -3.461 -2.853 -0.807 0.298 0.586 -3.283 0.223 6.48 -4.427 -3.009 -2.349 0.873 2.952 -0.486
411 G -1.109 1.404 -0.698 1.801 -1.379 -0.734 0.9 1.447 -0.806 -0.307 0.406 -0.358 -0.416 0.905 -2.808 -1.575 -1.529 -1.977 -1.123 -0.148
412 G 1.537 -0.949 1.675 0.671 -0.899 -1.03 -1.048 2.974 3.21 -2.166 -2.519 0.026 -1.742 -2.149 -2.268 -0.499 -1.199 -2.477 -1.356 -1.653
413 G 0.495 -0.46 1.538 1.137 -1.361 -0.191 1.795 2.118 -0.371 -0.866 -2.111 0.973 -1.537 -2.303 -2.233 -0.732 -1.189 -2.627 -2.195 -1.245
414 N -0.943 1.643 2.089 -0.756 -0.987 1.124 -0.696 -1.583 -0.386 0.159 -0.315 1.211 -0.375 -1.635 -2.503 -0.878 0.661 -2.458 -1.674 0.985
415 L -1.378 -0.325 -1.203 -0.976 -1.384 -0.483 1.128 -2.311 3.064 0.027 0.953 1.229 0.058 2.709 -2.799 -1.836 -1.614 -1.271 0.405 -0.05