#Seq2Logo.py -f /work3/idamei/wzy_ssn/run/1e-50/run/150/MSAs/0013_48.afa -o /work3/idamei/wzy_ssn/run/1e-50/run/150/logos/0013_48.logo
Last position-specific scoring matrix computed, values are in halfbits
A R N D C Q E G H I L K M F P S T W Y V
0 L -1.144 -1.447 -2.424 -2.878 -0.232 -1.115 -2.417 -2.647 -1.032 1.539 2.071 -1.516 5.915 0.404 -3.306 -2.08 -1.11 -1.37 -0.896 0.926
1 Y -1.785 -1.917 -2.431 -3.203 -1.303 -2.018 -2.614 -3.081 1.433 0.149 1.314 -2.056 0.273 2.852 -3.441 -2.644 -1.996 1.67 5.976 -0.344
2 L -1.48 -2.766 -3.342 -3.381 -0.193 -3.025 -3.581 -3.485 -2.598 3.891 2.82 -2.645 1.582 0.421 -3.584 -3.15 -1.297 -2.015 -1.24 2.277
3 L -1.953 -2.562 -3.143 -3.506 -0.741 -3.231 -3.435 -3.16 -1.519 1.226 2.838 -2.904 1.283 4.944 -4.038 -3.137 -1.991 -0.179 1.535 0.368
4 R -0.23 2.76 -0.113 -0.891 -0.845 -0.027 -0.526 -1.176 -0.495 -1.609 -1.909 2.19 -1.069 -2.205 -1.894 1.094 1.703 -2.417 -1.798 -1.183
5 N -0.766 -0.795 4.216 3.095 -1.376 -0.663 -0.176 -0.398 0.285 -2.536 -3.04 -0.46 -2.041 -2.425 -2.24 1.1 -0.234 -3.025 -2.238 -2.294
6 N -0.598 -0.458 4.111 0.993 -1.383 0.016 1.718 -0.539 0.481 -2.545 -2.855 -0.061 -1.83 -2.358 -2.136 1.12 -0.216 -2.749 -1.99 -2.131
7 L -1.595 -1.936 2.105 -1.406 -0.762 -2.258 -2.497 -2.116 -0.894 1.835 1.729 -1.963 0.661 3.29 -3.469 -1.997 -1.254 -1.154 0.35 1.173
8 I -1.124 -2.734 -3.242 -3.323 -0.062 -2.939 -3.417 -3.358 -2.697 3.764 2.353 -2.596 1.374 0.208 -3.484 -2.919 -1.06 -2.131 -1.269 2.944
9 L -1.542 -2.432 -3.38 -3.547 -0.193 -2.815 -3.439 -3.449 -2.451 2.892 3.658 -2.57 1.897 0.648 -3.622 -3.18 -1.488 -1.818 -1.154 1.611
10 L 1.051 -2.037 -2.877 -3.046 0.038 -2.292 -2.702 -1.947 -2.039 1.471 3.417 -2.019 1.58 0.317 -2.951 -1.801 -1.287 -1.871 -1.259 0.85
11 F -1.778 -3.007 -3.081 -3.289 -0.708 -3.523 -3.582 -3.178 -1.668 3.095 1.093 -3.0 0.719 4.872 -3.96 -3.051 -1.651 -0.332 1.49 1.736
12 F -1.089 -2.232 -1.638 -2.239 -0.982 -2.674 -2.474 -1.941 -0.774 -0.177 0.025 -2.251 -0.131 5.799 -3.418 0.202 -1.136 0.261 2.242 -0.727
13 L -1.674 -2.838 -3.223 -3.361 -0.454 -3.241 -3.579 -3.335 -2.071 3.404 2.298 -2.811 1.256 3.45 -3.782 -3.128 -1.521 -1.025 0.445 1.845
14 L -1.718 -2.606 -3.247 -3.47 -0.454 -3.089 -3.484 -3.312 -1.988 2.647 2.986 -2.758 1.494 3.504 -3.809 -3.148 -1.658 -0.93 0.477 1.344
15 H -1.776 -0.695 -0.045 -1.398 -2.22 -0.535 -0.909 -2.003 7.36 -2.116 -2.116 -1.048 -1.148 0.836 -2.927 -1.814 -2.234 -0.015 3.93 -2.412
16 I -1.228 -2.513 -2.583 -2.865 -0.151 -2.688 -3.158 -3.058 -2.421 3.709 2.271 -2.302 1.278 0.146 -3.212 -2.15 0.601 -2.084 -1.327 2.161
17 L 1.224 -2.291 -2.683 -2.894 3.869 -2.479 -2.678 -1.745 -1.952 1.394 1.669 -2.141 0.65 2.261 -2.912 -1.526 -1.057 -1.556 -0.278 1.874
18 L -1.353 -2.467 -3.162 -3.466 -0.311 -2.929 -3.281 -3.182 -2.026 1.945 2.883 -2.682 1.4 3.46 -3.714 -2.927 -1.455 -0.961 0.477 2.021
19 V -0.627 -2.73 -3.084 -3.213 0.135 -2.833 -3.19 -3.171 -2.885 3.674 1.18 -2.529 0.95 -0.21 -3.326 -2.58 -0.697 -2.357 -1.328 3.814
20 F -2.106 -2.989 -2.998 -3.323 -1.059 -3.729 -3.575 -3.057 -1.239 2.082 0.843 -3.177 0.466 5.853 -4.225 -3.085 -2.031 0.297 2.273 0.72
21 L -1.463 -2.378 -3.035 -3.241 -0.299 -2.468 -3.229 -3.187 -1.917 3.191 2.5 -2.366 3.275 2.031 -3.584 -2.829 -1.339 -1.413 -0.369 1.78
22 G 1.781 -1.401 -0.378 -1.061 -0.067 -1.282 -1.415 2.725 -1.153 -1.377 -1.939 -0.896 -1.253 -2.028 -1.85 1.339 1.737 -2.443 -2.075 -0.74
23 L 1.032 -1.968 -2.535 -2.803 -0.206 -2.057 -2.516 -1.734 -1.318 0.927 2.013 -1.914 3.012 3.35 -3.02 -1.575 -1.31 -0.899 0.452 0.462
24 L 0.954 -2.082 -2.472 -2.853 -0.528 -2.292 -2.519 -1.795 -0.094 0.367 1.484 -2.029 0.419 3.767 -3.04 -1.659 -1.557 0.337 3.674 0.005
25 G 1.428 -2.341 -1.894 -2.259 -0.062 -2.288 -2.535 2.454 -2.026 2.293 0.035 -1.845 -0.026 -0.999 -2.666 -1.204 -0.949 -2.404 -1.819 2.139
26 A 1.59 2.244 -0.907 -1.528 -0.136 -0.817 -1.228 -0.932 -0.962 0.315 -0.91 0.029 -0.52 -1.599 -2.154 0.898 -0.234 -2.443 -1.677 1.388
27 Y -1.32 0.721 -1.093 -1.691 -1.905 -0.25 -0.768 -2.072 1.12 -1.431 -1.542 2.884 -0.983 1.629 -2.437 -1.598 -1.585 0.757 4.887 -1.487
28 L -1.153 2.187 -1.482 -2.259 -0.513 -1.198 -1.93 -2.464 -1.348 0.789 2.487 -0.33 0.966 -0.29 -2.83 -1.33 1.302 -1.959 -1.42 0.29
29 N -1.18 -1.123 4.161 3.025 -1.865 -0.998 -0.514 2.681 0.117 -2.876 -3.352 -0.76 -2.453 -2.62 -2.598 -0.558 -1.034 -2.993 -2.579 -2.751
30 S 0.547 -0.699 2.866 0.174 -0.344 -0.602 -0.639 -0.161 -0.074 -2.134 -2.556 -0.33 -1.444 -2.088 -1.759 2.842 0.666 -2.691 -1.873 -1.604
31 K -0.395 3.115 -0.405 -0.958 -1.86 0.631 0.05 -1.405 -0.255 -2.174 -2.186 4.087 -1.248 -2.724 -1.895 -0.935 -1.158 -2.521 -1.826 -1.918
32 G -0.368 2.08 -0.939 -1.794 -1.023 -1.354 -2.048 4.002 -1.288 -0.102 -1.416 -0.364 -1.09 -1.921 -2.896 -1.422 -1.413 -2.417 -2.262 0.938
33 L -1.489 -2.402 -2.621 -3.023 -0.415 -2.797 -3.137 -2.971 -1.866 2.397 2.575 -2.458 1.239 3.429 -3.472 -2.293 0.16 -0.968 0.437 1.2
34 D -1.827 -1.638 1.149 5.906 -2.422 -0.922 1.0 -1.173 -0.586 -2.775 -3.541 -0.879 -2.747 -2.969 -2.339 -1.002 -1.463 -3.581 -3.093 -2.914
35 R -0.904 3.37 2.179 -0.7 -1.512 -0.299 -0.926 -1.31 0.66 -2.082 -2.048 0.643 -1.307 -0.056 -2.545 0.455 -0.717 -0.753 2.639 -1.819
36 V -1.054 -2.85 -3.093 -3.25 -0.186 -3.103 -3.355 -3.186 -2.341 3.482 1.146 -2.719 0.857 2.898 -3.574 -2.775 -1.056 -1.378 0.131 3.142
37 G -0.453 -2.1 -1.084 -1.829 -0.79 -2.213 -2.463 3.48 -1.379 -0.393 0.752 -1.808 -0.234 2.629 -2.924 -0.283 -0.191 -1.336 -0.244 -0.794
38 V -0.472 -2.212 -1.995 -2.562 4.263 -2.333 -2.712 -0.027 -2.36 1.722 1.393 -2.064 0.555 -0.615 -2.902 -1.395 1.132 -2.322 -1.631 2.502
39 L -1.691 -2.743 -3.245 -3.414 -0.45 -3.175 -3.545 -3.339 -2.062 3.143 2.632 -2.789 1.365 3.403 -3.792 -3.144 -1.576 -1.025 0.4 1.658
40 L -0.536 -2.098 -1.987 -2.394 -0.052 -2.128 -2.508 -2.322 -1.963 2.967 1.884 -1.892 1.853 -0.101 -2.959 -0.122 -0.53 -2.144 -1.335 2.335
41 V 1.119 -1.98 -2.09 -2.42 0.164 -1.903 -2.308 -1.734 -1.913 2.422 0.738 -1.698 2.314 -0.545 -2.634 -0.831 0.487 -2.203 -1.408 2.614
42 L 0.813 -2.081 -1.687 -2.233 -0.244 -2.209 -2.427 1.584 -1.675 0.754 0.949 -1.834 0.153 2.343 -2.741 -1.031 0.764 -1.48 -0.3 1.209
43 L -1.262 -2.29 -2.551 -2.928 -0.167 -2.543 -3.05 -3.013 -2.326 2.992 2.966 -2.241 1.473 0.271 -3.218 -2.093 0.714 -1.969 -1.296 1.652
44 L -1.06 -2.16 -2.062 -2.668 4.985 -2.458 -2.816 -2.483 -1.907 0.825 2.237 -2.17 0.808 2.528 -3.062 -1.415 1.425 -1.401 -0.217 0.364
45 F 0.244 -2.111 -2.325 -2.902 -1.133 -2.29 -2.523 -2.1 0.9 -0.465 -0.447 -2.113 -0.448 4.611 -3.273 -1.914 -1.88 1.35 5.283 -0.67
46 L -0.642 -2.59 -3.185 -3.311 -0.028 -2.806 -3.261 -3.104 -2.63 3.361 2.538 -2.506 1.365 0.167 -3.402 -2.698 -1.061 -2.123 -1.285 2.884
47 L -1.237 -2.495 -3.27 -3.438 -0.11 -2.761 -3.339 -3.351 -2.532 3.119 3.077 -2.534 1.926 0.385 -3.538 -2.961 -1.232 -1.974 -1.217 2.466
48 L -1.494 -2.827 -3.359 -3.384 -0.214 -3.071 -3.618 -3.51 -2.636 4.023 2.718 -2.674 1.524 0.374 -3.601 -3.167 -1.298 -2.059 -1.271 2.321
49 N -0.796 -1.347 3.187 2.094 -0.834 -1.261 -0.916 -1.096 -0.457 1.33 -0.836 -1.029 -0.655 -1.458 -2.593 0.316 -0.429 -2.794 -1.923 1.121
50 F -1.721 -2.555 -2.873 -3.35 -0.905 -3.047 -3.201 -3.041 -0.511 1.08 1.427 -2.784 0.555 5.084 -3.919 -2.872 -1.844 0.485 3.461 1.174
51 S 0.74 -1.377 -0.595 -1.301 -0.352 -1.357 -1.441 -0.986 -0.123 -0.913 -1.17 -1.078 -0.752 2.66 -2.176 1.668 1.29 -0.428 2.709 -0.71
52 R -1.598 5.626 -0.526 -1.628 -2.323 0.454 -0.625 -2.192 0.035 -2.675 -2.092 1.955 -1.288 -2.536 -2.768 -1.47 -1.518 -2.298 -1.836 -2.226
53 T -0.629 -0.686 1.912 -0.513 -0.722 1.225 -0.691 -1.259 -0.524 -1.181 -1.787 -0.367 -1.044 -2.215 2.184 0.014 2.842 -2.66 -1.886 -0.786
54 G 0.026 -2.421 -0.504 -1.387 -1.384 -2.259 -2.686 5.869 -1.54 -3.279 -3.525 -1.715 -2.731 -2.742 -2.843 -1.066 -1.983 -2.504 -3.212 -2.928
55 L -1.814 -2.209 -2.876 -3.421 -0.857 -2.543 -3.045 -3.202 0.051 0.983 2.684 -2.439 1.084 3.481 -3.696 -2.941 -1.929 0.575 4.202 0.239
56 G 0.026 -2.421 -0.504 -1.387 -1.384 -2.259 -2.686 5.869 -1.54 -3.279 -3.525 -1.715 -2.731 -2.742 -2.843 -1.066 -1.983 -2.504 -3.212 -2.928
57 V -0.297 -2.55 -2.993 -3.228 0.276 -2.651 -2.957 -3.019 -2.979 2.966 0.881 -2.452 0.768 -0.462 -3.235 -2.348 -0.515 -2.451 -1.349 4.289
58 D -1.841 -1.652 1.135 5.926 -2.436 -0.936 0.986 -1.187 -0.6 -2.789 -3.555 -0.893 -2.762 -2.984 -2.353 -1.016 -1.477 -3.595 -3.107 -2.928
59 E -0.983 -0.186 -0.402 1.454 -2.475 1.282 4.638 -2.013 0.329 -2.828 -2.767 0.613 -1.817 -2.672 -1.945 -0.855 -1.365 -2.451 -1.972 -2.198
60 P -0.118 -1.588 -0.944 -1.12 -0.916 -1.468 -1.285 -1.21 -1.236 -2.24 -2.667 -0.844 -2.002 -2.857 5.637 1.18 -0.397 -3.783 -2.375 -1.906
61 T 0.256 -1.217 -0.264 -1.039 0.079 -1.165 -1.323 -1.107 -1.301 0.239 -0.985 -0.875 -0.502 -1.517 -1.874 1.711 3.094 -2.399 -1.712 1.121
62 Y -1.876 -1.841 -2.189 -3.086 -1.816 -1.847 -2.427 -2.996 2.041 -0.867 -0.974 -1.937 -0.746 3.284 -3.397 -2.501 -2.153 2.245 6.785 -1.043
63 L -1.647 1.292 -2.501 -3.13 -0.708 -1.756 -2.548 -3.122 -0.647 1.162 3.168 -1.072 1.358 1.091 -3.453 -2.729 -1.701 -0.622 2.392 0.403
64 E -0.967 0.322 -0.39 1.182 -2.398 1.199 4.235 -1.903 0.232 -2.711 -2.684 1.798 -1.722 -2.704 -1.912 -0.87 -1.327 -2.477 -1.952 -2.175
65 A 2.753 -1.28 -0.72 -1.236 0.343 -1.174 -1.249 -0.242 -1.198 -0.82 -1.435 -0.792 -0.867 -1.835 -1.608 1.254 2.276 -2.434 -1.803 -0.087
66 Y -1.957 -2.0 -2.3 -3.133 -1.749 -2.106 -2.586 -2.986 1.716 -0.657 -0.67 -2.131 -0.579 4.175 -3.555 -2.592 -2.198 2.047 6.404 -0.959
67 K -1.265 2.189 -0.952 -1.549 -1.354 0.565 -0.73 -2.156 2.456 1.972 -0.349 2.403 -0.159 -1.286 -2.566 -1.676 -1.292 -2.288 -1.077 0.497
68 E -1.406 -0.918 2.202 2.353 -1.682 -0.167 2.229 -1.631 0.218 -1.047 0.101 -0.449 -0.718 -0.552 -2.509 -1.066 -0.749 -1.545 1.174 -1.285
69 F -2.125 -2.347 -2.533 -3.228 -1.621 -2.704 -2.933 -2.967 0.932 -0.277 -0.143 -2.565 -0.271 5.403 -3.901 -2.783 -2.29 1.607 5.446 -0.798
70 L -1.292 1.677 -2.014 -2.502 -0.67 -1.195 -1.878 -2.751 -1.506 2.074 2.355 1.043 1.004 -0.259 -3.047 -2.294 -1.321 -2.102 -1.406 1.381
71 N -1.283 -0.379 2.948 -0.219 -1.175 2.256 -0.324 -1.395 0.096 1.811 -0.379 -0.168 -0.096 -1.348 -2.688 -1.059 -0.815 -2.417 -1.518 0.567
72 N -0.422 -0.366 3.406 2.337 -1.192 1.138 0.014 -0.53 0.194 -2.405 -2.763 0.217 -1.627 -2.45 -2.104 1.472 -0.127 -2.838 -2.032 -2.061
73 A 2.11 -1.323 -0.525 -1.163 0.14 -1.231 -1.358 1.245 -1.236 -0.937 -1.573 -0.856 -0.976 -1.888 -1.732 1.181 2.549 -2.416 -1.912 -0.285
74 G -0.009 -1.953 0.001 1.793 -1.237 -1.678 -1.325 4.847 -1.176 -2.937 -3.307 -1.297 -2.43 -2.643 -2.501 0.361 -1.17 -2.678 -2.912 -2.599
75 T 0.12 -1.131 -0.17 0.686 -0.213 -0.789 0.337 -1.145 -1.015 -0.004 -1.219 -0.691 -0.704 -1.672 -1.932 1.569 2.341 -2.497 -1.802 0.906
76 L -0.212 -2.202 -2.55 -2.955 -0.417 -2.527 -2.849 -2.374 -1.523 1.095 2.366 -2.278 1.899 3.999 -3.342 -1.954 -0.283 -0.692 0.821 0.65
77 P -1.329 -1.027 -0.175 1.998 -2.092 -0.451 1.22 -1.746 5.192 -2.632 -2.862 -0.63 -1.97 -2.175 3.786 -1.348 -1.679 -2.765 -0.46 -2.599
78 F -2.398 -2.96 -2.924 -3.378 -1.438 -3.928 -3.546 -2.938 -0.892 0.213 0.501 -3.368 0.138 6.612 -4.512 -3.094 -2.434 0.788 2.867 -0.571
79 E -1.241 -0.597 0.206 3.777 -2.462 0.714 3.849 -1.711 0.051 -2.815 -3.006 0.193 -2.099 -2.772 -2.075 -0.908 -1.402 -2.784 -2.303 -2.421
80 Y -1.957 -2.0 -2.3 -3.133 -1.749 -2.106 -2.586 -2.986 1.716 -0.657 -0.67 -2.131 -0.579 4.175 -3.555 -2.592 -2.198 2.047 6.404 -0.959
81 S 0.862 -1.019 0.297 -0.466 -0.182 -0.849 -0.876 2.085 -0.67 -2.156 -2.553 -0.536 -1.45 -2.117 -1.72 3.065 0.623 -2.595 -2.01 -1.566
82 F -2.199 -2.931 -2.929 -3.368 -1.286 -3.823 -3.503 -2.944 -0.993 0.505 0.528 -3.297 0.184 6.43 -4.407 -3.038 -2.258 0.655 2.715 0.169
83 N -1.027 0.057 4.473 0.385 -1.788 -0.448 -0.765 -0.735 0.888 -2.174 -2.459 1.428 -1.682 -0.405 -2.508 -0.588 -0.855 -1.166 2.222 -2.06
84 F 0.765 -2.183 -1.881 -2.295 -0.327 -2.381 -2.352 -1.597 -1.3 1.373 0.148 -1.98 0.05 4.257 -2.927 -0.027 -0.826 -0.717 1.022 1.363
85 L -1.468 -2.359 -3.202 -3.387 -0.217 -2.529 -3.301 -3.327 -2.22 3.125 3.192 -2.405 2.997 0.516 -3.572 -2.972 -1.375 -1.818 -1.155 1.737
86 Y -2.04 -2.168 -2.414 -3.18 -1.684 -2.389 -2.754 -2.977 1.351 -0.461 -0.395 -2.34 -0.421 4.854 -3.723 -2.686 -2.244 1.836 5.965 -0.877
87 Y -1.79 -1.568 -1.938 -1.719 -1.914 -1.141 0.468 -2.743 1.43 -1.071 -0.818 -1.425 -0.809 2.506 -3.291 -2.267 -2.058 5.586 5.769 -1.242
88 L -1.095 -2.645 -2.863 -3.241 5.82 -2.916 -3.484 0.202 -2.477 2.048 2.732 -2.612 1.118 -0.058 -3.464 -2.525 -1.522 -2.186 -1.658 0.952
89 L -1.654 -2.422 -3.315 -3.584 -0.367 -2.91 -3.407 -3.347 -2.109 2.068 3.564 -2.674 1.73 2.87 -3.77 -3.162 -1.677 -1.161 0.029 1.193
90 S 0.071 1.439 0.325 1.975 -0.897 -0.176 -0.079 -0.747 -0.424 -2.213 -2.501 1.897 -1.467 -2.392 -1.818 2.017 0.029 -2.72 -2.008 -1.814
91 L -1.651 -2.117 1.171 -1.985 -0.601 -2.463 -2.816 -2.529 -1.339 2.274 2.606 -2.178 1.144 2.672 -3.553 -2.385 -1.385 -1.368 -0.088 1.17
92 L 0.56 -2.119 -2.251 -2.617 -0.108 -2.317 -2.623 -2.034 -1.899 2.159 2.306 -1.967 1.003 1.789 -2.865 -1.377 0.755 -1.612 -0.562 1.137
93 G -0.209 -1.773 0.323 3.234 -1.321 -1.403 -0.592 3.983 -0.983 -2.812 -3.269 -1.115 -2.377 -2.653 -2.376 0.582 -0.979 -2.848 -2.843 -2.538
94 V -0.72 -2.791 -3.127 -3.235 0.082 -2.894 -3.262 -3.226 -2.892 3.808 1.209 -2.57 0.959 -0.189 -3.369 -2.652 -0.759 -2.365 -1.349 3.757
95 S -0.103 -0.244 0.914 -0.46 -0.88 2.555 0.004 -0.953 -0.154 -1.959 -2.231 0.111 -1.101 -2.505 2.204 1.441 0.795 -2.713 -1.79 -1.505
96 P -0.567 -1.565 -1.281 -0.777 -1.08 -1.039 0.735 -1.745 -1.157 0.551 -1.395 -0.805 -1.187 -2.125 4.853 0.089 -0.814 -3.322 -2.157 -0.461
97 D -0.544 -0.887 0.384 4.048 -1.898 0.188 2.95 -0.403 -0.21 -2.641 -2.985 -0.141 -2.095 -2.694 -2.074 -0.008 -1.057 -2.896 -2.407 -2.276
98 Y -1.193 -1.517 1.567 -1.347 -1.375 -1.592 -1.856 -1.731 1.177 -1.04 -1.102 -1.463 -0.845 3.5 -3.003 -0.061 -1.115 1.039 5.107 -1.215
99 F -2.398 -2.96 -2.924 -3.378 -1.438 -3.928 -3.546 -2.938 -0.892 0.213 0.501 -3.368 0.138 6.612 -4.512 -3.094 -2.434 0.788 2.867 -0.571
100 N -1.724 -0.479 5.774 1.218 -1.91 -0.591 -0.789 -0.218 0.905 -2.776 -3.215 -0.36 -2.225 -2.438 -2.651 -0.182 -0.515 -3.03 -2.133 -2.624
101 N -0.862 0.476 3.24 -0.024 -1.129 -0.224 -0.575 -0.95 -0.131 -1.546 -2.085 2.289 -1.294 -2.272 -2.021 -0.089 2.071 -2.613 -1.914 -1.241
102 T -0.598 -1.604 -0.87 -1.642 -0.173 -1.695 -1.96 -1.854 -1.496 1.051 -0.182 -1.378 0.457 2.272 -2.312 -0.135 3.43 -1.447 -0.243 0.756
103 I -1.367 -2.715 -3.016 -3.255 -0.438 -2.893 -3.306 -3.285 -1.066 3.498 1.389 -2.584 0.86 2.36 -3.567 -2.882 -1.305 -0.532 2.625 2.463
104 S 0.344 -1.369 -0.375 -0.996 4.998 -1.264 -1.291 -0.88 -1.16 -1.462 -1.96 -0.888 -1.275 -2.144 2.212 2.091 1.485 -2.905 -2.096 -0.998
105 L -0.472 -1.315 1.803 -0.835 -0.477 -1.42 -1.568 -1.22 -0.71 -0.234 0.6 -1.132 -0.122 2.28 -2.428 0.998 1.716 -1.547 -0.268 -0.422
106 L -1.557 -2.481 -3.398 -3.553 -0.214 -2.854 -3.472 -3.473 -2.485 3.012 3.618 -2.597 1.849 0.608 -3.64 -3.199 -1.492 -1.856 -1.183 1.656
107 F -1.958 -2.374 -2.589 -3.207 -1.362 -2.625 -2.96 -3.06 0.807 1.308 0.126 -2.478 -0.032 4.663 -3.754 -2.789 -2.042 1.361 5.291 0.171
108 L -1.29 -2.577 -3.317 -3.453 -0.126 -2.872 -3.415 -3.402 -2.6 3.297 3.08 -2.592 1.611 0.394 -3.559 -3.031 -1.257 -1.999 -1.232 2.444
109 L -0.449 -2.326 -2.735 -3.005 -0.123 -2.565 -3.04 -2.754 -2.307 2.98 2.962 -2.247 1.462 0.262 -3.194 -2.135 0.079 -1.984 -1.298 1.648
110 L -0.282 -2.545 -2.997 -3.227 -0.422 -2.963 -3.173 -2.609 -1.764 2.163 2.327 -2.589 1.062 4.011 -3.552 -2.48 -1.55 -0.758 0.814 1.335
111 L -0.275 -1.723 -1.479 -2.04 -0.053 -1.832 -2.092 -1.863 -1.69 1.381 2.61 -1.603 1.087 -0.115 -2.716 0.863 -0.352 -2.105 -1.375 1.467
112 L -0.633 -1.709 -1.344 -2.019 -0.562 -1.72 -2.039 -1.975 0.199 1.391 0.96 -1.536 0.227 1.366 -2.718 0.497 0.271 0.095 3.924 0.416
113 L -1.115 -2.475 -2.375 -2.9 -0.655 -2.668 -3.079 1.263 -0.851 2.033 1.504 -2.387 0.559 2.623 -3.471 -2.46 -1.547 -0.415 2.655 1.613
114 L 1.478 -1.681 -1.746 -2.189 0.168 -1.643 -2.049 -1.396 -1.671 1.138 1.339 -1.442 2.322 -0.57 -2.384 -0.622 1.454 -2.082 -1.436 1.576
115 V 0.918 -2.462 -2.798 -2.926 0.246 -2.502 -2.749 -2.2 -2.579 3.078 0.785 -2.181 0.646 -0.515 -2.93 -1.784 -0.624 -2.418 -1.422 3.613
116 L -0.341 -1.646 0.475 -1.295 -0.348 -1.667 -1.943 1.626 -1.358 1.312 0.792 -1.332 0.043 -0.946 -2.455 0.47 1.72 -2.295 -1.793 0.409
117 K -0.81 2.435 -0.945 -1.491 -1.116 -0.055 -0.628 -1.948 -0.846 0.632 -0.836 3.153 -0.461 -1.803 -2.297 -1.326 -0.521 -2.49 -1.687 1.399
118 V 0.233 -2.148 -1.75 -2.296 5.024 -2.255 -2.411 -1.856 -1.855 1.146 -0.113 -1.938 -0.086 2.264 -2.748 -0.26 1.016 -1.675 -0.305 2.084
119 V -0.163 -2.0 -1.578 -2.107 0.119 -2.011 -2.238 -2.091 -2.114 2.617 0.418 -1.726 0.401 -0.72 -2.644 0.117 1.237 -2.408 -1.49 3.102
120 D -0.733 0.388 0.352 3.426 -1.749 0.184 1.694 -1.174 -0.316 -2.438 -2.763 2.361 -1.788 -2.71 -1.932 0.413 -0.795 -2.874 -2.229 -2.204
121 K 0.545 0.533 1.348 0.034 -0.999 0.218 1.317 -0.748 -0.176 -2.131 -2.392 2.409 -1.408 -2.414 -1.772 1.372 -0.235 -2.615 -1.886 -1.649
122 P -1.15 -1.441 2.97 -0.344 -1.645 -1.448 -1.355 -1.233 -0.539 -2.507 -2.942 -0.848 -2.384 -3.042 5.612 -0.999 -1.081 -3.984 -2.498 -2.352
123 F -2.012 -1.86 1.334 -1.837 -1.699 -2.089 -2.369 -2.292 1.145 -0.67 -0.615 -1.963 -0.598 4.602 -3.569 -2.114 -1.888 1.329 5.279 -1.075
124 K -1.117 3.683 -0.365 -0.97 -2.121 2.019 0.216 -1.669 -0.001 -2.361 -2.189 3.538 -1.134 -2.778 -2.132 -1.087 -1.246 -2.442 -1.757 -2.079
125 S 0.431 -1.231 -0.148 -0.916 5.034 -1.143 -1.254 -0.814 -1.132 -1.111 -1.688 -0.844 -0.999 -1.894 -1.839 2.241 2.458 -2.585 -1.952 -0.619
126 L -1.815 -2.612 -3.233 -3.503 -0.567 -3.156 -3.489 -3.282 -1.844 2.253 2.957 -2.827 1.404 4.089 -3.905 -3.165 -1.786 -0.678 0.853 1.032
127 C -0.736 -2.145 -1.547 -2.427 6.705 -2.101 -2.516 1.421 3.515 -0.116 -1.086 -2.092 -0.867 0.027 -3.129 -1.799 -1.551 -0.993 2.433 0.651
128 L -1.685 -2.566 -3.205 -3.502 -0.517 -3.101 -3.42 -3.238 -1.856 1.991 2.923 -2.801 1.372 4.077 -3.872 -3.09 -1.714 -0.688 0.853 1.318
129 L -1.29 -2.577 -3.317 -3.453 -0.126 -2.872 -3.415 -3.402 -2.6 3.297 3.08 -2.592 1.611 0.394 -3.559 -3.031 -1.257 -1.999 -1.232 2.444
130 F -1.881 -2.415 -2.987 -3.384 -0.765 -2.853 -3.269 -3.045 -1.334 1.123 2.448 -2.7 2.646 4.956 -3.987 -2.938 -1.903 -0.164 1.529 0.322
131 F -1.644 -2.345 -2.379 -2.926 -0.705 -2.869 -3.02 -2.759 -1.411 0.849 2.15 -2.519 0.85 4.905 -3.582 -2.068 0.47 -0.249 1.474 0.182
132 L -0.932 -1.968 -2.257 -2.698 -0.177 -2.164 -2.659 -2.538 -1.907 2.016 3.341 -1.988 2.2 0.367 -3.156 -0.504 -0.943 -1.872 -1.232 1.004
133 F -2.398 -2.96 -2.924 -3.378 -1.438 -3.928 -3.546 -2.938 -0.892 0.213 0.501 -3.368 0.138 6.612 -4.512 -3.094 -2.434 0.788 2.867 -0.571
134 S 0.247 -1.361 -0.318 -1.022 -0.398 -1.376 -1.308 -0.834 -0.642 -1.05 -1.081 -1.052 -0.71 3.719 -2.235 2.448 0.193 -0.998 0.656 -1.07
135 S 0.285 -1.233 -0.262 -1.0 -0.439 -1.174 -1.205 -0.839 0.047 -1.292 -1.435 -0.917 -0.886 2.645 -2.134 2.464 0.212 -0.464 2.707 -1.158
136 V -0.654 -2.099 -1.788 -2.356 -0.046 -2.236 -2.522 -2.449 -2.089 2.424 0.906 -1.923 0.528 1.572 -2.804 -1.129 2.026 -1.777 -0.611 2.578
137 S 0.268 -1.169 -0.131 -0.905 -0.178 -1.131 -1.203 -0.88 -0.709 -0.94 -1.349 -0.832 -0.789 1.791 -1.925 2.198 2.421 -1.46 0.42 -0.651
138 L -1.612 -2.257 -3.433 -3.691 -0.221 -2.711 -3.376 -3.453 -2.384 1.934 4.15 -2.549 2.062 0.762 -3.675 -3.229 -1.651 -1.721 -1.127 1.035
139 D -1.848 -1.659 1.128 5.936 -2.443 -0.943 0.979 -1.194 -0.607 -2.796 -3.562 -0.9 -2.769 -2.991 -2.36 -1.023 -1.484 -3.602 -3.114 -2.935
140 F -2.277 -2.854 -2.998 -3.427 -1.235 -3.725 -3.527 -3.013 -1.07 0.526 1.39 -3.242 0.499 6.24 -4.382 -3.119 -2.314 0.531 2.533 -0.285
141 I -0.541 -1.832 -1.663 -2.177 -0.08 -1.716 -2.281 -2.18 -1.656 2.692 1.042 -1.612 3.237 -0.299 -2.784 -0.131 0.909 -2.047 -1.334 2.028
142 F -2.405 -2.967 -2.931 -3.385 -1.445 -3.935 -3.553 -2.945 -0.899 0.206 0.494 -3.375 0.131 6.622 -4.519 -3.101 -2.441 0.781 2.86 -0.578
143 N -1.731 -0.486 5.788 1.211 -1.917 -0.598 -0.796 -0.225 0.898 -2.783 -3.222 -0.367 -2.232 -2.445 -2.658 -0.189 -0.522 -3.037 -2.14 -2.631
144 A 4.082 -1.555 -1.733 -1.758 0.609 -1.391 -1.369 0.303 -1.282 -0.901 -1.392 -0.92 -0.944 -1.919 -1.546 0.384 -0.493 -2.511 -1.826 0.068
145 Y -1.883 -1.848 -2.196 -3.093 -1.823 -1.854 -2.434 -3.003 2.034 -0.874 -0.981 -1.944 -0.753 3.277 -3.404 -2.508 -2.16 2.238 6.799 -1.05
146 R -1.605 5.638 -0.533 -1.635 -2.33 0.447 -0.632 -2.199 0.028 -2.682 -2.099 1.948 -1.295 -2.543 -2.775 -1.477 -1.525 -2.305 -1.843 -2.233
147 Q -0.953 0.936 -0.164 -0.428 -1.982 5.123 1.321 -1.55 0.698 -2.311 -2.062 1.151 -0.474 -3.03 -2.222 -0.825 -1.046 -2.256 -1.356 -1.858
148 G 1.073 -2.286 -0.657 -1.443 -1.006 -2.124 -2.462 5.499 -1.508 -2.8 -3.111 -1.592 -2.403 -2.615 -2.624 -0.814 -1.723 -2.511 -2.974 -2.265
149 L -1.766 -2.692 -3.253 -3.472 -0.521 -3.18 -3.532 -3.325 -1.967 2.759 2.805 -2.822 1.37 3.771 -3.861 -3.169 -1.691 -0.864 0.617 1.353
150 A 3.128 -1.213 -0.607 -1.053 0.364 -1.045 -1.027 0.107 -0.936 -1.316 -1.782 -0.664 -1.075 -1.959 -1.546 2.13 0.21 -2.557 -1.826 -0.462
151 F -1.994 -2.905 -2.941 -3.363 -1.129 -3.714 -3.461 -2.957 -1.12 0.799 0.551 -3.225 0.229 6.218 -4.298 -2.982 -2.076 0.489 2.525 0.838
152 L -1.614 -2.472 -3.297 -3.556 -0.607 -2.831 -3.264 -3.078 -2.112 2.156 2.533 -2.65 1.086 0.625 -3.994 -3.128 -1.639 7.155 0.168 1.62
153 F -2.405 -2.967 -2.931 -3.385 -1.445 -3.935 -3.553 -2.945 -0.899 0.206 0.494 -3.375 0.131 6.622 -4.519 -3.101 -2.441 0.781 2.86 -0.578
154 V -0.758 -2.672 -3.152 -3.301 0.069 -2.831 -3.229 -3.227 -2.834 3.47 1.812 -2.552 1.109 -0.081 -3.394 -2.678 -0.832 -2.284 -1.322 3.612
155 L 0.124 -2.112 -2.688 -3.122 -0.601 -2.353 -2.743 -2.365 -0.112 0.772 2.361 -2.172 0.862 3.111 -3.277 -2.168 -1.68 0.284 3.826 0.209
156 L -0.997 -1.681 1.1 -1.656 -0.378 -1.774 -2.26 -2.031 -1.219 1.905 2.593 -1.629 2.492 0.013 -3.054 -0.399 -0.823 -2.014 -1.344 0.827
157 S 2.546 -1.066 -0.202 -0.774 0.242 -0.897 -0.88 0.011 -0.788 -1.532 -1.983 -0.553 -1.137 -1.978 -1.546 2.684 0.487 -2.579 -1.826 -0.746
158 L -1.54 -2.614 -3.39 -3.494 -0.221 -2.941 -3.534 -3.494 -2.548 3.447 3.316 -2.633 1.723 0.514 -3.632 -3.194 -1.424 -1.938 -1.223 1.919
159 F -1.075 -1.184 1.396 -0.163 -1.275 -0.63 1.671 -1.702 -0.288 -0.575 0.426 -0.821 -0.301 3.416 -2.752 -0.089 -1.038 -1.102 0.414 -0.957
160 S 1.074 -1.108 -0.611 -0.695 -0.389 -0.7 0.658 -0.923 -0.119 -0.798 0.094 -0.677 -0.442 -0.076 -2.053 1.72 -0.145 -1.102 1.97 -0.703
161 F -2.068 -2.123 -2.174 -2.987 -1.583 -2.393 -2.662 -2.873 2.797 -0.235 0.244 -2.373 -0.15 5.034 -3.784 -2.695 -2.256 1.31 5.104 -0.794
162 L -1.106 -1.646 1.108 -1.709 -0.567 -1.838 -2.227 -2.061 -0.459 0.863 2.777 -1.667 1.044 0.804 -3.077 -0.435 -1.0 -0.899 2.055 0.178
163 K 0.086 2.152 1.8 -0.388 -1.248 1.553 -0.06 -0.885 0.012 -2.207 -2.312 2.405 -1.244 -2.51 -1.999 0.898 -0.438 -2.567 -1.808 -1.784
164 G -0.6 -1.21 2.896 0.267 -1.744 -0.667 1.147 4.142 -0.234 -3.036 -3.265 -0.675 -2.374 -2.644 -2.581 -0.749 -1.368 -2.64 -2.587 -2.677
165 R -1.329 3.715 2.422 -0.646 -1.931 -0.025 -0.715 -1.459 0.549 -2.258 -2.163 1.83 -1.392 -0.639 -2.574 -0.553 -1.088 -1.184 1.924 -2.034
166 K -1.18 3.386 -0.683 -1.306 -1.774 0.345 -0.319 -1.85 -0.423 -1.203 -0.01 3.612 -0.506 -1.913 -2.241 -1.339 -1.323 -2.384 -1.738 -1.402
167 K -0.965 1.909 -1.113 -1.692 -1.012 -0.508 -1.054 -2.039 -1.034 1.201 -0.61 2.353 -0.362 -1.192 -2.507 -1.255 0.596 3.903 -1.077 1.04
168 K -1.18 1.357 -1.296 -1.696 -1.133 -0.376 -0.919 -2.188 -1.069 1.999 0.885 3.043 0.248 -1.029 -2.474 -1.743 -1.237 -2.352 -1.595 0.605
169 G 0.856 -2.129 -1.003 -1.682 -0.803 -2.172 -2.267 3.759 -1.154 -1.377 -1.401 -1.7 -1.198 3.307 -2.743 0.102 -1.217 -1.149 0.174 -1.36
170 L 1.196 -2.006 -2.014 -2.315 0.077 -1.991 -2.282 -1.583 -1.832 2.52 1.539 -1.698 1.588 -0.374 -2.64 -0.104 -0.587 -2.211 -1.436 1.947
171 L -1.315 -2.587 -3.235 -3.448 -0.242 -2.955 -3.371 -3.292 -2.306 2.81 2.794 -2.672 1.402 2.503 -3.653 -2.972 -1.341 -1.415 -0.17 2.369
172 L -1.855 -2.12 -2.791 -3.344 -1.043 -2.319 -2.91 -2.972 0.004 0.619 1.923 -2.334 2.228 3.217 -3.84 -2.832 -1.946 5.549 3.995 -0.043
173 F 1.368 -2.46 -2.545 -2.799 5.777 -2.624 -2.752 -1.495 -1.515 0.611 0.024 -2.243 0.944 3.865 -2.984 -1.347 -1.353 -0.953 0.66 0.148
174 L 1.447 -2.293 -2.71 -2.825 0.081 -2.412 -2.639 -1.748 -2.07 2.465 1.796 -2.041 0.822 1.257 -2.841 -1.536 -0.973 -1.875 -0.8 2.218
175 I -1.349 -3.123 -3.308 -3.25 -0.183 -3.231 -3.693 -3.509 -2.796 4.605 1.559 -2.728 1.171 0.107 -3.55 -3.083 -1.096 -2.27 -1.356 2.928
176 G 1.295 -1.75 -0.342 -1.088 -0.59 -1.584 -1.759 4.529 -1.183 -2.427 -2.787 -1.151 -1.948 -2.395 -2.218 1.202 -0.634 -2.542 -2.539 -1.826
177 L 0.177 -2.347 -3.038 -3.224 -0.226 -2.688 -3.056 -2.472 -1.996 2.145 3.087 -2.372 1.421 2.509 -3.336 -2.326 -1.473 -1.346 -0.189 1.085
178 G 0.019 -2.428 -0.511 -1.394 -1.391 -2.266 -2.693 5.875 -1.547 -3.286 -3.532 -1.722 -2.738 -2.749 -2.85 -1.073 -1.99 -2.511 -3.219 -2.935
179 F -2.405 -2.967 -2.931 -3.385 -1.445 -3.935 -3.553 -2.945 -0.899 0.206 0.494 -3.375 0.131 6.622 -4.519 -3.101 -2.441 0.781 2.86 -0.578
180 H -1.778 -0.428 0.389 -1.032 -2.405 -0.236 -0.571 -1.768 8.12 -2.732 -2.666 -0.836 -1.332 -0.924 -2.82 -1.65 -2.297 -1.525 1.596 -3.106
181 W -2.721 -2.454 -3.237 -3.691 -2.405 -2.895 -3.04 -2.437 -1.205 -1.925 -1.721 -2.862 -1.351 1.057 -5.479 -3.426 -2.766 10.681 2.098 -2.299
182 S 0.997 -0.812 0.426 -0.319 0.002 -0.641 -0.626 -0.177 -0.531 -1.982 -2.399 -0.356 -1.258 -2.014 -1.546 3.495 0.94 -2.62 -1.826 -1.363
183 A 3.128 -1.213 -0.607 -1.053 0.364 -1.045 -1.027 0.107 -0.936 -1.316 -1.782 -0.664 -1.075 -1.959 -1.546 2.13 0.21 -2.557 -1.826 -0.462
184 I 1.518 -2.454 -2.697 -2.737 0.177 -2.451 -2.669 -1.764 -2.316 3.348 0.781 -2.03 0.591 -0.501 -2.76 -1.49 -0.764 -2.384 -1.483 2.855
185 I -0.969 -2.928 -3.205 -3.246 -0.029 -3.033 -3.437 -3.344 -2.856 4.168 1.355 -2.638 1.045 -0.067 -3.447 -2.827 -0.898 -2.329 -1.356 3.449
186 V -0.605 -2.591 -3.105 -3.299 0.137 -2.747 -3.123 -3.154 -2.863 3.169 1.725 -2.512 1.048 -0.168 -3.347 -2.569 -0.744 -2.312 -1.322 3.819
187 L 0.414 -2.316 -2.821 -2.842 -0.158 -2.464 -2.724 -2.286 -2.234 2.417 2.339 -2.047 0.995 -0.2 1.64 -2.005 -1.151 -2.332 -1.486 1.86
188 L -1.378 -2.162 -2.646 -3.075 -0.458 -2.458 -2.951 -2.808 -1.59 1.378 2.944 -2.329 2.639 3.554 -3.572 -1.608 -1.416 -0.861 0.505 0.744
189 L 1.343 -1.881 -2.514 -2.76 -0.097 -1.896 -2.425 -1.627 -1.416 0.985 2.187 -1.785 3.34 2.359 -2.888 -1.44 -1.211 -1.281 -0.182 0.553
190 L -1.454 -2.174 -2.965 -3.442 -0.51 -2.432 -3.018 -3.255 -0.372 1.575 2.976 -2.351 1.308 1.623 -3.531 -2.872 -1.588 -0.011 3.607 1.448
191 F -2.038 -2.641 -3.136 -3.512 -0.856 -3.346 -3.476 -3.152 -1.445 1.075 2.625 -2.992 1.118 5.278 -4.127 -3.156 -2.076 -0.043 1.743 0.225
192 L 0.341 -2.269 -2.985 -3.21 4.663 -2.47 -3.011 -2.326 -2.185 1.721 3.035 -2.259 2.051 0.124 -3.176 -2.079 -1.344 -2.018 -1.415 0.911
193 R -0.312 2.614 -0.349 -1.207 -0.678 -0.683 -1.138 -1.336 -0.638 -1.165 -1.355 0.195 -0.836 1.759 -2.231 1.237 1.942 -1.664 -0.497 -0.913
194 R -1.385 4.98 -0.476 -1.368 -2.247 0.532 -0.354 -1.952 -0.066 -2.534 -2.158 3.013 -1.295 -2.634 -2.446 -1.317 -1.413 -2.391 -1.848 -2.185
195 F -2.155 -2.746 -3.066 -3.469 -1.039 -3.529 -3.502 -3.082 -1.251 0.813 2.073 -3.114 0.825 5.799 -4.252 -3.137 -2.193 0.258 2.165 -0.019
196 L -1.54 -2.614 -3.39 -3.494 -0.221 -2.941 -3.534 -3.494 -2.548 3.447 3.316 -2.633 1.723 0.514 -3.632 -3.194 -1.424 -1.938 -1.223 1.919
197 S 0.27 1.691 -0.06 -0.709 -0.681 -0.368 -0.61 -0.773 -0.546 -2.16 -2.397 1.358 -1.414 -2.368 1.912 2.264 0.165 -2.783 -1.944 -1.684
198 L -0.627 -0.519 0.499 -0.726 -0.595 -0.618 0.607 -1.764 -0.956 0.687 0.742 0.831 0.032 -1.117 -2.32 -0.213 1.438 -2.334 -1.645 0.985
199 R -1.401 4.484 1.681 -0.797 -2.186 0.408 -0.375 -1.602 0.08 -2.548 -2.297 2.851 -1.411 -2.62 -2.431 -1.106 -1.253 -2.488 -1.888 -2.238
200 L -1.2 -1.344 -1.859 -2.368 -0.578 0.618 -1.7 -1.444 -0.614 0.956 2.623 -1.323 1.065 0.713 -3.016 -1.749 0.435 -0.836 2.07 0.523
201 A 3.013 -1.49 -1.072 -1.413 0.337 -1.345 -1.359 -0.163 -1.205 0.735 -0.923 -0.935 -0.596 -1.54 -1.762 1.463 -0.078 -2.503 -1.754 0.375
202 V -1.063 -1.226 -2.288 -2.702 -0.625 -1.766 -2.236 -2.84 -0.253 2.603 0.382 0.27 0.302 1.131 -3.095 -2.318 -1.172 -0.21 3.571 2.456
203 F -1.682 1.349 -1.94 -2.539 -1.272 -1.396 -1.965 -2.701 -0.114 1.216 0.967 0.728 0.233 3.479 -3.262 -2.337 -1.728 -0.0 3.23 0.118
204 L -1.108 -2.76 -2.936 -3.184 5.788 -2.961 -3.448 -2.937 -2.576 3.128 2.192 -2.603 1.029 -0.106 -3.382 -2.036 -0.778 -2.299 -1.59 1.659
205 N -1.654 -1.194 4.261 -0.014 -1.067 -1.37 -1.667 -1.214 -0.119 1.179 1.428 -1.128 0.179 -0.764 -3.04 -1.128 -0.892 -2.488 -1.7 0.041
206 L -0.884 -2.36 -2.559 -2.921 -0.02 -2.542 -2.968 -2.952 -2.502 3.047 2.242 -2.258 1.167 -0.028 -3.162 -2.02 0.675 -2.151 -1.344 2.794
207 L -1.452 -2.596 -2.664 -3.092 -0.645 -3.002 -3.372 0.901 -1.86 2.048 2.588 -2.631 1.092 3.485 -3.71 -2.763 -1.783 -0.983 0.37 0.815
208 L -1.362 -2.414 -3.353 -3.556 -0.146 -2.778 -3.364 -3.402 -2.518 2.67 3.575 -2.564 1.794 0.531 -3.595 -3.076 -1.387 -1.889 -1.191 2.048
209 F -1.87 -2.842 -3.095 -3.368 -0.768 -3.382 -3.526 -3.17 -1.581 2.546 1.709 -2.965 1.217 4.995 -4.018 -3.073 -1.796 -0.261 1.531 1.251
210 P -1.064 -2.58 -2.233 -2.425 -0.953 -2.765 -2.729 1.044 -1.685 1.364 -0.206 -2.141 -0.376 3.401 3.308 -2.144 -1.551 -1.387 0.294 1.028
211 L -1.767 -2.452 -3.268 -3.587 -0.504 -3.01 -3.413 -3.287 -1.89 1.576 3.416 -2.759 1.593 3.816 -3.878 -3.163 -1.814 -0.775 0.648 0.85
212 T -0.271 -1.554 -0.895 -1.652 0.1 -1.573 -1.886 -1.863 -1.858 1.327 -0.18 -1.3 0.46 -1.128 -2.194 -0.093 3.485 -2.282 -1.61 2.112
213 L -1.362 -2.414 -3.353 -3.556 -0.146 -2.778 -3.364 -3.402 -2.518 2.67 3.575 -2.564 1.794 0.531 -3.595 -3.076 -1.387 -1.889 -1.191 2.048
214 V -0.772 -2.822 -3.148 -3.243 0.055 -2.926 -3.3 -3.254 -2.891 3.886 1.232 -2.588 0.97 -0.171 -3.39 -2.69 -0.791 -2.364 -1.356 3.709
215 A 3.071 -1.423 -0.776 -1.223 0.221 -1.257 -1.28 1.997 -1.08 -1.437 -1.892 -0.843 -1.234 -2.052 -1.7 1.549 -0.151 -2.542 -1.989 -0.591
216 A 2.3 -1.564 -1.595 -1.942 0.062 -1.43 -1.743 -0.733 -1.039 0.071 0.223 -1.24 2.965 2.053 -2.273 0.42 -0.592 -1.466 -0.313 0.106
217 F -1.636 -2.832 -3.038 -3.272 -0.624 -3.188 -3.448 -3.144 -1.693 3.023 1.155 -2.83 1.753 4.552 -3.877 -2.935 -1.548 -0.523 1.21 1.893
218 V -1.032 -1.992 -2.088 -2.668 -0.415 -2.022 -2.572 -2.609 -0.717 1.688 0.764 -1.96 2.768 2.932 -3.149 -1.665 0.81 -0.371 2.535 1.815
219 P -0.907 -2.084 -2.004 -1.635 -1.528 -2.004 -1.693 -1.923 -1.678 -2.388 -2.821 -1.135 -2.474 -3.406 6.733 -1.523 -1.419 -4.62 -2.706 -2.233
220 L -1.612 -2.257 -3.433 -3.691 -0.221 -2.711 -3.376 -3.453 -2.384 1.934 4.15 -2.549 2.062 0.762 -3.675 -3.229 -1.651 -1.721 -1.127 1.035
221 G -0.764 -0.496 -0.069 -1.144 -1.881 -0.737 -1.132 3.699 5.825 -2.867 -2.946 0.703 -1.847 -1.836 -2.654 -1.287 -1.976 -2.06 -0.116 -2.863
222 L -1.185 -2.741 -3.281 -3.367 -0.102 -2.96 -3.45 -3.395 -2.706 3.753 2.479 -2.623 1.388 0.215 -3.523 -2.968 -1.119 -2.135 -1.289 2.869
223 L -1.494 -2.35 -3.24 -3.434 -0.224 -2.56 -3.318 -3.351 -2.249 2.988 3.355 -2.431 2.89 0.547 -3.592 -3.014 -1.419 -1.81 -1.157 1.64
224 P -0.177 -0.732 -0.085 -0.974 -1.101 -1.06 -1.119 1.48 -1.012 -2.368 -2.727 0.843 -1.955 -2.795 4.473 0.854 -0.61 -3.31 -2.371 -2.053
225 I -0.864 -1.936 -1.63 -2.214 -0.479 -1.945 -2.343 -2.212 -0.62 2.221 0.575 -1.757 2.032 2.619 -2.923 -0.204 0.719 -0.503 2.439 0.979
226 L 0.403 -2.394 -2.514 -2.81 -0.221 -2.555 -2.982 1.104 -2.168 2.579 2.567 -2.179 1.106 -0.037 -3.118 -2.014 -1.352 -2.079 -1.516 1.288
227 S 0.34 -0.503 -0.788 -0.812 -0.594 -0.514 0.714 -1.374 -0.202 0.137 -1.072 0.887 -0.642 -0.241 -2.184 0.959 -0.347 -1.175 1.97 1.148
228 T -0.295 -1.083 1.7 -0.718 -0.219 -1.038 -1.373 -1.173 -0.834 0.015 -0.579 -0.83 1.637 -1.321 -2.063 0.906 3.14 -2.256 -1.676 -0.025
229 L -1.054 -2.526 -3.165 -3.33 -0.059 -2.675 -3.255 -3.266 -2.528 3.341 2.469 -2.476 2.198 0.19 -3.471 -2.796 -1.058 -2.068 -1.248 2.92
230 L -1.494 -2.603 -3.3 -3.402 -0.222 -2.82 -3.476 -3.435 -2.448 3.622 2.996 -2.558 2.268 0.444 -3.598 -3.091 -1.349 -1.948 -1.222 2.038
231 L -0.27 -0.198 1.461 -0.814 -0.969 3.021 -0.111 -1.512 -0.134 -0.234 1.27 -0.036 0.334 -1.198 -2.532 -0.949 -0.08 -2.204 -1.446 -0.503
232 L -1.115 -1.691 -1.486 -2.244 -0.778 -1.693 -2.117 -2.269 3.276 1.422 1.234 -1.731 2.102 2.687 -3.132 -0.527 -1.178 -0.395 2.652 0.354
233 L -0.654 -2.082 -2.128 -2.688 -0.276 -2.329 -2.833 1.017 -2.088 1.283 3.135 -2.063 1.305 0.086 -3.107 -1.798 0.422 -1.936 -1.466 0.756
234 P 0.769 -1.85 -1.48 -1.557 -0.598 -1.76 -1.656 -1.315 -1.539 0.48 -1.325 -1.135 -1.128 -2.088 4.942 0.183 -0.012 -3.354 -2.159 -0.277
235 L -1.207 -2.577 -2.64 -3.061 -0.494 -2.915 -3.29 0.909 -2.013 2.159 2.387 -2.57 1.024 2.966 -3.605 -2.65 -1.56 -1.23 0.045 1.628
236 G -0.54 -0.365 3.789 0.181 -1.426 -0.726 -0.997 2.978 -0.003 -2.691 -3.024 0.93 -2.047 -2.519 -2.38 0.48 -0.663 -2.758 -2.313 -2.407
237 S 0.492 -0.818 0.436 1.99 -0.516 -0.313 1.155 -0.513 -0.403 -2.197 -2.592 -0.265 -1.51 -2.225 -1.706 2.762 0.437 -2.717 -2.001 -1.655
238 P -0.325 -1.206 -0.934 -1.31 -0.86 0.78 -1.088 1.356 -1.024 -0.536 0.252 -0.761 -0.506 -1.674 3.406 0.544 -0.723 -2.773 -1.982 -0.942
239 Y -2.023 -2.126 -2.388 -3.174 -1.71 -2.313 -2.712 -2.986 1.453 -0.522 -0.478 -2.286 -0.472 4.678 -3.681 -2.666 -2.238 1.891 6.109 -0.907
240 L -0.31 -1.253 -2.516 -2.75 -0.207 -1.89 -2.339 -2.612 -2.122 2.739 2.174 0.247 1.056 -0.175 -3.029 -2.214 -1.047 -2.199 -1.375 2.516
241 S 0.874 -0.503 -0.196 1.594 -0.645 2.225 0.044 -0.9 -0.397 -0.988 -0.012 -0.161 -0.379 -1.713 -2.081 1.139 -0.365 -2.466 -1.718 -0.906
242 K -1.221 2.534 -0.137 -0.968 -2.186 0.447 -0.086 -1.614 4.878 -2.406 -2.376 3.506 -1.305 -2.133 -2.161 -1.209 -1.492 -2.221 -0.395 -2.355
243 V 0.553 -2.531 -2.939 -3.033 0.097 -2.63 -2.953 -2.421 -2.525 3.327 1.682 -2.281 0.967 -0.191 -3.082 -2.063 -0.863 -2.279 -1.384 3.076
244 I -1.287 -2.167 1.008 -1.776 -0.367 -2.301 -2.683 -2.434 -1.669 3.511 1.602 -1.936 0.844 -0.212 -3.113 -1.723 0.647 -2.27 -1.478 1.875
245 F 1.203 -1.653 1.241 -1.449 -0.837 -1.811 -1.84 -1.107 3.241 -0.72 -0.686 -1.604 -0.607 4.381 -2.89 -1.083 -1.434 -0.588 1.397 -0.833
246 Y -1.883 -1.848 -2.196 -3.093 -1.823 -1.854 -2.434 -3.003 2.034 -0.874 -0.981 -1.944 -0.753 3.277 -3.404 -2.508 -2.16 2.238 6.799 -1.05
247 L -1.612 -2.257 -3.433 -3.691 -0.221 -2.711 -3.376 -3.453 -2.384 1.934 4.15 -2.549 2.062 0.762 -3.675 -3.229 -1.651 -1.721 -1.127 1.035
248 D -0.898 -1.023 2.01 3.153 -1.06 -0.538 1.142 -1.218 -0.495 -1.458 -2.151 -0.541 -1.479 -2.235 -2.066 -0.076 2.503 -2.725 -2.187 -1.113
249 T 1.212 -1.269 -0.44 -1.137 0.155 -1.202 -1.336 -0.864 -1.304 0.095 -1.046 -0.887 -0.567 -1.578 -1.83 1.564 2.798 -2.421 -1.734 0.997
250 D -0.006 -1.122 0.881 4.15 -0.887 -0.705 0.369 -0.559 -0.486 -2.278 -2.84 -0.533 -1.833 -2.379 -1.842 1.834 0.058 -2.987 -2.317 -1.961
251 N -1.648 -0.403 5.618 1.293 -1.835 -0.515 -0.714 -0.143 0.98 -2.701 -3.14 -0.284 -2.15 -2.363 -2.576 -0.106 -0.44 -2.955 -2.057 -2.549
252 V -0.737 -2.766 -3.08 -3.161 0.117 -2.87 -3.251 -3.194 -2.8 3.856 1.346 -2.518 1.071 -0.062 -3.322 -2.642 -0.735 -2.273 -1.273 3.547
253 S 1.113 -1.615 -0.883 -1.31 -0.136 -1.501 -1.518 -0.954 -1.302 1.758 -0.548 -1.074 -0.389 -1.328 1.838 1.668 -0.019 -2.7 -1.789 0.599
254 D -0.782 0.147 -0.096 2.552 -1.482 0.048 1.76 -1.478 -0.494 0.263 -1.552 2.058 -1.082 -2.073 -2.095 0.12 -0.842 -2.709 -2.024 -0.712
255 A 2.725 -1.107 -0.312 -0.851 0.278 -0.939 -0.921 0.038 -0.829 -1.469 -1.924 -0.584 -1.119 -1.973 -1.546 2.536 0.41 -2.573 -1.826 -0.662
256 S 0.724 -0.939 0.169 -0.586 -0.198 -0.786 -0.825 -0.447 0.006 -1.795 -2.149 -0.536 -1.18 -0.397 -1.749 3.11 0.655 -1.217 1.946 -1.316
257 F -2.042 -2.722 -2.907 -3.289 -1.043 -3.24 -3.389 -2.98 -1.125 1.596 0.948 -2.939 2.121 5.776 -4.168 -2.939 -2.003 0.249 2.166 0.42
258 Y -1.883 -1.848 -2.196 -3.093 -1.823 -1.854 -2.434 -3.003 2.034 -0.874 -0.981 -1.944 -0.753 3.277 -3.404 -2.508 -2.16 2.238 6.799 -1.05
259 D -0.844 -1.646 0.356 4.204 -1.435 -1.041 0.69 1.421 -0.862 0.175 -1.852 -0.971 -1.504 -2.105 -2.401 0.085 -0.992 -2.974 -2.518 -0.907
260 L -1.612 -2.257 -3.433 -3.691 -0.221 -2.711 -3.376 -3.453 -2.384 1.934 4.15 -2.549 2.062 0.762 -3.675 -3.229 -1.651 -1.721 -1.127 1.035
261 N -1.731 -0.486 5.788 1.211 -1.917 -0.598 -0.796 -0.225 0.898 -2.783 -3.222 -0.367 -2.232 -2.445 -2.658 -0.189 -0.522 -3.037 -2.14 -2.631
262 F -1.929 -2.618 -2.973 -3.33 -0.859 -3.074 -3.364 -3.048 -1.31 1.797 1.73 -2.824 2.311 5.251 -4.047 -2.956 -1.893 -0.053 1.744 0.63
263 F -2.155 -2.746 -3.066 -3.469 -1.039 -3.529 -3.502 -3.082 -1.251 0.813 2.073 -3.114 0.825 5.799 -4.252 -3.137 -2.193 0.258 2.165 -0.019
264 G 0.019 -2.428 -0.511 -1.394 -1.391 -2.266 -2.693 5.875 -1.547 -3.286 -3.532 -1.722 -2.738 -2.749 -2.85 -1.073 -1.99 -2.511 -3.219 -2.935
265 R -1.605 5.638 -0.533 -1.635 -2.33 0.447 -0.632 -2.199 0.028 -2.682 -2.099 1.948 -1.295 -2.543 -2.775 -1.477 -1.525 -2.305 -1.843 -2.233
266 L 1.318 -1.999 -2.641 -2.858 -0.094 -2.134 -2.544 -1.698 -1.597 1.059 2.578 -1.923 2.469 2.387 -2.93 -1.55 -1.283 -1.326 -0.206 0.572
267 P -0.907 -2.084 -2.004 -1.635 -1.528 -2.004 -1.693 -1.923 -1.678 -2.388 -2.821 -1.135 -2.474 -3.406 6.733 -1.523 -1.419 -4.62 -2.706 -2.233
268 L -1.612 -2.257 -3.433 -3.691 -0.221 -2.711 -3.376 -3.453 -2.384 1.934 4.15 -2.549 2.062 0.762 -3.675 -3.229 -1.651 -1.721 -1.127 1.035
269 I 1.362 -2.487 -2.791 -2.79 0.041 -2.534 -2.811 -1.846 -2.218 3.533 1.656 -2.075 0.896 -0.196 -2.848 -1.647 -1.006 -2.242 -1.447 1.999
270 I -1.193 -2.481 -2.51 -2.786 -0.183 -2.482 -3.084 -2.997 -2.247 3.945 1.54 -2.2 2.447 0.009 -3.203 -2.076 0.624 -2.097 -1.335 2.263
271 T -0.307 -1.122 1.683 -0.765 -0.636 -1.09 -1.314 -1.123 0.482 -1.168 -1.633 -0.885 -1.018 0.654 -2.196 1.3 1.978 -0.252 3.522 -0.885
272 V 2.115 -2.093 -2.2 -2.375 0.324 -2.049 -2.183 -1.207 -2.044 2.306 0.232 -1.681 0.22 -0.892 -2.425 -0.457 -0.483 -2.457 -1.548 2.863
273 L -1.362 -2.414 -3.353 -3.556 -0.146 -2.778 -3.364 -3.402 -2.518 2.67 3.575 -2.564 1.794 0.531 -3.595 -3.076 -1.387 -1.889 -1.191 2.048
274 L 0.654 -2.021 -1.488 -2.033 -0.141 -2.052 -2.369 1.275 -1.901 2.201 1.02 -1.654 0.314 -0.73 -2.539 -0.791 1.695 -2.242 -1.713 1.083
275 L -0.647 -1.684 -1.459 -2.082 -0.276 -1.78 -2.159 -1.967 -1.36 0.826 2.217 -1.614 2.347 2.319 -2.806 0.358 0.81 -1.359 -0.234 0.299
276 L -1.289 -1.908 -2.349 -2.888 -0.363 -1.996 -2.713 -2.848 -0.891 1.774 2.715 -1.96 2.973 0.977 -3.201 -1.979 0.453 -0.736 2.106 0.896
277 L 1.236 -1.75 -1.283 -1.758 0.052 -1.729 -1.904 -1.235 -1.595 2.177 1.012 -1.367 0.36 -0.703 -2.296 0.794 1.022 -2.299 -1.572 1.08
278 L -1.755 -2.356 -2.919 -3.327 -0.726 -2.626 -3.164 -3.126 -0.726 1.915 2.257 -2.51 2.442 3.976 -3.776 -2.884 -1.754 -0.011 2.828 0.788
279 L -1.361 -2.772 -3.331 -3.467 4.638 -3.054 -3.619 -3.282 -2.636 3.293 2.812 -2.718 1.394 0.217 -3.573 -2.931 -1.387 -2.132 -1.423 1.793
280 L 0.917 1.076 -1.992 -2.565 -0.612 -1.492 -2.034 -1.801 0.091 0.14 1.481 -0.866 0.309 1.595 -2.81 -1.449 -0.952 -0.034 3.613 -0.115
281 I -1.499 -2.987 -3.338 -3.326 -0.25 -3.191 -3.683 -3.514 -2.637 4.304 2.211 -2.73 1.343 0.863 -3.616 -3.16 -1.257 -2.012 -1.058 2.492
282 C -1.228 -3.097 -2.9 -3.354 7.73 -3.643 -3.683 -2.486 -1.687 -0.172 -0.124 -3.196 -0.357 4.644 -3.75 -2.259 -1.784 -0.51 1.314 -0.446
283 Y -1.952 -1.984 -2.291 -3.133 -1.765 -2.074 -2.57 -2.995 1.758 -0.693 -0.718 -2.11 -0.609 4.062 -3.539 -2.586 -2.199 2.07 6.475 -0.978
284 R -1.562 4.325 -0.369 1.355 -2.226 0.084 -0.38 -2.005 0.301 -2.291 -2.097 2.027 -1.376 -0.699 -2.622 -1.449 -1.544 -1.173 1.901 -2.092
285 R -1.301 4.667 -0.454 -1.268 -2.214 0.566 -0.25 -1.859 -0.104 -2.477 -2.182 3.349 -1.295 -2.672 -2.324 -1.255 -1.37 -2.427 -1.85 -2.166
286 L -1.137 -1.691 -1.896 -2.371 -0.933 0.474 -1.874 1.008 -0.367 1.556 0.623 -1.554 0.183 2.891 -3.291 -2.146 -1.526 -0.318 2.805 1.208
287 L -0.446 1.009 1.017 -1.804 -0.527 -1.7 -2.257 -2.164 -1.283 2.709 1.725 -0.966 0.731 -0.381 -3.115 -1.873 -1.101 -2.258 -1.498 1.603
288 P -1.298 -1.592 1.631 2.917 -1.572 -1.319 -0.61 -1.484 -0.77 -1.507 -1.556 -0.995 1.129 -2.253 4.434 -1.215 -1.247 -3.408 -2.386 -1.7
289 K -0.934 1.172 -1.068 -1.599 -1.011 -0.518 -0.969 -1.978 -0.966 0.846 -0.541 2.66 -0.332 1.84 -2.411 -1.194 0.589 -1.718 -0.435 0.896
290 R -0.17 2.475 -1.584 -2.306 -0.798 -1.199 -1.802 -2.115 -0.332 0.604 -0.139 -0.257 -0.201 2.415 -2.963 -0.93 -1.083 -0.607 2.402 1.445
291 Y -1.527 -1.062 -1.751 -2.112 -1.257 1.949 -1.054 -2.623 0.417 1.926 0.032 -0.924 0.127 2.875 -3.176 -2.123 -1.535 0.193 3.819 0.566
292 F -1.707 -2.636 -2.833 -3.241 -0.891 -2.898 -3.208 -3.171 -0.151 2.687 0.672 -2.626 0.412 4.114 -3.734 -2.878 -1.686 0.499 4.038 1.512
293 K 0.627 0.778 -0.649 -1.006 -1.077 1.447 -0.158 -1.172 -0.561 -1.671 -1.995 2.841 -1.137 -2.6 1.903 -0.5 0.671 -2.7 -1.869 -1.255
294 L -1.639 -2.215 -3.194 -3.517 -0.37 -2.555 -3.243 -3.25 -1.904 1.684 3.591 -2.476 2.898 2.658 -3.725 -3.018 -1.666 -1.159 -0.08 0.835
295 L -0.782 -2.125 -2.275 -2.65 -0.116 -2.17 -2.686 -2.564 -1.981 2.896 2.34 -2.001 2.546 0.083 -3.13 -0.638 -0.764 -2.027 -1.281 2.115
296 I 0.558 -2.418 -2.343 -2.59 0.051 -2.449 -2.741 -2.197 -2.341 3.542 0.872 -2.038 0.664 -0.418 -2.828 -1.463 0.758 -2.331 -1.476 2.688
297 L 0.235 -2.301 -3.102 -3.24 -0.087 -2.578 -3.053 -2.533 -2.269 2.537 3.362 -2.287 1.613 0.377 -3.24 -2.336 -1.353 -1.925 -1.263 1.379
298 L -1.256 -2.042 -3.051 -3.373 -0.151 -2.155 -3.014 -3.142 -1.999 2.002 3.343 -2.205 3.693 0.51 -3.504 -2.729 -1.307 -1.71 -1.092 1.769
299 L 0.414 -2.043 -2.412 -2.812 -0.224 -2.157 -2.761 1.137 -1.86 1.19 3.002 -1.983 2.582 0.104 -3.096 -1.9 -1.419 -1.87 -1.408 0.555
300 L -0.439 -2.2 -1.747 -2.294 -0.259 -2.278 -2.623 1.813 -2.02 2.085 1.827 -1.959 0.684 -0.419 -2.999 -0.435 -0.845 -2.231 -1.638 1.945
301 Y -1.883 -1.848 -2.196 -3.093 -1.823 -1.854 -2.434 -3.003 2.034 -0.874 -0.981 -1.944 -0.753 3.277 -3.404 -2.508 -2.16 2.238 6.799 -1.05
302 C 0.001 -2.403 -1.569 -2.185 8.821 -2.375 -2.581 -1.484 -2.068 -1.093 -1.441 -2.061 -1.18 -2.074 -2.669 0.866 -0.512 -3.093 -2.53 -0.706
303 L -1.047 -2.412 -3.259 -3.488 -0.029 -2.721 -3.236 -3.292 -2.616 2.578 3.18 -2.526 1.594 0.327 -3.501 -2.869 -1.152 -2.004 -1.223 2.779
304 L -1.245 -2.496 -3.314 -3.491 -0.109 -2.812 -3.358 -3.376 -2.587 2.978 3.238 -2.571 1.65 0.408 -3.556 -3.002 -1.264 -1.976 -1.223 2.446
305 F -2.038 -2.641 -3.136 -3.512 -0.856 -3.346 -3.476 -3.152 -1.445 1.075 2.625 -2.992 1.118 5.278 -4.127 -3.156 -2.076 -0.043 1.743 0.225
306 L -1.405 -1.885 -2.961 -3.318 -0.229 -1.921 -2.929 -3.083 -1.73 1.769 3.431 -2.064 4.36 0.611 -3.514 -2.684 -1.41 -1.569 -1.029 0.986
307 E -0.99 -0.193 -0.409 1.447 -2.482 1.275 4.653 -2.02 0.322 -2.835 -2.774 0.606 -1.824 -2.679 -1.952 -0.862 -1.372 -2.458 -1.979 -2.205
308 L -1.151 -1.454 -2.431 -2.885 -0.239 -1.122 -2.424 -2.654 -1.039 1.532 2.064 -1.523 5.946 0.397 -3.313 -2.087 -1.117 -1.377 -0.903 0.919
309 S 2.255 -1.005 -0.045 -0.663 0.189 -0.836 -0.82 -0.032 -0.726 -1.63 -2.074 -0.506 -1.165 -1.987 -1.546 2.893 0.598 -2.588 -1.826 -0.877
310 Y -1.952 -1.984 -2.291 -3.133 -1.765 -2.074 -2.57 -2.995 1.758 -0.693 -0.718 -2.11 -0.609 4.062 -3.539 -2.586 -2.199 2.07 6.475 -0.978
311 S 0.997 -0.812 0.426 -0.319 0.002 -0.641 -0.626 -0.177 -0.531 -1.982 -2.399 -0.356 -1.258 -2.014 -1.546 3.495 0.94 -2.62 -1.826 -1.363
312 F -2.405 -2.967 -2.931 -3.385 -1.445 -3.935 -3.553 -2.945 -0.899 0.206 0.494 -3.375 0.131 6.622 -4.519 -3.101 -2.441 0.781 2.86 -0.578
313 R -1.605 5.638 -0.533 -1.635 -2.33 0.447 -0.632 -2.199 0.028 -2.682 -2.099 1.948 -1.295 -2.543 -2.775 -1.477 -1.525 -2.305 -1.843 -2.233
314 N -1.731 -0.486 5.788 1.211 -1.917 -0.598 -0.796 -0.225 0.898 -2.783 -3.222 -0.367 -2.232 -2.445 -2.658 -0.189 -0.522 -3.037 -2.14 -2.631
315 Y -1.911 -1.902 -2.234 -3.109 -1.8 -1.94 -2.488 -3.0 1.927 -0.801 -0.873 -2.009 -0.695 3.617 -3.457 -2.539 -2.176 2.172 6.674 -1.021
316 Y -1.879 -1.799 -1.172 -2.822 -1.825 -1.81 -2.372 -2.872 2.007 -0.915 -1.026 -1.885 -0.786 3.205 -3.38 -2.408 -2.098 2.168 6.719 -1.085
317 W -2.721 -2.454 -3.237 -3.691 -2.405 -2.895 -3.04 -2.437 -1.205 -1.925 -1.721 -2.862 -1.351 1.057 -5.479 -3.426 -2.766 10.681 2.098 -2.299
318 V -0.802 -2.441 -3.035 -3.246 0.032 -2.5 -3.086 -3.131 -2.493 3.178 1.919 -2.374 2.513 0.001 -3.38 -2.58 -0.873 -2.126 -1.254 3.345
319 L -1.712 -2.349 -3.356 -3.645 -0.367 -2.857 -3.401 -3.375 -2.119 1.742 3.838 -2.653 1.853 2.683 -3.782 -3.211 -1.752 -1.202 -0.103 0.853
320 P -0.907 -2.084 -2.004 -1.635 -1.528 -2.004 -1.693 -1.923 -1.678 -2.388 -2.821 -1.135 -2.474 -3.406 6.733 -1.523 -1.419 -4.62 -2.706 -2.233
321 F -1.702 -2.539 -2.929 -3.327 -0.766 -2.983 -3.253 -2.98 -1.327 1.235 1.64 -2.779 2.271 5.238 -3.988 -2.837 -1.767 -0.066 1.744 1.177
322 L -1.288 -1.965 -1.894 -2.568 -0.547 -2.242 -2.588 -2.562 -0.742 0.739 2.077 -2.006 0.748 3.354 -3.08 -1.447 1.523 -0.245 2.622 0.243
323 P 0.559 -2.002 -1.964 -1.652 -1.108 -1.908 -1.645 -1.48 -1.618 -2.123 -2.568 -1.103 -2.199 -3.141 6.315 -1.161 -1.267 -4.207 -2.563 -1.769
324 F -2.01 -2.772 -3.123 -3.449 -0.856 -3.44 -3.529 -3.165 -1.484 1.853 2.183 -3.024 0.967 5.262 -4.11 -3.144 -1.986 -0.083 1.732 0.649
325 I -1.498 -2.852 -3.365 -3.383 -0.221 -3.089 -3.632 -3.519 -2.651 4.079 2.668 -2.685 1.5 0.355 -3.607 -3.173 -1.295 -2.077 -1.282 2.343
326 L 0.465 -1.631 -2.41 -2.74 -0.063 -1.362 -2.354 -2.063 -1.276 1.826 1.648 -1.556 5.127 0.082 -2.996 -1.646 -0.976 -1.641 -1.081 1.416
327 A 2.288 -2.08 -2.453 -2.557 0.326 -2.085 -2.252 -1.176 -2.05 1.931 1.121 -1.722 0.463 -0.698 -2.452 -0.956 -0.688 -2.348 -1.512 2.549
328 N -1.416 1.053 3.83 2.29 -2.117 0.1 1.24 -0.914 0.335 -2.641 -2.895 1.884 -1.938 -2.653 -2.289 -0.622 -0.953 -2.873 -2.149 -2.447
329 I -1.152 -2.319 -2.293 -2.782 -0.465 -2.371 -2.815 -2.915 -0.376 3.095 0.623 -2.131 0.457 1.251 -3.146 -1.972 0.549 -0.17 3.573 2.157
330 L 0.504 -2.242 -2.734 -2.851 4.649 -2.354 -2.679 -2.1 -2.149 1.164 2.16 -2.024 1.45 -0.445 1.65 -1.79 -1.183 -2.402 -1.637 1.317
331 S 1.211 1.413 -0.152 -0.384 -0.463 -0.286 0.85 0.513 -0.503 -1.887 -2.18 0.104 -1.303 -2.168 -1.831 1.957 0.688 -2.501 -1.911 -1.239
332 C -0.752 -1.627 2.664 -0.825 5.726 -1.732 -1.9 -1.328 0.71 -0.185 -1.01 -1.498 -0.818 1.931 -2.896 0.036 -0.7 -1.688 0.332 0.476
333 N 0.299 -1.305 2.657 -0.838 -0.818 -1.372 -1.676 -1.221 0.544 -0.528 0.232 -1.172 -0.426 0.871 -2.624 -0.735 0.625 -0.228 3.532 -0.59
334 K -0.638 0.185 1.711 -0.756 -1.026 -0.565 -0.848 -1.38 -0.683 0.2 -1.281 2.157 -0.875 -1.988 2.134 -0.216 -0.662 -2.881 -1.885 0.845
335 G -0.544 -0.449 2.771 -0.308 -1.237 -0.89 -1.238 3.422 -0.468 -2.123 -2.597 1.011 -1.802 -2.425 -2.346 -0.387 1.063 -2.595 -2.341 -1.809
336 K -1.259 2.756 2.924 -0.137 -2.054 1.677 0.021 -1.161 0.293 -2.465 -2.457 2.895 -1.389 -2.7 -2.251 -0.785 -1.009 -2.609 -1.854 -2.22
337 G 0.565 -1.599 2.876 -0.548 -0.619 -1.624 -1.862 1.782 -0.628 1.874 -0.429 -1.245 -0.425 -1.207 -2.661 -0.845 -0.857 -2.518 -1.876 0.689
338 E -1.197 1.698 -0.719 -0.29 -1.435 0.321 2.02 -2.135 3.586 -0.5 -0.065 0.233 2.92 -0.946 -2.567 -1.395 -1.375 -1.809 -0.617 -0.776
339 K 0.366 2.192 -0.068 2.289 -1.603 0.081 0.083 -1.163 1.979 -2.177 -2.367 2.921 -1.498 -2.512 -2.042 -0.839 -1.232 -2.64 -1.605 -1.87
340 K -0.998 2.788 -0.335 -0.831 -2.075 2.09 0.357 -1.537 -0.065 -2.279 -2.236 3.991 -1.136 -2.852 -1.961 -0.999 -1.184 -2.508 -1.764 -2.055
341 L -0.875 -2.102 -1.966 -2.474 -0.047 -2.256 -2.667 -2.623 -2.219 2.82 2.085 -1.942 1.053 -0.115 -2.861 -1.356 1.741 -2.09 -1.379 2.06
342 L 0.285 -1.233 -1.1 -1.942 -0.607 -0.98 -1.701 1.025 4.399 0.254 0.646 -1.245 4.009 -0.374 -2.815 -1.379 -1.342 -1.626 -0.244 -0.126
343 S -0.216 -0.172 1.62 -0.661 -0.625 1.143 -0.576 -1.159 -0.472 0.217 -0.45 1.035 -0.377 -1.598 -2.252 1.018 -0.2 -2.523 -1.644 1.129
344 R 0.284 2.513 1.215 -1.475 -0.722 -0.995 -1.675 -1.672 -0.774 2.14 0.1 -0.074 1.242 -1.003 -2.814 -1.342 -1.023 -2.321 -1.613 0.985
345 L -1.615 -2.174 -2.913 -3.342 -0.583 -2.337 -3.042 -3.203 -0.482 2.056 2.732 -2.299 2.585 2.21 -3.584 -2.849 -1.635 -0.114 3.218 0.952
346 V 0.671 -2.054 -1.768 -2.257 -0.001 -2.151 -2.339 -1.843 -1.87 2.058 0.241 -1.793 0.203 2.065 -2.622 -0.86 1.776 -1.647 -0.359 2.29
347 L -0.435 -2.017 -1.74 -2.337 -0.117 -2.058 -2.503 1.092 -2.017 1.638 1.574 -1.85 1.67 -0.486 -2.888 -0.877 0.746 -2.167 -1.546 2.341
348 I 0.188 -2.54 -2.805 -2.968 -0.375 -2.676 -3.025 -2.344 -1.653 3.011 1.106 -2.355 2.24 3.634 -3.354 -2.154 -1.342 -0.951 0.569 1.537
349 L 1.617 -1.835 -1.982 -2.31 0.14 -1.914 -2.137 -1.328 -1.776 1.202 2.324 -1.611 0.887 -0.312 -2.523 0.026 -0.645 -2.153 -1.441 1.41
350 L 0.431 -2.041 -1.884 -2.367 -0.226 -2.248 -2.456 -1.895 -1.623 1.629 1.667 -1.883 0.63 2.981 -2.802 -0.852 1.269 -1.217 0.128 0.766
351 L -0.728 -2.352 -1.893 -2.444 4.592 -2.534 -2.821 1.12 -1.796 1.473 1.733 -2.179 0.51 2.189 -3.166 -0.481 -1.128 -1.608 -0.492 0.436
352 H -1.73 -0.844 -0.291 -1.577 -1.597 -0.755 -1.136 -2.158 7.18 -0.518 1.146 -1.231 0.096 -0.334 -3.04 -2.021 -2.098 -1.58 1.043 -1.232
353 L -1.802 -2.74 -3.234 -3.45 -0.821 -3.112 -3.395 -3.055 -1.904 2.756 1.443 -2.81 0.654 2.589 -4.127 -3.163 -1.719 7.179 0.846 1.543
354 L -0.515 -2.367 -2.624 -2.917 -0.29 -2.647 -2.973 -2.583 -1.948 2.682 2.697 -2.31 1.273 2.464 -3.323 -1.298 -1.19 -1.414 -0.211 1.344
355 L -1.54 -2.614 -3.39 -3.494 -0.221 -2.941 -3.534 -3.494 -2.548 3.447 3.316 -2.633 1.723 0.514 -3.632 -3.194 -1.424 -1.938 -1.223 1.919
356 S 2.255 -1.005 -0.045 -0.663 0.189 -0.836 -0.82 -0.032 -0.726 -1.63 -2.074 -0.506 -1.165 -1.987 -1.546 2.893 0.598 -2.588 -1.826 -0.877
357 I -1.43 -3.024 -3.242 -3.363 4.611 -3.308 -3.702 -3.221 -2.401 3.577 1.798 -2.86 0.978 2.371 -3.661 -2.904 -1.406 -1.608 -0.331 1.919
358 A 2.265 -1.822 -1.696 -1.781 -0.072 -1.734 -1.721 -0.821 -1.6 0.748 -0.956 -1.175 -0.782 -1.783 3.46 -0.356 0.755 -2.885 -1.966 0.267
359 G 0.196 -1.442 -0.146 -0.987 -0.38 -1.358 -1.581 3.27 -1.256 -1.418 -2.057 -0.993 -1.341 -2.072 -2.032 1.242 2.633 -2.422 -2.208 -0.951
360 F -2.17 -2.434 -2.593 -3.256 -1.601 -2.857 -3.02 -2.97 0.725 -0.209 -0.049 -2.674 -0.216 5.617 -3.988 -2.832 -2.318 1.497 5.2 -0.771
361 Y -1.911 -1.902 -2.234 -3.109 -1.8 -1.94 -2.488 -3.0 1.927 -0.801 -0.873 -2.009 -0.695 3.617 -3.457 -2.539 -2.176 2.172 6.674 -1.021
362 S 0.549 -0.957 0.171 -0.623 0.023 -0.857 -0.95 -0.639 -0.902 -1.137 -1.785 -0.562 -0.959 -1.853 -1.635 2.589 2.964 -2.458 -1.805 -0.611
363 S 0.361 -1.282 -0.205 -0.917 -0.343 -1.265 -1.206 -0.737 -0.631 -1.172 -1.243 -0.947 -0.789 3.348 -2.132 2.64 0.306 -1.188 0.401 -1.116
364 G -0.342 -2.276 -1.06 -1.494 -1.449 -2.151 -2.222 4.402 -1.603 -2.867 -3.205 -1.455 -2.622 -3.013 4.424 -1.257 -1.732 -3.236 -2.988 -2.613
365 I -1.471 -3.022 -3.348 -3.31 -0.221 -3.192 -3.7 -3.536 -2.722 4.434 2.137 -2.72 1.34 0.243 -3.59 -3.159 -1.213 -2.173 -1.322 2.595
366 L -1.527 -1.706 2.48 -1.202 -0.616 -1.819 -2.337 -2.052 -0.933 2.486 2.124 -1.652 2.366 -0.121 -3.272 -1.853 -1.076 -2.139 -1.414 1.114
367 P 1.279 -1.371 -0.594 -1.009 -0.348 -1.257 -1.158 -0.643 -0.975 -1.706 -2.047 -0.788 -1.403 0.061 3.658 1.964 0.017 -2.645 -1.371 -1.253
368 L -1.248 -1.618 -2.63 -3.049 -0.232 -1.416 -2.615 -2.817 -1.296 1.633 2.696 -1.727 5.394 0.488 -3.39 -2.311 -1.229 -1.45 -0.95 0.949
369 I -1.339 -3.117 -3.304 -3.248 -0.178 -3.225 -3.685 -3.503 -2.794 4.591 1.559 -2.723 1.172 0.107 -3.546 -3.075 -1.09 -2.268 -1.353 2.94
370 F -2.231 -2.572 -2.682 -3.289 -1.553 -3.12 -3.158 -2.96 0.354 -0.083 0.118 -2.852 -0.111 5.934 -4.125 -2.903 -2.349 1.315 4.706 -0.713
371 N -1.592 -0.779 5.014 0.796 -1.409 -0.89 -1.113 -0.57 0.528 0.676 -1.343 -0.631 -1.066 -1.628 -2.74 -0.505 -0.557 -2.783 -1.885 -0.399
372 I -0.664 -1.914 -1.286 -1.887 0.0 -1.957 -2.296 -2.197 -1.978 3.007 0.634 -1.572 0.52 -0.532 -2.443 -0.595 2.64 -2.173 -1.477 1.846
373 G -0.578 -0.886 2.149 0.633 -1.812 -0.016 2.279 3.515 -0.056 -2.917 -3.067 -0.257 -2.163 -2.578 -2.343 -0.713 -1.317 -2.507 -2.37 -2.484
374 E 0.675 -0.165 1.799 -0.01 -0.929 2.555 1.373 -0.98 0.033 -1.593 -1.935 0.189 -0.977 -2.342 -2.012 -0.137 1.433 -2.431 -1.725 -1.041