#Seq2Logo.py -f /work3/idamei/wzy_ssn/run/1e-50/run/150/MSAs/0014_18.afa -o /work3/idamei/wzy_ssn/run/1e-50/run/150/logos/0014_18.logo
Last position-specific scoring matrix computed, values are in halfbits
A R N D C Q E G H I L K M F P S T W Y V
0 M -1.207 -1.509 -2.486 -2.94 -0.295 -1.177 -2.479 -2.709 -1.095 1.477 2.009 -1.579 6.178 0.341 -3.369 -2.143 -1.172 -1.432 -0.959 0.863
1 R -1.52 5.483 -0.448 -1.549 -2.245 0.532 -0.546 -2.114 0.113 -2.597 -2.013 2.033 -1.209 -2.458 -2.69 -1.392 -1.439 -2.22 -1.758 -2.147
2 S 1.082 -0.727 0.511 -0.234 0.087 -0.555 -0.541 -0.092 -0.446 -1.897 -2.314 -0.271 -1.172 -1.929 -1.461 3.212 1.025 -2.535 -1.741 -1.278
3 P -0.822 -1.999 -1.919 -1.549 -1.443 -1.919 -1.608 -1.838 -1.593 -2.303 -2.736 -1.05 -2.389 -3.321 6.648 -1.437 -1.334 -4.535 -2.621 -2.147
4 T -0.098 -1.078 -0.124 -1.0 0.136 -1.089 -1.363 -1.314 -1.399 -0.21 -1.043 -0.776 -0.517 -1.566 -1.673 0.719 4.201 -2.17 -1.692 0.244
5 G 0.104 -2.343 -0.426 -1.308 -1.306 -2.181 -2.608 5.796 -1.462 -3.201 -3.446 -1.636 -2.652 -2.664 -2.765 -0.988 -1.905 -2.426 -3.134 -2.85
6 Q -0.868 1.022 -0.078 -0.342 -1.897 4.831 1.406 -1.465 0.784 -2.226 -1.976 1.236 -0.389 -2.944 -2.137 -0.74 -0.961 -2.17 -1.271 -1.773
7 L -1.526 -2.172 -3.348 -3.606 -0.136 -2.626 -3.291 -3.368 -2.299 2.019 4.014 -2.464 2.147 0.847 -3.59 -3.144 -1.566 -1.636 -1.042 1.12
8 F -2.32 -2.882 -2.846 -3.3 -1.36 -3.85 -3.468 -2.86 -0.814 0.291 0.579 -3.29 0.216 6.492 -4.434 -3.016 -2.356 0.866 2.945 -0.493
9 L -1.526 -2.172 -3.348 -3.606 -0.136 -2.626 -3.291 -3.368 -2.299 2.019 4.014 -2.464 2.147 0.847 -3.59 -3.144 -1.566 -1.636 -1.042 1.12
10 P -0.822 -1.999 -1.919 -1.549 -1.443 -1.919 -1.608 -1.838 -1.593 -2.303 -2.736 -1.05 -2.389 -3.321 6.648 -1.437 -1.334 -4.535 -2.621 -2.147
11 R -1.52 5.483 -0.448 -1.549 -2.245 0.532 -0.546 -2.114 0.113 -2.597 -2.013 2.033 -1.209 -2.458 -2.69 -1.392 -1.439 -2.22 -1.758 -2.147
12 Y -1.798 -1.763 -2.111 -3.008 -1.737 -1.769 -2.349 -2.918 2.119 -0.789 -0.896 -1.859 -0.668 3.363 -3.319 -2.423 -2.075 2.323 6.624 -0.965
13 D -1.763 -1.574 1.213 5.811 -2.358 -0.858 1.065 -1.109 -0.522 -2.711 -3.477 -0.815 -2.683 -2.905 -2.275 -0.938 -1.398 -3.517 -3.029 -2.85
14 Q -0.868 1.022 -0.078 -0.342 -1.897 4.831 1.406 -1.465 0.784 -2.226 -1.976 1.236 -0.389 -2.944 -2.137 -0.74 -0.961 -2.17 -1.271 -1.773
15 P -0.822 -1.999 -1.919 -1.549 -1.443 -1.919 -1.608 -1.838 -1.593 -2.303 -2.736 -1.05 -2.389 -3.321 6.648 -1.437 -1.334 -4.535 -2.621 -2.147
16 L -1.526 -2.172 -3.348 -3.606 -0.136 -2.626 -3.291 -3.368 -2.299 2.019 4.014 -2.464 2.147 0.847 -3.59 -3.144 -1.566 -1.636 -1.042 1.12
17 I -1.362 -3.086 -3.248 -3.166 -0.136 -3.195 -3.672 -3.465 -2.697 4.483 1.691 -2.664 1.286 0.232 -3.49 -3.062 -1.06 -2.17 -1.271 2.875
18 A 3.883 -1.469 -1.648 -1.673 0.694 -1.306 -1.284 0.388 -1.197 -0.816 -1.307 -0.834 -0.859 -1.834 -1.461 0.469 -0.408 -2.426 -1.741 0.153
19 C -0.433 -3.324 -2.95 -3.404 9.664 -3.444 -3.91 -2.149 -2.936 -0.717 -1.047 -3.099 -1.064 -2.013 -3.192 -1.656 -1.302 -3.22 -2.782 -0.395
20 T -0.098 -1.078 -0.124 -1.0 0.136 -1.089 -1.363 -1.314 -1.399 -0.21 -1.043 -0.776 -0.517 -1.566 -1.673 0.719 4.201 -2.17 -1.692 0.244
21 L -1.526 -2.172 -3.348 -3.606 -0.136 -2.626 -3.291 -3.368 -2.299 2.019 4.014 -2.464 2.147 0.847 -3.59 -3.144 -1.566 -1.636 -1.042 1.12
22 D -1.763 -1.574 1.213 5.811 -2.358 -0.858 1.065 -1.109 -0.522 -2.711 -3.477 -0.815 -2.683 -2.905 -2.275 -0.938 -1.398 -3.517 -3.029 -2.85
23 T -0.098 -1.078 -0.124 -1.0 0.136 -1.089 -1.363 -1.314 -1.399 -0.21 -1.043 -0.776 -0.517 -1.566 -1.673 0.719 4.201 -2.17 -1.692 0.244
24 L -1.066 -1.369 -2.345 -2.799 -0.154 -1.037 -2.339 -2.569 -0.954 1.618 2.149 -1.438 5.537 0.482 -3.228 -2.002 -1.031 -1.292 -0.818 1.004
25 G 0.104 -2.343 -0.426 -1.308 -1.306 -2.181 -2.608 5.796 -1.462 -3.201 -3.446 -1.636 -2.652 -2.664 -2.765 -0.988 -1.905 -2.426 -3.134 -2.85
26 E -0.905 -0.107 -0.324 1.532 -2.397 1.361 4.46 -1.935 0.407 -2.75 -2.688 0.691 -1.739 -2.593 -1.867 -0.777 -1.286 -2.373 -1.893 -2.12
27 K -0.812 2.108 -0.254 -0.708 -1.963 0.821 0.328 -1.328 -0.229 -2.109 -2.226 4.453 -1.209 -2.791 -1.673 -0.867 -1.068 -2.535 -1.774 -1.984
28 L -1.066 -1.369 -2.345 -2.799 -0.154 -1.037 -2.339 -2.569 -0.954 1.618 2.149 -1.438 5.537 0.482 -3.228 -2.002 -1.031 -1.292 -0.818 1.004
29 A 0.908 0.909 2.028 -0.773 -1.119 -0.792 -1.1 0.924 2.585 -2.069 -2.31 0.621 -1.573 -1.085 0.886 0.039 -0.961 -1.722 1.237 -1.672
30 Y -1.791 -1.756 -2.104 -3.001 -1.73 -1.762 -2.342 -2.91 2.126 -0.782 -0.888 -1.852 -0.661 3.37 -3.312 -2.416 -2.068 2.33 6.609 -0.958
31 G 0.111 -2.336 -0.418 -1.301 -1.299 -2.174 -2.6 5.789 -1.455 -3.194 -3.439 -1.629 -2.645 -2.657 -2.758 -0.981 -1.898 -2.419 -3.127 -2.843
32 I -1.355 -3.079 -3.241 -3.159 -0.129 -3.188 -3.665 -3.457 -2.689 4.463 1.698 -2.657 1.293 0.239 -3.483 -3.055 -1.053 -2.163 -1.263 2.882
33 L -1.059 -1.361 -2.338 -2.792 -0.147 -1.029 -2.331 -2.561 -0.947 1.625 2.157 -1.431 5.499 0.489 -3.221 -1.995 -1.024 -1.284 -0.811 1.011
34 R -1.513 5.469 -0.441 -1.542 -2.238 0.539 -0.539 -2.106 0.12 -2.59 -2.006 2.04 -1.202 -2.45 -2.683 -1.385 -1.432 -2.212 -1.75 -2.14
35 V 0.803 -1.614 -0.985 -1.586 0.049 -1.584 -1.743 -1.303 -1.583 1.478 0.508 -1.278 0.084 -0.994 -2.253 1.289 1.614 -2.407 -1.635 1.719
36 L 0.6 -1.087 -1.441 -1.81 -0.308 -1.453 -1.661 -1.53 -1.526 1.372 1.262 0.284 0.261 -0.892 1.248 0.531 -0.551 -2.513 -1.669 1.102
37 L -1.002 -1.475 0.806 -1.247 -0.916 -1.473 -0.516 -1.991 -0.476 1.156 0.514 -0.738 -0.11 1.992 1.131 -0.501 -1.002 -1.071 1.88 0.836
38 N -0.506 -1.267 2.825 -0.473 -0.412 -1.299 -1.509 -1.181 -0.708 1.299 -0.683 -1.014 -0.449 -1.359 -2.375 0.566 1.994 -2.551 -1.761 1.206
39 P 0.709 -1.372 -0.783 -1.239 -0.323 -1.235 -1.365 -1.058 -1.156 -0.827 -0.991 -0.877 1.471 -1.733 3.468 1.267 1.432 -2.737 -1.888 -0.635
40 V -0.219 -2.472 -2.915 -3.15 0.354 -2.573 -2.879 -2.941 -2.9 3.044 0.96 -2.374 0.846 -0.384 -3.157 -2.27 -0.437 -2.373 -1.271 4.086
41 E -0.905 -0.107 -0.324 1.532 -2.397 1.361 4.46 -1.935 0.407 -2.75 -2.688 0.691 -1.739 -2.593 -1.867 -0.777 -1.286 -2.373 -1.893 -2.12
42 D -1.763 -1.574 1.213 5.811 -2.358 -0.858 1.065 -1.109 -0.522 -2.711 -3.477 -0.815 -2.683 -2.905 -2.275 -0.938 -1.398 -3.517 -3.029 -2.85
43 V -0.219 -2.472 -2.915 -3.15 0.354 -2.573 -2.879 -2.941 -2.9 3.044 0.96 -2.374 0.846 -0.384 -3.157 -2.27 -0.437 -2.373 -1.271 4.086
44 H -1.693 -0.343 0.474 -0.947 -2.32 -0.151 -0.486 -1.683 7.972 -2.647 -2.581 -0.751 -1.247 -0.838 -2.735 -1.565 -2.212 -1.44 1.681 -3.021
45 R -0.079 2.775 -0.186 -0.839 -0.989 1.352 -0.379 -1.066 -0.292 -2.282 -2.324 0.633 -1.291 -2.475 1.856 1.721 -0.161 -2.685 -1.876 -1.788
46 V -0.219 -2.472 -2.915 -3.15 0.354 -2.573 -2.879 -2.941 -2.9 3.044 0.96 -2.374 0.846 -0.384 -3.157 -2.27 -0.437 -2.373 -1.271 4.086
47 T -0.098 -1.078 -0.124 -1.0 0.136 -1.089 -1.363 -1.314 -1.399 -0.21 -1.043 -0.776 -0.517 -1.566 -1.673 0.719 4.201 -2.17 -1.692 0.244
48 S 1.082 -0.727 0.511 -0.234 0.087 -0.555 -0.541 -0.092 -0.446 -1.897 -2.314 -0.271 -1.172 -1.929 -1.461 3.212 1.025 -2.535 -1.741 -1.278
49 P -0.822 -1.999 -1.919 -1.549 -1.443 -1.919 -1.608 -1.838 -1.593 -2.303 -2.736 -1.05 -2.389 -3.321 6.648 -1.437 -1.334 -4.535 -2.621 -2.147
50 P -0.822 -1.999 -1.919 -1.549 -1.443 -1.919 -1.608 -1.838 -1.593 -2.303 -2.736 -1.05 -2.389 -3.321 6.648 -1.437 -1.334 -4.535 -2.621 -2.147
51 A 1.801 0.068 -1.431 -1.705 -0.117 -0.702 -1.017 -1.009 -1.271 0.878 -0.563 1.989 -0.289 -1.527 -2.033 -0.706 -0.65 -2.472 -1.615 1.889
52 R 0.051 3.823 0.057 -0.832 -0.864 0.025 -0.558 -0.944 -0.167 -2.24 -2.174 1.091 -1.205 -2.196 -2.025 1.784 0.034 -2.387 -1.764 -1.694
53 D -1.763 -1.574 1.213 5.811 -2.358 -0.858 1.065 -1.109 -0.522 -2.711 -3.477 -0.815 -2.683 -2.905 -2.275 -0.938 -1.398 -3.517 -3.029 -2.85
54 E -0.905 -0.107 -0.324 1.532 -2.397 1.361 4.46 -1.935 0.407 -2.75 -2.688 0.691 -1.739 -2.593 -1.867 -0.777 -1.286 -2.373 -1.893 -2.12
55 D -1.57 -2.246 -0.244 3.957 -1.052 -1.81 -0.439 -2.067 -1.423 2.746 0.122 -1.608 -0.079 -0.944 -2.833 -1.823 -1.239 -2.78 -2.032 1.232
56 A 3.918 -1.484 -1.662 -1.687 0.68 -1.32 -1.298 0.374 -1.211 -0.83 -1.321 -0.849 -0.874 -1.848 -1.475 0.455 -0.422 -2.44 -1.756 0.139
57 H 0.002 -0.543 0.478 -0.583 -0.887 -0.36 -0.528 -0.793 6.148 -2.262 -2.459 -0.515 -1.224 -1.347 -2.042 1.756 -0.176 -1.95 0.436 -2.034
58 V 0.49 -1.484 -0.735 -1.353 0.209 -1.406 -1.494 -1.193 -1.434 1.508 -0.25 -1.149 -0.005 -1.069 -2.2 1.656 0.372 -2.467 -1.511 2.536
59 L 1.054 -1.486 -1.55 -0.822 -0.479 -0.803 1.441 1.182 -1.186 0.615 0.925 -0.965 0.019 -1.07 -2.481 -1.147 -1.109 -2.312 -1.754 1.27
60 F 0.953 -2.053 -1.402 -2.027 -0.603 -2.19 -2.303 2.03 -0.854 -0.65 -0.79 -1.771 -0.702 3.859 -2.714 -0.802 0.924 -0.5 1.824 -0.617
61 S 1.082 -0.727 0.511 -0.234 0.087 -0.555 -0.541 -0.092 -0.446 -1.897 -2.314 -0.271 -1.172 -1.929 -1.461 3.212 1.025 -2.535 -1.741 -1.278
62 P -0.822 -1.999 -1.919 -1.549 -1.443 -1.919 -1.608 -1.838 -1.593 -2.303 -2.736 -1.05 -2.389 -3.321 6.648 -1.437 -1.334 -4.535 -2.621 -2.147
63 C -0.433 -3.324 -2.95 -3.404 9.664 -3.444 -3.91 -2.149 -2.936 -0.717 -1.047 -3.099 -1.064 -2.013 -3.192 -1.656 -1.302 -3.22 -2.782 -0.395
64 F -2.32 -2.882 -2.846 -3.3 -1.36 -3.85 -3.468 -2.86 -0.814 0.291 0.579 -3.29 0.216 6.492 -4.434 -3.016 -2.356 0.866 2.945 -0.493
65 N 1.505 -0.743 4.614 0.572 -0.755 -0.782 -0.918 0.018 0.393 -1.955 -2.419 -0.483 -1.68 -2.202 -2.182 0.072 -0.456 -2.794 -1.975 -1.374
66 S 0.781 -0.96 1.441 1.354 -0.614 0.714 -0.489 -0.776 -0.563 -0.899 -1.874 -0.531 -1.169 -2.17 1.348 1.47 -0.177 -2.888 -1.985 0.054
67 F -2.32 -2.882 -2.846 -3.3 -1.36 -3.85 -3.468 -2.86 -0.814 0.291 0.579 -3.29 0.216 6.492 -4.434 -3.016 -2.356 0.866 2.945 -0.493
68 K 0.212 2.745 -0.837 -1.229 -1.574 1.247 -0.311 -1.461 -0.471 -2.204 -2.255 2.701 -1.401 -2.834 2.864 -1.008 -1.23 -2.855 -1.993 -1.816
69 G 0.856 0.568 1.181 -0.911 -1.037 -1.013 -1.248 2.407 -0.8 -2.302 -2.604 0.731 -1.877 -2.647 2.848 0.171 -0.917 -2.972 -2.355 -1.832
70 G -0.757 -1.364 -1.427 -2.066 -0.735 -1.841 -2.323 3.021 -1.766 1.137 1.765 0.049 0.34 -0.742 -2.903 -1.539 0.1 -2.218 -1.91 0.135
71 D -0.003 -1.635 0.305 4.653 -1.226 -1.158 0.115 -1.199 -0.893 -1.012 -0.277 -1.077 0.984 -1.729 -2.41 -0.119 -1.056 -2.908 -2.349 -1.24
72 L 0.258 -2.259 -2.1 -2.4 -0.337 -2.333 -2.587 0.544 -2.014 2.379 1.955 -1.912 0.658 -0.453 0.907 -0.677 -1.037 -2.382 -1.68 1.185
73 Y -1.798 -1.763 -2.111 -3.008 -1.737 -1.769 -2.349 -2.918 2.119 -0.789 -0.896 -1.859 -0.668 3.363 -3.319 -2.423 -2.075 2.323 6.624 -0.965
74 I 0.157 -2.433 -2.173 -2.601 3.864 -2.595 -2.791 -2.187 -1.969 2.425 0.347 -2.193 0.194 2.792 -2.985 -1.362 1.154 -1.495 -0.089 1.79
75 P -0.609 -1.843 -1.298 -1.553 -1.214 -1.738 -1.666 0.669 2.302 -1.24 -2.207 -1.224 -1.77 -2.485 5.381 -0.407 -1.146 -3.479 -1.739 -0.415
76 L -0.296 -2.675 -3.086 -3.269 -0.483 -3.064 -3.299 -2.713 -1.886 2.711 2.305 -2.655 1.028 3.851 -3.603 -2.586 -1.603 -0.929 0.597 1.243
77 L -1.636 -2.467 -3.332 -3.63 -0.422 -2.963 -3.417 -3.351 -2.119 1.743 3.527 -2.738 1.596 3.184 -3.828 -3.155 -1.702 -1.12 0.158 1.372
78 L -1.526 -2.172 -3.348 -3.606 -0.136 -2.626 -3.291 -3.368 -2.299 2.019 4.014 -2.464 2.147 0.847 -3.59 -3.144 -1.566 -1.636 -1.042 1.12
79 L -1.645 -2.27 -2.763 -3.238 -0.749 -2.512 -3.036 -3.048 -0.529 1.656 2.461 -2.403 2.153 3.488 -3.663 -2.204 -1.68 0.005 3.271 0.59
80 L -0.159 -2.443 -3.127 -3.345 -0.289 -2.808 -3.169 -2.72 -2.09 2.11 3.039 -2.512 1.337 2.775 -3.487 -2.533 -1.49 -1.327 -0.086 1.543
81 G 1.963 -1.992 -1.149 -1.703 -0.186 -1.873 -2.043 3.51 -1.619 -0.006 -1.32 -1.452 -0.993 -1.819 -2.35 0.198 -0.773 -2.548 -2.175 1.207
82 L 0.403 -2.27 -2.826 -3.115 -0.106 -2.508 -2.944 -0.268 -2.303 1.723 3.134 -2.248 1.32 0.078 -3.2 -2.153 -1.288 -2.054 -1.413 1.896
83 F 0.12 -2.637 -1.998 -2.557 -1.104 -3.044 -2.983 2.391 -1.119 -0.517 -0.352 -2.509 -0.523 5.372 -3.528 -1.864 -2.029 -0.092 1.724 -0.932
84 L -1.056 -2.493 -3.275 -3.48 -0.051 -2.779 -3.281 -3.32 -2.669 2.819 3.025 -2.562 1.506 0.255 -3.517 -2.884 -1.14 -2.067 -1.262 2.905
85 I 1.56 -2.389 -2.325 -2.532 -0.047 -2.396 -2.658 1.094 -2.097 2.837 1.188 -1.951 0.481 -0.573 -2.756 -1.389 -1.049 -2.324 -1.661 1.813
86 G 0.517 -2.477 -2.087 -2.543 -0.358 -2.585 -2.855 2.368 -1.971 1.832 0.933 -2.178 0.22 1.878 -3.096 -1.742 -1.277 -1.729 -0.652 1.935
87 I -1.09 -2.824 -2.811 -2.994 -0.14 -2.914 -3.317 -3.196 -2.711 4.247 1.232 -2.49 0.925 -0.16 -3.319 -2.367 0.316 -2.346 -1.446 3.011
88 L -1.118 -2.296 -2.757 -3.107 -0.141 -2.456 -3.049 -3.074 -2.343 2.795 2.765 -2.286 2.38 0.151 -3.33 -2.296 0.206 -2.023 -1.304 2.334
89 L 0.408 -2.081 -2.094 -2.512 0.021 -2.186 -2.48 -2.1 -2.15 2.195 2.055 -1.906 0.864 -0.328 -2.829 -0.475 0.494 -2.248 -1.462 2.45
90 A 2.173 -1.504 -0.585 -1.176 -0.039 -1.354 -1.416 2.388 -1.174 -0.829 -1.757 -0.981 -1.153 -1.963 -1.957 1.901 -0.078 -2.6 -2.052 0.226
91 T -0.556 -1.234 -1.041 -1.776 -0.02 -1.077 -1.824 -1.888 -1.182 0.832 0.96 -1.103 3.935 -0.378 -2.361 -0.346 2.673 -1.712 -1.236 0.634
92 A 2.318 -1.844 -1.719 -2.045 0.226 -1.805 -1.939 -0.961 -1.763 1.526 0.578 -1.437 0.091 -1.01 -2.236 0.215 0.626 -2.421 -1.649 1.843
93 A 1.157 -0.737 1.136 -0.234 -0.731 0.953 1.416 -0.979 0.009 -1.482 -1.874 -0.301 -1.141 -0.944 -2.035 0.468 1.355 -1.531 1.286 -0.944
94 L -1.044 -2.214 -2.149 -2.657 -0.427 -2.41 -2.725 -2.602 -1.2 2.276 1.948 -2.139 0.795 2.525 -3.193 -0.801 0.249 -0.846 1.869 1.524
95 G -0.488 -1.928 -0.645 1.059 -1.606 -1.444 0.083 3.947 -1.245 -2.899 -3.233 -1.141 -2.547 -2.969 3.556 -0.831 -1.594 -3.157 -2.901 -2.619
96 G 0.128 -1.413 -0.03 1.089 -0.59 -1.24 -1.035 2.211 -1.086 -1.825 -2.4 -0.889 -1.6 -2.308 1.172 1.77 1.788 -2.788 -2.295 -1.385
97 L 0.275 -1.89 -1.924 -1.7 -0.353 -1.598 -0.279 -2.03 -1.672 2.255 1.472 -1.469 0.999 -0.626 0.961 -0.508 -0.394 -2.416 -1.614 1.498
98 A 2.182 -2.143 -2.537 -2.682 0.142 -2.229 -2.371 -1.312 -1.916 1.354 1.399 -1.869 0.456 1.576 -2.635 -1.126 -0.907 -1.846 -0.678 2.216
99 H -1.537 -1.415 -0.839 -1.863 -1.04 -1.303 -1.675 -2.453 6.067 2.751 0.268 -1.566 0.274 -0.268 -3.102 -2.232 -1.594 -1.796 0.553 1.212
100 L -0.631 -1.197 -1.109 -1.643 -0.708 1.413 -1.26 1.919 -1.125 1.383 1.134 -0.93 0.796 -0.969 -2.733 -0.321 0.285 -2.239 -1.716 0.265
101 L -1.552 -2.483 -3.375 -3.616 -0.319 -2.912 -3.436 -3.414 -2.334 2.347 3.573 -2.683 1.672 2.141 -3.743 -3.159 -1.581 -1.501 -0.459 1.675
102 L 2.105 -1.907 -1.965 -2.223 0.179 -1.914 -2.08 -1.094 -1.77 1.72 1.589 -1.555 0.537 -0.602 -2.396 0.093 -0.601 -2.291 -1.541 1.541
103 A 1.952 -1.844 -1.87 -2.228 0.088 -1.819 -1.995 -1.171 -0.935 1.062 0.693 -1.533 0.124 0.072 -2.416 0.081 -0.571 -1.245 1.769 2.003
104 L -0.943 -2.34 -2.444 -2.888 -0.154 -2.581 -2.915 -2.851 -2.231 2.451 1.988 -2.297 0.939 2.122 -3.221 -1.912 0.872 -1.618 -0.393 2.617
105 L -1.526 -2.172 -3.348 -3.606 -0.136 -2.626 -3.291 -3.368 -2.299 2.019 4.014 -2.464 2.147 0.847 -3.59 -3.144 -1.566 -1.636 -1.042 1.12
106 F 1.349 -2.139 -1.935 -2.413 -0.496 -2.301 -2.424 0.783 -0.817 -0.045 0.413 -1.922 -0.197 3.809 -2.844 -1.122 0.043 -0.423 2.271 0.035
107 G 1.865 -1.821 -0.947 -1.526 -0.162 -1.707 -1.857 2.869 -1.496 0.49 -1.207 -1.296 -0.887 -1.728 -2.217 0.795 0.497 -2.533 -2.093 0.606
108 L -0.152 -2.432 -2.643 -2.997 -0.355 -2.756 -2.979 -2.517 -1.878 2.024 2.035 -2.409 0.838 3.597 -3.341 -2.016 -0.025 -1.054 0.44 1.704
109 L 1.468 -1.987 -2.38 -2.684 -0.064 -1.991 -2.495 0.564 -1.8 1.119 2.345 -1.808 2.779 -0.25 -2.829 -1.429 -1.168 -2.032 -1.48 1.141
110 L -1.967 -2.777 -3.233 -3.522 -0.77 -3.373 -3.578 -3.283 -1.722 2.203 2.547 -2.991 1.103 4.806 -4.063 -3.211 -1.929 -0.427 1.272 0.854
111 A 1.585 -2.574 -2.649 -2.818 5.503 -2.691 -2.794 -1.56 -1.924 1.863 0.077 -2.243 -0.062 2.718 -2.895 -1.367 -1.153 -1.586 -0.16 1.373
112 T 0.809 -1.434 -0.558 -1.28 -0.069 -1.39 -1.565 0.838 -1.398 -0.078 -0.136 -1.071 -0.437 -1.443 -2.059 1.439 2.528 -2.415 -1.846 0.569
113 L -0.948 -2.354 -2.729 -3.05 -0.13 -2.579 -3.005 -2.924 -2.403 2.765 2.945 -2.332 1.373 0.15 -3.34 -1.271 -0.987 -2.112 -1.336 2.445
114 V 0.182 -2.527 -2.921 -3.105 0.044 -2.656 -3.004 -2.666 -2.629 3.148 1.825 -2.353 0.958 -0.228 -3.181 -2.153 -0.446 -2.316 -1.419 3.282
115 V 0.508 -2.108 -1.821 -2.279 0.101 -2.118 -2.347 -1.994 -2.213 2.626 0.351 -1.805 0.32 -0.801 -2.659 -0.289 1.327 -2.457 -1.566 3.092
116 P 0.135 -1.747 -1.998 -2.176 -0.732 -0.04 -1.79 0.391 -1.052 0.435 0.799 -1.367 -0.138 -0.452 3.289 -1.659 -1.3 -1.792 1.101 1.087
117 L -1.545 -2.191 -3.367 -3.625 -0.155 -2.645 -3.31 -3.387 -2.318 2.0 4.045 -2.483 2.128 0.828 -3.609 -3.163 -1.585 -1.655 -1.061 1.101
118 N -0.957 -0.934 4.652 0.639 -1.665 -0.988 -1.235 3.293 0.354 -2.875 -3.256 -0.685 -2.325 -2.477 -2.655 -0.388 -0.868 -2.785 -2.39 -2.663
119 L -0.337 -2.283 -2.493 -2.973 -0.687 -2.574 -2.857 -2.502 -0.578 1.306 1.849 -2.304 0.611 3.909 -3.36 -2.021 -0.204 0.012 3.212 0.393
120 L 0.774 -1.707 0.422 -1.408 -0.52 -1.464 -0.329 -1.709 -0.34 1.701 0.494 -1.384 -0.013 0.404 -2.687 -1.165 0.157 -0.866 2.584 1.166
121 S 0.909 -0.704 -0.02 -0.741 -0.615 0.766 -0.536 -0.688 4.05 -2.095 -2.376 -0.408 -1.29 -1.978 1.192 2.155 -0.048 -2.495 -0.803 -1.609
122 V 0.415 1.747 -1.52 -2.108 -0.254 -1.396 -1.897 -1.909 -1.555 2.233 0.029 -0.568 0.069 -1.047 -2.662 -0.3 0.527 -2.427 -1.622 2.349
123 L 1.093 -0.993 0.85 -1.475 -0.548 -1.443 -1.653 -1.18 -0.845 -0.106 0.969 0.26 0.667 2.952 -2.612 -0.08 -0.932 -1.335 0.074 -0.362
124 A 1.631 -1.804 0.484 -1.67 -0.107 -1.753 -2.028 0.808 -1.388 1.377 0.605 -1.47 1.444 -0.954 -2.541 -0.132 -0.688 -2.383 -1.705 1.579
125 G 0.437 0.712 -0.523 1.058 -0.915 0.724 1.034 1.161 -0.706 0.252 -1.41 -0.25 -0.937 -1.951 -2.33 0.51 -0.73 -2.588 -1.997 0.255
126 R -0.926 2.554 2.253 1.299 -1.644 -0.18 0.546 0.751 1.046 -2.394 -2.569 1.158 -1.694 -2.466 -2.368 0.044 0.238 -2.64 -1.949 -2.053
127 R 0.239 2.832 1.477 -0.533 -1.47 -0.156 0.375 1.957 -0.301 -2.496 -2.535 1.662 -1.678 -2.566 -2.326 -0.02 -1.028 -2.588 -2.154 -2.02
128 A 1.449 1.028 -0.793 0.655 -0.928 -0.769 -0.858 0.837 2.275 -1.358 -0.631 1.363 -0.994 -1.917 0.916 -0.856 -1.284 -2.596 -1.51 -1.174
129 D 1.317 -1.361 0.255 4.539 -1.309 -0.542 1.802 -0.871 -0.628 -2.206 -2.724 -0.622 -2.043 -2.659 -2.098 -0.597 -1.215 -3.098 -2.546 -1.723
130 L 0.043 -1.765 1.634 -1.504 -0.355 -1.836 -2.212 -1.738 -1.226 2.101 1.926 -1.618 1.868 -0.366 -2.955 -0.564 -0.817 -2.254 -1.507 1.385
131 S 1.808 -1.021 0.022 -0.655 0.071 -0.865 -0.872 -0.228 -0.787 -1.622 -2.112 -0.55 -1.189 -2.017 -1.62 3.074 1.329 -2.62 -1.877 -0.941
132 F -1.243 -2.688 -2.333 -2.78 -0.983 -3.065 -3.101 1.553 -1.556 0.636 0.646 -2.574 -0.036 4.645 0.52 -2.397 -1.808 -0.635 1.105 1.061
133 F -2.26 -2.801 -2.871 -3.373 -1.427 -3.428 -3.387 -3.062 -0.249 0.935 0.35 -3.056 0.054 6.025 -4.245 -3.044 -2.301 0.894 3.977 -0.172
134 L -0.122 -2.292 -3.207 -3.425 -0.098 -2.609 -3.107 -2.814 -2.417 1.937 3.574 -2.396 1.621 0.344 -3.382 -2.547 -1.349 -1.964 -1.281 1.94
135 L 1.886 -2.17 -2.736 -2.824 0.053 -2.293 -2.581 -1.557 -2.047 2.144 2.647 -1.929 1.049 -0.143 -2.753 -1.412 -1.146 -2.138 -1.461 1.116
136 L -1.201 -2.698 -3.214 -3.439 -0.264 -3.035 -3.368 -3.268 -2.353 2.843 2.26 -2.74 1.107 2.86 -3.676 -2.901 -1.265 -1.403 -0.011 2.856
137 P -0.963 -2.14 -2.06 -1.69 -1.583 -2.059 -1.749 -1.979 -1.734 -2.444 -2.877 -1.19 -2.529 -3.462 6.786 -1.578 -1.475 -4.675 -2.762 -2.288
138 T -0.422 -1.784 -1.18 -1.85 -0.039 -1.825 -2.108 -2.0 -1.936 2.125 0.729 -1.516 0.286 -0.825 -2.44 0.132 2.84 -2.324 -1.614 1.956
139 V -1.048 -2.604 -3.049 -3.243 -0.178 -2.643 -3.219 -3.178 -2.288 3.474 1.312 -2.486 2.807 1.713 -3.528 -2.684 -1.042 -1.762 -0.584 3.12
140 L -1.462 -2.418 -3.138 -3.312 -0.282 -2.442 -3.29 -3.308 -2.156 3.533 2.653 -2.367 3.65 0.339 -3.583 -2.893 -1.322 -1.901 -1.219 1.887
141 S 0.942 -0.867 0.371 -0.375 -0.054 -0.696 -0.682 -0.233 -0.586 -2.038 -2.455 -0.411 -1.313 -2.07 -1.602 3.662 0.885 -2.675 -1.882 -1.419
142 A 3.531 -1.737 -1.687 -1.868 3.844 -1.603 -1.622 -0.152 -1.5 -0.359 -1.198 -1.176 -0.838 -1.831 -1.847 0.589 -0.454 -2.635 -1.915 0.723
143 F -1.007 -1.966 -1.362 -2.073 -0.626 -2.255 -2.333 -2.052 -1.23 0.057 0.535 -1.894 -0.012 4.644 -2.914 -0.151 2.211 -0.528 1.173 -0.225
144 Q -1.009 0.881 -0.219 -0.483 -2.037 5.294 1.266 -1.605 0.643 -2.367 -2.117 1.095 -0.529 -3.085 -2.277 -0.881 -1.101 -2.311 -1.411 -1.913
145 N -1.786 -0.541 5.894 1.155 -1.973 -0.653 -0.852 -0.281 0.842 -2.839 -3.278 -0.422 -2.288 -2.501 -2.714 -0.244 -0.578 -3.093 -2.195 -2.687
146 V -0.859 -2.627 -3.228 -3.411 0.001 -2.832 -3.261 -3.284 -2.829 3.155 2.299 -2.59 1.196 -0.027 -3.47 -2.763 -0.959 -2.258 -1.347 3.523
147 Y -1.939 -1.904 -2.252 -3.149 -1.878 -1.91 -2.49 -3.058 1.978 -0.93 -1.036 -2.0 -0.809 3.222 -3.46 -2.564 -2.216 2.182 6.905 -1.106
148 L -1.667 -2.313 -3.489 -3.746 -0.277 -2.767 -3.432 -3.509 -2.44 1.879 4.234 -2.604 2.006 0.706 -3.731 -3.285 -1.707 -1.777 -1.183 0.979
149 G -0.186 -1.95 -0.851 -1.62 -0.672 -1.943 -2.266 3.887 -1.574 -0.517 1.076 -1.572 -0.282 -1.202 -2.689 0.41 0.191 -2.324 -2.178 -0.832
150 L -1.019 -2.362 -2.725 -2.897 -0.623 -2.677 -2.882 -2.745 -1.92 1.533 2.602 -2.24 0.925 2.794 2.205 -2.306 -0.573 -1.494 -0.131 0.512
151 V 0.38 -2.489 -2.324 -2.752 -0.165 -2.594 -2.862 1.635 -2.266 1.828 0.827 -2.267 0.289 1.38 -3.146 -1.882 -1.03 -1.964 -0.865 3.068
152 A 3.79 -1.497 -1.349 -1.585 0.456 -1.35 -1.356 0.086 -1.278 -0.977 -1.5 -0.914 -0.994 -1.958 -1.62 0.869 0.636 -2.552 -1.877 -0.084
153 G -1.27 -1.398 2.25 2.793 -2.058 -0.99 0.477 2.211 2.442 -2.811 -3.105 -0.965 -2.296 -2.017 0.758 -1.14 -1.573 4.056 -1.228 -2.746
154 D -0.368 1.935 -0.05 2.105 -1.691 0.938 0.803 -1.504 3.984 -2.23 -2.332 0.132 -1.421 -1.019 -2.427 -0.204 -0.738 -1.554 1.455 -1.967
155 L -0.069 -2.322 -3.063 -3.252 -0.1 -2.459 -3.043 -2.741 -2.281 2.699 2.856 -2.292 2.584 0.178 -3.324 -2.407 -1.201 -2.011 -1.293 2.23
156 D 0.142 -1.171 2.324 3.083 -1.123 -0.767 0.691 -0.93 -0.477 -1.926 -2.514 -0.647 -1.796 -2.47 0.952 0.33 1.191 -3.029 -2.325 -1.54
157 P 0.622 -1.137 0.285 0.955 -0.687 0.408 -0.725 0.911 -0.869 -1.791 -2.292 -0.64 -1.491 -2.438 2.433 1.19 1.341 -2.908 -2.183 -1.317
158 A 1.205 -1.808 -0.837 0.628 -0.365 -1.729 -1.44 0.354 -1.177 0.662 -0.751 -1.387 -0.587 2.427 -2.423 1.2 -0.448 -1.685 -0.322 0.586
159 A 2.041 0.757 0.822 -0.817 3.624 0.644 0.294 -0.763 -0.674 -1.323 -1.719 -0.247 -1.101 -2.186 -2.055 -0.152 1.158 -2.576 -1.949 -0.664
160 L -1.463 -2.326 -3.332 -3.579 -0.23 -2.62 -3.324 -3.394 -2.368 2.378 3.706 -2.504 2.624 0.528 -3.645 -3.065 -1.486 -1.848 -1.201 1.698
161 Q -1.031 0.848 -0.201 -0.5 -2.049 5.218 1.223 -1.612 1.587 -2.379 -2.134 1.052 -0.552 -2.993 -2.294 -0.903 -1.132 -2.286 -1.26 -1.944
162 V 0.052 -2.461 -2.877 -3.163 -0.221 -2.671 -2.953 -2.544 -1.927 1.885 1.27 -2.452 1.822 3.553 -3.414 -2.224 -1.143 -1.101 0.459 2.84
163 L -0.037 -2.363 -3.023 -3.25 -0.139 -2.553 -3.023 -2.685 -2.179 2.328 2.572 -2.362 2.2 1.793 -3.364 -2.367 -1.206 -1.668 -0.583 2.405
164 L -1.326 -2.671 -3.369 -3.495 -0.181 -2.95 -3.482 -3.46 -2.684 3.452 3.007 -2.659 1.504 0.295 -3.611 -3.077 -1.287 -2.089 -1.305 2.553
165 I -0.645 -2.221 -1.842 -2.265 -0.164 -2.18 -2.548 -2.331 -2.002 3.598 0.918 -1.883 1.834 -0.368 -2.907 0.058 0.498 -2.298 -1.482 2.219
166 L -1.118 -2.322 -2.463 -2.907 -0.219 -2.579 -2.972 -2.914 -2.244 2.551 2.473 -2.289 1.11 1.747 -3.243 -1.955 0.974 -1.711 -0.64 2.123
167 N -1.222 -0.691 4.806 0.548 -1.762 -0.703 -0.92 1.104 4.077 -2.788 -3.111 -0.604 -2.043 -2.143 -2.637 0.196 -0.756 -2.67 -1.096 -2.648
168 F -2.057 -2.918 -3.117 -3.455 -1.178 -3.523 -3.486 -3.006 -1.431 1.829 0.441 -3.121 0.162 5.211 -4.381 -3.144 -2.045 6.115 1.968 0.992
169 L 1.402 -2.275 -2.772 -2.87 0.017 -2.308 -2.706 -1.872 -2.101 2.842 2.055 -2.011 2.027 -0.184 -2.897 -1.643 -1.052 -2.164 -1.428 1.915
170 L -1.435 -2.767 -3.3 -3.325 -0.155 -3.012 -3.559 -3.451 -2.577 3.908 2.695 -2.615 1.583 0.433 -3.542 -3.108 -1.238 -2.0 -1.211 2.38
171 F -1.919 -2.523 -2.131 0.051 -1.328 -2.768 -2.458 -2.858 0.017 1.06 0.062 -2.555 -0.124 5.008 -3.783 -2.671 -1.968 0.689 4.228 0.622
172 A 2.474 -1.182 -0.374 -0.966 0.19 -1.045 -1.076 -0.224 -1.003 -1.259 -1.805 -0.695 -1.07 -1.966 -1.639 2.336 1.715 -2.567 -1.873 -0.532
173 L 0.112 -2.561 -2.71 -3.002 -0.191 -2.738 -3.057 0.193 -2.305 2.618 1.792 -2.396 0.786 1.605 -3.286 -2.202 -1.163 -1.847 -0.741 2.661
174 L 0.967 -2.151 -2.187 -2.545 0.074 -2.226 -2.513 -1.956 -2.227 2.473 1.519 -1.895 0.658 -0.504 -2.718 -1.189 1.146 -2.302 -1.52 2.483
175 L -1.218 -2.105 -2.542 -3.029 -0.178 -2.415 -2.938 -2.975 -2.301 1.703 3.527 -2.208 1.562 0.289 -3.238 -2.031 0.909 -1.929 -1.311 1.415
176 L -1.603 -2.46 -3.015 -3.462 -0.705 -2.849 -3.205 -3.202 -0.731 1.381 2.357 -2.662 0.926 3.967 -3.794 -2.936 -1.729 0.03 3.231 1.531
177 L -0.12 -2.213 -2.739 -3.1 -0.191 -2.525 -2.928 -2.591 -2.128 1.59 3.18 -2.271 1.355 1.85 -3.249 -2.058 -0.015 -1.606 -0.599 1.486
178 G -0.599 -2.374 -1.868 -2.443 -0.37 -2.367 -2.872 2.513 -2.153 2.285 0.948 -2.083 1.615 -0.691 -3.113 -1.745 0.099 -2.284 -1.777 2.248
179 L -1.492 -2.486 -3.429 -3.618 -0.228 -2.857 -3.457 -3.484 -2.559 2.771 3.685 -2.631 1.766 0.508 -3.671 -3.179 -1.489 -1.929 -1.243 1.872
180 A 1.518 -1.896 -1.833 -2.24 -0.158 -1.884 -2.155 -1.399 -0.975 1.531 0.779 -1.611 1.539 1.756 -2.578 -0.168 0.306 -1.094 1.548 0.846
181 L 0.877 -2.134 -2.011 -2.417 -0.053 -2.195 -2.46 0.492 -2.043 1.928 1.807 -1.879 0.641 -0.505 -2.812 -0.31 -0.758 -2.305 -1.595 2.203
182 I -0.575 1.159 1.865 -1.117 3.549 -1.135 -1.596 -1.67 -0.956 1.449 -0.618 0.48 -0.463 -1.484 -2.61 -0.854 1.348 -2.591 -1.87 0.946
183 A 3.883 -1.469 -1.648 -1.673 0.694 -1.306 -1.284 0.388 -1.197 -0.816 -1.307 -0.834 -0.859 -1.834 -1.461 0.469 -0.408 -2.426 -1.741 0.153
184 G 0.104 -2.343 -0.426 -1.308 -1.306 -2.181 -2.608 5.796 -1.462 -3.201 -3.446 -1.636 -2.652 -2.664 -2.765 -0.988 -1.905 -2.426 -3.134 -2.85
185 R -1.207 4.371 -0.31 0.856 -1.912 0.0 -0.552 0.63 -0.384 -2.379 -2.293 1.987 -1.5 -2.593 -2.521 -1.084 0.039 -2.52 -2.11 -2.025
186 P -1.013 -1.402 -1.202 0.677 -1.236 -1.755 -1.477 0.575 -1.345 -0.583 -1.265 0.071 -1.127 2.495 3.536 -1.407 0.028 -1.927 -0.38 -0.048
187 P -0.789 2.14 -0.959 -1.473 -1.169 0.726 -0.901 -1.816 -0.758 -0.75 -1.38 1.014 -0.912 1.008 2.568 -0.204 0.327 -2.191 -0.928 -0.029
188 K 0.841 1.343 1.027 -0.879 -0.954 -0.471 -0.826 0.897 -0.664 -1.872 -2.221 2.102 -1.462 -2.479 0.985 0.235 0.644 -2.738 -2.09 -1.406
189 F -0.254 -1.702 -1.128 -1.715 -0.418 -1.714 -1.854 -1.528 -1.035 0.411 0.005 -1.479 1.852 3.487 -0.415 1.286 -0.337 -1.1 0.47 0.824
190 D -0.851 -1.136 1.789 2.95 -1.417 -0.497 1.566 1.728 -0.482 -2.026 -2.586 -0.57 -1.847 -2.459 -2.239 -0.414 1.456 -2.752 -2.398 -1.686
191 N -1.114 -0.792 4.927 0.817 -1.705 -0.862 -1.096 2.738 0.524 -2.83 -3.226 -0.58 -2.28 -2.447 -2.634 -0.315 -0.754 -2.825 -2.303 -2.633
192 P 0.552 1.37 -0.761 -0.699 -1.216 1.182 0.866 -1.276 1.185 -2.204 -2.354 0.576 -1.498 -2.62 3.516 0.155 -0.884 -2.894 -1.757 -1.714
193 A 2.478 2.965 -1.041 -0.879 -0.51 -0.121 0.997 -0.662 -0.486 -1.669 -1.809 0.587 -1.186 -2.229 -1.968 -0.317 -0.937 -2.427 -1.852 -0.852
194 V -0.785 1.508 -1.863 -2.315 -0.426 1.048 -1.337 -2.634 -1.323 1.796 1.248 -0.438 0.623 -0.752 -3.024 -1.992 -0.921 -2.259 -1.386 2.778
195 P -1.155 3.699 -1.095 -1.554 -1.821 -0.445 -1.033 -1.977 -0.621 -2.451 -2.357 0.88 -1.744 -2.862 4.764 -1.419 -1.391 -3.156 -2.162 -2.152
196 D -1.767 -1.578 1.209 5.818 -2.363 -0.862 1.06 -1.114 -0.527 -2.716 -3.482 -0.82 -2.688 -2.91 -2.28 -0.943 -1.403 -3.521 -3.034 -2.855
197 P -1.158 -2.089 -2.551 -2.403 -0.721 -2.255 -2.333 -2.508 -1.929 0.597 2.286 -1.676 0.686 -0.547 4.735 -2.171 -1.452 -2.741 -1.73 -0.079
198 A 2.515 -1.932 -2.217 -2.323 0.524 -1.875 -1.978 -0.826 -1.929 1.712 0.039 -1.507 0.113 -1.024 -2.191 -0.592 -0.427 -2.404 -1.501 2.753
199 A 2.817 -1.079 -0.376 -0.87 0.402 -0.911 -0.893 0.153 -0.802 -1.311 -1.772 -0.543 -1.016 -1.886 -1.466 2.166 0.392 -2.485 -1.746 -0.479
200 D -1.643 3.731 0.496 4.034 -2.306 -0.085 0.365 -1.573 -0.192 -2.658 -2.658 0.942 -1.858 -2.678 -2.48 -1.161 -1.424 -2.801 -2.329 -2.482
201 P 0.28 -1.298 -0.46 -0.822 -0.582 -1.162 -1.03 -0.84 -0.968 -2.098 -2.522 -0.639 -1.722 -2.547 4.821 1.75 0.076 -3.37 -2.153 -1.685
202 R -1.525 5.492 -0.453 -1.554 -2.25 0.527 -0.551 -2.118 0.108 -2.602 -2.018 2.028 -1.214 -2.462 -2.695 -1.397 -1.444 -2.224 -1.762 -2.152
203 R -1.51 5.465 -0.438 -1.54 -2.235 0.542 -0.537 -2.104 0.122 -2.588 -2.004 2.043 -1.2 -2.448 -2.68 -1.382 -1.43 -2.21 -1.748 -2.138
204 R -1.51 5.465 -0.438 -1.54 -2.235 0.542 -0.537 -2.104 0.122 -2.588 -2.004 2.043 -1.2 -2.448 -2.68 -1.382 -1.43 -2.21 -1.748 -2.138
205 H -1.683 -0.334 0.483 -0.937 -2.31 -0.141 -0.477 -1.673 7.954 -2.638 -2.571 -0.742 -1.237 -0.829 -2.725 -1.555 -2.203 -1.43 1.691 -3.012
206 A 3.859 -1.46 -1.638 -1.663 0.704 -1.296 -1.274 0.398 -1.187 -0.806 -1.297 -0.825 -0.85 -1.824 -1.451 0.479 -0.398 -2.416 -1.732 0.163
207 G 0.114 -2.334 -0.416 -1.299 -1.296 -2.171 -2.598 5.786 -1.452 -3.191 -3.437 -1.627 -2.643 -2.654 -2.755 -0.978 -1.895 -2.416 -3.124 -2.84
208 G -0.698 1.685 -0.018 1.809 -1.143 1.342 -0.304 1.642 -0.595 -1.678 -2.083 0.109 -1.253 -2.372 -2.25 -0.39 1.924 -2.489 -2.092 -1.296
209 K 0.282 2.409 -0.754 -1.267 -1.046 1.836 -0.281 -1.489 -0.496 -0.359 -1.338 2.365 -0.68 -2.137 -2.25 -0.187 -0.806 -2.509 -1.713 0.756
210 L -0.083 -1.017 -1.839 -1.375 -0.588 -0.963 0.805 -2.248 -1.361 0.757 2.745 0.142 0.933 -0.316 -2.72 -1.551 -0.016 -2.089 -1.502 0.217
211 F 0.68 -1.512 -2.264 -2.542 -0.707 -1.954 -2.178 -1.943 -0.502 1.057 0.509 -0.23 -0.056 3.02 0.711 -1.701 -1.425 -0.376 2.991 0.806
212 R -1.036 3.909 1.09 -0.936 -1.646 1.901 -0.328 -1.626 -0.043 -0.427 -1.642 1.494 -0.919 -2.239 -2.529 -0.033 -0.924 -2.462 -1.781 -1.143
213 W -0.457 1.942 -1.714 -2.259 -1.177 -1.043 -1.574 -2.058 -1.128 0.827 -0.791 1.33 -0.556 -0.585 -3.103 -1.468 -1.345 7.062 -0.13 1.072
214 L 0.454 -1.819 -1.378 -2.003 -0.087 -1.882 -2.172 0.525 -1.865 0.972 1.574 -1.582 0.409 -0.733 -2.532 -0.04 1.826 -2.263 -1.668 1.516
215 L 0.929 -2.072 -2.167 -2.582 -0.008 -2.224 -2.478 -1.917 -2.009 1.456 1.824 -1.918 0.67 1.524 -2.778 -1.19 1.084 -1.807 -0.719 2.136
216 L 0.182 -2.38 -2.436 -2.847 -0.512 -2.639 -2.889 0.322 -1.799 1.468 1.79 -2.297 0.547 2.791 -3.33 -1.908 -0.507 4.226 0.228 1.059
217 V 0.18 -1.907 -1.479 -2.064 4.322 -1.829 -2.119 -0.763 -1.155 1.108 -0.14 -1.652 1.342 -0.302 -2.681 0.819 -0.354 -1.613 1.16 2.256
218 L -1.418 -2.63 -3.03 -3.292 -0.365 -2.914 -3.492 -0.075 -2.487 3.183 3.184 -2.588 1.477 0.292 -3.61 -2.98 -1.54 -2.028 -1.406 1.592
219 A 2.277 -2.168 -2.527 -2.643 0.125 -2.235 -2.375 -1.255 -1.897 1.718 1.336 -1.848 0.438 1.435 -2.604 -1.087 -0.935 -1.892 -0.763 1.965
220 V -0.686 -2.347 -2.462 -2.248 -0.246 -2.103 -0.724 0.061 -2.244 2.722 1.119 -2.054 0.567 0.291 -3.228 -2.282 -0.99 -2.242 -1.279 3.316
221 L -1.435 -2.473 -3.315 -3.499 -0.23 -2.711 -3.387 -3.411 -2.435 3.073 3.298 -2.538 2.512 0.419 -3.627 -3.052 -1.395 -1.94 -1.242 2.022
222 L 0.359 -2.379 -2.659 -2.912 -0.017 -2.518 -2.878 -2.44 -2.414 2.979 2.148 -2.192 1.011 -0.168 -3.048 -1.836 0.212 -2.229 -1.435 2.563
223 L -0.865 -2.423 -2.325 -2.788 -0.381 -2.663 -2.932 0.161 -1.982 2.027 1.967 -2.353 0.777 2.761 -3.377 -1.107 -1.117 -1.429 -0.114 2.169
224 Y -1.734 -0.965 -1.636 -2.185 -1.847 2.05 -1.008 -2.575 1.272 -1.001 -0.934 -0.921 -0.552 3.708 -3.238 -2.081 -1.91 1.205 5.453 -1.206
225 G 0.434 -1.531 -0.078 -0.887 -0.6 -1.381 -1.531 4.012 -1.091 -2.32 -2.75 -1.005 -1.814 -2.342 -2.145 2.051 0.73 -2.591 -2.428 -1.813
226 A 1.98 -2.145 -2.232 -2.488 0.001 -2.242 -2.345 -1.329 -1.73 1.513 0.72 -1.842 0.183 2.586 -2.621 -0.958 0.23 -1.522 -0.161 1.718
227 L 1.955 -2.275 -2.633 -2.739 0.059 -2.362 -2.533 -1.489 -1.98 2.239 1.475 -1.968 0.568 1.501 -2.74 -1.311 -0.995 -1.875 -0.742 2.013
228 L -0.906 -1.879 -1.626 -2.312 -0.261 -2.075 -2.524 0.248 -2.002 0.964 2.794 -1.805 1.006 -0.202 -2.816 -1.11 2.186 -2.028 -1.552 0.465
229 L -0.862 -2.173 -2.242 -2.72 -0.341 -2.241 -2.784 0.182 -1.829 1.968 2.162 -2.107 2.808 1.704 -3.295 -1.037 -1.082 -1.647 -0.66 1.806
230 L 0.859 -2.402 -2.902 -3.078 -0.011 -2.586 -2.854 -2.227 -2.256 2.312 2.053 -2.275 0.904 1.639 -3.116 -1.947 -1.041 -1.822 -0.663 2.719
231 L -1.558 -2.545 -3.263 -3.574 -0.457 -3.042 -3.398 -3.283 -2.038 1.745 3.097 -2.79 1.366 3.721 -3.848 -3.072 -1.645 -0.942 0.513 1.746
232 F -1.676 -2.098 -1.882 -2.632 -1.337 -2.339 -2.528 -2.479 2.59 -0.186 0.053 -2.271 1.328 5.325 -3.667 -1.136 -1.787 0.603 3.775 -0.753
233 G -0.623 1.755 0.96 -0.986 -1.561 0.47 -1.123 2.717 -0.66 -2.703 -2.814 -0.093 -1.969 -2.845 3.321 -0.231 -1.186 -2.995 -2.421 -2.364
234 A 2.518 -1.387 0.87 -1.133 -0.096 -1.305 -1.439 1.167 1.496 -1.171 -1.744 -0.969 -1.18 -1.971 -0.588 0.11 1.821 -2.512 -1.632 -0.499
235 S -0.481 -0.832 2.312 1.548 -1.22 -0.346 1.36 -0.976 2.533 -2.258 -2.656 -0.395 -1.722 -2.278 0.96 1.258 0.586 -2.768 -1.546 -1.89
236 P -1.326 -2.385 -2.395 -2.46 -0.872 -2.573 -2.585 -2.584 -1.835 1.609 1.181 -1.973 0.127 2.568 4.005 -1.997 -0.112 -1.852 -0.302 0.35
237 V 0.558 -2.081 -1.757 -2.155 -0.064 -2.091 -2.299 -1.932 -2.119 2.561 0.159 -1.678 0.116 -0.97 0.826 -0.866 1.996 -2.538 -1.694 2.232
238 A 3.069 -1.518 -0.819 -1.286 0.109 -1.352 -1.387 2.356 -1.155 -1.556 -2.005 -0.933 -1.343 -2.136 -1.799 1.539 -0.269 -2.596 -2.09 -0.72
239 A 3.105 -1.71 -2.051 -2.253 0.086 -1.599 -1.825 -0.577 -0.427 -0.258 0.246 -1.314 1.252 0.261 -2.158 -0.434 -0.942 -0.818 2.583 0.038
240 L -0.67 -2.431 -3.216 -3.475 -0.352 -2.859 -3.263 -2.957 -2.088 1.799 3.339 -2.6 1.473 2.977 -3.629 -2.776 -1.606 -1.225 0.025 1.359
241 A 3.353 -1.452 -0.919 -1.315 0.258 -1.286 -1.293 1.451 -1.134 -1.38 -1.843 -0.871 -1.21 -2.067 -1.699 1.606 -0.174 -2.596 -1.984 -0.51
242 S 0.852 -0.898 0.318 -0.437 -0.049 -0.741 -0.747 -0.325 -0.661 -1.836 -2.313 -0.454 -1.247 -2.035 -1.62 3.485 1.5 -2.64 -1.877 -1.242
243 L 0.804 -2.048 -1.99 -2.421 -0.329 -2.19 -2.416 -1.732 -1.417 1.224 1.451 -1.896 1.715 3.529 -2.909 -0.432 0.158 -1.044 0.41 0.438
244 R -1.661 5.733 -0.589 -1.69 -2.386 0.391 -0.687 -2.254 -0.028 -2.738 -2.154 1.892 -1.35 -2.598 -2.831 -1.533 -1.58 -2.36 -1.898 -2.288
245 N -1.786 -0.541 5.894 1.155 -1.973 -0.653 -0.852 -0.281 0.842 -2.839 -3.278 -0.422 -2.288 -2.501 -2.714 -0.244 -0.578 -3.093 -2.195 -2.687
246 L -1.449 -2.723 -3.402 -3.497 -0.228 -3.006 -3.557 -3.51 -2.667 3.651 3.042 -2.685 1.536 0.341 -3.644 -3.157 -1.353 -2.072 -1.305 2.319
247 L 1.058 -1.901 -2.009 -2.419 0.068 -1.929 -2.278 -1.741 -1.908 1.491 1.907 -1.715 1.893 -0.42 -2.679 -0.345 0.416 -2.189 -1.456 2.151
248 A 2.971 -1.389 -0.914 -1.4 0.309 -1.291 -1.377 -0.311 -1.33 -0.798 -1.424 -0.898 -0.897 -1.883 -1.677 0.927 2.479 -2.48 -1.864 -0.058
249 P -0.925 -2.238 -2.14 -1.817 3.398 -2.169 -1.897 -2.006 -1.833 -2.258 -2.675 -1.327 -2.38 -3.315 6.519 -1.597 -1.472 -4.528 -2.776 -2.077
250 L -1.68 -2.182 -2.974 -3.337 -0.624 -2.283 -3.076 -3.015 -1.526 1.778 2.439 -2.344 4.013 3.007 -3.838 -2.804 -1.653 4.272 0.435 0.744
251 L -1.652 -2.385 -3.48 -3.704 -0.277 -2.814 -3.465 -3.518 -2.474 2.312 4.07 -2.622 1.938 0.656 -3.722 -3.277 -1.657 -1.822 -1.203 1.191
252 F -2.166 -3.077 -3.091 -3.404 -1.112 -3.797 -3.663 -3.154 -1.359 2.302 0.787 -3.246 0.408 5.89 -4.285 -3.169 -2.082 0.162 2.126 0.729
253 L -1.777 -2.382 -2.721 -3.233 -0.764 -2.855 -3.157 -3.032 -1.07 0.973 2.665 -2.596 1.022 4.415 -3.723 -2.532 -0.325 -0.155 2.411 0.239
254 L -1.571 -2.36 -3.315 -3.668 3.625 -2.741 -3.382 -3.332 -1.658 1.535 3.753 -2.595 1.645 0.9 -3.667 -3.044 -1.724 -1.181 1.304 0.727
255 L -1.462 -2.756 -3.148 -3.388 -0.48 -3.049 -3.411 -3.321 -1.53 3.211 1.894 -2.73 0.956 3.064 -3.716 -2.987 -1.436 -0.773 1.899 2.337
256 G 0.168 -2.115 -0.372 -1.222 -1.138 -1.95 -2.246 5.42 -1.389 -3.057 -3.345 -1.476 -2.461 -2.656 -2.621 0.527 -1.244 -2.586 -2.966 -2.634
257 L -1.559 -2.582 -3.239 -3.494 -0.435 -2.906 -3.403 -3.4 -1.599 2.905 2.896 -2.654 1.346 2.199 -3.701 -3.09 -1.541 -0.962 1.631 1.852
258 L -1.641 -1.769 -1.939 -2.829 -1.048 -1.849 -2.353 -2.935 4.028 0.709 2.032 -1.995 0.602 1.665 -3.421 -2.6 -1.86 0.312 4.396 0.626
259 A 3.293 -1.517 -1.189 -1.538 0.239 -1.336 -1.448 1.365 -1.186 -0.921 -1.149 -0.975 0.916 -1.744 -1.826 1.101 -0.374 -2.462 -1.883 -0.288
260 S 0.721 -1.393 1.057 -0.914 -0.357 -1.388 -1.415 -0.845 -0.762 0.223 -1.005 -1.056 -0.688 2.41 -2.24 2.007 0.867 -1.654 -0.269 -0.37
261 R 0.128 3.518 -0.754 -1.48 3.45 -0.124 -0.785 -1.561 -0.662 -1.456 -1.771 2.473 -1.125 -2.352 -2.276 -0.552 0.481 -2.55 -1.956 -0.841
262 R -1.185 1.976 1.909 -0.999 -1.368 0.594 -1.022 -1.639 -0.366 0.378 -1.036 0.824 -0.692 1.14 -2.885 -0.45 -1.004 4.143 -0.417 0.197
263 V 2.066 -2.196 -2.257 -2.442 0.203 -2.167 -2.34 -1.365 -2.123 2.692 0.3 -1.763 0.231 -0.859 -2.492 -0.921 0.404 -2.457 -1.612 2.565
264 D -0.782 1.29 1.702 2.911 5.125 -0.727 -0.372 -1.177 -0.584 -2.153 -2.464 0.947 -1.755 -2.545 -2.388 0.527 -0.768 -3.043 -2.412 -1.889
265 L -0.065 -2.141 -2.235 -2.775 -0.371 -2.377 -2.669 -1.213 1.211 1.291 2.246 -2.174 0.83 2.781 -3.206 -1.869 -0.029 -1.324 0.119 1.564
266 R -0.168 2.227 1.259 1.01 -1.545 0.945 -0.308 0.764 2.511 -2.023 -2.353 1.75 -1.432 -2.368 -2.338 -0.104 -1.038 -2.55 -1.483 -1.453
267 R 0.008 2.689 0.796 -1.424 -0.914 -0.677 -1.283 -1.67 -0.347 -0.316 -0.14 0.97 -0.486 -0.651 -2.525 -0.877 1.027 -1.536 1.142 0.263
268 Y -2.045 -2.207 -2.534 -3.276 -1.588 -2.425 -2.836 -3.081 1.166 -0.232 0.419 -2.381 -0.169 4.552 -3.749 -2.775 -2.238 1.624 5.908 -0.716
269 L -1.541 -2.21 -2.72 -3.285 -0.734 -2.467 -3.08 -0.024 -0.413 1.065 3.147 -2.346 1.201 1.498 -3.571 -2.811 -1.868 -0.111 3.563 0.306
270 K -1.2 3.713 -0.644 -1.362 -2.073 0.155 -0.528 0.478 -0.377 -2.157 -1.974 3.327 -1.286 0.699 -2.431 -1.35 -1.511 -2.032 -1.063 -2.074
271 Y -0.277 -2.006 -2.281 -2.921 -1.078 -2.04 -2.592 0.256 0.551 -0.09 1.009 -1.996 1.421 1.9 -3.343 -2.124 -1.853 4.614 4.878 -0.464
272 L -1.17 -2.528 -3.236 -3.417 -0.136 -2.701 -3.309 -3.331 -2.535 3.217 2.744 -2.522 2.348 0.211 -3.547 -2.885 -1.177 -2.068 -1.283 2.764
273 V 0.509 -2.148 -1.673 -2.21 5.275 -2.229 -2.333 -1.663 -1.74 0.775 -0.345 -1.902 -0.283 2.47 -2.743 0.369 0.475 -1.7 -0.291 1.796
274 A 0.801 0.396 0.471 -1.795 -0.651 -1.546 -1.93 -1.47 -0.528 0.838 -0.309 -1.056 1.221 1.723 -2.88 -0.396 -0.987 4.261 1.741 0.691
275 L -1.461 -2.407 -2.971 -3.273 -0.251 -2.723 -3.284 -3.273 -2.445 2.925 3.434 -2.453 1.62 0.39 -3.468 -2.609 -0.062 -1.96 -1.298 1.516
276 G 1.4 -2.006 -0.714 -1.4 -0.602 -1.856 -2.063 4.43 -1.427 -0.381 -1.996 -1.396 -1.541 -2.114 -2.41 0.643 -0.925 -2.562 -2.5 -0.941
277 I -0.247 -2.569 -2.985 -3.235 -0.589 -2.778 -3.06 -2.594 -1.357 2.579 1.022 -2.502 0.423 2.082 -3.619 -2.49 -1.459 6.035 1.987 1.977
278 V 0.301 -2.661 -2.916 -3.162 3.659 -2.934 -3.084 -2.388 -2.043 2.018 1.06 -2.574 0.449 3.51 -3.369 -2.12 -1.228 -1.207 0.372 2.441
279 V 1.218 -2.111 -1.992 -2.361 0.196 -2.103 -2.288 -1.723 -2.203 2.318 0.247 -1.793 0.249 -0.888 -2.609 -0.289 0.59 -2.499 -1.57 3.27
280 I -1.022 -2.796 -3.27 -3.376 -0.073 -2.972 -3.409 -3.371 -2.837 3.766 2.054 -2.651 1.167 -0.004 -3.512 -2.877 -1.017 -2.282 -1.368 3.341
281 L 1.519 -2.127 -2.28 -2.543 -0.015 -2.233 -2.416 -1.568 -1.852 1.883 1.854 -1.882 0.676 1.547 -2.754 -0.46 -0.86 -1.832 -0.725 1.701
282 F -2.461 -3.023 -2.987 -3.441 -1.501 -3.991 -3.609 -3.001 -0.955 0.15 0.438 -3.431 0.075 6.702 -4.575 -3.157 -2.497 0.725 2.804 -0.634
283 G 0.729 -2.393 -0.658 -1.48 -1.196 -2.23 -2.6 5.69 -1.578 -3.023 -3.312 -1.694 -2.576 -2.719 -2.76 -0.961 -1.873 -2.567 -3.116 -2.546
284 F -1.94 -2.946 -3.105 -3.428 -0.932 -3.6 -3.569 -3.154 -1.494 2.09 1.296 -3.134 0.578 5.562 -4.167 -3.1 -1.929 -0.038 1.866 1.228
285 L -1.477 -2.675 -3.156 -3.427 -0.48 -2.997 -3.379 -3.313 -1.505 2.9 2.23 -2.712 1.051 3.086 -3.725 -2.993 -1.482 -0.742 1.905 2.196
286 E -1.045 -0.248 -0.465 1.392 -2.537 1.22 4.769 -2.076 0.266 -2.891 -2.829 0.55 -1.88 -2.734 -2.008 -0.917 -1.427 -2.514 -2.034 -2.26
287 Y -0.177 1.62 -1.723 -2.462 -1.145 -1.358 -1.94 -2.092 0.453 -0.509 0.693 -0.707 -0.207 1.42 -3.067 -0.765 -1.439 4.513 4.324 -0.745
288 F -1.565 -1.978 1.629 -1.619 -1.061 -2.286 -2.441 -2.065 -0.397 0.961 1.224 -1.999 0.226 4.298 -3.466 -0.877 -1.342 -0.309 2.359 -0.085
289 L -1.284 -2.2 -2.35 -2.828 -0.36 -2.373 -2.872 -2.928 -0.965 2.756 2.283 -2.125 1.095 0.99 -3.161 -1.986 0.658 -0.715 2.351 1.46
290 G 0.425 -1.996 -0.926 0.525 -0.43 -1.914 -1.835 2.676 -1.768 0.604 0.023 -1.581 -0.454 -1.408 -2.558 -0.78 1.485 -2.485 -2.093 1.215
291 P -1.076 -1.068 1.788 -0.913 -1.36 -1.373 -1.419 -1.591 -0.969 -1.482 -0.814 0.273 -1.376 -2.368 5.132 -1.083 0.093 -3.512 -2.306 -1.553
292 D -0.744 -0.354 1.611 3.419 -1.642 1.653 0.298 0.866 1.004 -2.575 -2.89 0.736 -1.76 -2.686 -2.243 0.612 -0.795 -2.874 -2.073 -2.337
293 F -1.73 -2.821 -3.12 -3.453 -0.762 -3.416 -3.478 -3.154 -1.636 1.86 1.729 -3.027 0.738 5.19 -4.053 -3.032 -1.783 -0.252 1.581 1.654
294 W -2.776 -2.509 -3.292 -3.746 -2.46 -2.95 -3.095 -2.492 -1.26 -1.98 -1.777 -2.917 -1.406 1.002 -5.534 -3.481 -2.821 10.734 2.043 -2.354
295 E -1.095 -0.647 -0.982 0.235 -1.303 2.211 2.031 -2.171 -0.516 1.135 0.076 -0.184 -0.247 -1.567 0.843 -1.24 0.06 -2.496 -1.733 -0.023
296 A 1.551 1.696 -0.729 0.629 -0.573 -1.022 -1.092 -1.003 -0.444 -1.218 -1.479 -0.309 -1.028 1.34 -2.237 0.426 0.916 -1.268 1.437 -0.813
297 L 1.304 -2.296 -2.862 -2.989 -0.11 -2.507 -2.797 -1.909 -2.0 2.186 2.705 -2.146 1.107 1.749 -3.016 -1.77 -1.309 -1.693 -0.66 1.08
298 G -1.025 -1.143 4.653 0.904 -1.784 -1.167 -1.319 3.534 0.125 -3.012 -3.397 -0.862 -2.477 -2.623 -2.773 -0.56 -1.059 -2.905 -2.571 -2.803
299 L -1.591 -2.693 -3.443 -3.538 -0.277 -3.012 -3.599 -3.552 -2.614 3.59 3.305 -2.694 1.646 0.443 -3.685 -3.247 -1.466 -2.007 -1.284 1.91
300 R 0.362 2.112 -0.387 -0.734 -1.127 1.003 0.601 -1.243 2.462 -2.032 -2.204 1.144 -1.288 -2.302 0.964 0.683 0.393 -2.533 -1.371 -1.56
301 K 0.027 1.222 -0.242 1.391 -1.357 -0.193 0.614 -0.558 3.845 -1.531 -1.561 1.511 0.795 -1.808 -2.282 -0.585 0.05 -2.321 -0.938 -1.422
302 L -1.667 -2.313 -3.489 -3.746 -0.277 -2.767 -3.432 -3.509 -2.44 1.879 4.234 -2.604 2.006 0.706 -3.731 -3.285 -1.707 -1.777 -1.183 0.979
303 W -2.776 -2.509 -3.292 -3.746 -2.46 -2.95 -3.095 -2.492 -1.26 -1.98 -1.777 -2.917 -1.406 1.002 -5.534 -3.481 -2.821 10.734 2.043 -2.354
304 E 1.056 -0.807 -0.132 2.59 -1.182 0.21 3.051 -1.008 -0.286 -2.273 -2.572 -0.094 -1.729 -2.504 -1.92 0.771 -0.712 -2.731 -2.15 -1.643
305 L 0.744 0.172 0.585 -1.46 -0.747 -0.708 -1.124 -1.441 -0.98 0.081 1.816 2.363 0.343 -0.924 -2.411 -1.198 -1.176 -2.329 -1.643 -0.294
306 K -0.953 1.967 -0.394 -0.848 -2.104 0.68 0.187 -1.469 -0.369 -2.249 -2.367 4.789 -1.35 -2.932 -1.813 -1.008 -1.208 -2.675 -1.915 -2.125
307 G -0.037 -2.484 -0.566 -1.449 -1.447 -2.322 -2.748 5.925 -1.603 -3.342 -3.587 -1.777 -2.793 -2.805 -2.906 -1.129 -2.046 -2.567 -3.275 -2.991
308 L -1.533 -2.678 -3.329 -3.422 -0.278 -2.857 -3.526 -3.477 -2.487 3.82 2.858 -2.598 2.42 0.352 -3.642 -3.117 -1.372 -2.02 -1.283 2.057
309 P 1.092 0.448 -1.112 -1.083 -1.0 -1.096 -0.007 1.954 -1.104 -2.26 -2.553 -0.529 -1.937 -2.742 4.087 -0.058 -1.073 -3.152 -2.421 -1.726
310 L -1.077 -2.261 0.125 -2.335 -0.222 -2.444 -2.844 -2.716 -2.063 3.01 2.143 -2.163 0.999 -0.161 -3.258 -2.057 0.209 -2.267 -1.445 2.628
311 N 0.936 -0.391 2.819 -0.1 -0.842 0.78 0.469 -0.787 -0.196 -0.124 -1.621 0.68 -1.041 -2.033 -2.164 0.317 0.48 -2.64 -1.882 -0.621
312 A 2.192 -0.743 -0.736 1.475 -0.669 1.792 1.101 -0.691 -0.514 -1.763 -2.08 -0.191 -1.291 -2.531 1.622 -0.371 -0.951 -2.783 -1.99 -1.065
313 G 0.186 -1.688 1.971 1.069 -1.059 -1.385 -0.041 2.743 -0.8 -0.372 -1.477 -1.251 -1.211 0.911 -2.761 -1.065 -1.225 -2.189 -1.256 0.65
314 T -0.41 1.704 -0.578 -1.405 -0.653 -1.068 -1.507 0.629 -1.085 0.117 -1.306 -0.339 -0.852 -1.376 -2.376 0.794 2.375 4.103 -1.238 -0.378
315 G -0.383 -2.431 -1.228 -1.918 -1.025 -2.406 -2.774 4.696 -1.861 -0.516 0.344 -1.911 -0.792 -1.591 0.681 -1.569 -1.763 -2.533 -2.531 -0.162
316 L -1.367 -2.438 -3.396 -3.617 -0.181 -2.804 -3.384 -3.435 -2.576 2.498 3.657 -2.605 1.736 0.464 -3.638 -3.098 -1.42 -1.944 -1.243 2.144
317 P -0.963 -2.14 -2.06 -1.69 -1.583 -2.059 -1.749 -1.979 -1.734 -2.444 -2.877 -1.19 -2.529 -3.462 6.786 -1.578 -1.475 -4.675 -2.762 -2.288
318 G 0.52 0.617 -0.827 -1.488 -1.056 -1.341 -1.733 3.923 -1.238 -1.762 -0.885 0.377 -1.34 -2.145 0.829 -0.203 -1.289 -2.62 -2.435 -1.665
319 N -1.786 -0.541 5.894 1.155 -1.973 -0.653 -0.852 -0.281 0.842 -2.839 -3.278 -0.422 -2.288 -2.501 -2.714 -0.244 -0.578 -3.093 -2.195 -2.687
320 F -2.543 -2.873 -3.067 -3.521 -1.732 -3.668 -3.459 -2.853 -1.035 -0.293 -0.018 -3.281 -0.26 5.929 -4.806 -3.242 -2.582 7.215 2.616 -1.011
321 Y -1.776 -1.718 -1.676 -2.68 -1.666 -1.72 -2.162 -2.788 4.333 -0.387 -0.862 -1.901 -0.634 3.243 -3.411 -2.42 -2.068 1.384 5.842 -0.027
322 S 2.245 -1.052 -0.077 -0.702 0.125 -0.882 -0.866 -0.094 -0.773 -1.701 -2.143 -0.555 -1.224 -2.043 -1.602 3.065 0.559 -2.645 -1.882 -0.953
323 S 0.942 -0.867 0.371 -0.375 -0.054 -0.696 -0.682 -0.233 -0.586 -2.038 -2.455 -0.411 -1.313 -2.07 -1.602 3.662 0.885 -2.675 -1.882 -1.419
324 E -1.045 -0.248 -0.465 1.392 -2.537 1.22 4.769 -2.076 0.266 -2.891 -2.829 0.55 -1.88 -2.734 -2.008 -0.917 -1.427 -2.514 -2.034 -2.26
325 L -1.092 1.173 -0.973 -1.071 -1.127 2.967 0.773 -2.101 -0.231 -0.183 0.652 0.215 3.153 -1.154 -2.623 -1.21 0.099 -2.016 -1.383 -0.436
326 I -1.266 -2.928 -3.278 -3.365 -0.238 -3.151 -3.537 -3.401 -2.602 3.927 1.832 -2.757 1.086 1.771 -3.63 -2.995 -1.184 -1.839 -0.63 2.949
327 E -0.575 -1.087 -1.371 0.019 -0.738 -0.015 2.748 -2.428 -0.83 1.374 -0.356 -0.486 -0.2 -1.316 -2.474 -1.461 -0.864 -2.406 -1.599 2.48
328 G 0.127 0.261 -0.323 2.744 -1.515 -1.561 -0.953 3.383 -1.08 -2.298 -2.501 -0.947 -2.041 0.69 0.781 -1.147 -1.676 -2.379 -1.585 -2.165
329 G -0.037 -2.484 -0.566 -1.449 -1.447 -2.322 -2.748 5.925 -1.603 -3.342 -3.587 -1.777 -2.793 -2.805 -2.906 -1.129 -2.046 -2.567 -3.275 -2.991
330 E -0.88 -0.104 2.266 1.816 -1.727 1.319 2.67 -1.258 0.101 -2.353 -2.618 1.008 -1.629 -2.588 -2.105 0.168 0.317 -2.691 -2.041 -1.942
331 Q -1.446 -0.284 -1.209 -1.484 -1.491 3.654 -0.071 -2.227 -0.146 0.494 0.351 -0.143 0.144 3.338 -2.993 -1.713 -1.486 -1.09 0.456 -0.428
332 L -1.34 -2.591 -3.378 -3.535 -0.181 -2.901 -3.449 -3.452 -2.647 3.168 3.24 -2.641 1.583 0.352 -3.62 -3.084 -1.33 -2.04 -1.284 2.423
333 R -1.661 5.733 -0.589 -1.69 -2.386 0.391 -0.687 -2.254 -0.028 -2.738 -2.154 1.892 -1.35 -2.598 -2.831 -1.533 -1.58 -2.36 -1.898 -2.288
334 R -1.661 5.733 -0.589 -1.69 -2.386 0.391 -0.687 -2.254 -0.028 -2.738 -2.154 1.892 -1.35 -2.598 -2.831 -1.533 -1.58 -2.36 -1.898 -2.288
335 M -1.207 -1.509 -2.486 -2.94 -0.295 -1.177 -2.479 -2.709 -1.095 1.477 2.009 -1.579 6.178 0.341 -3.369 -2.143 -1.172 -1.432 -0.959 0.863
336 V 1.715 -2.303 -2.651 -2.808 0.31 -2.309 -2.491 -1.74 -2.469 2.255 0.355 -2.007 0.331 -0.854 -2.728 -1.375 -0.57 -2.528 -1.532 3.743
337 G 0.623 -1.357 0.064 -0.721 -0.486 -1.188 -1.275 3.549 -0.916 -2.447 -2.817 -0.837 -1.768 -2.316 -2.011 2.655 0.123 -2.635 -2.314 -1.897
338 S 0.324 -1.23 -0.242 -0.818 -0.387 -1.109 -1.081 -0.829 -1.024 -1.74 -2.277 -0.695 -1.453 -2.31 3.423 2.429 1.693 -3.018 -2.087 -1.263
339 F -2.409 -2.901 -2.912 -3.413 -1.533 -3.726 -3.487 -3.006 -0.526 0.067 0.331 -3.267 0.005 6.512 -4.453 -3.098 -2.47 0.893 3.529 -0.674
340 A 4.201 -1.61 -1.788 -1.814 0.553 -1.446 -1.425 0.247 -1.337 -0.957 -1.448 -0.975 -1.0 -1.975 -1.602 0.328 -0.549 -2.567 -1.882 0.012
341 D -1.903 -1.714 1.073 6.012 -2.499 -0.998 0.924 -1.25 -0.663 -2.852 -3.618 -0.956 -2.824 -3.046 -2.416 -1.079 -1.539 -3.657 -3.17 -2.991
342 P -0.963 -2.14 -2.06 -1.69 -1.583 -2.059 -1.749 -1.979 -1.734 -2.444 -2.877 -1.19 -2.529 -3.462 6.786 -1.578 -1.475 -4.675 -2.762 -2.288
343 V -0.36 -2.613 -3.056 -3.291 0.214 -2.714 -3.02 -3.082 -3.041 2.903 0.819 -2.515 0.705 -0.525 -3.298 -2.41 -0.578 -2.514 -1.411 4.437
344 N -1.786 -0.541 5.894 1.155 -1.973 -0.653 -0.852 -0.281 0.842 -2.839 -3.278 -0.422 -2.288 -2.501 -2.714 -0.244 -0.578 -3.093 -2.195 -2.687
345 F -2.146 -2.744 -3.159 -3.548 -0.993 -3.483 -3.543 -3.176 -1.411 0.903 2.426 -3.102 0.933 5.597 -4.239 -3.203 -2.184 0.042 1.887 0.061
346 G -0.037 -2.484 -0.566 -1.449 -1.447 -2.322 -2.748 5.925 -1.603 -3.342 -3.587 -1.777 -2.793 -2.805 -2.906 -1.129 -2.046 -2.567 -3.275 -2.991
347 T 0.015 -1.152 -0.139 -0.986 -0.014 -1.125 -1.336 -1.191 -1.341 -0.593 -1.377 -0.818 -0.767 -1.77 -1.774 1.439 4.186 -2.374 -1.842 -0.12
348 F -2.099 -2.748 -2.844 -3.372 -1.356 -3.364 -3.316 -3.019 -0.256 0.395 0.26 -3.026 -0.0 6.019 -4.206 -2.966 -2.21 0.888 3.977 0.355
349 L -1.667 -2.313 -3.489 -3.746 -0.277 -2.767 -3.432 -3.509 -2.44 1.879 4.234 -2.604 2.006 0.706 -3.731 -3.285 -1.707 -1.777 -1.183 0.979
350 F -2.461 -3.023 -2.987 -3.441 -1.501 -3.991 -3.609 -3.001 -0.955 0.15 0.438 -3.431 0.075 6.702 -4.575 -3.157 -2.497 0.725 2.804 -0.634
351 A 3.169 -1.811 -1.814 -1.997 0.22 -1.761 -1.788 -0.427 -1.413 0.659 0.222 -1.326 -0.246 1.175 -2.077 0.342 -0.65 -1.976 -0.888 0.352
352 A 2.86 -2.031 -2.079 -2.255 0.214 -1.968 -2.095 1.008 -1.823 1.314 0.398 -1.545 -0.089 -1.151 -2.272 -0.606 -0.811 -2.452 -1.773 1.677
353 F -0.681 -2.793 -2.895 -3.273 -1.116 -3.521 -3.311 -2.536 -1.096 0.279 0.974 -3.022 0.239 6.178 -4.061 -2.608 -2.179 0.374 2.366 -0.383
354 L -0.759 -1.5 -1.859 -2.418 -0.195 -1.244 -2.205 -2.276 -1.213 1.333 1.495 -1.456 5.372 -0.032 -2.98 -0.572 0.35 -1.686 -1.143 1.272
355 L 1.986 -2.209 -2.372 -2.571 0.019 -2.252 -2.5 0.687 -2.013 2.044 1.792 -1.854 0.585 -0.539 -2.662 -1.218 -1.068 -2.28 -1.638 1.484
356 A 3.794 -1.602 -1.387 -1.616 0.367 -1.437 -1.444 1.503 -1.283 -1.196 -1.671 -0.982 -1.152 -2.05 -1.699 0.761 -0.487 -2.576 -1.984 -0.274
357 W -2.592 -2.403 -3.209 -3.663 -2.181 -2.736 -3.034 -2.511 -1.245 -1.429 -1.141 -2.766 0.827 0.948 -5.255 -3.33 -2.626 10.463 1.868 -1.861
358 Y -2.018 -2.246 -2.636 -3.328 -1.418 -2.507 -2.919 -3.119 0.88 0.088 1.145 -2.438 0.158 4.454 -3.776 -2.839 -2.188 1.376 5.537 -0.482
359 L -1.354 1.756 -1.943 -2.566 -0.72 -1.402 -2.055 -2.71 -1.448 0.989 2.507 0.39 0.895 1.6 -3.134 -2.014 -0.071 -1.686 -0.692 0.875
360 R -1.306 4.091 1.111 -0.896 -2.207 0.458 -0.243 -1.631 -0.092 -2.499 -2.344 3.57 -1.424 -2.746 -2.284 -1.135 -1.294 -2.571 -1.932 -2.241
361 K -0.624 3.128 1.212 -0.742 -1.601 0.082 -0.472 0.762 -0.265 -2.471 -2.486 2.89 -1.524 -2.617 -2.183 0.547 -0.78 -2.611 -2.03 -2.137
362 R -1.543 4.616 -0.982 -1.843 -1.973 -0.087 -0.971 -2.303 -0.06 -1.636 -0.527 1.77 -0.852 -0.977 0.745 -1.687 -1.598 -1.584 1.105 -1.662
363 L 0.022 -2.477 -3.08 -3.284 -0.092 -2.733 -3.078 -2.717 -2.373 2.45 2.498 -2.459 1.143 1.751 -3.357 -2.392 -1.146 -1.758 -0.616 2.759
364 L 0.318 -2.352 -3.084 -3.302 2.919 -2.597 -3.024 -2.539 -2.46 1.888 3.013 -2.359 1.296 0.04 -3.24 -2.232 -1.19 -2.133 -1.405 2.285
365 L 0.129 -0.807 -1.354 -1.781 -0.684 1.891 -0.966 0.48 -0.82 0.319 0.66 -0.299 2.442 1.262 -2.722 -1.199 0.102 -1.72 -0.733 0.588
366 L -0.26 -2.609 -3.131 -3.3 -0.322 -2.937 -3.262 -2.788 -2.132 2.82 2.564 -2.581 1.172 2.89 -3.516 -2.583 -1.439 -1.342 -0.022 1.813
367 L 1.135 -2.205 -2.899 -3.087 -0.092 -2.463 -2.783 -2.011 -2.019 1.396 3.043 -2.166 1.236 1.792 -3.073 -1.854 -1.325 -1.644 -0.628 1.261
368 L -0.48 -1.814 -1.554 -2.14 -0.093 -1.853 -2.234 -2.103 -1.823 1.863 1.943 -1.654 1.923 -0.351 -2.73 0.297 1.284 -2.159 -1.452 1.831
369 L 0.744 -2.497 -2.957 -3.081 -0.101 -2.685 -2.975 -2.293 -2.227 2.867 2.15 -2.322 0.984 1.697 -3.17 -2.057 -1.163 -1.792 -0.663 2.26
370 V 0.921 -2.428 -2.868 -3.043 0.033 -2.582 -2.821 -2.201 -2.303 2.407 1.637 -2.268 0.761 1.572 -3.082 -1.89 -0.943 -1.882 -0.68 3.033
371 A 2.719 -1.698 -1.064 -1.522 5.318 -1.558 -1.609 1.241 -1.364 -1.359 -1.787 -1.16 -1.249 -2.1 -1.955 1.425 -0.299 -2.726 -2.154 -0.62
372 A 2.086 -1.8 -1.63 -1.988 -0.076 -1.738 -1.92 -0.939 -1.213 1.055 0.06 -1.446 2.041 2.553 -2.422 0.591 -0.625 -1.465 -0.155 0.376
373 V 0.484 -2.322 -2.447 -2.751 0.14 -2.379 -2.625 -2.274 -2.461 2.655 1.149 -2.111 0.648 -0.535 -2.963 -0.79 -0.538 -2.438 -1.469 3.591
374 L -1.675 -2.327 -3.135 -3.358 -0.57 -2.684 -3.165 -3.162 -1.91 1.361 3.345 -2.461 2.37 2.968 0.514 -2.943 -1.758 -1.239 0.009 0.534
375 A 2.238 -1.699 -1.279 -1.766 3.79 -1.637 -1.768 -0.836 -1.686 0.307 -0.862 -1.277 -0.559 -1.605 -2.041 0.506 1.954 -2.557 -1.855 1.401
376 V -0.447 -2.664 -3.084 -3.292 0.172 -2.765 -3.084 -3.125 -3.022 3.142 0.894 -2.54 0.748 -0.463 -3.326 -2.474 -0.629 -2.495 -1.411 4.318
377 S 0.942 -0.867 0.371 -0.375 -0.054 -0.696 -0.682 -0.233 -0.586 -2.038 -2.455 -0.411 -1.313 -2.07 -1.602 3.662 0.885 -2.675 -1.882 -1.419
378 K -0.953 1.967 -0.394 -0.848 -2.104 0.68 0.187 -1.469 -0.369 -2.249 -2.367 4.789 -1.35 -2.932 -1.813 -1.008 -1.208 -2.675 -1.915 -2.125
379 G 0.729 -2.393 -0.658 -1.48 -1.196 -2.23 -2.6 5.69 -1.578 -3.023 -3.312 -1.694 -2.576 -2.719 -2.76 -0.961 -1.873 -2.567 -3.116 -2.546
380 A 3.955 -1.713 -1.879 -1.929 0.417 -1.604 -1.568 0.064 -1.3 -0.836 -1.215 -1.129 -0.884 0.942 -1.776 0.138 -0.68 -2.056 -0.973 -0.041
381 F -2.021 -2.584 -3.107 -3.497 -0.882 -3.141 -3.423 -3.146 -1.426 1.019 2.519 -2.899 2.088 5.233 -4.12 -3.093 -2.05 -0.138 1.612 0.198
382 L -1.667 -2.313 -3.489 -3.746 -0.277 -2.767 -3.432 -3.509 -2.44 1.879 4.234 -2.604 2.006 0.706 -3.731 -3.285 -1.707 -1.777 -1.183 0.979
383 G 0.265 -1.946 -0.279 -1.114 -0.996 -1.781 -2.024 5.131 -1.288 -2.924 -3.232 -1.336 -2.309 -2.585 -2.488 1.096 -0.914 -2.596 -2.824 -2.471
384 F -1.742 -2.46 -3.019 -3.407 -0.717 -2.83 -3.269 -3.081 -1.475 1.272 2.272 -2.7 2.841 4.794 -3.96 -2.904 -1.79 -0.367 1.299 1.004
385 L -1.678 -2.38 -3.466 -3.708 -0.307 -2.829 -3.459 -3.498 -2.404 2.139 4.058 -2.638 1.917 1.233 -3.747 -3.276 -1.694 -1.687 -0.945 1.086
386 V 0.378 -2.604 -2.97 -3.123 0.164 -2.671 -2.953 -2.636 -2.802 3.193 0.828 -2.383 0.674 -0.504 -3.149 -2.135 -0.679 -2.48 -1.451 3.96
387 F -2.127 -2.589 -2.96 -3.464 -1.169 -3.154 -3.325 -3.142 -0.403 0.596 1.919 -2.887 0.63 5.387 -4.101 -3.073 -2.21 0.611 3.707 -0.164
388 A 1.547 -2.276 -1.98 -2.302 -0.185 -2.315 -2.431 0.67 -1.707 2.262 0.341 -1.875 0.065 2.22 -2.733 -0.368 -0.914 -1.688 -0.428 1.449
389 V 1.641 -2.108 -2.03 -2.356 0.192 -2.099 -2.3 -1.552 -2.16 2.43 0.222 -1.737 0.201 -0.912 -2.495 -0.848 1.239 -2.452 -1.608 2.783
390 V -0.913 -2.664 -3.148 -3.393 -0.124 -2.939 -3.242 -3.187 -2.492 2.721 1.83 -2.679 0.951 2.468 -3.568 -2.727 -1.047 -1.598 -0.21 3.437
391 W -2.523 -2.331 -2.97 -3.571 -2.29 -2.628 -2.917 -2.636 0.032 -1.654 -1.555 -2.637 -1.231 1.794 -4.806 -3.201 -2.643 9.87 4.315 -1.957
392 T 1.456 -1.285 -0.455 -1.149 0.112 -1.213 -1.342 -0.809 -1.309 -0.252 -1.248 -0.889 -0.719 -1.714 -1.819 1.646 3.0 -2.471 -1.814 0.629
393 R -1.905 3.733 -1.354 -2.207 -2.273 0.716 -1.159 -2.381 0.277 -2.088 -1.814 0.523 -1.176 0.421 -3.411 -2.055 -1.932 7.142 3.007 -2.017
394 Y -1.416 -1.163 -2.046 -2.566 -1.197 0.095 -1.779 -2.753 0.574 1.168 -0.247 -0.086 -0.163 3.014 -3.231 -2.272 -1.579 0.652 4.776 1.279
395 Y -1.323 -1.258 0.454 -1.924 -1.201 -1.702 -2.015 -2.181 0.43 0.024 0.282 -0.174 -0.229 3.606 -3.164 -0.839 -1.35 0.461 4.316 0.231
396 A 1.983 0.782 -0.623 1.883 -0.419 -0.941 -0.729 -0.841 -1.075 -0.865 -0.401 0.556 -0.768 -1.814 -2.047 -0.299 1.098 -2.591 -1.997 -0.536
397 K -1.048 3.722 -0.336 -0.981 -2.073 0.709 0.046 -1.586 -0.129 -2.282 -2.172 3.885 -1.228 -2.695 -1.993 -1.051 -1.205 -2.445 -1.788 -2.057
398 N -0.525 -0.91 3.601 1.501 -1.149 -0.85 -0.709 -0.627 2.628 -2.12 -2.374 -0.683 -1.577 0.875 -2.354 1.65 -0.229 -2.219 -0.699 -1.992
399 R -0.124 4.411 -0.731 -1.445 -1.817 0.194 -0.552 -1.681 -0.345 -2.366 -2.196 2.768 -1.405 -2.69 0.881 -1.166 -1.358 -2.616 -1.97 -1.944
400 V -0.683 -2.343 -2.138 -2.618 -0.063 -2.467 -2.746 -2.676 -2.335 2.85 0.605 -2.151 0.483 1.462 -3.003 -1.504 1.6 -1.936 -0.726 3.158
401 V -0.663 -2.122 -2.022 -1.974 -0.384 -1.921 -0.591 0.205 -1.831 2.044 1.413 -1.854 0.518 1.481 -3.104 -0.918 -0.947 -1.89 -0.787 2.508
402 F -0.249 0.481 -1.076 -1.993 -1.225 -1.459 -1.724 -1.859 4.766 -0.621 0.17 -1.17 -0.295 4.105 -3.125 -0.715 -1.595 -0.688 1.407 -1.034
403 V 0.181 -2.6 -2.881 -2.969 -0.121 -2.716 -2.891 -2.549 -2.411 2.883 0.829 -2.316 0.504 1.467 0.641 -2.149 -0.942 -2.078 -0.754 3.219
404 L -1.474 -2.634 -3.198 -3.407 -0.31 -2.97 -3.443 -3.361 -2.405 3.19 2.959 -2.657 1.428 1.919 -3.64 -2.929 -0.896 -1.654 -0.579 2.037
405 A 2.255 -1.778 -1.244 -1.702 -0.024 -1.627 -1.83 2.105 -1.429 0.742 -0.612 -1.287 1.105 -1.413 -2.224 0.735 -0.53 -2.434 -1.891 0.803
406 L -0.005 -2.476 -2.432 -2.782 -0.367 -2.532 -3.078 1.593 -2.137 2.905 2.134 -2.217 1.992 -0.176 -3.243 -2.146 -1.398 -2.13 -1.597 1.355
407 V -0.554 -2.244 -2.205 -2.639 -0.139 -2.196 -2.724 0.192 -2.105 2.69 1.221 -2.051 2.683 -0.379 -3.148 -0.941 -0.772 -2.221 -1.473 2.888
408 V -0.372 -2.306 -1.743 -2.295 -0.195 -2.327 -2.635 1.633 -2.221 2.46 0.641 -1.992 0.259 -0.803 -2.94 -0.616 0.367 -2.431 -1.74 2.759
409 A 1.393 -1.479 -0.842 -1.459 0.109 -1.434 -1.573 -1.013 -1.477 0.473 0.122 -1.123 -0.2 -1.272 -2.062 1.384 2.085 -2.434 -1.709 1.367
410 A 1.889 -2.077 -2.189 -2.491 0.074 -2.155 -2.328 -0.524 -1.893 1.207 1.222 -1.801 0.341 1.387 -2.598 -0.98 0.273 -1.89 -0.793 2.054
411 A 2.597 -1.966 -1.75 -2.039 0.199 -1.873 -1.975 0.986 -1.771 1.411 -0.442 -1.471 -0.314 -1.337 -2.246 0.12 -0.547 -2.538 -1.798 2.069
412 A 2.544 -1.947 -1.865 -2.175 0.203 -1.905 -2.059 0.928 -1.856 0.878 0.323 -1.52 -0.122 -1.21 -2.275 -0.54 0.38 -2.448 -1.769 1.971
413 G 0.729 -2.393 -0.658 -1.48 -1.196 -2.23 -2.6 5.69 -1.578 -3.023 -3.312 -1.694 -2.576 -2.719 -2.76 -0.961 -1.873 -2.567 -3.116 -2.546
414 L 0.053 -2.253 -2.944 -3.231 -0.106 -2.397 -2.895 -2.651 -1.755 1.978 2.496 -2.262 2.152 0.992 -3.281 -2.276 -1.132 -1.429 0.802 2.624
415 L 0.061 -2.026 -0.23 -2.21 -0.631 -2.135 -2.545 1.698 -0.586 0.615 1.949 -1.897 0.434 0.645 -3.085 -1.384 -1.4 -0.767 2.571 0.657
416 F -2.461 -3.023 -2.987 -3.441 -1.501 -3.991 -3.609 -3.001 -0.955 0.15 0.438 -3.431 0.075 6.702 -4.575 -3.157 -2.497 0.725 2.804 -0.634
417 Y -1.829 -2.141 -2.527 -3.227 -1.346 -2.196 -2.769 -3.19 1.266 1.481 0.558 -2.183 0.006 2.673 -3.514 -2.731 -1.956 1.497 6.048 0.255
418 G 0.369 0.222 0.512 -1.757 -0.705 -1.91 -2.386 2.649 -1.419 1.981 0.862 -1.234 -0.01 -0.97 -2.965 -1.495 -1.355 -2.386 -1.953 0.554
419 F -2.309 -2.672 -2.767 -3.358 -1.599 -3.26 -3.258 -3.017 0.178 -0.107 0.105 -2.965 -0.14 6.09 -4.225 -2.983 -2.418 1.201 4.59 -0.755
420 T 0.358 -1.054 0.041 -0.767 -0.027 -0.975 -1.101 -0.835 -1.067 -0.999 -1.693 -0.676 -0.938 -1.866 -1.715 2.383 3.443 -2.471 -1.855 -0.492
421 L -0.909 -0.309 -1.136 -1.478 -0.884 3.282 -0.214 -2.055 -0.45 0.387 1.75 -0.166 1.843 -0.867 -2.721 -0.555 -0.981 -2.091 -1.335 0.327
422 S -0.165 -1.275 1.175 0.947 -0.35 -1.164 -1.112 -1.152 -0.934 -0.015 0.101 -0.969 1.222 -1.269 -2.231 1.536 1.709 -2.46 -1.777 0.441
423 S 0.411 -0.763 1.585 -0.307 -0.513 -0.614 -0.687 -0.469 3.886 -2.228 -2.568 -0.494 -1.403 -1.872 -1.886 2.942 0.386 -2.476 -0.903 -1.771
424 S 0.942 -0.867 0.371 -0.375 -0.054 -0.696 -0.682 -0.233 -0.586 -2.038 -2.455 -0.411 -1.313 -2.07 -1.602 3.662 0.885 -2.675 -1.882 -1.419
425 T 0.029 -1.173 -0.202 -1.035 -0.147 -1.127 -1.326 -1.167 -0.731 -0.777 -1.463 -0.849 -0.837 -0.78 -1.868 1.672 3.647 -1.536 1.12 -0.342
426 G -0.204 -1.869 -0.662 -1.451 -1.368 -0.012 -2.028 5.385 -1.264 -2.313 -2.228 -1.345 0.428 -2.349 -2.881 -1.183 -1.858 -2.42 -2.762 -2.243
427 S 0.942 -0.867 0.371 -0.375 -0.054 -0.696 -0.682 -0.233 -0.586 -2.038 -2.455 -0.411 -1.313 -2.07 -1.602 3.662 0.885 -2.675 -1.882 -1.419
428 T -0.608 -1.666 -1.19 -1.888 -0.083 -1.623 -2.11 -2.095 -1.756 2.007 0.425 -1.431 2.487 -0.754 -2.447 -0.461 3.165 -2.147 -1.539 1.535
429 A 1.851 -1.466 1.88 -0.99 -0.195 -1.492 -1.627 -0.757 -0.907 0.419 -0.937 -1.124 -0.689 1.039 -2.188 -0.084 2.017 -2.041 -0.967 0.079
430 A 3.964 -1.667 -1.908 -1.945 0.487 -1.544 -1.559 0.05 -1.422 -0.548 -0.164 -1.09 -0.555 -1.598 -1.742 0.135 -0.637 -2.485 -1.811 0.115
431 H -1.834 -0.484 0.333 -1.087 -2.46 -0.291 -0.627 -1.823 8.211 -2.788 -2.721 -0.892 -1.388 -0.979 -2.875 -1.706 -2.353 -1.58 1.54 -3.162
432 I 0.072 -2.609 -2.59 -2.758 -0.124 -2.665 -2.975 -2.479 -2.368 3.947 1.528 -2.245 0.901 -0.182 -3.12 -1.014 -0.857 -2.329 -1.469 2.452
433 N -1.102 0.803 3.564 2.109 -1.719 0.585 -0.545 2.314 -0.041 -2.54 -2.882 -0.267 -1.96 -2.613 -2.58 -0.596 0.147 -2.822 -2.371 -2.275
434 G -0.037 -2.484 -0.566 -1.449 -1.447 -2.322 -2.748 5.925 -1.603 -3.342 -3.587 -1.777 -2.793 -2.805 -2.906 -1.129 -2.046 -2.567 -3.275 -2.991
435 F -2.146 -2.744 -3.159 -3.548 -0.993 -3.483 -3.543 -3.176 -1.411 0.903 2.426 -3.102 0.933 5.597 -4.239 -3.203 -2.184 0.042 1.887 0.061
436 F -1.637 -2.463 -2.405 -2.908 -0.766 -2.872 -3.054 -2.772 -1.609 1.865 1.519 -2.513 0.547 4.248 -3.608 -2.062 0.759 4.327 1.12 0.632
437 A 2.872 -1.182 -0.419 -0.942 0.238 -1.013 -0.996 -0.004 -0.904 -1.496 -1.953 -0.654 -1.167 -2.026 -1.602 2.586 0.319 -2.625 -1.882 -0.68
438 A 4.018 -1.534 -1.51 -1.649 0.503 -1.37 -1.349 0.207 -1.26 -1.04 -1.526 -0.919 -1.027 -1.983 -1.602 0.849 -0.385 -2.576 -1.882 -0.092
439 F -2.222 -2.811 -3.115 -3.521 -1.112 -3.602 -3.559 -3.131 -1.29 0.733 2.042 -3.181 0.742 5.915 -4.319 -3.191 -2.259 0.229 2.145 -0.097
440 V -0.202 -1.781 -1.353 -1.859 -0.142 -1.733 -1.971 -1.807 -1.694 1.713 0.768 -1.47 1.569 -0.828 0.814 0.876 0.68 -2.462 -1.604 2.08
441 E -0.828 -0.667 -0.726 0.562 -1.353 0.492 3.616 -2.079 -0.309 -0.662 -1.188 -0.02 0.9 -1.857 -2.169 -0.762 1.004 -2.36 -1.823 0.071
442 L -1.586 -2.338 -3.127 -3.222 -0.573 -2.712 -3.057 -3.119 -2.135 1.298 3.469 -2.35 1.404 1.869 2.179 -2.88 -1.726 -1.747 -0.67 0.469
443 P 0.005 -2.201 -2.35 -2.11 -0.926 -2.209 -2.104 -2.003 -1.897 0.457 0.607 -1.502 -0.542 -1.654 5.536 -1.682 -1.391 -3.452 -2.19 -0.405
444 G 0.249 1.569 1.187 -0.458 -1.291 1.57 0.665 0.798 2.541 -2.139 -2.308 1.067 -1.321 -2.321 -2.221 0.127 0.258 -2.431 -1.393 -1.686
445 H -1.858 -0.813 1.246 -1.182 -2.244 -0.686 -1.051 -1.913 7.076 -2.156 -2.195 -1.104 -1.285 0.811 -3.008 -1.735 -2.103 -0.058 4.081 -2.406
446 P -0.963 -2.14 -2.06 -1.69 -1.583 -2.059 -1.749 -1.979 -1.734 -2.444 -2.877 -1.19 -2.529 -3.462 6.786 -1.578 -1.475 -4.675 -2.762 -2.288
447 L -1.749 -2.343 -3.287 -3.607 -0.466 -2.755 -3.361 -3.33 -1.971 1.594 3.654 -2.623 2.547 3.059 -3.83 -3.137 -1.78 -1.104 0.081 0.734
448 G -0.037 -2.484 -0.566 -1.449 -1.447 -2.322 -2.748 5.925 -1.603 -3.342 -3.587 -1.777 -2.793 -2.805 -2.906 -1.129 -2.046 -2.567 -3.275 -2.991
449 R -1.588 4.566 -0.928 -1.96 -1.653 -0.098 -1.116 -2.384 2.476 -0.797 0.265 1.042 2.254 -1.269 -2.999 -1.777 -1.573 -2.04 -1.132 -1.066
450 G -0.037 -2.484 -0.566 -1.449 -1.447 -2.322 -2.748 5.925 -1.603 -3.342 -3.587 -1.777 -2.793 -2.805 -2.906 -1.129 -2.046 -2.567 -3.275 -2.991
451 L 0.827 -2.14 -2.77 -3.014 -0.058 -2.21 -2.697 -2.143 -1.908 1.694 2.176 -2.074 2.827 1.695 -3.101 -1.852 -1.096 -1.654 -0.595 2.213
452 G -0.037 -2.484 -0.566 -1.449 -1.447 -2.322 -2.748 5.925 -1.603 -3.342 -3.587 -1.777 -2.793 -2.805 -2.906 -1.129 -2.046 -2.567 -3.275 -2.991
453 N -0.73 0.816 4.426 0.364 -1.456 -0.78 -1.065 2.17 0.203 -2.747 -3.043 -0.297 -2.069 -2.477 -2.518 0.811 -0.518 -2.842 -2.271 -2.423
454 V -0.358 -1.998 -1.647 -2.225 0.046 -2.056 -2.335 -2.254 -2.206 2.26 0.916 -1.785 0.459 -0.701 -2.692 -0.263 1.921 -2.379 -1.539 2.987
455 G -0.037 -2.484 -0.566 -1.449 -1.447 -2.322 -2.748 5.925 -1.603 -3.342 -3.587 -1.777 -2.793 -2.805 -2.906 -1.129 -2.046 -2.567 -3.275 -2.991
456 V -0.447 -2.664 -3.084 -3.292 0.172 -2.765 -3.084 -3.125 -3.022 3.142 0.894 -2.54 0.748 -0.463 -3.326 -2.474 -0.629 -2.495 -1.411 4.318
457 L -1.667 -2.313 -3.489 -3.746 -0.277 -2.767 -3.432 -3.509 -2.44 1.879 4.234 -2.604 2.006 0.706 -3.731 -3.285 -1.707 -1.777 -1.183 0.979
458 A 4.018 -1.534 -1.51 -1.649 0.503 -1.37 -1.349 0.207 -1.26 -1.04 -1.526 -0.919 -1.027 -1.983 -1.602 0.849 -0.385 -2.576 -1.882 -0.092
459 G 0.168 -2.115 -0.372 -1.222 -1.138 -1.95 -2.246 5.42 -1.389 -3.057 -3.345 -1.476 -2.461 -2.656 -2.621 0.527 -1.244 -2.586 -2.966 -2.634
460 L -1.464 -0.757 -2.285 -2.11 -0.694 -1.253 -0.336 -2.876 -1.612 1.192 3.417 0.89 1.39 0.086 -3.097 -2.453 -1.584 -1.984 -1.373 0.403
461 F -1.946 -2.715 -2.668 -3.214 -1.261 -3.316 -3.37 0.054 -0.762 0.31 1.39 -2.931 0.329 5.63 -4.107 -2.867 -2.27 0.397 2.999 -0.434
462 G 0.863 -1.471 1.345 1.08 -0.749 -1.287 -1.131 3.54 -0.805 -2.457 -2.866 -0.946 -1.952 -2.43 -2.187 1.676 -0.382 -2.737 -2.459 -1.939
463 E -0.533 -0.78 0.086 2.809 -1.719 0.306 3.227 0.837 -0.202 -2.717 -2.943 -0.056 -1.983 -2.638 -2.061 0.698 -0.843 -2.735 -2.29 -2.245
464 E -0.895 -0.098 -0.314 1.542 -2.387 1.37 4.437 -1.926 0.417 -2.74 -2.679 0.701 -1.729 -2.584 -1.857 -0.767 -1.277 -2.363 -1.884 -2.11
465 G 0.806 -1.527 -0.474 -1.202 -0.887 0.255 -1.529 4.631 -1.131 -2.341 -2.698 -1.011 -1.846 -2.517 -2.403 0.19 0.196 -2.51 -2.549 -1.821
466 A 2.322 -1.157 -0.326 -0.939 0.192 -1.026 -1.068 -0.262 -1.0 -1.201 -1.764 -0.681 -1.033 -1.935 -1.629 2.277 1.941 -2.536 -1.853 -0.496
467 E 0.963 -0.47 -0.852 0.517 -1.312 1.527 3.541 -1.474 -0.129 -1.462 -0.549 0.17 -0.863 -2.012 -2.063 -0.754 -1.208 -2.407 -1.827 -1.155
468 L -0.221 -1.709 -1.116 -1.771 -0.301 -1.782 -2.059 1.599 -1.5 0.527 2.398 -1.503 0.765 -0.36 -2.661 0.955 -0.542 -2.116 -1.618 -0.042
469 G -0.314 -1.216 2.176 2.052 -0.764 -1.078 -0.78 1.855 -0.646 -1.643 -2.299 -0.806 -1.549 -2.2 -2.109 0.89 2.146 -2.671 -2.241 -1.267
470 S 0.755 -0.921 0.268 -0.499 -0.03 -0.782 -0.815 -0.425 -0.74 -1.598 -2.138 -0.492 -1.156 -1.98 -1.629 3.22 2.089 -2.585 -1.858 -1.03
471 A 2.196 -0.725 -0.493 1.172 -0.532 -0.433 1.305 1.121 -0.714 -1.878 -2.252 0.596 -1.508 -2.358 -1.86 0.918 -0.585 -2.67 -2.116 -1.167
472 V -0.824 -2.876 -3.202 -3.298 0.001 -2.98 -3.354 -3.308 -2.947 3.939 1.175 -2.643 0.913 -0.228 -3.444 -2.744 -0.844 -2.42 -1.411 3.784
473 T -0.568 -0.635 0.941 -1.097 -0.469 0.456 -1.11 -1.583 -0.978 0.222 0.762 0.39 0.004 -1.216 -2.302 0.222 2.38 -2.347 -1.665 0.614
474 E -1.045 -0.248 -0.465 1.392 -2.537 1.22 4.769 -2.076 0.266 -2.891 -2.829 0.55 -1.88 -2.734 -2.008 -0.917 -1.427 -2.514 -2.034 -2.26
475 S 0.566 -0.99 0.155 -0.631 -0.036 -0.879 -0.954 -0.62 -0.898 -1.305 -1.925 -0.585 -1.057 -1.932 -1.677 2.875 2.813 -2.538 -1.864 -0.769
476 G -0.037 -2.484 -0.566 -1.449 -1.447 -2.322 -2.748 5.925 -1.603 -3.342 -3.587 -1.777 -2.793 -2.805 -2.906 -1.129 -2.046 -2.567 -3.275 -2.991
477 L -1.397 -2.655 -3.331 -3.508 -0.27 -2.997 -3.465 -3.403 -2.463 3.091 2.956 -2.708 1.431 1.914 -3.685 -3.073 -1.386 -1.668 -0.57 2.354
478 G -0.037 -2.484 -0.566 -1.449 -1.447 -2.322 -2.748 5.925 -1.603 -3.342 -3.587 -1.777 -2.793 -2.805 -2.906 -1.129 -2.046 -2.567 -3.275 -2.991
479 L 0.193 -1.658 -2.113 -2.531 -0.134 -1.409 -2.285 -2.064 -1.322 1.86 1.439 -1.55 5.066 -0.07 -2.97 -0.653 -0.803 -1.781 -1.187 1.467
480 I -1.033 -2.988 -3.263 -3.301 -0.089 -3.094 -3.499 -3.404 -2.91 4.268 1.305 -2.696 0.993 -0.118 -3.505 -2.889 -0.959 -2.383 -1.411 3.474
481 I -1.406 -2.98 -3.375 -3.381 -0.228 -3.164 -3.66 -3.536 -2.778 4.325 2.214 -2.74 1.287 0.165 -3.617 -3.135 -1.222 -2.223 -1.368 2.706
482 G 1.888 -2.044 -0.743 -1.424 -0.626 -1.88 -2.095 4.834 -1.422 -2.366 -2.735 -1.393 -2.045 -2.485 -2.361 0.166 -1.189 -2.576 -2.688 -1.698
483 Q -0.93 0.742 -0.223 -0.537 -1.781 5.049 1.099 -1.591 0.5 -2.113 -2.019 0.961 -0.541 -2.929 -2.232 -0.713 0.188 -2.311 -1.447 -1.66
484 L -1.731 -2.371 -3.439 -3.717 -0.369 -2.859 -3.448 -3.459 -2.269 1.758 4.035 -2.67 1.875 2.125 -3.798 -3.273 -1.77 -1.436 -0.49 0.865
485 G -0.037 -2.484 -0.566 -1.449 -1.447 -2.322 -2.748 5.925 -1.603 -3.342 -3.587 -1.777 -2.793 -2.805 -2.906 -1.129 -2.046 -2.567 -3.275 -2.991
486 I -1.278 -3.01 -3.219 -3.326 -0.312 -3.254 -3.539 -3.339 -2.437 3.887 1.184 -2.824 0.857 2.807 -3.681 -2.957 -1.201 -1.509 -0.052 2.994
487 V -0.798 -2.655 -2.895 -2.94 -0.267 -2.776 -2.906 -2.922 -2.482 2.796 0.547 -2.336 0.367 1.4 2.214 -2.421 -0.973 -2.223 -0.807 3.323
488 G -0.037 -2.484 -0.566 -1.449 -1.447 -2.322 -2.748 5.925 -1.603 -3.342 -3.587 -1.777 -2.793 -2.805 -2.906 -1.129 -2.046 -2.567 -3.275 -2.991
489 L -0.132 -2.575 -3.138 -3.286 -0.184 -2.837 -3.21 -2.795 -2.343 2.981 2.581 -2.509 1.216 1.808 -3.416 -2.52 -1.272 -1.729 -0.616 2.307
490 L 1.322 -2.194 -2.193 -2.527 -0.049 -2.266 -2.565 0.531 -2.086 2.151 1.834 -1.897 0.644 -0.489 -2.747 -1.269 0.173 -2.257 -1.619 1.674
491 L -1.08 -2.654 -2.94 -3.216 -0.235 -2.868 -3.363 -0.039 -2.6 3.175 2.578 -2.554 1.215 0.04 -3.509 -2.769 -1.268 -2.171 -1.45 2.589
492 Y -2.072 -2.169 -2.435 -3.225 -1.77 -2.346 -2.755 -3.043 1.427 -0.593 -0.554 -2.325 -0.54 4.646 -3.723 -2.714 -2.29 1.852 6.236 -0.969
493 L 0.304 -2.104 -1.739 -2.278 -0.092 -2.167 -2.492 0.384 -2.14 2.243 1.193 -1.824 0.43 -0.683 -2.704 -1.041 1.755 -2.308 -1.657 2.107
494 V 0.044 -2.481 -2.773 -3.122 -0.352 -2.64 -2.884 -2.583 -0.864 2.164 0.411 -2.397 0.285 3.101 -3.333 -2.212 -1.164 -0.338 3.025 2.878
495 F -2.379 -2.95 -3.029 -3.467 -1.365 -3.855 -3.592 -3.044 -1.062 0.358 1.077 -3.345 0.315 6.463 -4.487 -3.168 -2.416 0.569 2.601 -0.444
496 F -2.379 -2.95 -3.029 -3.467 -1.365 -3.855 -3.592 -3.044 -1.062 0.358 1.077 -3.345 0.315 6.463 -4.487 -3.168 -2.416 0.569 2.601 -0.444
497 V 0.423 -2.09 -1.786 -2.338 -0.284 -2.122 -2.347 0.46 -1.262 1.214 -0.331 -1.864 -0.221 0.63 -2.882 -0.447 0.344 4.218 1.518 2.495
498 K -0.593 -0.119 -1.038 -1.585 -0.807 0.174 -1.099 0.49 -1.032 0.297 -0.192 1.83 1.256 1.109 -2.502 -0.319 0.275 -1.921 -0.871 1.029
499 L -1.492 -2.486 -3.429 -3.618 -0.228 -2.857 -3.457 -3.484 -2.559 2.771 3.685 -2.631 1.766 0.508 -3.671 -3.179 -1.489 -1.929 -1.243 1.872
500 L 0.419 -1.993 -1.468 -1.976 -0.354 -2.01 -2.209 0.596 -1.618 2.11 1.174 -1.671 0.269 -0.449 -2.772 0.777 -0.625 4.11 -1.066 0.733
501 K 0.058 2.521 -1.135 -1.716 -1.103 0.049 -0.967 0.5 -0.894 -0.223 0.619 2.368 -0.218 -1.5 -2.508 -1.371 -1.298 -2.382 -1.791 0.165
502 L -0.063 1.664 -1.344 -2.124 -0.871 -1.134 -1.742 -2.013 3.04 1.414 0.576 -0.583 1.447 0.325 -2.886 -0.666 -1.205 -0.898 2.392 0.254
503 G 1.423 -1.848 -1.045 -1.563 3.67 -1.738 -1.82 2.023 -1.543 -0.222 -1.406 -1.332 -1.027 -1.911 0.906 1.126 -0.405 -2.794 -2.15 0.923
504 R -1.51 5.465 -0.438 -1.54 -2.235 0.542 -0.537 -2.104 0.122 -2.588 -2.004 2.043 -1.2 -2.448 -2.68 -1.382 -1.43 -2.21 -1.748 -2.138
505 K -0.802 2.118 -0.244 -0.698 -1.953 0.831 0.337 -1.318 -0.219 -2.099 -2.216 4.428 -1.2 -2.782 -1.663 -0.857 -1.058 -2.525 -1.765 -1.975
506 W -2.626 -2.359 -3.142 -3.596 -2.31 -2.8 -2.945 -2.342 -1.11 -1.83 -1.626 -2.767 -1.256 1.152 -5.384 -3.331 -2.671 10.586 2.193 -2.204
507 K -0.802 2.118 -0.244 -0.698 -1.953 0.831 0.337 -1.318 -0.219 -2.099 -2.216 4.428 -1.2 -2.782 -1.663 -0.857 -1.058 -2.525 -1.765 -1.975
508 L -1.056 -1.359 -2.336 -2.79 -0.144 -1.027 -2.329 -2.559 -0.944 1.627 2.159 -1.428 5.486 0.492 -3.218 -1.992 -1.022 -1.282 -0.808 1.014
509 L -1.056 -1.359 -2.336 -2.79 -0.144 -1.027 -2.329 -2.559 -0.944 1.627 2.159 -1.428 5.486 0.492 -3.218 -1.992 -1.022 -1.282 -0.808 1.014
510 L -1.453 2.167 0.913 -0.947 -1.566 -0.244 0.302 -2.01 3.857 -0.51 0.954 1.597 -0.138 -1.123 -2.722 -1.59 -1.503 -2.178 -0.774 -0.684
511 R -0.708 3.07 1.159 -0.988 -1.233 0.011 -0.985 0.664 2.462 -1.551 -0.66 0.382 -0.885 -1.787 -2.511 0.528 0.319 -2.345 -1.374 -1.484
512 I -1.532 -3.038 -3.407 -3.382 -0.277 -3.224 -3.74 -3.588 -2.761 4.473 2.26 -2.768 1.322 0.213 -3.649 -3.218 -1.287 -2.206 -1.368 2.484
513 P 0.113 0.214 0.924 -0.93 -1.334 2.268 -0.389 0.685 2.467 -1.249 -1.967 0.51 -1.148 -2.358 2.354 -1.015 -1.192 -2.701 -1.408 -0.374
514 D -1.433 -1.547 1.971 4.642 -1.755 -1.091 0.424 0.731 -0.652 -1.703 -1.048 -1.001 -1.591 -2.216 -2.515 -0.903 -0.008 -3.083 -2.635 -1.887
515 L -1.056 -1.359 -2.336 -2.79 -0.144 -1.027 -2.329 -2.559 -0.944 1.627 2.159 -1.428 5.486 0.492 -3.218 -1.992 -1.022 -1.282 -0.808 1.014
516 L 0.164 -0.773 -1.617 -1.887 -0.518 1.324 -1.101 -1.986 -1.285 1.466 0.91 0.326 0.255 -1.1 0.805 -1.314 0.216 -2.468 -1.596 1.694
517 R -1.599 5.494 -0.577 -1.228 -2.399 0.477 0.505 -2.238 0.0 -2.752 -2.209 1.793 -1.394 -2.611 -2.745 -1.471 -1.566 -2.374 -1.911 -2.286
518 D -0.109 -1.013 -0.144 3.65 -1.466 0.905 2.25 -1.582 -0.539 -0.778 -0.573 -0.423 -0.96 -1.993 -2.363 -1.087 -1.281 -2.778 -2.147 -0.171
519 K -1.295 3.955 -0.6 -1.316 -2.189 0.404 -0.309 -1.878 0.068 -2.274 -2.136 3.626 -1.296 -1.36 -2.305 -1.323 -1.432 -1.615 1.101 -2.077
520 L -0.949 -2.516 -2.832 -3.125 -0.064 -2.704 -3.135 -3.122 -2.65 3.22 2.266 -2.422 1.148 -0.048 -3.317 -2.329 0.209 -2.223 -1.382 3.045
521 L -0.231 -2.286 -2.721 -3.11 -0.466 -2.566 -3.053 0.193 -1.798 1.137 3.013 -2.349 2.212 2.902 -3.468 -2.354 -1.679 -1.206 -0.045 0.423
522 A 2.427 -1.897 -1.813 -2.192 -0.243 -1.869 -2.006 0.967 -0.944 -0.498 -1.269 -1.527 -0.929 -0.226 -2.464 -0.597 0.147 6.0 1.589 0.399
523 L -0.031 -1.556 -1.786 -2.333 3.576 0.046 -1.868 -2.078 -0.385 0.173 1.138 -1.452 1.553 2.055 -2.863 -1.258 0.907 -0.483 2.811 -0.067
524 G 1.344 -1.549 -0.503 -1.252 -0.214 -1.472 -1.684 2.847 -1.418 -1.183 -1.836 -1.085 -1.236 -2.053 -2.008 0.683 2.803 -2.457 -2.175 -0.622
525 L -1.504 -2.194 -2.994 -3.385 -0.251 -2.588 -3.193 -3.249 -2.345 1.734 4.002 -2.403 1.843 0.554 -3.493 -2.627 -0.149 -1.822 -1.236 0.91
526 L 0.646 -2.457 -3.064 -3.142 -0.107 -2.652 -3.06 -2.388 -2.333 3.113 2.87 -2.294 1.32 0.134 -3.178 -2.184 -1.28 -2.097 -1.382 1.629
527 L -1.437 -2.331 -2.757 -3.273 -0.653 -2.631 -3.149 -0.01 -0.852 1.266 2.914 -2.456 1.12 2.391 -3.619 -2.785 -1.758 -0.388 2.842 1.008
528 G 1.942 -1.88 -0.638 -1.309 -0.506 -1.715 -1.884 4.475 -1.32 -2.261 -2.643 -1.257 -1.913 -2.417 -2.24 0.804 -0.865 -2.586 -2.558 -1.579
529 F -2.261 -3.059 -3.056 -3.416 -1.236 -3.86 -3.645 -3.102 -1.218 1.746 0.675 -3.306 0.301 6.187 -4.378 -3.165 -2.214 0.362 2.371 0.342
530 L -1.421 -2.443 -3.281 -3.473 -0.231 -2.648 -3.353 -3.384 -2.383 3.066 3.232 -2.502 2.741 0.408 -3.616 -3.013 -1.379 -1.929 -1.235 2.019
531 L 1.992 -1.948 -2.223 -2.457 0.072 -2.032 -2.264 -1.284 -1.821 1.467 2.509 -1.689 0.889 -0.297 -2.562 -0.283 -0.886 -2.168 -1.502 0.743
532 N -1.786 -0.541 5.894 1.155 -1.973 -0.653 -0.852 -0.281 0.842 -2.839 -3.278 -0.422 -2.288 -2.501 -2.714 -0.244 -0.578 -3.093 -2.195 -2.687
533 A 3.434 -1.834 -2.083 -2.127 0.348 -1.682 -1.827 -0.369 -1.534 1.434 -0.197 -1.287 1.28 -1.213 -2.015 -0.247 -0.71 -2.397 -1.696 0.805
534 A 2.406 -1.704 -1.988 -2.275 0.069 -1.603 -1.997 -0.965 -1.332 0.357 0.935 -1.413 3.16 1.41 -2.383 -0.609 0.256 -1.675 -0.712 0.325
535 F -2.461 -3.023 -2.987 -3.441 -1.501 -3.991 -3.609 -3.001 -0.955 0.15 0.438 -3.431 0.075 6.702 -4.575 -3.157 -2.497 0.725 2.804 -0.634
536 N -1.786 -0.541 5.894 1.155 -1.973 -0.653 -0.852 -0.281 0.842 -2.839 -3.278 -0.422 -2.288 -2.501 -2.714 -0.244 -0.578 -3.093 -2.195 -2.687
537 E -1.045 -0.248 -0.465 1.392 -2.537 1.22 4.769 -2.076 0.266 -2.891 -2.829 0.55 -1.88 -2.734 -2.008 -0.917 -1.427 -2.514 -2.034 -2.26
538 V -0.36 -2.613 -3.056 -3.291 0.214 -2.714 -3.02 -3.082 -3.041 2.903 0.819 -2.515 0.705 -0.525 -3.298 -2.41 -0.578 -2.514 -1.411 4.437
539 A 4.201 -1.61 -1.788 -1.814 0.553 -1.446 -1.425 0.247 -1.337 -0.957 -1.448 -0.975 -1.0 -1.975 -1.602 0.328 -0.549 -2.567 -1.882 0.012
540 L -1.622 -2.23 -3.382 -3.663 -0.278 -2.58 -3.331 -3.426 -2.288 1.844 4.089 -2.495 2.752 0.675 -3.696 -3.16 -1.654 -1.744 -1.161 0.969
541 S 0.942 -0.867 0.371 -0.375 -0.054 -0.696 -0.682 -0.233 -0.586 -2.038 -2.455 -0.411 -1.313 -2.07 -1.602 3.662 0.885 -2.675 -1.882 -1.419
542 P -0.963 -2.14 -2.06 -1.69 -1.583 -2.059 -1.749 -1.979 -1.734 -2.444 -2.877 -1.19 -2.529 -3.462 6.786 -1.578 -1.475 -4.675 -2.762 -2.288
543 N -1.786 -0.541 5.894 1.155 -1.973 -0.653 -0.852 -0.281 0.842 -2.839 -3.278 -0.422 -2.288 -2.501 -2.714 -0.244 -0.578 -3.093 -2.195 -2.687
544 S 0.942 -0.867 0.371 -0.375 -0.054 -0.696 -0.682 -0.233 -0.586 -2.038 -2.455 -0.411 -1.313 -2.07 -1.602 3.662 0.885 -2.675 -1.882 -1.419
545 C 1.883 -2.03 -1.414 -1.898 7.656 -1.939 -2.038 -0.814 -1.722 -1.164 -1.558 -1.577 -1.176 -2.081 -2.264 1.208 -0.396 -2.934 -2.309 -0.579
546 A 3.282 -1.632 -1.121 -1.52 0.171 -1.486 -1.551 2.339 -1.323 -1.291 -1.795 -1.041 -1.247 -2.091 -1.819 0.691 0.492 -2.552 -2.085 -0.458
547 L -0.883 -2.282 -2.217 -2.438 -0.539 -2.384 -2.58 0.196 -2.182 1.583 1.643 -1.904 0.364 -0.789 3.269 -1.851 0.042 -2.67 -1.83 1.554
548 Y -1.939 -1.904 -2.252 -3.149 -1.878 -1.91 -2.49 -3.058 1.978 -0.93 -1.036 -2.0 -0.809 3.222 -3.46 -2.564 -2.216 2.182 6.905 -1.106
549 F -2.461 -3.023 -2.987 -3.441 -1.501 -3.991 -3.609 -3.001 -0.955 0.15 0.438 -3.431 0.075 6.702 -4.575 -3.157 -2.497 0.725 2.804 -0.634
550 I -1.259 -2.738 -3.25 -3.343 -0.183 -2.847 -3.444 -3.395 -2.589 3.932 2.203 -2.582 2.25 0.139 -3.56 -2.947 -1.157 -2.151 -1.325 2.791
551 I 1.525 -1.919 -1.811 -1.674 -0.064 -1.609 -0.375 -1.539 -1.748 2.733 0.176 -1.415 0.118 -0.93 -2.427 -0.818 1.148 -2.415 -1.663 1.798
552 L -1.652 -2.385 -3.48 -3.704 -0.277 -2.814 -3.465 -3.518 -2.474 2.312 4.07 -2.622 1.938 0.656 -3.722 -3.277 -1.657 -1.822 -1.203 1.191
553 G 0.729 -2.393 -0.658 -1.48 -1.196 -2.23 -2.6 5.69 -1.578 -3.023 -3.312 -1.694 -2.576 -2.719 -2.76 -0.961 -1.873 -2.567 -3.116 -2.546
554 L -1.78 -2.505 -3.382 -3.646 -0.464 -3.004 -3.496 -3.418 -2.137 2.101 3.632 -2.757 1.663 3.05 -3.857 -3.254 -1.783 -1.166 0.054 0.974
555 L -1.326 -2.671 -3.369 -3.495 -0.181 -2.95 -3.482 -3.46 -2.684 3.452 3.007 -2.659 1.504 0.295 -3.611 -3.077 -1.287 -2.089 -1.305 2.553
556 L -1.517 -2.321 0.028 -2.532 -0.584 -2.498 -2.978 -2.934 -0.764 3.049 2.116 -2.268 0.933 0.957 -3.498 -2.608 -1.361 -0.765 2.635 1.858
557 G 1.763 -1.641 2.037 -0.748 -0.692 -1.547 -1.731 4.063 -0.83 -2.295 -2.691 -1.13 -1.969 -2.433 -2.331 0.284 -0.942 -2.665 -2.5 -1.661
558 A 1.287 -0.372 0.95 -0.869 -0.604 1.552 -0.548 -0.869 -0.544 -1.127 -0.511 0.686 -0.688 -1.952 0.978 0.647 0.505 -2.617 -1.812 -0.862
559 D 1.017 -1.36 2.16 2.146 -0.664 -1.225 -0.802 -0.742 -0.664 -0.905 -1.842 -0.979 -1.293 -1.597 -2.309 0.802 0.546 4.065 -1.363 -0.036
560 L -1.142 1.094 -0.883 0.956 -1.323 -0.386 1.21 -2.028 -0.724 -0.36 1.255 1.416 -0.008 1.218 -2.596 -0.58 -1.247 -1.921 -0.91 -0.811
561 L -0.144 1.775 -1.119 -0.996 -0.893 -0.032 1.021 -1.945 -0.408 0.742 0.11 -0.125 -0.276 -0.491 -2.536 -0.304 0.232 -1.507 1.164 0.618
562 G 0.624 2.808 -0.856 -1.162 -1.496 -0.302 0.246 2.189 -0.624 -2.346 -2.333 1.771 -1.594 -2.016 -2.487 -1.049 -1.49 4.093 -1.419 -1.889
563 R -0.533 2.474 -0.389 1.027 3.947 -0.091 -0.792 -1.502 -0.801 0.14 -1.347 0.49 -0.896 -1.93 -2.372 0.73 0.636 -2.621 -1.994 -0.533
564 E -0.737 0.709 -0.407 0.261 -1.622 0.467 2.839 0.68 -0.328 -2.059 -2.338 2.009 -1.508 -2.527 -2.008 -0.589 1.09 -2.495 -2.047 -1.621
565 G 0.441 -1.435 0.183 1.586 -1.006 -0.785 1.305 1.173 -0.905 0.239 -1.53 -0.777 -1.221 -2.038 1.527 -0.734 0.427 -2.788 -2.207 -0.49
566 A 1.762 -0.427 -1.334 -1.799 -0.11 -1.447 -1.781 1.557 -1.335 0.267 0.018 -1.025 1.732 -1.231 -0.245 0.306 -0.615 -2.352 -1.765 0.929
567 A 1.074 1.806 -0.534 1.381 -0.6 -0.694 0.062 -1.08 -0.791 0.987 -0.928 -0.063 -0.658 -1.607 -2.215 0.574 -0.557 -2.535 -1.858 0.095
568 A 2.665 -1.697 -1.602 -1.887 0.317 -1.594 -1.781 -0.623 -1.531 1.518 -0.13 -1.213 0.895 -1.119 -1.982 -0.105 1.266 -2.299 -1.629 0.937
569 G 1.591 -0.262 -1.055 -1.519 -0.469 -0.922 -1.256 2.763 -1.234 -0.199 -1.355 1.635 -0.938 -1.959 -2.15 -0.694 -0.986 -2.493 -2.015 0.758
570 P 0.725 -1.349 1.945 -0.77 -0.529 -1.355 -1.428 -0.947 -0.834 -0.796 0.007 -0.943 -0.682 -1.652 2.994 0.499 0.917 -2.832 -1.955 -0.737
571 A 1.321 2.004 -0.879 -1.42 -0.775 -0.707 -1.128 1.528 -0.949 -1.717 -2.035 1.265 -1.406 -2.42 1.848 -0.48 0.619 -2.675 -2.116 -1.166
572 I 0.537 1.191 -1.532 -1.97 -0.605 0.798 -1.425 1.239 -1.186 2.135 0.263 -0.49 0.062 -1.117 -2.767 -1.444 -1.147 -2.333 -1.694 1.322
573 P -0.524 -1.005 -0.783 -1.14 -0.734 0.755 -0.877 -1.579 -1.066 -1.239 -1.824 -0.516 -1.183 -2.423 4.429 -0.267 2.356 -2.99 -2.01 -0.869
574 L -0.921 -2.325 -3.183 -3.43 0.056 -2.632 -3.136 -3.206 -2.57 2.475 3.098 -2.453 1.63 0.353 -3.425 -2.765 -1.056 -1.958 -1.166 2.81
575 A 2.534 -0.943 -0.393 -0.404 0.109 -0.481 0.778 -0.091 -0.62 -1.502 -1.91 -0.356 -1.134 -2.001 -1.544 1.938 0.18 -2.493 -1.791 -0.688
576 G -0.286 -2.219 -1.003 -1.438 -1.392 -2.094 -2.165 4.355 -1.546 -2.81 -3.149 -1.399 -2.565 -2.956 4.373 -1.201 -1.675 -3.18 -2.932 -2.556
577 A 2.239 -1.338 -0.43 1.399 0.133 -1.173 -0.865 -0.466 -1.2 -0.755 -1.437 -0.835 -0.926 -1.87 -1.685 0.393 2.464 -2.47 -1.9 -0.112
578 N -1.645 -0.4 5.612 1.296 -1.832 -0.512 -0.711 -0.14 0.983 -2.698 -3.137 -0.281 -2.147 -2.36 -2.573 -0.104 -0.437 -2.952 -2.054 -2.546
579 P -0.822 -1.999 -1.919 -1.549 -1.443 -1.919 -1.608 -1.838 -1.593 -2.303 -2.736 -1.05 -2.389 -3.321 6.648 -1.437 -1.334 -4.535 -2.621 -2.147
580 W -2.635 -2.368 -3.152 -3.606 -2.32 -2.81 -2.954 -2.351 -1.12 -1.839 -1.636 -2.776 -1.266 1.143 -5.394 -3.34 -2.68 10.596 2.184 -2.213
581 L -1.066 -1.369 -2.345 -2.799 -0.154 -1.037 -2.339 -2.569 -0.954 1.618 2.149 -1.438 5.537 0.482 -3.228 -2.002 -1.031 -1.292 -0.818 1.004
582 S 1.082 -0.727 0.511 -0.234 0.087 -0.555 -0.541 -0.092 -0.446 -1.897 -2.314 -0.271 -1.172 -1.929 -1.461 3.212 1.025 -2.535 -1.741 -1.278
583 G 0.104 -2.343 -0.426 -1.308 -1.306 -2.181 -2.608 5.796 -1.462 -3.201 -3.446 -1.636 -2.652 -2.664 -2.765 -0.988 -1.905 -2.426 -3.134 -2.85
584 R -1.52 5.483 -0.448 -1.549 -2.245 0.532 -0.546 -2.114 0.113 -2.597 -2.013 2.033 -1.209 -2.458 -2.69 -1.392 -1.439 -2.22 -1.758 -2.147
585 A 3.883 -1.469 -1.648 -1.673 0.694 -1.306 -1.284 0.388 -1.197 -0.816 -1.307 -0.834 -0.859 -1.834 -1.461 0.469 -0.408 -2.426 -1.741 0.153
586 A 3.883 -1.469 -1.648 -1.673 0.694 -1.306 -1.284 0.388 -1.197 -0.816 -1.307 -0.834 -0.859 -1.834 -1.461 0.469 -0.408 -2.426 -1.741 0.153
587 R -1.52 5.483 -0.448 -1.549 -2.245 0.532 -0.546 -2.114 0.113 -2.597 -2.013 2.033 -1.209 -2.458 -2.69 -1.392 -1.439 -2.22 -1.758 -2.147
588 S 1.082 -0.727 0.511 -0.234 0.087 -0.555 -0.541 -0.092 -0.446 -1.897 -2.314 -0.271 -1.172 -1.929 -1.461 3.212 1.025 -2.535 -1.741 -1.278
589 P -0.822 -1.999 -1.919 -1.549 -1.443 -1.919 -1.608 -1.838 -1.593 -2.303 -2.736 -1.05 -2.389 -3.321 6.648 -1.437 -1.334 -4.535 -2.621 -2.147
590 A 3.883 -1.469 -1.648 -1.673 0.694 -1.306 -1.284 0.388 -1.197 -0.816 -1.307 -0.834 -0.859 -1.834 -1.461 0.469 -0.408 -2.426 -1.741 0.153
591 F -2.32 -2.882 -2.846 -3.3 -1.36 -3.85 -3.468 -2.86 -0.814 0.291 0.579 -3.29 0.216 6.492 -4.434 -3.016 -2.356 0.866 2.945 -0.493
592 R -1.52 5.483 -0.448 -1.549 -2.245 0.532 -0.546 -2.114 0.113 -2.597 -2.013 2.033 -1.209 -2.458 -2.69 -1.392 -1.439 -2.22 -1.758 -2.147
593 A 3.883 -1.469 -1.648 -1.673 0.694 -1.306 -1.284 0.388 -1.197 -0.816 -1.307 -0.834 -0.859 -1.834 -1.461 0.469 -0.408 -2.426 -1.741 0.153
594 T 0.439 -0.951 0.137 -0.675 0.086 -0.877 -1.011 -0.755 -0.98 -0.845 -1.549 -0.577 -0.809 -1.745 -1.609 2.108 3.293 -2.35 -1.742 -0.342
595 R -1.438 5.127 -0.646 -1.578 -2.144 0.257 -0.705 -2.101 -0.106 -2.582 -2.135 1.72 -1.38 -2.595 1.663 -1.427 -1.453 -2.485 -1.895 -2.176
596 R -0.752 3.724 -0.163 -0.81 -1.67 3.166 0.426 -1.491 0.325 -2.356 -2.067 1.425 -0.853 -2.597 -2.274 0.114 -0.778 -2.27 -1.565 -1.876
597 R -1.578 3.478 3.59 -0.117 -1.7 -0.265 -0.938 -1.24 0.257 0.092 -1.434 0.756 -1.023 -1.878 -2.768 -0.947 -0.947 -2.532 -1.832 -0.791
598 R -1.52 5.483 -0.448 -1.549 -2.245 0.532 -0.546 -2.114 0.113 -2.597 -2.013 2.033 -1.209 -2.458 -2.69 -1.392 -1.439 -2.22 -1.758 -2.147
599 V -0.219 -2.472 -2.915 -3.15 0.354 -2.573 -2.879 -2.941 -2.9 3.044 0.96 -2.374 0.846 -0.384 -3.157 -2.27 -0.437 -2.373 -1.271 4.086
600 L -1.526 -2.172 -3.348 -3.606 -0.136 -2.626 -3.291 -3.368 -2.299 2.019 4.014 -2.464 2.147 0.847 -3.59 -3.144 -1.566 -1.636 -1.042 1.12
601 E -0.905 -0.107 -0.324 1.532 -2.397 1.361 4.46 -1.935 0.407 -2.75 -2.688 0.691 -1.739 -2.593 -1.867 -0.777 -1.286 -2.373 -1.893 -2.12
602 E -0.905 -0.107 -0.324 1.532 -2.397 1.361 4.46 -1.935 0.407 -2.75 -2.688 0.691 -1.739 -2.593 -1.867 -0.777 -1.286 -2.373 -1.893 -2.12
603 T -0.098 -1.078 -0.124 -1.0 0.136 -1.089 -1.363 -1.314 -1.399 -0.21 -1.043 -0.776 -0.517 -1.566 -1.673 0.719 4.201 -2.17 -1.692 0.244
604 R -1.52 5.483 -0.448 -1.549 -2.245 0.532 -0.546 -2.114 0.113 -2.597 -2.013 2.033 -1.209 -2.458 -2.69 -1.392 -1.439 -2.22 -1.758 -2.147
605 S 1.082 -0.727 0.511 -0.234 0.087 -0.555 -0.541 -0.092 -0.446 -1.897 -2.314 -0.271 -1.172 -1.929 -1.461 3.212 1.025 -2.535 -1.741 -1.278
606 R -1.553 5.546 -0.481 -1.583 -2.278 0.499 -0.58 -2.147 0.079 -2.631 -2.047 1.999 -1.243 -2.491 -2.723 -1.425 -1.473 -2.253 -1.791 -2.181
607 A 3.027 -1.269 -0.504 0.904 0.285 -1.049 -0.758 0.094 -0.915 -1.291 -1.78 -0.685 -1.126 -1.987 -1.566 1.564 -0.003 -2.585 -1.88 -0.46
608 K -0.438 0.929 -0.193 -0.855 -0.732 0.017 -0.401 -1.326 -0.759 -1.01 -1.579 2.9 -0.848 -2.119 -1.677 0.029 2.644 -2.352 -1.738 -0.665
609 G 0.099 -2.348 -0.43 -1.313 -1.311 -2.186 -2.612 5.8 -1.467 -3.206 -3.451 -1.641 -2.657 -2.669 -2.77 -0.993 -1.91 -2.431 -3.139 -2.855
610 P 1.513 -1.879 -1.98 -1.772 -0.533 -1.813 -1.666 -1.097 -1.562 -1.073 -0.545 -1.128 -1.082 -2.134 5.305 -0.859 -1.077 -3.406 -2.177 -0.868
611 G 0.026 -1.181 3.017 -0.031 -0.971 -1.119 -1.298 3.683 -0.275 -2.641 -3.007 -0.78 -2.022 -2.369 -2.292 1.203 -0.361 -2.641 -2.361 -2.238
612 R -1.269 4.21 -0.423 0.147 -2.338 0.888 2.674 -2.065 0.214 -2.69 -2.312 1.503 -1.453 -2.544 -2.337 -1.141 -1.402 -2.313 -1.844 -2.164
613 D -1.55 3.447 0.368 3.812 -2.343 0.147 1.446 -1.646 -0.123 -2.696 -2.687 0.883 -1.865 -2.69 -2.409 -1.127 -1.428 -2.76 -2.287 -2.452
614 L 0.887 -0.465 1.722 -0.844 -0.602 -0.925 -1.172 0.324 -0.709 -0.564 0.713 1.005 -0.276 -1.34 0.023 0.457 -0.615 -2.513 -1.814 -0.697
615 K 0.529 0.696 -0.594 1.437 -1.157 0.091 -0.529 1.428 -0.89 0.357 -1.419 1.98 -1.026 -2.091 -0.215 -1.007 -1.228 -2.696 -2.103 -0.535
616 F -0.865 0.42 -1.076 -1.693 -0.95 -1.041 -1.39 -0.555 -0.95 -0.274 0.727 1.587 -0.062 3.153 -2.615 -0.133 0.476 -1.204 0.218 -0.633
617 R -1.52 5.483 -0.448 -1.549 -2.245 0.532 -0.546 -2.114 0.113 -2.597 -2.013 2.033 -1.209 -2.458 -2.69 -1.392 -1.439 -2.22 -1.758 -2.147
618 P 0.519 -0.422 -0.827 -0.793 -0.995 -0.817 0.668 0.999 2.651 -0.065 -1.691 -0.656 -1.253 -1.951 2.83 0.205 -0.939 -2.716 -1.417 -0.801
619 G 0.452 -1.016 -0.576 1.045 -0.628 -1.214 -1.028 1.07 -1.219 0.634 -1.229 0.421 -0.905 -1.828 1.296 0.894 -0.485 -2.824 -2.075 0.56
620 L -0.45 -0.301 -1.105 -1.277 -0.463 -1.026 -0.068 -1.84 -1.294 1.781 1.117 0.284 0.276 -0.85 -2.48 0.711 0.535 -2.356 -1.623 1.148
621 V -0.962 0.491 0.81 0.662 -0.9 -0.724 -1.292 -1.909 2.267 0.616 0.2 -0.918 -0.24 1.2 -0.071 -0.613 -0.976 -2.052 -0.531 1.545
622 L -0.513 0.671 -1.188 -0.983 -1.092 0.639 1.034 0.435 -0.803 0.501 0.921 -0.444 -0.069 -0.865 -2.765 -0.289 -1.149 4.114 -1.105 -0.368