#Seq2Logo.py -f /work3/idamei/wzy_ssn/run/1e-50/run/150/MSAs/0015_111.afa -o /work3/idamei/wzy_ssn/run/1e-50/run/150/logos/0015_111.logo
Last position-specific scoring matrix computed, values are in halfbits
A R N D C Q E G H I L K M F P S T W Y V
0 L -1.066 -1.369 -2.345 -2.799 -0.154 -1.037 -2.339 -2.569 -0.954 1.618 2.149 -1.438 5.537 0.482 -3.228 -2.002 -1.031 -1.292 -0.818 1.004
1 G 0.104 -2.343 -0.426 -1.308 -1.306 -2.181 -2.608 5.796 -1.462 -3.201 -3.446 -1.636 -2.652 -2.664 -2.765 -0.988 -1.905 -2.426 -3.134 -2.85
2 V -0.219 -2.472 -2.915 -3.15 0.354 -2.573 -2.879 -2.941 -2.9 3.044 0.96 -2.374 0.846 -0.384 -3.157 -2.27 -0.437 -2.373 -1.271 4.086
3 F -2.32 -2.882 -2.846 -3.3 -1.36 -3.85 -3.468 -2.86 -0.814 0.291 0.579 -3.29 0.216 6.492 -4.434 -3.016 -2.356 0.866 2.945 -0.493
4 M -1.179 -1.482 -2.459 -2.913 -0.267 -1.15 -2.452 -2.682 -1.067 1.504 2.036 -1.551 6.065 0.369 -3.341 -2.115 -1.145 -1.405 -0.931 0.891
5 I -0.287 -2.365 0.538 -1.956 1.955 -2.431 -2.758 -2.235 -1.845 3.776 0.828 -2.008 0.57 -0.437 -3.033 -1.643 0.41 -2.413 -1.586 2.004
6 Y -1.601 -1.901 -2.196 -2.947 -1.333 -1.859 -2.486 -2.872 1.416 0.817 -0.132 -1.922 1.471 2.695 -3.345 -1.853 -1.743 1.576 6.048 -0.078
7 I -1.355 -3.079 -3.241 -3.159 -0.129 -3.188 -3.665 -3.457 -2.689 4.463 1.698 -2.657 1.293 0.239 -3.483 -3.055 -1.053 -2.163 -1.263 2.882
8 L -1.519 -2.165 -3.341 -3.598 -0.129 -2.619 -3.284 -3.361 -2.292 2.027 4.002 -2.456 2.154 0.854 -3.583 -3.137 -1.559 -1.629 -1.035 1.127
9 K -0.805 2.115 -0.246 -0.7 -1.956 0.828 0.335 -1.321 -0.221 -2.101 -2.219 4.434 -1.202 -2.784 -1.665 -0.86 -1.06 -2.527 -1.767 -1.977
10 L -1.519 -2.165 -3.341 -3.598 -0.129 -2.619 -3.284 -3.361 -2.292 2.027 4.002 -2.456 2.154 0.854 -3.583 -3.137 -1.559 -1.629 -1.035 1.127
11 N -1.638 -0.393 5.596 1.303 -1.825 -0.505 -0.704 -0.133 0.99 -2.691 -3.13 -0.274 -2.14 -2.353 -2.566 -0.096 -0.43 -2.945 -2.047 -2.539
12 I -1.355 -3.079 -3.241 -3.159 -0.129 -3.188 -3.665 -3.457 -2.689 4.463 1.698 -2.657 1.293 0.239 -3.483 -3.055 -1.053 -2.163 -1.263 2.882
13 T -0.091 -1.071 -0.117 -0.993 0.143 -1.081 -1.356 -1.307 -1.391 -0.202 -1.035 -0.769 -0.51 -1.559 -1.665 0.727 4.179 -2.163 -1.685 0.251
14 Y -1.791 -1.756 -2.104 -3.001 -1.73 -1.762 -2.342 -2.91 2.126 -0.782 -0.888 -1.852 -0.661 3.37 -3.312 -2.416 -2.068 2.33 6.609 -0.958
15 S 1.09 -0.719 0.519 -0.227 0.094 -0.548 -0.534 -0.085 -0.438 -1.89 -2.307 -0.263 -1.165 -1.922 -1.454 3.186 1.033 -2.527 -1.734 -1.271
16 S 1.09 -0.719 0.519 -0.227 0.094 -0.548 -0.534 -0.085 -0.438 -1.89 -2.307 -0.263 -1.165 -1.922 -1.454 3.186 1.033 -2.527 -1.734 -1.271
17 D -1.755 -1.566 1.221 5.8 -2.351 -0.85 1.072 -1.102 -0.515 -2.704 -3.47 -0.808 -2.676 -2.898 -2.268 -0.931 -1.391 -3.509 -3.022 -2.843
18 S 1.09 -0.719 0.519 -0.227 0.094 -0.548 -0.534 -0.085 -0.438 -1.89 -2.307 -0.263 -1.165 -1.922 -1.454 3.186 1.033 -2.527 -1.734 -1.271
19 R -1.513 5.469 -0.441 -1.542 -2.238 0.539 -0.539 -2.106 0.12 -2.59 -2.006 2.04 -1.202 -2.45 -2.683 -1.385 -1.432 -2.212 -1.75 -2.14
20 N -1.638 -0.393 5.596 1.303 -1.825 -0.505 -0.704 -0.133 0.99 -2.691 -3.13 -0.274 -2.14 -2.353 -2.566 -0.096 -0.43 -2.945 -2.047 -2.539
21 G 0.111 -2.336 -0.418 -1.301 -1.299 -2.174 -2.6 5.789 -1.455 -3.194 -3.439 -1.629 -2.645 -2.657 -2.758 -0.981 -1.898 -2.419 -3.127 -2.843
22 L 0.121 -2.415 -2.556 -2.842 -0.163 -2.608 -2.911 -2.428 -2.128 2.944 1.924 -2.234 0.923 1.948 -3.111 -1.822 0.302 -1.673 -0.508 2.011
23 V 0.271 -2.416 -2.372 -2.77 4.081 -2.518 -2.787 -2.237 -1.286 2.321 0.295 -2.196 0.175 2.073 -3.015 -1.582 0.338 -0.991 1.89 2.112
24 F -2.327 -2.889 -2.853 -3.307 -1.367 -3.857 -3.475 -2.867 -0.821 0.284 0.572 -3.297 0.209 6.503 -4.441 -3.023 -2.363 0.859 2.938 -0.5
25 I -1.37 -3.094 -3.255 -3.174 -0.143 -3.202 -3.68 -3.472 -2.704 4.502 1.684 -2.671 1.278 0.225 -3.497 -3.069 -1.068 -2.177 -1.278 2.867
26 I -0.0 -2.968 -3.133 -3.07 -0.144 -3.026 -3.4 -2.796 -2.599 4.476 1.363 -2.507 0.999 -0.05 -3.294 -2.493 -1.093 -2.311 -1.432 2.559
27 F 0.629 -1.917 -1.308 -1.837 -0.257 -1.988 -2.016 -1.42 -1.298 1.581 -0.074 -1.619 -0.071 3.274 -2.621 0.993 0.218 -1.249 0.295 1.177
28 L -0.909 -2.645 -3.078 -3.365 -0.634 -3.175 -3.335 -2.862 -1.655 1.839 2.337 -2.799 0.998 4.698 -3.818 -2.775 -1.77 -0.45 1.249 1.035
29 L -1.513 -2.169 -3.196 -3.47 -0.253 -2.353 -3.201 -3.293 -2.091 2.333 3.609 -2.335 3.475 0.593 -3.608 -2.953 -1.493 -1.722 -1.128 1.24
30 L -0.737 -2.474 -3.058 -3.291 -0.393 -2.744 -3.217 -2.888 -1.88 2.552 2.531 -2.517 2.351 3.264 -3.601 -2.662 -1.495 -1.088 0.27 1.517
31 L 1.521 -2.14 -2.651 -2.829 2.807 -2.155 -2.543 -1.705 -2.073 1.878 1.776 -1.928 2.051 -0.393 -2.788 -1.428 -0.903 -2.211 -1.463 2.28
32 L -1.643 -2.239 -3.049 -3.418 -0.511 -2.457 -3.162 -3.233 -1.125 2.04 3.049 -2.403 2.911 2.539 -3.677 -2.928 -1.649 -0.613 2.023 0.954
33 L 1.485 -1.915 -1.997 -2.343 -0.114 -2.004 -2.217 -1.369 -1.674 1.334 1.901 -1.684 0.584 -0.204 -2.673 -0.162 -0.139 4.621 -0.814 0.573
34 L -0.681 -2.494 -2.736 -3.118 -0.538 -2.875 -3.24 0.48 -1.89 1.79 2.82 -2.53 1.153 3.235 -3.576 -2.555 -1.728 -1.11 0.174 0.7
35 L 1.062 -2.299 -2.389 -2.705 -0.25 -2.431 -2.719 0.805 -1.767 1.67 1.644 -2.09 1.335 2.517 -3.022 -1.633 -1.293 -1.439 -0.227 1.331
36 E -1.166 -0.528 -0.42 2.254 -2.148 0.803 4.12 -2.068 -0.004 -1.75 -0.638 0.212 -1.129 -2.078 -2.173 -1.094 -1.442 -2.498 -2.001 -1.693
37 L -1.463 0.815 -2.304 -2.759 -0.788 -1.767 -2.32 -2.892 -1.193 2.287 1.729 0.249 0.717 2.697 -3.339 -2.51 -1.476 -1.035 1.195 1.492
38 C -0.587 0.928 -1.336 -1.948 5.689 -1.389 -1.796 -1.819 -1.284 0.724 0.39 0.472 -0.187 1.496 -2.739 0.39 -0.781 -1.955 -0.815 -0.103
39 L -1.556 -2.706 -3.411 -3.491 -0.249 -3.01 -3.589 -3.529 -2.604 3.677 3.172 -2.675 1.635 0.443 -3.653 -3.216 -1.415 -2.004 -1.267 2.016
40 N -0.258 -0.761 3.966 0.317 -0.714 -0.759 -0.896 -0.459 0.02 -1.818 -2.391 -0.494 -1.497 -2.136 -2.07 1.759 1.836 -2.735 -1.978 -1.402
41 G -0.818 1.636 2.508 -0.36 -1.774 1.097 -0.487 2.344 1.799 -2.65 -2.729 1.895 -1.667 -2.56 -2.401 -0.343 -1.095 -2.557 -1.755 -2.388
42 G -0.9 3.469 -0.284 1.03 -1.977 -0.328 -0.742 3.101 -0.576 -2.818 -2.722 1.816 -1.88 -2.741 -2.583 -1.224 -1.626 -2.575 -2.398 -2.521
43 K -1.234 2.608 -0.823 -1.347 -1.777 0.563 -0.398 -1.894 -0.483 0.128 -1.132 3.54 -0.711 1.218 -2.342 -1.427 -1.355 -1.915 -0.74 -0.821
44 L -1.262 -1.43 -1.959 -2.485 -0.735 -2.082 -2.461 0.538 -1.589 1.44 2.05 -0.114 0.698 3.099 -3.192 -1.932 0.046 -1.192 0.109 0.408
45 S 0.876 -0.981 0.308 -0.449 -0.152 -0.81 -0.823 1.508 -0.656 -2.129 -2.533 -0.507 -1.417 -2.115 -1.693 3.311 0.7 -2.636 -1.98 -1.529
46 P -0.935 -2.112 -2.032 -1.662 -1.556 -2.032 -1.721 -1.951 -1.706 -2.416 -2.849 -1.163 -2.502 -3.434 6.76 -1.551 -1.447 -4.648 -2.734 -2.26
47 T 0.096 -1.109 -0.084 -0.925 0.012 -1.074 -1.272 -1.108 -1.271 -0.622 -1.394 -0.769 -0.764 -1.756 -1.737 1.579 4.024 -2.361 -1.816 -0.145
48 I 0.366 -2.204 -1.963 -2.36 -0.138 -2.303 -2.51 -1.992 -1.878 2.773 1.21 -1.927 0.582 1.815 -2.839 -0.368 0.528 -1.758 -0.564 1.881
49 V -0.665 -2.776 -3.135 -3.269 0.087 -2.879 -3.233 -3.218 -2.944 3.68 1.111 -2.581 0.887 -0.277 -3.377 -2.624 -0.743 -2.417 -1.384 3.929
50 L -1.225 -1.848 -2.455 -2.908 -0.225 -1.8 -2.724 -2.829 -1.677 2.103 2.748 -1.886 4.383 0.309 -3.255 -2.027 0.253 -1.696 -1.141 1.138
51 L -1.367 -2.162 -2.144 -2.792 4.022 -2.378 -2.785 -2.774 2.403 1.951 2.37 -2.256 0.939 1.984 -3.332 -2.129 0.073 -1.561 -0.143 0.806
52 S 0.241 -1.481 -0.459 -1.153 4.089 -1.428 -1.478 -0.997 -1.093 0.422 -0.985 -1.108 -0.64 1.398 -2.166 2.266 1.139 -1.989 -0.801 -0.204
53 L -1.512 -2.542 -3.288 -3.421 -0.251 -2.733 -3.438 -3.422 -2.387 3.502 3.066 -2.527 2.616 0.435 -3.617 -3.071 -1.384 -1.931 -1.228 1.91
54 W -2.748 -2.482 -3.265 -3.719 -2.433 -2.923 -3.068 -2.464 -1.233 -1.952 -1.749 -2.89 -1.379 1.03 -5.507 -3.454 -2.794 10.708 2.071 -2.326
55 G 1.907 -2.068 -1.606 -2.059 -0.251 -1.958 -2.325 3.219 -1.613 0.821 0.509 -1.598 1.474 -1.102 -2.547 -0.904 -1.222 -2.267 -1.959 0.156
56 G -0.362 -2.438 -1.637 -2.252 -0.331 -2.435 -2.798 2.998 -2.249 2.207 -0.055 -2.051 -0.092 -1.069 -2.982 -1.52 0.354 -2.445 -1.934 2.574
57 V -0.045 -1.976 0.665 -1.822 -0.09 -2.058 -2.333 -2.007 -1.751 2.487 1.078 -1.775 0.506 -0.611 -2.855 -0.804 0.624 -2.406 -1.529 2.771
58 L -1.621 -2.374 -3.45 -3.667 -0.249 -2.797 -3.444 -3.492 -2.454 2.404 3.995 -2.598 1.95 0.672 -3.692 -3.248 -1.619 -1.804 -1.179 1.264
59 L -1.038 -2.363 -2.371 -2.827 -0.276 -2.58 -2.905 -2.786 -1.959 2.442 1.394 -2.306 1.448 3.115 -3.277 -1.884 0.83 -1.236 0.201 2.386
60 L 0.165 -2.446 -3.056 -3.224 -0.056 -2.68 -3.051 -2.622 -2.368 2.677 2.593 -2.387 1.231 1.217 -3.28 -2.321 -1.137 -1.869 -0.859 2.535
61 C 1.587 -1.964 -1.286 -1.825 7.57 -1.887 -2.01 -0.892 -1.709 -1.072 -1.5 -1.535 -1.114 -2.029 -2.239 1.132 0.449 -2.874 -2.267 -0.518
62 S 0.594 -0.911 -0.006 1.257 -0.516 0.764 -0.499 1.262 -0.626 -1.357 -1.445 -0.503 1.085 -1.861 -2.029 1.939 0.513 -2.489 -1.913 -1.123
63 F -1.918 -2.905 -2.983 -3.357 -1.016 -3.527 -3.468 -3.078 -1.042 1.891 0.666 -3.082 0.344 5.675 -4.137 -3.008 -1.931 0.294 2.699 1.205
64 Y -1.948 -2.01 0.557 -2.244 -1.55 -2.176 -2.542 -2.59 1.105 0.677 -0.366 -2.069 -0.396 4.08 -3.564 -2.331 -1.884 1.306 5.483 -0.317
65 E -0.434 -0.498 0.041 2.319 -1.638 0.666 3.637 -1.349 0.016 -2.6 -2.767 0.224 -1.776 -2.54 -1.899 0.962 -0.617 -2.627 -2.065 -2.053
66 S 0.258 -0.998 1.433 2.52 -0.483 -0.772 -0.299 -0.527 -0.531 -1.859 -2.427 -0.535 -1.471 -2.169 -1.804 2.421 1.439 -2.775 -2.073 -1.41
67 Y 0.293 -1.535 -0.799 1.4 -0.696 -1.195 -0.096 -1.564 0.179 0.083 -1.031 -1.164 -0.718 0.737 -2.454 0.098 0.101 -0.293 3.517 0.956
68 L -1.369 -2.611 -3.185 -3.446 -0.346 -3.036 -3.36 -3.228 -2.103 2.447 2.57 -2.743 1.244 3.463 -3.736 -2.952 -1.426 -1.044 0.426 2.256
69 G -1.084 -1.999 0.936 -1.574 -1.506 -2.118 -2.394 3.091 -0.444 -1.676 -1.79 -1.82 -1.447 2.022 -3.321 -1.386 -0.077 6.556 2.231 -1.748
70 D -1.232 -1.116 -0.145 3.318 -1.759 0.815 1.057 -1.69 -0.172 -2.043 -2.452 -0.546 -1.747 -1.149 2.822 -0.993 0.172 -1.855 1.314 -1.872
71 L -1.451 -2.828 -3.375 -3.418 -0.22 -3.07 -3.605 -3.514 -2.682 3.991 2.708 -2.692 1.469 0.31 -3.617 -3.152 -1.292 -2.104 -1.305 2.424
72 S 0.86 -0.877 0.334 -0.423 -0.021 -0.723 -0.735 -0.318 -0.65 -1.766 -2.255 -0.436 -1.205 -1.999 -1.597 3.367 1.618 -2.605 -1.849 -1.177
73 N -0.864 -1.424 3.206 1.481 -1.006 -1.416 -1.195 0.203 -0.399 0.696 -1.03 -1.151 -0.839 1.377 -2.734 0.337 -0.606 -2.13 -0.891 0.479
74 E -1.283 -0.833 1.268 2.198 -1.57 1.087 2.046 -1.873 0.118 -0.435 -0.162 -0.403 -0.621 -0.529 -2.588 -1.304 -1.269 -1.474 1.452 0.084
75 T 0.742 -1.232 -0.372 -1.181 0.09 -1.225 -1.468 -1.181 -1.489 -0.384 -1.184 -0.896 -0.667 -1.708 -1.761 0.579 4.244 -2.311 -1.811 0.121
76 L -1.39 -2.045 -2.761 -3.196 -0.22 -2.311 -3.003 -3.076 -2.12 1.684 3.716 -2.21 2.726 0.505 -3.377 -2.356 0.118 -1.763 -1.194 0.909
77 L -1.178 -1.663 -2.001 -2.458 3.961 0.151 -1.951 -2.269 -1.125 0.27 1.485 -1.659 1.847 3.126 -3.383 -0.788 -1.321 4.73 0.569 -0.254
78 W -2.413 -2.626 -3.286 -3.615 -1.786 -3.004 -3.212 -2.677 -1.516 1.273 -0.614 -2.864 -0.587 0.851 -4.963 -3.389 -2.347 9.992 1.584 -0.222
79 I -1.227 -3.075 -3.297 -3.277 -0.152 -3.182 -3.621 -3.473 -2.847 4.503 1.456 -2.721 1.096 0.014 -3.539 -3.011 -1.047 -2.32 -1.384 3.136
80 L -1.329 -2.333 -2.613 -3.108 4.994 -2.621 -3.12 -2.766 -1.831 0.972 2.447 -2.443 2.177 3.176 -3.46 -2.108 0.06 -1.148 0.153 0.375
81 L -0.6 -2.003 -1.451 -2.092 -0.319 -2.129 -2.403 0.7 -1.749 1.572 1.447 -1.801 0.446 1.753 -2.813 -0.211 1.374 -1.704 -0.657 1.248
82 G 0.239 -2.011 -0.303 -1.146 -1.046 -1.846 -2.117 5.273 -1.316 -2.969 -3.267 -1.385 -2.365 -2.597 -2.533 0.756 -1.065 -2.563 -2.874 -2.532
83 C -0.845 -2.39 1.925 -1.619 8.143 -2.504 -2.837 -1.843 -1.599 0.944 -0.7 -2.205 -0.713 -1.624 -3.182 -1.509 -1.072 -3.037 -2.329 0.865
84 L 0.7 -2.204 -2.272 -2.612 -0.225 -2.416 -2.571 -1.887 -1.673 1.754 1.912 -2.066 0.74 3.115 -3.016 -0.56 -1.0 -1.239 0.176 1.368
85 A 2.383 -1.438 -1.054 -1.51 2.819 -1.306 -1.47 -0.501 -1.173 -0.33 0.324 -1.027 1.466 -1.206 -1.989 1.552 -0.14 -2.363 -1.698 -0.131
86 F -2.433 -2.995 -2.959 -3.413 -1.473 -3.963 -3.581 -2.973 -0.927 0.178 0.466 -3.403 0.103 6.663 -4.547 -3.129 -2.469 0.753 2.832 -0.606
87 F -0.126 -2.484 -2.198 -2.668 -0.977 -3.004 -2.778 -1.981 -0.923 -0.108 0.085 -2.528 -0.129 5.978 -3.575 -0.743 -1.593 0.275 2.265 -0.602
88 L -1.092 -2.664 -3.207 -3.404 -0.154 -2.951 -3.331 -3.27 -2.491 3.061 2.306 -2.666 1.193 2.051 -3.583 -2.856 -1.148 -1.669 -0.432 3.004
89 G -0.009 -2.456 -0.539 -1.422 -1.419 -2.294 -2.721 5.9 -1.575 -3.314 -3.559 -1.75 -2.766 -2.777 -2.878 -1.101 -2.018 -2.539 -3.247 -2.963
90 G 0.873 -2.345 -0.652 -1.46 -1.115 -2.183 -2.54 5.611 -1.544 -2.929 -3.227 -1.649 -2.502 -2.672 -2.701 -0.898 -1.808 -2.539 -3.055 -2.429
91 L -1.45 -2.257 -0.685 -2.635 -0.618 -2.51 -3.052 0.473 -1.613 1.792 2.716 -2.307 2.296 2.711 -3.599 -2.518 -1.627 -1.276 -0.136 0.684
92 L -1.88 -2.802 -3.248 -3.47 -0.712 -3.287 -3.555 -3.257 -1.871 2.811 2.241 -2.908 1.041 3.986 -4.015 -3.203 -1.783 3.807 0.939 1.265
93 G 1.145 -1.722 -0.291 -1.051 -0.622 -1.556 -1.722 4.481 -1.168 -2.484 -2.842 -1.135 -1.966 -2.415 -2.225 1.459 -0.551 -2.575 -2.544 -1.901
94 K -1.17 2.423 1.438 -0.614 -2.129 0.457 -0.057 -1.392 2.905 -2.39 -2.44 3.873 -1.417 -2.529 -2.08 -1.005 -1.247 -2.509 -1.25 -2.274
95 L 0.047 -2.422 -2.833 -2.765 -0.379 -2.553 -2.769 -2.426 -2.216 2.714 2.211 -2.045 0.861 -0.299 2.719 -2.153 -1.308 -2.48 -1.6 1.273
96 L -1.413 -2.371 -2.474 -2.815 -0.664 -2.614 -2.869 -2.847 -1.123 2.165 1.689 -2.238 0.629 3.024 1.024 -2.162 0.095 -0.682 2.142 1.084
97 F 1.351 -1.829 -1.311 -1.828 -0.189 -1.909 -1.911 -1.138 -1.208 0.493 -0.411 -1.53 -0.316 3.53 -2.468 0.797 0.679 -1.114 0.467 0.804
98 P -1.426 1.293 2.389 1.385 -1.913 0.851 -0.442 -1.417 -0.169 -2.092 -2.155 0.99 -1.542 1.06 2.785 -1.119 -1.258 -2.361 -0.99 -2.105
99 I -0.074 1.347 1.442 -1.567 2.457 -1.602 -2.084 -1.817 -0.645 2.206 -0.045 -0.802 -0.131 1.79 -3.059 -1.567 -1.212 -1.425 0.855 0.753
100 F -1.85 -2.566 -2.746 -3.206 -1.044 -2.853 -3.152 -3.118 0.164 2.353 0.596 -2.595 0.338 4.437 -3.758 -2.869 -1.825 0.822 4.374 0.966
101 G -0.371 -1.028 -0.389 0.434 -1.814 0.088 2.729 3.999 -0.393 -2.981 -3.057 -0.258 -2.174 -2.643 -2.296 -0.895 -1.594 -2.414 -2.462 -2.476
102 K -0.663 1.397 0.617 -1.006 -1.218 -0.398 -0.85 1.224 2.733 -1.29 -0.419 2.051 -0.777 -1.711 -2.299 0.035 0.392 -2.334 -1.266 -1.356
103 L 0.266 -2.193 -2.054 -2.524 -0.183 -2.391 -2.581 -2.121 -1.823 1.888 1.058 -2.038 0.444 3.036 -2.914 -1.264 1.305 -1.287 0.144 1.976
104 R 0.227 2.426 -1.033 -1.627 3.888 -0.576 -1.05 -1.531 1.459 -1.628 -1.647 1.838 -1.171 1.173 1.239 -0.638 -1.227 -2.059 -0.661 -1.433
105 S -0.327 -1.207 2.962 1.55 3.953 -1.147 -0.896 -0.718 -0.29 -1.768 -2.031 -0.892 -1.44 1.208 -2.357 1.66 -0.166 -2.227 -0.987 -1.603
106 Y -0.68 -1.793 -1.154 -1.914 -0.699 -1.769 -2.123 0.736 0.134 1.232 -0.612 -1.535 -0.454 1.098 -2.647 -0.058 1.581 0.025 3.95 0.252
107 N -1.185 -0.772 2.926 2.279 -1.818 0.929 0.911 -1.174 0.373 -2.366 -2.648 -0.36 -1.797 -1.102 1.864 -0.22 -0.961 -1.784 1.361 -2.184
108 V -0.638 -2.555 -2.805 -3.05 0.045 -2.676 -3.022 -2.961 -2.678 3.325 1.649 -2.399 0.978 -0.202 -3.276 -1.654 -0.715 -2.336 -1.377 3.55
109 Q -0.89 1.0 -0.1 -0.364 -1.918 4.908 1.385 -1.486 0.762 -2.247 -1.998 1.215 -0.41 -2.966 -2.158 -0.762 -0.982 -2.192 -1.292 -1.794
110 S 0.424 2.945 0.204 -0.631 -0.524 -0.167 -0.564 -0.644 -0.269 -2.134 -2.232 0.694 -1.206 -2.116 -1.837 2.387 0.391 -2.447 -1.768 -1.561
111 N -1.303 2.451 3.194 -0.339 -1.954 -0.389 -0.916 1.042 0.375 -2.432 -2.504 1.589 -1.731 -1.048 -0.123 -0.971 -1.213 -1.587 1.378 -2.264
112 P -0.759 2.297 2.414 -0.467 -1.533 0.29 -0.792 0.515 -0.209 -2.54 -2.656 0.785 -1.775 -2.688 2.816 0.306 -0.78 -2.968 -2.164 -2.208
113 V -0.899 -1.2 0.696 -1.747 -0.366 -1.586 -2.055 -2.256 -1.502 2.753 0.615 0.11 1.844 -0.646 -2.888 -1.539 0.496 -2.338 -1.503 2.469
114 G -0.565 1.122 1.267 -0.934 -1.283 -0.89 -1.279 2.281 -0.209 -2.05 -2.334 0.791 -1.63 -0.982 1.25 0.092 0.391 -1.57 1.349 -1.776
115 A 2.831 -1.089 -0.385 -0.879 0.392 -0.921 -0.903 0.144 -0.811 -1.32 -1.781 -0.553 -1.026 -1.895 -1.475 2.187 0.383 -2.494 -1.756 -0.489
116 L -1.458 -2.607 -3.312 -3.392 -0.15 -2.911 -3.49 -3.43 -2.505 3.529 3.092 -2.577 1.734 0.542 -3.554 -3.117 -1.317 -1.905 -1.168 2.114
117 E -0.556 -1.068 -1.352 0.038 -0.719 0.004 2.709 -2.409 -0.811 1.393 -0.337 -0.467 -0.181 -1.297 -2.455 -1.442 -0.845 -2.387 -1.58 2.437
118 L -0.814 -2.332 -3.138 -3.383 0.105 -2.614 -3.092 -3.161 -2.599 2.562 2.887 -2.433 1.555 0.282 -3.38 -2.688 -0.961 -1.995 -1.168 2.993
119 L -1.458 -2.607 -3.312 -3.392 -0.15 -2.911 -3.49 -3.43 -2.505 3.529 3.092 -2.577 1.734 0.542 -3.554 -3.117 -1.317 -1.905 -1.168 2.114
120 T 0.538 -0.911 0.197 -0.606 0.097 -0.824 -0.937 -0.653 -0.897 -0.946 -1.623 -0.527 -0.841 -1.756 -1.579 2.258 3.059 -2.361 -1.731 -0.432
121 N -1.515 -1.456 3.772 -0.161 -0.875 -1.567 -1.842 -1.362 -0.321 2.747 0.173 -1.248 0.038 -0.796 -3.01 -1.234 -0.746 -2.549 -1.65 1.271
122 L -1.458 -2.607 -3.312 -3.392 -0.15 -2.911 -3.49 -3.43 -2.505 3.529 3.092 -2.577 1.734 0.542 -3.554 -3.117 -1.317 -1.905 -1.168 2.114
123 L -1.261 -1.803 -2.33 -2.632 -0.346 0.078 -2.187 -2.922 -1.879 2.949 2.639 -1.697 1.274 0.013 -3.188 -2.126 0.247 -2.06 -1.331 1.677
124 L -0.731 -1.118 -1.609 -2.163 -0.478 -1.588 -2.056 0.689 -1.574 0.842 2.803 0.109 1.693 -0.164 -2.878 -0.185 -1.007 -2.034 -1.503 0.167
125 F -1.646 -1.699 -2.656 -2.988 -0.84 -2.532 -2.764 -2.926 -1.497 2.033 1.567 -0.345 0.67 4.642 -3.657 -2.736 -1.68 -0.521 1.222 1.338
126 V 1.253 -2.16 -2.291 -2.62 0.101 -2.269 -2.453 -1.782 -2.046 1.729 0.995 -1.948 0.43 1.714 -2.751 -1.214 0.513 -1.804 -0.564 2.771
127 L 0.312 -2.252 -2.338 -2.645 4.107 -2.272 -2.716 -2.098 -2.002 2.73 1.914 -2.018 2.118 -0.226 -2.978 -0.621 -0.892 -2.203 -1.506 1.372
128 P -0.958 -2.252 -2.263 -1.997 3.89 -2.24 -2.058 -2.121 -1.902 -1.31 -0.506 -1.465 -1.354 -2.415 6.058 -1.722 -1.468 -3.989 -2.526 -1.445
129 L -1.537 -2.858 -3.25 -3.4 -0.416 -3.223 -3.556 -3.352 -2.213 3.438 2.179 -2.823 1.151 3.246 -3.769 -3.083 -1.444 -1.207 0.238 2.22
130 Y -1.965 -1.981 -2.297 -3.152 -1.806 -2.052 -2.567 -3.024 1.794 -0.76 -0.802 -2.1 -0.668 3.897 -3.537 -2.596 -2.218 2.08 6.601 -1.022
131 L -0.471 -2.502 -2.515 -2.819 -0.218 -2.653 -3.092 -0.695 -2.353 3.448 2.244 -2.262 1.098 -0.026 -3.174 -2.034 0.261 -2.151 -1.463 1.834
132 L -1.569 -2.655 -3.343 -3.506 -0.331 -3.034 -3.52 -3.426 -2.351 3.149 3.091 -2.72 1.529 2.219 -3.725 -3.16 -1.501 -1.515 -0.394 1.882
133 L -0.791 -1.797 -1.914 -2.424 -0.139 -1.639 -2.412 -2.424 -1.599 2.516 1.299 -1.66 4.198 -0.146 -2.939 -0.893 0.999 -1.895 -1.258 1.849
134 F 0.467 -2.574 -2.622 -2.932 -0.54 -2.935 -2.978 -0.385 -1.524 1.553 1.085 -2.491 0.367 4.604 -3.403 -2.01 -1.554 -0.548 1.177 1.173
135 F -0.734 -2.493 -2.628 -3.083 -0.726 -2.899 -3.014 -2.638 -0.84 1.231 1.084 -2.578 0.388 4.857 -3.604 -2.27 -0.695 0.102 2.855 1.318
136 L 0.117 -2.193 -2.408 -2.766 -0.302 -2.471 -2.728 -2.191 -1.74 1.767 2.74 -2.155 1.138 2.879 -3.178 -0.772 -1.169 -1.27 0.007 0.764
137 L 0.415 -1.697 -1.534 -2.101 -0.488 -1.609 -2.015 -1.64 -0.073 1.024 0.257 -1.507 2.634 2.451 -2.751 0.448 -0.745 -0.166 3.256 0.235
138 Y -1.849 -1.953 -2.198 -2.155 -1.6 -1.714 -0.305 -2.944 1.051 0.675 -0.346 -1.848 -0.371 4.078 -3.446 -2.473 -2.017 1.321 5.484 -0.294
139 H -1.602 -0.112 1.615 -0.888 -1.8 1.15 -0.613 -1.69 4.898 -1.173 -0.471 0.904 -0.543 2.747 -2.846 -1.466 -1.594 -1.192 0.876 -1.586
140 L -1.151 -1.454 -2.431 -2.885 -0.239 -1.122 -2.424 -2.654 -1.039 1.532 2.064 -1.523 5.946 0.397 -3.313 -2.087 -1.117 -1.377 -0.903 0.919
141 Y -1.457 -2.198 -2.619 -3.192 -0.872 -2.261 -2.823 -3.058 0.456 1.685 0.684 -2.245 1.766 3.106 -3.523 -2.604 -1.582 0.795 4.847 1.585
142 K -0.639 1.676 1.268 -0.851 -1.059 0.461 -0.631 -1.345 -0.443 -0.718 0.725 2.155 -0.193 -1.428 -2.296 0.641 -0.613 -2.408 -1.698 -0.987
143 E 1.467 -1.065 -0.714 -0.136 -0.568 -0.265 2.13 1.16 -0.703 -0.794 -1.712 -0.43 -1.15 -2.042 -2.001 0.68 0.093 -2.518 -1.969 0.237
144 G -0.009 -2.456 -0.539 -1.422 -1.419 -2.294 -2.721 5.9 -1.575 -3.314 -3.559 -1.75 -2.766 -2.777 -2.878 -1.101 -2.018 -2.539 -3.247 -2.963
145 L 1.061 -1.28 -2.09 -2.415 -0.336 -1.834 -2.059 -1.649 -1.444 0.804 1.707 0.028 0.526 3.042 -2.795 -0.883 -1.126 -1.262 0.146 0.956
146 S 1.039 -1.071 1.461 -0.611 -0.19 -0.95 -1.133 0.557 -0.663 -1.039 -1.25 -0.703 1.13 -1.656 -1.938 2.09 1.523 -2.443 -1.82 -0.729
147 E -0.935 -0.508 -0.923 0.427 -1.461 1.752 3.34 -2.247 -0.222 0.981 -0.904 0.096 -0.547 -1.738 -2.34 -1.277 -1.156 -2.399 -1.695 0.871
148 D -0.263 -0.925 3.211 3.221 -1.036 -0.711 -0.109 -0.448 -0.064 -2.416 -2.922 -0.504 -1.896 -2.388 -2.055 1.863 0.008 -2.992 -2.236 -2.086
149 E -0.04 -0.406 0.251 2.136 -1.101 1.588 2.281 -0.937 -0.077 -2.363 -2.591 0.137 -1.45 -2.457 -1.858 1.789 -0.13 -2.636 -1.947 -1.848
150 N -1.679 -0.587 5.241 2.32 -2.058 -0.379 0.775 -0.504 0.675 -2.818 -3.232 -0.321 -2.266 -2.554 -2.565 -0.368 -0.728 -3.051 -2.242 -2.64
151 W -1.925 -2.394 -2.46 -2.998 -1.729 -2.836 -2.816 -2.247 -1.047 -1.061 -0.858 -2.616 -0.788 4.143 -4.425 -1.178 -1.971 9.072 2.122 -1.538
152 Y -1.965 -1.981 -2.297 -3.152 -1.806 -2.052 -2.567 -3.024 1.794 -0.76 -0.802 -2.1 -0.668 3.897 -3.537 -2.596 -2.218 2.08 6.601 -1.022
153 V -0.834 -2.762 -3.135 -3.25 0.006 -2.825 -3.282 -3.251 -2.775 3.847 1.266 -2.549 1.642 -0.157 -3.418 -2.691 -0.843 -2.324 -1.357 3.622
154 G -0.257 -1.586 1.339 -0.879 -1.534 0.319 -1.671 5.254 -0.865 -3.13 -3.32 -1.091 -2.353 -2.771 -2.78 -0.961 -1.7 -2.563 -2.841 -2.788
155 I -0.945 -2.547 -2.543 -2.782 -0.166 -2.598 -3.026 -2.837 -2.317 3.897 1.76 -2.269 1.714 -0.024 -3.255 -1.033 -0.828 -2.222 -1.378 2.525
156 R -1.633 5.687 -0.561 -1.662 -2.358 0.419 -0.659 -2.227 -0.0 -2.71 -2.127 1.92 -1.322 -2.571 -2.803 -1.505 -1.553 -2.333 -1.871 -2.26
157 T 0.539 1.12 -0.821 -1.487 -0.339 -0.929 -1.338 -1.411 -1.201 0.809 0.298 0.753 -0.146 -1.275 -2.161 0.376 2.165 -2.327 -1.703 0.226
158 I -1.356 -1.565 -2.396 -1.915 -0.593 -1.671 -0.311 -3.053 -1.912 4.107 1.043 0.014 0.749 -0.321 -3.122 -2.506 -1.199 -2.344 -1.5 2.182
159 I -1.476 -3.2 -3.361 -3.28 -0.249 -3.308 -3.786 -3.578 -2.81 4.767 1.578 -2.777 1.172 0.119 -3.603 -3.175 -1.173 -2.283 -1.384 2.761
160 N -1.759 -0.514 5.842 1.183 -1.945 -0.626 -0.824 -0.253 0.87 -2.811 -3.25 -0.394 -2.26 -2.473 -2.686 -0.217 -0.55 -3.065 -2.167 -2.659
161 Y -1.911 -1.876 -2.224 -3.121 -1.85 -1.882 -2.462 -3.031 2.006 -0.902 -1.009 -1.972 -0.781 3.25 -3.432 -2.536 -2.188 2.21 6.853 -1.078
162 G -0.009 -2.456 -0.539 -1.422 -1.419 -2.294 -2.721 5.9 -1.575 -3.314 -3.559 -1.75 -2.766 -2.777 -2.878 -1.101 -2.018 -2.539 -3.247 -2.963
163 E -0.869 -0.557 0.074 3.122 -2.095 0.699 3.86 -1.588 0.023 -2.746 -2.913 0.203 -1.964 -2.689 -2.017 0.081 -1.052 -2.723 -2.204 -2.268
164 P -0.835 -0.546 -1.453 -1.396 -1.587 -1.114 -1.126 -1.746 -1.297 -2.356 -2.712 1.482 -2.145 -3.245 5.946 -0.951 -1.256 -3.983 -2.488 -2.187
165 D -0.936 -1.124 3.256 4.391 -1.601 -0.803 0.225 -0.685 -0.118 -2.619 -3.199 -0.646 -2.247 -2.622 -2.261 0.916 -0.536 -3.226 -2.529 -2.457
166 W -0.042 -2.169 -2.226 -1.962 -0.954 -1.933 -0.358 0.684 -1.4 1.635 0.651 -1.873 -0.024 1.932 -3.363 -2.013 -1.683 6.506 0.311 0.351
167 F -0.785 -2.336 -2.517 -3.0 -0.846 -2.647 -2.886 -2.585 -0.284 1.347 1.612 -2.39 0.542 4.339 -3.528 -1.628 -1.64 0.346 3.66 0.322
168 F -2.214 -2.928 -3.053 -3.43 -1.153 -3.722 -3.583 -3.088 -1.224 1.396 1.322 -3.225 0.52 6.031 -4.323 -3.148 -2.2 0.329 2.3 0.215
169 I -0.794 1.533 -1.219 -1.701 -0.838 -0.672 -1.176 -2.046 -1.183 2.402 -0.075 2.28 -0.012 -1.186 -2.521 -0.478 -0.821 -2.469 -1.648 1.452
170 I 1.753 -2.317 -2.635 -2.685 0.107 -2.277 -2.585 -1.6 -2.077 3.173 1.124 -1.911 1.597 -0.425 -2.719 -1.375 -0.89 -2.278 -1.481 2.185
171 F -2.309 -2.706 -2.779 -3.345 -1.553 -3.354 -3.292 -2.986 0.027 -0.03 0.197 -3.018 -0.072 6.18 -4.259 -2.987 -2.404 1.146 4.317 -0.705
172 G -0.009 -2.456 -0.539 -1.422 -1.419 -2.294 -2.721 5.9 -1.575 -3.314 -3.559 -1.75 -2.766 -2.777 -2.878 -1.101 -2.018 -2.539 -3.247 -2.963
173 Y -1.911 -1.876 -2.224 -3.121 -1.85 -1.882 -2.462 -3.031 2.006 -0.902 -1.009 -1.972 -0.781 3.25 -3.432 -2.536 -2.188 2.21 6.853 -1.078
174 L -1.417 -2.41 -3.213 -3.397 -0.222 -2.561 -3.312 -3.337 -2.284 3.202 3.061 -2.435 3.007 0.42 -3.582 -2.955 -1.341 -1.89 -1.202 1.968
175 Y -1.911 -1.876 -2.224 -3.121 -1.85 -1.882 -2.462 -3.031 2.006 -0.902 -1.009 -1.972 -0.781 3.25 -3.432 -2.536 -2.188 2.21 6.853 -1.078
176 Y -1.965 -1.981 -2.297 -3.152 -1.806 -2.052 -2.567 -3.024 1.794 -0.76 -0.802 -2.1 -0.668 3.897 -3.537 -2.596 -2.218 2.08 6.601 -1.022
177 L -1.759 -2.618 -3.32 -3.547 -0.48 -3.097 -3.524 -3.381 -2.083 2.611 3.19 -2.787 1.511 3.342 -3.847 -3.21 -1.71 -1.061 0.283 1.258
178 L -1.529 -2.861 -3.394 -3.419 -0.249 -3.106 -3.653 -3.545 -2.671 4.088 2.732 -2.709 1.489 0.339 -3.636 -3.202 -1.332 -2.094 -1.305 2.286
179 Y -1.938 -1.928 -2.261 -3.136 -1.828 -1.966 -2.514 -3.028 1.902 -0.83 -0.904 -2.035 -0.724 3.591 -3.484 -2.566 -2.203 2.146 6.73 -1.05
180 P -0.935 -2.112 -2.032 -1.662 -1.556 -2.032 -1.721 -1.951 -1.706 -2.416 -2.849 -1.163 -2.502 -3.434 6.76 -1.551 -1.447 -4.648 -2.734 -2.26
181 V -0.066 -2.335 -2.646 -2.908 0.038 -2.359 -2.81 -2.583 -2.328 3.029 1.595 -2.169 2.163 -0.207 -3.139 -1.413 -0.737 -2.224 -1.351 3.171
182 L -1.267 -2.53 -3.196 -3.492 -0.293 -2.95 -3.297 -3.217 -2.172 2.025 2.767 -2.709 1.282 3.256 -3.71 -2.91 -1.387 -1.148 0.268 2.438
183 Y -2.075 -2.203 -2.449 -3.215 -1.719 -2.424 -2.789 -3.011 1.316 -0.496 -0.429 -2.375 -0.455 4.872 -3.758 -2.721 -2.279 1.801 6.021 -0.912
184 L -1.088 -2.665 -3.278 -3.413 -0.076 -2.898 -3.376 -3.362 -2.734 3.449 2.584 -2.611 1.364 0.162 -3.52 -2.911 -1.097 -2.156 -1.305 3.03
185 S 0.266 -1.049 -0.202 -0.524 -0.634 -0.714 0.47 -0.754 -0.582 -2.08 -2.299 -0.64 -1.364 -1.073 -2.147 2.591 0.188 6.466 -0.43 -1.662
186 A 3.628 -1.641 -1.53 -1.724 4.246 -1.492 -1.496 0.028 -1.36 -1.019 -1.485 -1.055 -1.028 -1.977 -1.722 0.811 -0.403 -2.629 -1.953 -0.147
187 V 1.612 -2.204 -2.384 -2.646 -0.031 -2.251 -2.42 -1.598 -1.144 1.923 0.151 -1.92 0.107 2.042 -2.734 -1.254 -0.39 -0.972 1.915 2.419
188 A 1.312 2.046 -1.168 -1.785 -0.433 -1.045 -1.46 -1.142 -1.004 -0.188 0.065 -0.24 -0.374 -0.991 -2.471 0.69 -0.586 4.604 -0.944 0.47
189 Y -1.823 -1.013 -1.612 -2.499 -1.889 -1.385 -1.853 -2.644 3.53 -1.029 -1.056 0.071 -0.779 3.44 -3.224 -2.268 -2.1 1.51 5.895 -1.287
190 Y -2.019 -2.09 -2.372 -3.183 -1.762 -2.232 -2.676 -3.018 1.565 -0.625 -0.61 -2.234 -0.56 4.425 -3.645 -2.658 -2.248 1.944 6.326 -0.966
191 L -0.378 1.503 1.317 -0.815 -0.838 -0.461 -0.848 -1.177 -0.539 -0.7 0.717 1.759 -0.226 -1.357 -2.239 1.269 -0.35 -2.428 -1.724 -0.935
192 N -1.321 -0.896 4.148 1.773 -1.539 -0.039 -0.722 -0.861 0.385 -1.587 -1.129 -0.714 -1.206 1.508 -2.711 0.128 -0.739 -1.632 0.751 -1.76
193 P -0.393 -0.071 -0.737 -0.993 -1.274 0.879 -0.519 -1.323 -0.766 -2.27 -2.544 1.695 -1.658 -2.913 4.601 0.688 -0.65 -3.318 -2.157 -1.969
194 G -0.836 -1.25 1.694 -0.445 -1.263 -0.85 0.665 1.605 0.355 -0.916 0.204 -0.918 -0.584 0.454 -2.683 -0.263 -1.104 -0.567 2.885 -1.156
195 F -2.341 -2.903 -2.867 -3.321 -1.381 -3.871 -3.489 -2.882 -0.835 0.27 0.558 -3.311 0.194 6.526 -4.455 -3.038 -2.378 0.845 2.924 -0.515
196 N -0.496 -0.335 3.718 1.81 -1.084 -0.544 -0.454 -0.563 0.024 -2.131 -2.632 0.793 -1.687 -2.345 -2.103 1.383 0.918 -2.856 -2.093 -1.799
197 K -0.925 1.995 -0.367 -0.821 -2.076 0.708 0.214 -1.441 -0.342 -2.222 -2.339 4.728 -1.322 -2.904 -1.786 -0.98 -1.181 -2.648 -1.887 -2.098
198 I -1.37 -3.094 -3.255 -3.174 -0.143 -3.202 -3.68 -3.472 -2.704 4.502 1.684 -2.671 1.278 0.225 -3.497 -3.069 -1.068 -2.177 -1.278 2.867
199 E -0.912 -0.115 -0.331 1.525 -2.404 1.354 4.477 -1.942 0.4 -2.757 -2.696 0.684 -1.746 -2.601 -1.874 -0.784 -1.294 -2.38 -1.901 -2.127
200 E -0.912 -0.115 -0.331 1.525 -2.404 1.354 4.477 -1.942 0.4 -2.757 -2.696 0.684 -1.746 -2.601 -1.874 -0.784 -1.294 -2.38 -1.901 -2.127
201 G 0.097 -2.35 -0.433 -1.316 -1.313 -2.188 -2.615 5.802 -1.469 -3.208 -3.453 -1.644 -2.66 -2.671 -2.772 -0.995 -1.912 -2.433 -3.141 -2.857
202 E -0.912 -0.115 -0.331 1.525 -2.404 1.354 4.477 -1.942 0.4 -2.757 -2.696 0.684 -1.746 -2.601 -1.874 -0.784 -1.294 -2.38 -1.901 -2.127
203 R -1.527 5.497 -0.455 -1.557 -2.252 0.525 -0.553 -2.121 0.106 -2.604 -2.021 2.026 -1.217 -2.465 -2.697 -1.399 -1.447 -2.227 -1.765 -2.155
204 A 2.556 -1.282 -0.801 -1.331 0.414 -1.209 -1.338 -0.354 -1.31 -0.511 -1.186 -0.82 -0.698 -1.711 -1.579 0.582 2.767 -2.31 -1.731 0.184
205 R -1.534 5.51 -0.462 -1.564 -2.259 0.518 -0.561 -2.128 0.098 -2.612 -2.028 2.018 -1.224 -2.472 -2.704 -1.406 -1.454 -2.234 -1.772 -2.162
206 L -1.541 -2.186 -3.362 -3.62 -0.15 -2.64 -3.306 -3.383 -2.314 2.005 4.037 -2.478 2.132 0.833 -3.604 -3.158 -1.581 -1.65 -1.056 1.106
207 G -0.336 -2.18 -1.091 -1.441 -1.388 -2.061 -2.079 4.005 -1.541 -2.732 -3.084 -1.342 -2.532 -2.988 4.77 -1.218 -1.62 -3.306 -2.88 -2.492
208 Y -1.791 -1.756 -2.104 -3.001 -1.73 -1.762 -2.342 -2.91 2.126 -0.782 -0.888 -1.852 -0.661 3.37 -3.312 -2.416 -2.068 2.33 6.609 -0.958
209 K -0.805 2.115 -0.246 -0.7 -1.956 0.828 0.335 -1.321 -0.221 -2.101 -2.219 4.434 -1.202 -2.784 -1.665 -0.86 -1.06 -2.527 -1.767 -1.977
210 E -0.747 2.549 -0.439 -0.056 -1.764 0.462 2.331 -1.663 0.273 -2.292 -2.26 1.851 -1.413 -0.999 -2.166 0.322 -0.923 -1.417 1.448 -1.914
211 D 0.369 0.92 2.623 2.599 -1.102 -0.847 -0.533 1.269 -0.362 -2.11 -2.559 -0.334 -1.786 -2.41 -2.263 0.402 0.557 -2.819 -2.303 -1.693
212 K 1.058 2.87 1.239 -0.844 -1.274 0.142 -0.382 -0.953 -0.277 -2.025 -2.143 3.148 -1.329 -2.545 -2.023 -0.634 -1.02 -2.593 -1.906 -1.543
213 R -1.159 4.303 1.312 -1.031 -1.861 0.057 -0.713 -1.63 0.323 -2.322 -2.133 1.856 -1.341 -0.976 -2.558 -0.171 -1.052 -1.409 1.452 -2.019
214 R -0.813 2.273 1.09 -1.234 -0.809 -0.747 -1.294 -1.74 -0.801 1.045 0.353 1.001 -0.127 -1.25 -2.57 -0.127 0.546 -2.406 -1.692 0.838
215 F -2.37 -2.847 -2.867 -3.379 -1.512 -3.643 -3.433 -2.98 -0.411 0.076 0.335 -3.204 0.017 6.431 -4.4 -3.057 -2.437 0.956 3.669 -0.655
216 Y -0.311 -2.054 -2.229 -2.887 -1.347 -2.163 -2.468 -2.254 2.448 0.504 -0.637 -2.117 -0.545 2.975 -3.547 -2.225 -1.972 6.692 4.638 -0.398
217 F -1.293 -2.117 -1.745 -2.408 -0.952 -2.408 -2.524 -2.24 -0.449 -0.044 0.081 -2.14 1.086 5.244 -3.322 -0.515 0.527 0.32 3.041 -0.465
218 H -1.537 -0.793 1.286 -1.153 -1.509 0.726 -0.931 -1.909 5.997 -0.297 0.055 -0.96 -0.289 1.632 -3.03 -1.692 -1.632 -1.474 0.815 0.015
219 F -1.686 -2.699 -2.742 -3.185 -0.859 -3.225 -3.435 0.401 -1.606 1.587 2.238 -2.821 0.854 4.679 -3.919 -2.862 -1.975 -0.451 1.197 0.433
220 L -0.196 -2.646 -3.027 -3.219 -0.484 -3.045 -3.243 -2.61 -1.791 2.553 2.178 -2.627 0.979 4.043 -3.572 -2.499 -1.599 -0.806 0.77 1.17
221 L -1.446 -2.246 -2.551 -2.971 -0.45 -2.4 -2.996 -2.904 -1.669 2.403 2.168 -2.268 3.093 3.236 -3.465 -2.211 0.137 -1.04 0.275 1.156
222 C 2.199 -1.762 -1.117 -1.604 6.818 -1.645 -1.705 -0.54 -1.463 -1.209 -1.62 -1.282 -1.142 -2.037 -2.044 1.549 -0.18 -2.819 -2.161 -0.561
223 L -1.317 -2.461 -3.299 -3.489 -0.162 -2.727 -3.348 -3.376 -2.491 2.959 3.26 -2.536 2.178 0.407 -3.584 -3.002 -1.317 -1.953 -1.228 2.276
224 L -0.068 -2.427 -2.949 -3.162 -0.337 -2.652 -3.07 -2.558 -1.819 2.471 2.276 -2.4 2.257 3.223 -3.437 -2.354 -1.421 -1.119 0.249 1.479
225 Y -1.911 -1.876 -2.224 -3.121 -1.85 -1.882 -2.462 -3.031 2.006 -0.902 -1.009 -1.972 -0.781 3.25 -3.432 -2.536 -2.188 2.21 6.853 -1.078
226 A 3.92 -1.49 -1.424 -1.586 0.52 -1.325 -1.304 0.225 -1.216 -1.031 -1.516 -0.879 -1.005 -1.957 -1.574 0.95 -0.322 -2.551 -1.854 -0.088
227 L 0.198 -2.547 -3.003 -3.164 -0.08 -2.761 -3.055 -2.584 -2.312 2.875 1.971 -2.43 0.986 1.962 -3.288 -2.272 -1.081 -1.709 -0.476 2.772
228 L -1.63 -2.173 -2.813 -3.196 -0.611 -2.234 -3.026 -2.949 -1.293 1.849 1.94 -2.304 4.258 4.085 -3.765 -2.65 -1.589 -0.584 0.876 0.806
229 S 1.956 -1.028 -0.034 -0.694 0.125 -0.877 -0.888 -0.2 -0.806 -1.51 -2.013 -0.554 -1.134 -1.978 -1.597 2.86 1.414 -2.581 -1.849 -0.818
230 T -0.211 -1.191 -0.238 -1.113 0.023 -1.202 -1.477 -1.428 -1.512 -0.323 -1.156 -0.89 -0.631 -1.679 -1.786 0.606 4.522 -2.283 -1.805 0.131
231 A 4.143 -1.582 -1.761 -1.786 0.581 -1.419 -1.397 0.275 -1.31 -0.929 -1.42 -0.947 -0.972 -1.947 -1.574 0.356 -0.521 -2.539 -1.854 0.04
232 K -0.925 1.995 -0.367 -0.821 -2.076 0.708 0.214 -1.441 -0.342 -2.222 -2.339 4.728 -1.322 -2.904 -1.786 -0.98 -1.181 -2.648 -1.887 -2.098
233 I -1.212 -2.833 -3.305 -3.368 -0.133 -3.028 -3.506 -3.432 -2.759 3.958 2.286 -2.666 1.302 0.148 -3.547 -2.996 -1.122 -2.198 -1.331 2.943
234 K -0.925 1.995 -0.367 -0.821 -2.076 0.708 0.214 -1.441 -0.342 -2.222 -2.339 4.728 -1.322 -2.904 -1.786 -0.98 -1.181 -2.648 -1.887 -2.098
235 L -1.269 -2.486 -3.343 -3.536 -0.133 -2.814 -3.366 -3.396 -2.601 2.83 3.355 -2.589 1.653 0.4 -3.585 -3.026 -1.305 -1.984 -1.242 2.418
236 L -1.718 -2.356 -3.401 -3.683 -0.362 -2.852 -3.423 -3.42 -2.204 1.758 3.95 -2.658 1.873 2.359 -3.786 -3.243 -1.757 -1.338 -0.329 0.866
237 L -1.566 -2.269 -3.32 -3.567 -0.251 -2.566 -3.32 -3.391 -2.267 2.369 3.808 -2.464 2.812 0.633 -3.65 -3.097 -1.555 -1.763 -1.153 1.252
238 L -0.926 -2.398 -3.129 -3.366 -0.023 -2.544 -3.135 -3.199 -2.506 2.8 2.572 -2.425 2.433 0.13 -3.453 -2.697 -1.02 -2.069 -1.253 3.108
239 V -1.064 -2.868 -3.119 -3.301 -0.233 -3.135 -3.365 -3.199 -2.346 3.359 1.038 -2.767 0.765 3.129 -3.625 -2.787 -1.097 -1.345 0.207 3.238
240 I -1.141 -2.799 -3.286 -3.367 -0.104 -2.993 -3.46 -3.402 -2.77 3.857 2.257 -2.649 1.28 0.117 -3.528 -2.949 -1.085 -2.208 -1.331 3.054
241 P -0.758 -1.881 -1.526 -1.531 -1.123 -1.826 -1.665 -1.826 -1.662 -1.803 -2.378 -1.1 -1.969 -2.942 6.077 -0.914 1.239 -3.931 -2.5 -1.533
242 V -0.844 -2.623 -3.115 -3.36 -0.233 -2.801 -3.087 -2.963 -2.493 2.682 0.543 -2.603 0.438 -0.016 -3.679 -2.673 -0.991 6.472 -0.188 3.551
243 F -1.809 -2.902 -3.105 -3.398 -0.792 -3.492 -3.533 -3.161 -1.601 2.368 1.464 -3.045 0.706 5.199 -4.056 -3.06 -1.789 -0.211 1.637 1.518
244 F -2.039 -3.063 -3.013 -3.409 3.9 -3.836 -3.649 -2.944 -1.267 1.151 0.479 -3.305 0.132 5.999 -4.265 -2.947 -2.163 0.262 2.255 0.037
245 I -1.493 -3.082 -3.372 -3.325 -0.249 -3.239 -3.741 -3.567 -2.763 4.558 2.016 -2.754 1.282 0.194 -3.614 -3.184 -1.226 -2.219 -1.357 2.612
246 R -1.633 5.687 -0.561 -1.662 -2.358 0.419 -0.659 -2.227 -0.0 -2.71 -2.127 1.92 -1.322 -2.571 -2.803 -1.505 -1.553 -2.333 -1.871 -2.26
247 S 1.246 -1.106 -0.151 -0.847 0.033 -1.006 -1.072 -0.551 -0.944 -0.833 -0.246 -0.706 -0.539 -1.502 -1.783 2.622 1.683 -2.46 -1.76 -0.566
248 Y -1.965 -1.981 -2.297 -3.152 -1.806 -2.052 -2.567 -3.024 1.794 -0.76 -0.802 -2.1 -0.668 3.897 -3.537 -2.596 -2.218 2.08 6.601 -1.022
249 F -2.16 -2.382 -2.568 -3.263 -1.655 -2.739 -2.968 -3.002 0.897 -0.312 -0.178 -2.6 -0.305 5.434 -3.936 -2.817 -2.325 1.572 5.493 -0.833
250 K -0.975 3.03 -0.563 -1.133 -1.708 0.939 -0.19 -1.694 -0.39 -0.07 -1.492 3.586 -0.865 -2.262 -2.161 -0.651 -1.082 -2.512 -1.792 -0.937
251 P -0.248 0.428 -1.161 -1.264 -1.592 -0.471 -0.686 -1.546 -1.001 -2.225 -2.518 2.825 -1.828 -3.089 4.907 -1.149 -1.268 -3.47 -2.278 -2.002
252 T -0.135 -1.184 1.432 -0.725 -0.183 -1.167 -1.363 -1.114 -1.012 0.595 -1.046 -0.861 -0.621 -1.557 -1.979 1.346 3.296 -2.44 -1.803 0.146
253 S 0.969 -0.84 0.398 -0.347 -0.026 -0.669 -0.654 -0.205 -0.559 -2.01 -2.427 -0.384 -1.285 -2.042 -1.574 3.581 0.912 -2.648 -1.854 -1.391
254 T 0.641 -1.469 -0.843 -1.574 0.087 -1.501 -1.769 -1.472 -1.711 0.523 0.375 -1.189 -0.049 -1.173 -2.058 0.093 3.567 -2.267 -1.682 1.119
255 K -1.068 3.308 -0.409 -0.988 -2.136 0.646 0.042 -1.598 -0.262 -2.323 -2.29 4.298 -1.322 -2.827 -1.983 -1.089 -1.259 -2.575 -1.884 -2.133
256 L -1.506 -1.999 -2.523 -3.162 -0.508 -2.234 -2.778 -3.142 2.567 1.567 3.285 -2.251 1.439 0.921 -3.515 -2.849 -1.642 -0.97 1.854 1.292
257 L -1.173 -2.759 -3.298 -3.391 -0.114 -2.974 -3.455 -3.407 -2.743 3.751 2.447 -2.644 1.34 0.165 -3.54 -2.969 -1.122 -2.173 -1.318 2.95
258 L -1.218 -2.626 -3.041 -3.234 -0.146 -2.849 -3.338 -3.287 -2.616 3.593 2.59 -2.521 1.358 0.18 -3.441 -2.664 -0.349 -2.125 -1.327 2.582
259 I 0.143 -2.716 -2.985 -3.107 -0.161 -2.91 -3.139 -2.592 -2.24 3.321 1.257 -2.504 0.771 2.58 -3.331 -2.297 -1.1 -1.54 -0.139 2.761
260 V 0.253 -1.95 -1.534 -2.035 0.023 -1.962 -2.176 -1.833 -1.92 2.516 1.044 -1.653 0.497 -0.613 -2.61 0.526 0.809 -2.363 -1.525 2.416
261 G 0.313 -2.336 -1.304 -1.973 4.014 -2.331 -2.553 3.477 -1.727 0.097 -1.037 -1.921 -0.887 1.338 -2.87 -0.279 -1.067 -1.989 -1.076 1.09
262 L -0.407 -1.672 -1.104 -1.815 -0.31 -1.686 -2.112 1.569 -1.539 0.446 1.882 -1.467 1.902 -0.551 -2.608 0.342 1.423 -2.079 -1.65 0.054
263 L -0.831 -2.352 -1.95 -2.522 4.037 -2.387 -2.977 2.015 -2.057 2.043 1.652 -2.117 1.914 -0.487 -3.135 -1.735 0.162 -2.193 -1.782 0.832
264 F -0.234 -2.828 -2.903 -3.137 -0.7 -3.299 -3.256 -2.502 -1.484 2.371 0.702 -2.789 0.387 5.163 -3.706 -2.433 -1.675 -0.251 1.61 1.244
265 L -1.434 -2.024 -3.019 -3.332 -0.256 -2.059 -3.03 -3.153 -1.846 2.279 3.281 -2.152 4.249 0.532 -3.546 -2.75 -1.403 -1.662 -1.09 1.223
266 A 2.196 -1.931 -1.43 -1.838 -0.166 -1.933 -1.943 1.27 -1.235 0.565 -0.662 -1.487 -0.558 2.839 -2.364 0.537 -0.728 -1.413 -0.029 0.019
267 A 1.82 -2.142 -2.129 -2.451 -0.142 -2.163 -2.374 1.023 -1.512 0.788 0.058 -1.844 1.542 2.932 -2.742 -1.118 -1.086 -1.31 0.064 1.566
268 F -1.909 -2.362 -2.807 -3.252 -0.941 -2.644 -3.145 -2.898 -1.039 0.799 1.411 -2.605 3.593 5.446 -4.041 -2.756 -1.915 0.081 1.866 0.08
269 F -2.189 -2.444 -2.609 -3.28 -1.635 -2.852 -3.03 -2.999 0.743 -0.253 -0.099 -2.679 -0.257 5.599 -3.998 -2.85 -2.341 1.492 5.293 -0.806
270 L 0.147 -2.317 -2.417 -2.868 4.057 -2.581 -2.961 0.655 -1.978 0.834 2.621 -2.261 0.903 1.922 -3.18 -1.834 -0.612 -1.625 -0.656 0.282
271 S 0.969 -0.84 0.398 -0.347 -0.026 -0.669 -0.654 -0.205 -0.559 -2.01 -2.427 -0.384 -1.285 -2.042 -1.574 3.581 0.912 -2.648 -1.854 -1.391
272 L -1.531 -2.086 -3.206 -3.519 -0.253 -2.303 -3.164 -3.284 -2.055 1.822 3.834 -2.315 3.525 0.657 -3.619 -2.961 -1.552 -1.669 -1.104 0.982
273 L -1.809 -2.469 -3.171 -3.527 -0.632 -2.912 -3.359 -3.319 -1.17 1.961 3.079 -2.685 1.367 3.541 -3.825 -3.131 -1.827 -0.366 2.313 0.83
274 L 1.702 -1.961 -2.258 -2.562 -0.017 -2.134 -2.364 -1.44 -1.721 0.8 2.415 -1.79 0.848 1.887 -2.65 -1.048 0.292 -1.595 -0.541 0.464
275 L -1.639 -2.285 -3.461 -3.719 -0.249 -2.739 -3.404 -3.481 -2.412 1.906 4.193 -2.577 2.034 0.734 -3.703 -3.257 -1.679 -1.749 -1.155 1.007
276 N -1.771 -0.623 5.571 2.302 -1.999 -0.662 -0.564 -0.346 0.736 -2.813 -3.286 -0.449 -2.315 -2.529 -2.652 -0.298 -0.642 -3.123 -2.261 -2.691
277 K -0.925 1.995 -0.367 -0.821 -2.076 0.708 0.214 -1.441 -0.342 -2.222 -2.339 4.728 -1.322 -2.904 -1.786 -0.98 -1.181 -2.648 -1.887 -2.098
278 L -1.392 -2.693 -3.366 -3.465 -0.19 -2.972 -3.516 -3.472 -2.647 3.603 2.989 -2.654 1.548 0.352 -3.608 -3.11 -1.305 -2.054 -1.28 2.395
279 S 0.814 1.026 2.176 1.488 -0.592 -0.674 -0.596 -0.541 -0.361 -1.877 -2.309 -0.166 -1.444 -2.205 -1.966 1.861 1.026 -2.713 -2.02 -1.352
280 G -0.313 -1.497 -0.066 2.126 -1.573 -0.734 1.45 4.131 -0.788 -2.957 -3.237 -0.783 -2.349 -2.708 -2.412 0.014 -1.304 -2.694 -2.734 -2.574
281 G -0.145 -1.258 2.69 2.171 -1.095 -1.08 -0.744 2.94 -0.403 -2.639 -3.073 -0.8 -2.089 -2.481 -2.265 1.47 -0.377 -2.849 -2.459 -2.282
282 Y -1.791 -1.756 -2.104 -3.001 -1.73 -1.762 -2.342 -2.91 2.126 -0.782 -0.888 -1.852 -0.661 3.37 -3.312 -2.416 -2.068 2.33 6.609 -0.958
283 D -1.037 -1.485 2.621 3.414 -1.387 -1.15 0.005 1.083 -0.521 0.712 -1.56 -0.991 -1.291 -1.909 -2.57 -0.038 -0.889 -2.935 -2.339 -0.589
284 G 0.204 -1.448 1.523 -0.608 -0.751 -1.343 -1.528 3.938 -0.837 -2.315 -2.764 -0.977 -1.865 -2.348 -2.236 1.525 0.763 -2.599 -2.426 -1.857
285 F 0.063 -2.646 -2.777 -2.889 -0.482 -2.904 -2.911 -2.375 -1.8 2.348 0.485 -2.399 0.253 3.9 1.023 -2.151 -1.318 -1.047 0.681 2.034
286 I -1.051 -2.177 -1.689 -2.27 -0.324 -2.353 -2.619 -2.455 -1.84 2.74 0.878 -1.961 0.46 2.688 -2.874 -1.098 2.302 -1.404 -0.092 1.356
287 D -1.428 -0.296 2.707 3.702 -2.313 0.202 2.594 -1.229 0.101 -2.76 -3.081 1.001 -2.156 -2.773 -2.235 -0.785 -1.199 -2.974 -2.362 -2.536
288 A 1.449 -1.673 -1.319 -1.792 0.085 -1.58 -1.834 -1.171 -1.508 1.763 0.54 -1.313 1.705 -0.83 -2.296 0.829 0.826 -2.289 -1.558 1.443
289 L -0.043 -2.557 -3.174 -3.244 -0.144 -2.783 -3.245 -2.763 -2.428 3.41 2.904 -2.424 1.438 0.256 -3.333 -2.522 -1.301 -2.059 -1.327 1.852
290 L -1.377 -1.495 -2.34 -2.702 -0.488 -2.128 -2.568 -2.861 -1.912 2.816 2.347 -0.143 1.071 1.998 -3.193 -2.163 0.173 -1.613 -0.491 1.357
291 S 0.887 -1.084 -0.218 -1.043 -0.277 -0.983 -1.149 -0.891 2.811 -1.161 -1.689 -0.81 -0.969 -0.539 -1.93 1.693 2.339 -1.314 1.693 -0.712
292 G 0.721 -1.123 3.289 -0.087 -0.74 -1.087 -1.246 2.55 -0.308 -2.077 -2.566 -0.761 -1.733 -2.275 -2.201 1.155 0.792 -2.698 -2.215 -1.58
293 I -1.366 -2.847 -3.349 -3.393 -0.19 -3.067 -3.578 -3.488 -2.715 4.024 2.517 -2.687 1.397 0.245 -3.591 -3.097 -1.226 -2.146 -1.318 2.633
294 G -0.231 -2.21 -0.868 -1.693 -1.12 -1.998 -2.659 5.217 -1.454 -1.375 -1.127 -1.704 2.164 -1.727 -2.975 -1.298 -1.8 -2.246 -2.549 -1.566
295 N -1.294 -0.548 5.556 1.048 -1.657 -0.63 -0.805 -0.248 0.742 -2.71 -3.146 -0.393 -2.134 -2.422 -2.539 0.547 -0.346 -3.016 -2.131 -2.487
296 Y -1.911 -1.876 -2.224 -3.121 -1.85 -1.882 -2.462 -3.031 2.006 -0.902 -1.009 -1.972 -0.781 3.25 -3.432 -2.536 -2.188 2.21 6.853 -1.078
297 T 0.238 -1.069 -0.01 -0.835 0.006 -1.013 -1.176 -0.96 -1.158 -0.784 -1.521 -0.711 -0.833 -1.795 -1.713 1.964 3.738 -2.4 -1.822 -0.293
298 F -1.809 -2.902 -3.105 -3.398 -0.792 -3.492 -3.533 -3.161 -1.601 2.368 1.464 -3.045 0.706 5.199 -4.056 -3.06 -1.789 -0.211 1.637 1.518
299 A 2.979 -1.943 -1.942 -2.105 0.107 -1.946 -1.915 -0.519 -1.301 0.727 -0.467 -1.477 -0.405 2.856 -2.214 -0.013 -0.812 -1.405 0.036 0.336
300 N -1.759 -0.514 5.842 1.183 -1.945 -0.626 -0.824 -0.253 0.87 -2.811 -3.25 -0.394 -2.26 -2.473 -2.686 -0.217 -0.55 -3.065 -2.167 -2.659
301 L -1.392 -2.693 -3.366 -3.465 -0.19 -2.972 -3.516 -3.472 -2.647 3.603 2.989 -2.654 1.548 0.352 -3.608 -3.11 -1.305 -2.054 -1.28 2.395
302 F -2.248 -2.572 -2.693 -3.312 -1.593 -3.092 -3.158 -2.992 0.407 -0.139 0.053 -2.843 -0.163 5.904 -4.126 -2.918 -2.373 1.324 4.846 -0.755
303 A 3.68 -1.4 -1.123 -1.399 0.457 -1.234 -1.215 0.175 -1.125 -1.137 -1.615 -0.812 -1.039 -1.968 -1.574 1.442 -0.135 -2.563 -1.854 -0.222
304 F -2.132 -2.79 -3.112 -3.487 -1.005 -3.532 -3.542 -3.138 -1.357 1.24 2.095 -3.113 0.836 5.666 -4.231 -3.167 -2.145 0.119 1.999 0.219
305 D -1.876 -1.687 1.1 5.975 -2.471 -0.971 0.951 -1.222 -0.635 -2.824 -3.59 -0.928 -2.796 -3.018 -2.388 -1.051 -1.512 -3.63 -3.142 -2.963
306 S 0.593 -0.31 0.318 -0.469 -0.393 -0.434 -0.538 -0.464 2.782 -2.108 -2.446 0.834 -1.298 -1.978 -1.715 3.003 0.503 -2.504 -1.207 -1.615
307 L -1.444 -2.406 -3.399 -3.613 -0.19 -2.791 -3.395 -3.441 -2.516 2.517 3.749 -2.588 1.827 0.556 -3.641 -3.137 -1.472 -1.879 -1.204 1.849
308 N -1.64 -0.821 3.604 2.203 -1.592 0.73 -0.461 -1.222 2.943 0.265 -0.182 -0.665 -0.661 -1.469 -2.783 -1.053 -1.103 -2.587 -1.275 -0.805
309 F -1.602 -1.886 -1.908 -2.412 -1.341 -0.07 -2.029 -2.337 -0.412 -0.261 -0.03 -1.935 -0.132 5.827 -3.656 -0.891 -1.663 0.408 2.814 -0.83
310 G -0.706 0.499 2.326 -0.427 -1.445 -0.32 -0.723 2.343 -0.419 -2.088 -2.479 2.665 -1.623 -2.549 -2.17 -0.515 0.862 -2.638 -2.184 -1.821
311 T -0.294 -0.736 -0.616 -0.907 -0.682 -0.866 -0.059 -1.391 -0.971 -0.906 -1.466 0.579 -0.997 1.236 2.203 0.963 1.904 -2.097 -0.852 -0.467
312 L -0.156 -2.61 -2.924 -3.144 -0.512 -2.868 -3.147 -2.624 -1.141 2.919 1.683 -2.495 0.791 3.406 -3.456 -2.433 -1.516 -0.501 2.273 1.389
313 P -0.907 -1.673 -0.936 0.868 -0.965 -1.557 -1.301 -1.935 3.438 0.528 0.542 -1.364 -0.311 -1.179 3.324 -0.51 -1.101 -2.704 -1.007 0.473
314 D -0.572 -0.579 1.43 1.942 -0.905 1.165 -0.313 -1.282 -0.506 0.747 -0.876 0.363 0.508 -1.642 -2.38 0.673 -0.469 -2.624 -1.813 0.585
315 G -0.605 -1.677 1.023 -1.338 -0.651 -1.631 -2.03 1.612 -0.544 1.374 0.232 -1.409 1.503 -0.06 -2.73 0.128 0.506 -1.294 1.481 0.276
316 D -0.018 -0.42 -0.504 2.423 -1.615 1.48 1.027 -1.53 -0.009 -0.798 -1.783 0.786 -1.158 -0.517 -2.503 -1.186 -1.414 4.692 1.706 -1.222
317 C -0.546 -3.437 -3.063 -3.517 9.78 -3.557 -4.023 -2.262 -3.049 -0.83 -1.16 -3.212 -1.177 -2.126 -3.305 -1.769 -1.415 -3.334 -2.895 -0.508
318 I -1.121 -1.614 2.748 1.319 -0.866 -1.57 -1.409 -1.491 -0.478 2.43 -0.246 -1.299 -0.269 -0.575 -2.786 -0.178 -0.003 -2.041 0.261 0.818
319 G -0.907 -1.534 2.701 3.407 -1.619 -1.284 -0.548 3.232 -0.549 -2.543 -3.116 -1.034 -2.335 -2.638 -2.53 -0.635 0.22 -2.946 -2.757 -2.347
320 S -0.026 -0.742 1.986 2.645 -0.972 -0.153 1.606 -0.634 -0.097 -2.36 -2.748 -0.198 -1.712 -2.341 -1.876 1.896 0.037 -2.778 -2.085 -1.91
321 G 0.501 -1.097 -0.094 2.509 -1.081 0.803 0.853 2.342 -0.703 -1.815 -1.687 -0.56 -1.415 -2.318 -2.219 0.004 0.364 -2.652 -2.286 -1.496
322 N 1.296 -0.921 3.198 0.089 -0.607 -0.663 0.447 -0.487 -0.16 -1.226 -0.446 -0.55 -0.882 -1.72 -2.144 1.066 -0.316 -2.617 -1.882 -1.013
323 G 0.563 -1.816 -0.532 1.674 -0.635 -1.674 -1.324 2.774 -1.384 -0.586 0.688 -1.369 -0.438 -1.358 -2.466 0.07 0.375 -2.471 -2.17 -0.748
324 C -0.546 -3.437 -3.063 -3.517 9.78 -3.557 -4.023 -2.262 -3.049 -0.83 -1.16 -3.212 -1.177 -2.126 -3.305 -1.769 -1.415 -3.334 -2.895 -0.508
325 G 0.366 -0.979 -0.605 -1.142 -0.667 1.66 -0.83 2.314 -0.803 1.184 -0.988 -0.582 -0.561 -1.68 -2.364 1.001 -0.507 -2.451 -1.873 0.005
326 L -1.498 -2.537 -3.231 -3.265 -0.368 -2.823 -3.272 -3.295 -2.447 3.035 3.163 -2.442 1.482 0.269 0.984 -2.984 -1.476 -2.14 -1.371 1.542
327 L 0.002 -1.684 0.473 -2.171 -0.291 -1.708 -2.428 -2.067 -1.271 1.254 2.844 -1.706 3.819 0.157 -3.146 -1.817 -1.212 -1.822 -1.243 0.623
328 P -1.099 -1.673 2.096 -0.747 -1.638 -1.655 -1.496 -1.478 -0.904 -2.499 -2.934 -0.973 -2.446 -3.191 6.066 -1.196 -1.222 -4.214 -2.598 -2.344
329 F -2.433 -2.995 -2.959 -3.413 -1.473 -3.963 -3.581 -2.973 -0.927 0.178 0.466 -3.403 0.103 6.663 -4.547 -3.129 -2.469 0.753 2.832 -0.606
330 Y -1.712 -2.241 -2.53 -3.201 -1.267 -2.372 -2.808 -3.079 1.025 1.191 -0.095 -2.309 -0.151 3.83 -3.59 -2.675 -1.871 1.406 5.677 0.868
331 D -0.948 -1.109 -0.022 3.497 -1.619 -0.174 2.46 -1.657 -0.029 -1.061 -2.014 -0.472 -1.469 -0.875 -2.32 -0.131 -1.034 -1.643 1.357 -0.228
332 Y -1.439 -0.956 -0.139 -0.292 -1.25 -1.464 -1.715 -0.535 0.259 2.168 -0.193 0.695 -0.216 1.171 -3.0 -2.023 -1.497 -0.021 3.956 0.62
333 G -0.228 -1.255 -0.638 -1.433 -1.378 -1.551 -1.927 4.618 -0.632 -2.572 -2.762 0.219 -2.029 -0.827 -2.705 -0.167 -1.459 3.025 1.397 -2.353
334 D -0.94 -1.656 -0.527 2.383 -1.461 -1.137 0.515 0.82 0.017 0.016 -1.59 -1.098 -1.29 0.151 1.198 -0.335 -1.23 -0.826 2.894 -0.899
335 F -2.309 -2.706 -2.779 -3.345 -1.553 -3.354 -3.292 -2.986 0.027 -0.03 0.197 -3.018 -0.072 6.18 -4.259 -2.987 -2.404 1.146 4.317 -0.705
336 K -0.971 3.211 -0.146 -1.024 -1.899 0.299 -0.275 -1.536 4.328 -2.439 -2.362 2.975 -1.327 -2.175 -2.229 -0.147 -1.146 -2.283 -0.686 -2.25
337 T -0.211 -1.191 -0.238 -1.113 0.023 -1.202 -1.477 -1.428 -1.512 -0.323 -1.156 -0.89 -0.631 -1.679 -1.786 0.606 4.522 -2.283 -1.805 0.131
338 N -1.759 -0.514 5.842 1.183 -1.945 -0.626 -0.824 -0.253 0.87 -2.811 -3.25 -0.394 -2.26 -2.473 -2.686 -0.217 -0.55 -3.065 -2.167 -2.659
339 V -0.55 -2.711 -3.099 -3.267 0.139 -2.813 -3.151 -3.162 -2.967 3.451 1.026 -2.549 0.836 -0.348 -3.341 -2.541 -0.677 -2.44 -1.384 4.085
340 Y -1.965 -1.981 -2.297 -3.152 -1.806 -2.052 -2.567 -3.024 1.794 -0.76 -0.802 -2.1 -0.668 3.897 -3.537 -2.596 -2.218 2.08 6.601 -1.022
341 T -0.211 -1.191 -0.238 -1.113 0.023 -1.202 -1.477 -1.428 -1.512 -0.323 -1.156 -0.89 -0.631 -1.679 -1.786 0.606 4.522 -2.283 -1.805 0.131
342 I -1.42 -3.044 -3.281 -3.315 -0.301 -3.262 -3.642 -3.437 -2.527 4.209 1.639 -2.794 1.082 2.052 -3.66 -3.075 -1.239 -1.731 -0.47 2.707
343 L -1.501 -2.011 -2.756 -3.14 -0.49 -1.957 -2.902 -2.916 -1.31 1.952 2.076 -2.113 4.739 3.29 -3.641 -2.538 -1.454 -0.865 0.375 0.937
344 Y -1.911 -1.876 -2.224 -3.121 -1.85 -1.882 -2.462 -3.031 2.006 -0.902 -1.009 -1.972 -0.781 3.25 -3.432 -2.536 -2.188 2.21 6.853 -1.078
345 D -0.543 1.235 0.166 2.418 -1.363 -0.519 -0.267 -1.106 2.778 -2.345 -2.54 0.896 -1.589 -1.636 -2.303 1.261 -0.575 4.585 -0.698 -2.136
346 F -2.178 -2.682 -2.968 -3.443 -1.188 -3.354 -3.395 -3.085 -0.635 0.575 1.715 -3.012 0.586 5.751 -4.2 -3.084 -2.244 0.587 3.286 -0.204
347 I -1.252 -2.754 -2.728 -2.973 -0.269 -2.941 -3.29 -3.118 -2.367 3.867 1.441 -2.511 0.924 1.975 -3.386 -2.339 0.3 -1.731 -0.502 2.505
348 D -1.499 -0.573 0.6 4.857 -2.435 0.019 2.516 -1.454 -0.315 -2.761 -3.193 0.875 -2.315 -2.916 -2.198 -0.997 -1.442 -3.152 -2.629 -2.639
349 Y -1.084 -1.945 -2.036 -2.724 -0.882 -1.978 -2.412 -2.608 0.829 1.026 0.607 -1.915 0.052 2.154 -3.165 -0.859 -1.245 0.962 5.285 1.193
350 G 0.085 -2.238 -0.602 -1.428 -1.002 -2.099 -2.429 5.242 -1.566 -1.432 -2.48 -1.63 -1.928 -2.334 -2.739 -0.106 -1.33 -2.545 -2.795 -0.459
351 L -1.399 -2.302 -1.863 0.493 -0.795 -2.375 -2.285 0.485 -1.024 1.612 2.11 -2.202 1.449 2.272 -3.418 -2.418 -1.654 -0.827 1.899 0.837
352 F -1.002 -2.665 -2.971 -3.287 -0.904 -3.047 -3.241 -2.793 -0.927 2.271 1.208 -2.71 0.479 4.22 -3.866 -2.765 -1.836 4.879 2.743 0.83
353 A 2.25 -1.86 -1.557 -1.961 0.035 -1.826 -1.995 1.889 -1.619 0.345 1.039 -1.445 0.016 -1.043 -2.313 0.164 -0.732 -2.349 -1.806 0.852
354 Y -1.724 -2.154 -2.116 -2.932 -1.712 -2.281 -2.706 0.456 1.286 -0.795 -0.779 -2.206 -0.711 4.232 -3.573 -2.45 -2.229 1.645 5.926 -1.118
355 T 0.538 -0.911 0.197 -0.606 0.097 -0.824 -0.937 -0.653 -0.897 -0.946 -1.623 -0.527 -0.841 -1.756 -1.579 2.258 3.059 -2.361 -1.731 -0.432
356 A 1.91 -2.142 -1.989 -2.256 5.081 -2.114 -2.278 -1.148 -1.873 1.998 0.744 -1.71 0.129 -0.92 -2.459 0.108 -0.67 -2.499 -1.78 0.951
357 L 0.63 -2.262 -2.601 -2.852 -0.11 -2.356 -2.755 -2.167 -1.929 2.529 1.805 -2.099 2.123 1.935 -3.053 -1.742 -0.3 -1.616 -0.477 1.977
358 F -1.714 -2.606 -2.546 -3.06 -0.889 -3.209 -3.174 -2.811 -1.303 0.824 1.135 -2.799 0.399 5.618 -3.84 -2.323 -0.089 0.067 1.973 0.801
359 L -1.425 -1.369 0.69 -1.828 3.948 0.379 -1.753 -2.18 0.93 0.353 1.036 -1.388 3.488 3.049 -3.332 -1.855 -1.412 -1.117 0.301 -0.158
360 F -2.192 -2.812 -3.001 -3.407 -1.154 -3.523 -3.496 -3.039 -1.149 1.024 1.352 -3.127 1.299 6.033 -4.303 -3.079 -2.197 0.352 2.307 0.024
361 L -1.222 -2.549 -3.04 -3.372 -0.378 -2.898 -3.212 -3.078 -1.898 1.923 1.904 -2.692 1.799 4.021 -3.737 -2.758 -1.348 -0.816 0.802 2.562
362 I -1.14 -3.112 -3.269 -3.302 4.098 -3.22 -3.661 -3.31 -2.869 4.216 1.257 -2.771 0.915 -0.16 -3.511 -2.842 -1.085 -2.417 -1.518 2.9
363 G -0.009 -2.456 -0.539 -1.422 -1.419 -2.294 -2.721 5.9 -1.575 -3.314 -3.559 -1.75 -2.766 -2.777 -2.878 -1.101 -2.018 -2.539 -3.247 -2.963
364 F -1.496 -2.437 -2.477 -2.978 1.752 -2.884 -3.042 -2.678 -1.371 0.831 1.748 -2.587 1.389 5.018 -3.693 -1.577 -0.669 -0.269 1.496 0.495
365 I -1.189 -2.598 -2.589 -2.853 -0.335 -2.801 -3.125 -2.866 -2.128 3.617 2.125 -2.405 1.112 2.055 -3.395 -1.119 -1.055 -1.665 -0.476 1.883
366 H -1.806 -0.456 0.361 -1.06 -2.433 -0.264 -0.599 -1.796 8.167 -2.76 -2.694 -0.864 -1.36 -0.951 -2.848 -1.678 -2.325 -1.553 1.568 -3.134
367 N -1.294 -0.548 5.556 1.048 -1.657 -0.63 -0.805 -0.248 0.742 -2.71 -3.146 -0.393 -2.134 -2.422 -2.539 0.547 -0.346 -3.016 -2.131 -2.487
368 G 1.689 -1.887 -1.318 -1.841 -0.268 -1.906 -2.052 2.383 -1.382 -0.294 0.944 -1.511 -0.133 1.554 -2.475 0.408 -0.86 -1.781 -0.825 -0.404
369 L 0.12 -2.475 -3.074 -3.225 -0.084 -2.711 -3.09 -2.645 -2.359 2.829 2.618 -2.402 1.253 1.238 -3.297 -2.359 -1.176 -1.86 -0.859 2.402
370 H -1.845 -0.971 0.162 2.304 -2.301 -0.711 -0.452 -1.879 6.656 -2.244 -2.375 -1.091 -1.471 0.435 -2.855 -1.687 -2.095 -0.417 3.549 -2.503
371 K -0.99 1.67 2.053 -0.304 -1.908 2.621 0.308 -1.213 1.948 -2.387 -2.409 2.924 -1.195 -2.649 -2.139 -0.322 -0.944 -2.515 -1.442 -2.135
372 I -1.196 -2.72 -3.248 -3.345 -0.134 -2.871 -3.422 -3.377 -2.632 3.811 2.307 -2.585 1.914 0.162 -3.532 -2.93 -1.121 -2.143 -1.305 2.87
373 A 3.68 -1.4 -1.123 -1.399 0.457 -1.234 -1.215 0.175 -1.125 -1.137 -1.615 -0.812 -1.039 -1.968 -1.574 1.442 -0.135 -2.563 -1.854 -0.222
374 K -1.219 3.945 -0.551 -1.235 -2.039 0.481 -0.225 -1.813 -0.284 -1.905 -1.153 3.727 -0.99 -2.407 -2.229 -1.268 -1.347 -2.466 -1.835 -1.859
375 K -1.303 2.659 1.097 -1.184 -1.444 -0.24 -0.859 -1.854 -0.285 -0.041 0.467 2.53 -0.273 -0.887 -2.528 -1.304 -0.417 -1.825 0.314 -0.702
376 S -0.344 1.049 1.69 1.397 -0.807 -0.636 -0.627 -0.974 2.787 -1.691 -2.174 -0.231 -1.316 -1.978 -2.08 1.377 1.978 -2.495 -1.315 -1.313
377 K -0.851 2.187 0.587 -0.901 -1.553 0.182 -0.315 -1.445 1.633 -1.41 -0.425 3.452 -0.726 -1.942 -2.124 -0.105 -0.951 -2.448 -1.466 -1.541
378 N -1.214 -0.226 4.886 2.096 -1.719 -0.482 -0.422 -0.454 0.479 -2.642 -3.067 0.826 -2.069 -2.522 -2.398 0.426 -0.493 -3.023 -2.19 -2.453
379 I 0.069 -1.077 -1.145 -1.62 -0.329 -1.415 -1.649 -1.686 -1.592 2.066 -0.262 0.32 -0.18 -1.248 1.284 0.143 1.855 -2.578 -1.76 1.163
380 L -1.557 -2.336 -2.807 -3.251 -0.724 -2.478 -3.041 -3.089 -0.396 2.101 1.475 -2.409 2.504 3.633 -3.67 -2.735 -1.594 0.146 3.488 1.458
381 L 1.054 -2.017 -1.591 -2.063 4.083 -2.112 -2.183 -1.339 -1.414 0.955 0.612 -1.736 0.0 2.943 -2.644 0.602 -0.192 -1.394 0.032 0.232
382 V -0.806 -2.853 -3.178 -3.271 0.025 -2.958 -3.333 -3.285 -2.918 3.926 1.208 -2.618 0.945 -0.195 -3.42 -2.723 -0.822 -2.39 -1.384 3.736
383 I -1.196 -2.94 -3.295 -3.321 -0.133 -3.092 -3.547 -3.442 -2.806 4.213 1.89 -2.688 1.193 0.072 -3.537 -2.988 -1.072 -2.262 -1.357 3.077
384 F -1.608 -2.85 -2.777 -3.108 2.484 -3.317 -3.381 -2.888 -1.611 2.602 1.208 -2.849 0.578 4.835 -3.825 -1.887 -1.581 -0.448 1.339 1.06
385 S 0.695 -1.248 -0.089 -0.81 5.76 -1.106 -1.133 -0.552 -0.956 -1.703 -2.094 -0.815 -1.261 -2.06 -1.879 2.982 0.533 -2.787 -2.055 -1.17
386 S 1.274 -0.876 0.313 -0.411 0.011 -0.706 -0.691 -0.176 -0.596 -1.938 -2.361 -0.412 -1.267 -2.037 -1.574 3.471 0.849 -2.642 -1.854 -1.29
387 V -0.926 -2.804 -3.219 -3.318 -0.021 -2.953 -3.366 -3.323 -2.85 3.822 1.758 -2.623 1.102 -0.057 -3.461 -2.804 -0.927 -2.305 -1.357 3.478
388 L -1.584 -2.184 -3.331 -3.617 -0.251 -2.513 -3.282 -3.381 -2.228 1.864 4.019 -2.443 2.874 0.696 -3.661 -3.105 -1.615 -1.709 -1.129 0.994
389 Y -1.965 -1.981 -2.297 -3.152 -1.806 -2.052 -2.567 -3.024 1.794 -0.76 -0.802 -2.1 -0.668 3.897 -3.537 -2.596 -2.218 2.08 6.601 -1.022
390 F -1.817 -2.899 -2.974 -3.379 -0.995 -3.626 -3.439 -2.991 -1.278 1.054 0.555 -3.173 0.255 6.006 -4.21 -2.946 -1.919 0.284 2.292 1.431
391 P -0.935 -2.112 -2.032 -1.662 -1.556 -2.032 -1.721 -1.951 -1.706 -2.416 -2.849 -1.163 -2.502 -3.434 6.76 -1.551 -1.447 -4.648 -2.734 -2.26
392 L -1.639 -2.285 -3.461 -3.719 -0.249 -2.739 -3.404 -3.481 -2.412 1.906 4.193 -2.577 2.034 0.734 -3.703 -3.257 -1.679 -1.749 -1.155 1.007
393 V -1.016 -2.587 -3.077 -3.289 -0.146 -2.727 -3.216 -3.171 -2.325 3.168 1.736 -2.533 2.227 2.001 -3.53 -2.706 -1.057 -1.659 -0.421 3.1
394 F -2.309 -2.706 -2.779 -3.345 -1.553 -3.354 -3.292 -2.986 0.027 -0.03 0.197 -3.018 -0.072 6.18 -4.259 -2.987 -2.404 1.146 4.317 -0.705
395 Q -0.981 0.908 -0.191 -0.456 -2.01 5.21 1.293 -1.578 0.671 -2.339 -2.09 1.123 -0.502 -3.057 -2.25 -0.853 -1.074 -2.283 -1.384 -1.886
396 I -1.663 -3.153 -3.267 -3.309 -0.48 -3.441 -3.739 -3.432 -2.273 4.205 1.365 -2.905 0.967 3.215 -3.788 -3.165 -1.415 -1.283 0.207 2.282
397 L -1.483 -2.091 -2.747 -3.097 -0.49 -2.001 -2.935 -2.925 -1.338 2.443 1.648 -2.131 4.707 3.264 -3.63 -2.531 -1.398 -0.906 0.36 1.199
398 D -1.849 -1.382 2.993 5.402 -2.346 -0.89 0.641 -0.977 -0.226 -2.821 -3.511 -0.801 -2.668 -2.888 -2.452 -0.844 -1.268 -3.494 -2.895 -2.893
399 D -1.62 -0.71 3.509 4.211 -2.237 1.038 1.377 -0.967 0.196 -2.766 -3.181 -0.264 -2.162 -2.795 -2.418 -0.708 -1.097 -3.123 -2.428 -2.638
400 Q -1.115 0.444 -0.663 -0.926 -1.516 4.537 0.726 -1.905 0.216 -0.732 0.817 0.618 0.284 -1.693 -2.515 -1.241 -1.198 -2.156 -1.331 -0.949
401 Y -1.911 -1.876 -2.224 -3.121 -1.85 -1.882 -2.462 -3.031 2.006 -0.902 -1.009 -1.972 -0.781 3.25 -3.432 -2.536 -2.188 2.21 6.853 -1.078
402 T 0.503 -1.614 -1.076 -1.728 0.003 -1.574 -1.949 -1.626 -1.672 1.888 0.138 -1.297 1.645 -0.928 -2.227 -0.183 3.149 -2.198 -1.604 1.02
403 S 1.897 -1.125 -0.242 -0.864 0.097 -0.998 -1.019 -0.308 -0.874 -0.995 -0.309 -0.683 -0.606 -1.547 -1.746 2.75 0.434 -2.509 -1.768 -0.664
404 S 0.796 -0.905 0.189 -0.543 -0.052 -0.718 -0.807 -0.396 -0.611 -1.333 -1.434 -0.492 1.128 -1.651 -1.725 3.291 0.744 -2.48 -1.736 -1.028
405 K -1.144 1.506 1.295 -0.692 -1.988 0.306 -0.138 -1.41 -0.235 -1.885 -1.929 4.096 -1.209 1.072 -2.084 -1.052 -1.218 -2.039 -0.817 -1.942
406 Y -1.911 -1.876 -2.224 -3.121 -1.85 -1.882 -2.462 -3.031 2.006 -0.902 -1.009 -1.972 -0.781 3.25 -3.432 -2.536 -2.188 2.21 6.853 -1.078
407 L -1.53 -2.448 -3.299 -3.469 -0.251 -2.676 -3.398 -3.411 -2.346 3.172 3.335 -2.505 2.683 0.502 -3.627 -3.079 -1.44 -1.874 -1.203 1.707
408 L -1.367 -2.577 -3.35 -3.486 -0.162 -2.889 -3.448 -3.435 -2.59 3.277 3.208 -2.61 1.648 0.427 -3.592 -3.085 -1.322 -1.983 -1.237 2.284
409 Y -2.164 -2.064 -2.531 -3.307 -2.032 -2.189 -2.65 -2.829 1.271 -1.212 -1.235 -2.247 -0.967 2.681 -3.973 -2.811 -2.376 7.827 5.946 -1.437
410 L -0.016 -2.401 -3.06 -3.179 -0.146 -2.526 -3.111 -2.68 -2.223 3.217 2.788 -2.287 2.477 0.248 -3.3 -2.407 -1.271 -1.984 -1.287 1.74
411 F -0.077 -2.34 -2.714 -3.066 -0.572 -2.521 -2.888 -2.426 -0.828 1.689 1.162 -2.337 2.251 4.16 -3.456 -2.208 -1.506 -0.158 2.57 1.285
412 F 1.151 -1.963 -1.839 -2.317 -0.277 -1.951 -2.333 0.922 -1.356 0.557 0.283 -1.739 2.624 2.971 -2.783 -1.05 0.299 -1.196 0.1 0.908
413 F -1.948 -2.74 -3.034 -3.355 -0.867 -3.209 -3.454 -3.116 -1.418 2.212 1.593 -2.9 2.062 5.214 -4.066 -3.02 -1.882 -0.146 1.656 0.84
414 T 0.026 -1.332 -0.435 -1.182 -0.052 -1.307 -1.492 -1.257 -1.343 0.884 0.297 -1.003 -0.111 -1.148 -2.028 1.654 2.891 -2.333 -1.692 0.321
415 Y -0.856 -2.089 -2.549 -3.186 -1.065 -2.245 -2.709 -2.785 0.855 0.399 1.322 -2.184 0.275 3.35 -3.438 -2.453 -1.865 1.183 5.393 0.266
416 L -0.722 -2.296 -2.368 -2.771 -0.131 -2.461 -2.845 -0.666 -2.285 2.6 2.511 -2.192 1.146 -0.044 -3.2 -0.927 -0.877 -2.164 -1.416 2.451
417 L -1.659 -2.587 -3.324 -3.546 -0.501 -2.991 -3.43 -3.278 -2.168 2.61 2.901 -2.73 1.333 2.265 -3.882 -3.171 -1.634 4.691 0.086 1.595
418 Y -1.346 -2.056 -2.12 -2.906 3.935 -2.072 -2.55 -2.85 3.109 1.354 0.234 -2.125 -0.069 1.746 -3.352 -2.403 -1.629 0.543 4.768 1.289
419 F -1.768 -1.63 -2.559 -2.993 -1.069 -2.504 -2.683 -2.841 -0.931 0.785 1.362 -0.349 0.45 5.223 -3.74 -2.698 -1.882 0.065 2.426 0.722
420 L -0.98 -2.516 -2.318 -2.774 5.729 -2.72 -3.057 -2.55 -2.157 2.368 1.6 -2.365 0.602 1.816 -3.183 -1.163 0.477 -1.82 -0.698 1.089
421 K -0.515 1.713 2.526 -0.307 -1.111 -0.15 -0.565 -0.947 -0.162 -1.675 -1.824 2.207 0.096 -2.141 -2.086 0.976 0.774 -2.569 -1.865 -1.462
422 R -0.721 3.859 -0.572 -1.383 -1.458 -0.058 -0.776 0.847 -0.514 -1.138 -1.774 2.292 -1.119 -2.277 -2.441 -0.207 -1.002 -2.474 -1.936 -0.226
423 R -1.281 3.576 -1.348 -2.208 -1.065 -0.765 -1.617 -2.531 -0.428 1.084 0.481 0.371 -0.029 -0.179 -2.945 -1.629 0.201 -1.264 1.529 0.863
424 K -0.977 2.309 1.202 -0.93 3.845 -0.179 -0.679 -1.523 -0.544 -1.898 -2.125 2.774 -1.417 -2.596 1.298 -0.865 0.315 -2.826 -2.088 -1.629
425 L -1.519 -2.165 -3.341 -3.598 -0.129 -2.619 -3.284 -3.361 -2.292 2.027 4.002 -2.456 2.154 0.854 -3.583 -3.137 -1.559 -1.629 -1.035 1.127
426 Y -1.791 -1.756 -2.104 -3.001 -1.73 -1.762 -2.342 -2.91 2.126 -0.782 -0.888 -1.852 -0.661 3.37 -3.312 -2.416 -2.068 2.33 6.609 -0.958
427 K -0.805 2.115 -0.246 -0.7 -1.956 0.828 0.335 -1.321 -0.221 -2.101 -2.219 4.434 -1.202 -2.784 -1.665 -0.86 -1.06 -2.527 -1.767 -1.977
428 K -0.805 2.115 -0.246 -0.7 -1.956 0.828 0.335 -1.321 -0.221 -2.101 -2.219 4.434 -1.202 -2.784 -1.665 -0.86 -1.06 -2.527 -1.767 -1.977
429 D -1.755 -1.566 1.221 5.8 -2.351 -0.85 1.072 -1.102 -0.515 -2.704 -3.47 -0.808 -2.676 -2.898 -2.268 -0.931 -1.391 -3.509 -3.022 -2.843
430 E -0.897 -0.1 -0.317 1.54 -2.389 1.368 4.443 -1.928 0.414 -2.743 -2.681 0.698 -1.732 -2.586 -1.86 -0.769 -1.279 -2.366 -1.886 -2.112
431 L -1.426 0.624 -2.79 -3.165 -0.433 -2.273 -2.933 -3.229 -2.025 2.984 2.576 -1.527 1.237 1.347 -3.527 -2.823 -1.373 -1.796 -0.809 2.032
432 F -1.334 -1.864 -2.033 -1.201 -1.052 -1.349 1.07 -2.656 -0.844 0.865 0.125 -1.574 -0.007 4.734 -3.307 -2.152 -1.532 -0.359 1.456 1.359
433 L -0.765 -0.413 -1.27 -1.07 -0.581 -0.438 0.763 -2.155 -0.988 0.871 0.849 0.996 2.789 -0.779 -2.465 -1.123 0.844 -2.059 -1.432 1.232
434 F -2.327 -2.889 -2.853 -3.307 -1.367 -3.857 -3.475 -2.867 -0.821 0.284 0.572 -3.297 0.209 6.503 -4.441 -3.023 -2.363 0.859 2.938 -0.5
435 V -0.226 -2.479 -2.922 -3.157 0.347 -2.58 -2.886 -2.948 -2.908 3.037 0.952 -2.381 0.839 -0.391 -3.164 -2.277 -0.444 -2.38 -1.278 4.106
436 T -0.105 -1.085 -0.132 -1.007 0.129 -1.096 -1.371 -1.322 -1.406 -0.217 -1.05 -0.784 -0.525 -1.573 -1.68 0.712 4.223 -2.177 -1.699 0.237
437 S 1.075 -0.734 0.504 -0.241 0.08 -0.563 -0.548 -0.099 -0.453 -1.904 -2.321 -0.278 -1.18 -1.936 -1.468 3.237 1.018 -2.542 -1.748 -1.285
438 R -1.527 5.497 -0.455 -1.557 -2.252 0.525 -0.553 -2.121 0.106 -2.604 -2.021 2.026 -1.217 -2.465 -2.697 -1.399 -1.447 -2.227 -1.765 -2.155
439 K -0.819 2.101 -0.261 -0.715 -1.97 0.814 0.32 -1.335 -0.236 -2.116 -2.233 4.472 -1.217 -2.799 -1.68 -0.874 -1.075 -2.542 -1.782 -1.992
440 L -1.468 0.097 -1.229 -1.901 -1.242 -0.786 -1.218 -2.251 3.463 0.162 1.707 1.955 0.48 2.429 -2.834 -1.984 -1.663 -1.293 0.395 -0.508
441 R -0.285 2.466 -1.029 -1.728 -0.936 -0.431 -1.094 -1.878 -0.329 -0.135 -0.633 1.862 1.342 -0.448 -2.433 -1.001 0.847 -1.285 1.521 0.461
442 G 0.325 0.647 -0.89 0.798 -0.818 -1.449 -1.484 2.184 2.538 0.523 0.138 -0.956 -0.417 -1.271 -2.796 -1.417 -1.364 -2.37 -1.336 1.006
443 A 1.792 1.027 -1.751 -2.029 -0.305 -1.068 -1.495 -1.209 -1.256 0.258 0.519 0.666 1.535 -1.23 1.271 -0.928 -0.977 -2.434 -1.684 0.774