#Seq2Logo.py -f /work3/idamei/wzy_ssn/run/1e-50/run/150/MSAs/0015_128.afa -o /work3/idamei/wzy_ssn/run/1e-50/run/150/logos/0015_128.logo
Last position-specific scoring matrix computed, values are in halfbits
A R N D C Q E G H I L K M F P S T W Y V
0 L -1.144 -1.447 -2.424 -2.878 -0.232 -1.115 -2.417 -2.647 -1.032 1.539 2.071 -1.516 5.915 0.404 -3.306 -2.08 -1.11 -1.37 -0.896 0.926
1 D -1.296 1.3 -0.525 3.068 -1.579 -1.35 -0.643 -1.935 -0.917 0.015 -0.435 -0.606 -0.83 2.096 2.022 -1.66 -1.565 -1.97 -0.562 -0.86
2 S 1.082 -0.727 0.511 -0.234 0.087 -0.555 -0.541 -0.092 -0.446 -1.897 -2.314 -0.271 -1.172 -1.929 -1.461 3.212 1.025 -2.535 -1.741 -1.278
3 L -1.526 -2.172 -3.348 -3.606 -0.136 -2.626 -3.291 -3.368 -2.299 2.019 4.014 -2.464 2.147 0.847 -3.59 -3.144 -1.566 -1.636 -1.042 1.12
4 V -0.219 -2.472 -2.915 -3.15 0.354 -2.573 -2.879 -2.941 -2.9 3.044 0.96 -2.374 0.846 -0.384 -3.157 -2.27 -0.437 -2.373 -1.271 4.086
5 L -1.526 -2.172 -3.348 -3.606 -0.136 -2.626 -3.291 -3.368 -2.299 2.019 4.014 -2.464 2.147 0.847 -3.59 -3.144 -1.566 -1.636 -1.042 1.12
6 K -0.812 2.108 -0.254 -0.708 -1.963 0.821 0.328 -1.328 -0.229 -2.109 -2.226 4.453 -1.209 -2.791 -1.673 -0.867 -1.068 -2.535 -1.774 -1.984
7 S 1.082 -0.727 0.511 -0.234 0.087 -0.555 -0.541 -0.092 -0.446 -1.897 -2.314 -0.271 -1.172 -1.929 -1.461 3.212 1.025 -2.535 -1.741 -1.278
8 R -1.52 5.483 -0.448 -1.549 -2.245 0.532 -0.546 -2.114 0.113 -2.597 -2.013 2.033 -1.209 -2.458 -2.69 -1.392 -1.439 -2.22 -1.758 -2.147
9 R -1.52 5.483 -0.448 -1.549 -2.245 0.532 -0.546 -2.114 0.113 -2.597 -2.013 2.033 -1.209 -2.458 -2.69 -1.392 -1.439 -2.22 -1.758 -2.147
10 F -2.32 -2.882 -2.846 -3.3 -1.36 -3.85 -3.468 -2.86 -0.814 0.291 0.579 -3.29 0.216 6.492 -4.434 -3.016 -2.356 0.866 2.945 -0.493
11 N -1.645 -0.4 5.612 1.296 -1.832 -0.512 -0.711 -0.14 0.983 -2.698 -3.137 -0.281 -2.147 -2.36 -2.573 -0.104 -0.437 -2.952 -2.054 -2.546
12 V -0.219 -2.472 -2.915 -3.15 0.354 -2.573 -2.879 -2.941 -2.9 3.044 0.96 -2.374 0.846 -0.384 -3.157 -2.27 -0.437 -2.373 -1.271 4.086
13 T -0.098 -1.078 -0.124 -1.0 0.136 -1.089 -1.363 -1.314 -1.399 -0.21 -1.043 -0.776 -0.517 -1.566 -1.673 0.719 4.201 -2.17 -1.692 0.244
14 N -1.645 -0.4 5.612 1.296 -1.832 -0.512 -0.711 -0.14 0.983 -2.698 -3.137 -0.281 -2.147 -2.36 -2.573 -0.104 -0.437 -2.952 -2.054 -2.546
15 R -1.52 5.483 -0.448 -1.549 -2.245 0.532 -0.546 -2.114 0.113 -2.597 -2.013 2.033 -1.209 -2.458 -2.69 -1.392 -1.439 -2.22 -1.758 -2.147
16 S 1.082 -0.727 0.511 -0.234 0.087 -0.555 -0.541 -0.092 -0.446 -1.897 -2.314 -0.271 -1.172 -1.929 -1.461 3.212 1.025 -2.535 -1.741 -1.278
17 C -0.433 -3.324 -2.95 -3.404 9.664 -3.444 -3.91 -2.149 -2.936 -0.717 -1.047 -3.099 -1.064 -2.013 -3.192 -1.656 -1.302 -3.22 -2.782 -0.395
18 L -1.526 -2.172 -3.348 -3.606 -0.136 -2.626 -3.291 -3.368 -2.299 2.019 4.014 -2.464 2.147 0.847 -3.59 -3.144 -1.566 -1.636 -1.042 1.12
19 F -2.32 -2.882 -2.846 -3.3 -1.36 -3.85 -3.468 -2.86 -0.814 0.291 0.579 -3.29 0.216 6.492 -4.434 -3.016 -2.356 0.866 2.945 -0.493
20 E -0.905 -0.107 -0.324 1.532 -2.397 1.361 4.46 -1.935 0.407 -2.75 -2.688 0.691 -1.739 -2.593 -1.867 -0.777 -1.286 -2.373 -1.893 -2.12
21 N -1.645 -0.4 5.612 1.296 -1.832 -0.512 -0.711 -0.14 0.983 -2.698 -3.137 -0.281 -2.147 -2.36 -2.573 -0.104 -0.437 -2.952 -2.054 -2.546
22 E -0.905 -0.107 -0.324 1.532 -2.397 1.361 4.46 -1.935 0.407 -2.75 -2.688 0.691 -1.739 -2.593 -1.867 -0.777 -1.286 -2.373 -1.893 -2.12
23 L -1.526 -2.172 -3.348 -3.606 -0.136 -2.626 -3.291 -3.368 -2.299 2.019 4.014 -2.464 2.147 0.847 -3.59 -3.144 -1.566 -1.636 -1.042 1.12
24 F 0.663 -1.291 -1.466 -1.952 4.936 0.909 -1.326 -1.56 -0.182 -0.726 -0.916 -1.084 -0.596 2.63 -2.602 -0.857 0.722 -0.442 2.696 -0.539
25 S 1.082 -0.727 0.511 -0.234 0.087 -0.555 -0.541 -0.092 -0.446 -1.897 -2.314 -0.271 -1.172 -1.929 -1.461 3.212 1.025 -2.535 -1.741 -1.278
26 H -1.693 -0.343 0.474 -0.947 -2.32 -0.151 -0.486 -1.683 7.972 -2.647 -2.581 -0.751 -1.247 -0.838 -2.735 -1.565 -2.212 -1.44 1.681 -3.021
27 N -1.645 -0.4 5.612 1.296 -1.832 -0.512 -0.711 -0.14 0.983 -2.698 -3.137 -0.281 -2.147 -2.36 -2.573 -0.104 -0.437 -2.952 -2.054 -2.546
28 S 1.082 -0.727 0.511 -0.234 0.087 -0.555 -0.541 -0.092 -0.446 -1.897 -2.314 -0.271 -1.172 -1.929 -1.461 3.212 1.025 -2.535 -1.741 -1.278
29 N -1.645 -0.4 5.612 1.296 -1.832 -0.512 -0.711 -0.14 0.983 -2.698 -3.137 -0.281 -2.147 -2.36 -2.573 -0.104 -0.437 -2.952 -2.054 -2.546
30 Q -0.868 1.022 -0.078 -0.342 -1.897 4.831 1.406 -1.465 0.784 -2.226 -1.976 1.236 -0.389 -2.944 -2.137 -0.74 -0.961 -2.17 -1.271 -1.773
31 Q -0.868 1.022 -0.078 -0.342 -1.897 4.831 1.406 -1.465 0.784 -2.226 -1.976 1.236 -0.389 -2.944 -2.137 -0.74 -0.961 -2.17 -1.271 -1.773
32 L -1.066 -1.369 -2.345 -2.799 -0.154 -1.037 -2.339 -2.569 -0.954 1.618 2.149 -1.438 5.537 0.482 -3.228 -2.002 -1.031 -1.292 -0.818 1.004
33 F -2.32 -2.882 -2.846 -3.3 -1.36 -3.85 -3.468 -2.86 -0.814 0.291 0.579 -3.29 0.216 6.492 -4.434 -3.016 -2.356 0.866 2.945 -0.493
34 I -1.362 -3.086 -3.248 -3.166 -0.136 -3.195 -3.672 -3.465 -2.697 4.483 1.691 -2.664 1.286 0.232 -3.49 -3.062 -1.06 -2.17 -1.271 2.875
35 P -0.822 -1.999 -1.919 -1.549 -1.443 -1.919 -1.608 -1.838 -1.593 -2.303 -2.736 -1.05 -2.389 -3.321 6.648 -1.437 -1.334 -4.535 -2.621 -2.147
36 I -1.362 -3.086 -3.248 -3.166 -0.136 -3.195 -3.672 -3.465 -2.697 4.483 1.691 -2.664 1.286 0.232 -3.49 -3.062 -1.06 -2.17 -1.271 2.875
37 R -1.52 5.483 -0.448 -1.549 -2.245 0.532 -0.546 -2.114 0.113 -2.597 -2.013 2.033 -1.209 -2.458 -2.69 -1.392 -1.439 -2.22 -1.758 -2.147
38 H -1.693 -0.343 0.474 -0.947 -2.32 -0.151 -0.486 -1.683 7.972 -2.647 -2.581 -0.751 -1.247 -0.838 -2.735 -1.565 -2.212 -1.44 1.681 -3.021
39 F -2.32 -2.882 -2.846 -3.3 -1.36 -3.85 -3.468 -2.86 -0.814 0.291 0.579 -3.29 0.216 6.492 -4.434 -3.016 -2.356 0.866 2.945 -0.493
40 F -2.32 -2.882 -2.846 -3.3 -1.36 -3.85 -3.468 -2.86 -0.814 0.291 0.579 -3.29 0.216 6.492 -4.434 -3.016 -2.356 0.866 2.945 -0.493
41 N -1.645 -0.4 5.612 1.296 -1.832 -0.512 -0.711 -0.14 0.983 -2.698 -3.137 -0.281 -2.147 -2.36 -2.573 -0.104 -0.437 -2.952 -2.054 -2.546
42 S 1.082 -0.727 0.511 -0.234 0.087 -0.555 -0.541 -0.092 -0.446 -1.897 -2.314 -0.271 -1.172 -1.929 -1.461 3.212 1.025 -2.535 -1.741 -1.278
43 S 1.082 -0.727 0.511 -0.234 0.087 -0.555 -0.541 -0.092 -0.446 -1.897 -2.314 -0.271 -1.172 -1.929 -1.461 3.212 1.025 -2.535 -1.741 -1.278
44 K -0.469 0.755 2.037 -0.077 -1.182 0.14 0.603 -0.98 -0.194 -1.859 -2.241 2.765 -1.325 -2.394 -1.861 0.718 1.124 -2.599 -1.888 -1.52
45 T -0.098 -1.078 -0.124 -1.0 0.136 -1.089 -1.363 -1.314 -1.399 -0.21 -1.043 -0.776 -0.517 -1.566 -1.673 0.719 4.201 -2.17 -1.692 0.244
46 K -0.812 2.108 -0.254 -0.708 -1.963 0.821 0.328 -1.328 -0.229 -2.109 -2.226 4.453 -1.209 -2.791 -1.673 -0.867 -1.068 -2.535 -1.774 -1.984
47 R -1.52 5.483 -0.448 -1.549 -2.245 0.532 -0.546 -2.114 0.113 -2.597 -2.013 2.033 -1.209 -2.458 -2.69 -1.392 -1.439 -2.22 -1.758 -2.147
48 K -0.812 2.108 -0.254 -0.708 -1.963 0.821 0.328 -1.328 -0.229 -2.109 -2.226 4.453 -1.209 -2.791 -1.673 -0.867 -1.068 -2.535 -1.774 -1.984
49 K -0.471 0.72 2.053 -0.252 -1.149 1.677 -0.029 -0.96 -0.06 -1.833 -2.165 2.448 -1.131 -2.43 -1.919 0.725 1.14 -2.549 -1.787 -1.481
50 Y -1.798 -1.763 -2.111 -3.008 -1.737 -1.769 -2.349 -2.918 2.119 -0.789 -0.896 -1.859 -0.668 3.363 -3.319 -2.423 -2.075 2.323 6.624 -0.965
51 N -1.645 -0.4 5.612 1.296 -1.832 -0.512 -0.711 -0.14 0.983 -2.698 -3.137 -0.281 -2.147 -2.36 -2.573 -0.104 -0.437 -2.952 -2.054 -2.546
52 T -0.098 -1.078 -0.124 -1.0 0.136 -1.089 -1.363 -1.314 -1.399 -0.21 -1.043 -0.776 -0.517 -1.566 -1.673 0.719 4.201 -2.17 -1.692 0.244
53 N -1.645 -0.4 5.612 1.296 -1.832 -0.512 -0.711 -0.14 0.983 -2.698 -3.137 -0.281 -2.147 -2.36 -2.573 -0.104 -0.437 -2.952 -2.054 -2.546
54 W -2.635 -2.368 -3.152 -3.606 -2.32 -2.81 -2.954 -2.351 -1.12 -1.839 -1.636 -2.776 -1.266 1.143 -5.394 -3.34 -2.68 10.596 2.184 -2.213
55 S 1.082 -0.727 0.511 -0.234 0.087 -0.555 -0.541 -0.092 -0.446 -1.897 -2.314 -0.271 -1.172 -1.929 -1.461 3.212 1.025 -2.535 -1.741 -1.278
56 T -0.098 -1.078 -0.124 -1.0 0.136 -1.089 -1.363 -1.314 -1.399 -0.21 -1.043 -0.776 -0.517 -1.566 -1.673 0.719 4.201 -2.17 -1.692 0.244
57 L -1.526 -2.172 -3.348 -3.606 -0.136 -2.626 -3.291 -3.368 -2.299 2.019 4.014 -2.464 2.147 0.847 -3.59 -3.144 -1.566 -1.636 -1.042 1.12
58 F -2.32 -2.882 -2.846 -3.3 -1.36 -3.85 -3.468 -2.86 -0.814 0.291 0.579 -3.29 0.216 6.492 -4.434 -3.016 -2.356 0.866 2.945 -0.493
59 L -1.526 -2.172 -3.348 -3.606 -0.136 -2.626 -3.291 -3.368 -2.299 2.019 4.014 -2.464 2.147 0.847 -3.59 -3.144 -1.566 -1.636 -1.042 1.12
60 A 3.883 -1.469 -1.648 -1.673 0.694 -1.306 -1.284 0.388 -1.197 -0.816 -1.307 -0.834 -0.859 -1.834 -1.461 0.469 -0.408 -2.426 -1.741 0.153
61 K -0.812 2.108 -0.254 -0.708 -1.963 0.821 0.328 -1.328 -0.229 -2.109 -2.226 4.453 -1.209 -2.791 -1.673 -0.867 -1.068 -2.535 -1.774 -1.984
62 K -0.812 2.108 -0.254 -0.708 -1.963 0.821 0.328 -1.328 -0.229 -2.109 -2.226 4.453 -1.209 -2.791 -1.673 -0.867 -1.068 -2.535 -1.774 -1.984
63 I -1.362 -3.086 -3.248 -3.166 -0.136 -3.195 -3.672 -3.465 -2.697 4.483 1.691 -2.664 1.286 0.232 -3.49 -3.062 -1.06 -2.17 -1.271 2.875
64 K -0.812 2.108 -0.254 -0.708 -1.963 0.821 0.328 -1.328 -0.229 -2.109 -2.226 4.453 -1.209 -2.791 -1.673 -0.867 -1.068 -2.535 -1.774 -1.984
65 N -1.645 -0.4 5.612 1.296 -1.832 -0.512 -0.711 -0.14 0.983 -2.698 -3.137 -0.281 -2.147 -2.36 -2.573 -0.104 -0.437 -2.952 -2.054 -2.546
66 I -1.362 -3.086 -3.248 -3.166 -0.136 -3.195 -3.672 -3.465 -2.697 4.483 1.691 -2.664 1.286 0.232 -3.49 -3.062 -1.06 -2.17 -1.271 2.875
67 K -0.812 2.108 -0.254 -0.708 -1.963 0.821 0.328 -1.328 -0.229 -2.109 -2.226 4.453 -1.209 -2.791 -1.673 -0.867 -1.068 -2.535 -1.774 -1.984
68 L -1.526 -2.172 -3.348 -3.606 -0.136 -2.626 -3.291 -3.368 -2.299 2.019 4.014 -2.464 2.147 0.847 -3.59 -3.144 -1.566 -1.636 -1.042 1.12
69 N -1.645 -0.4 5.612 1.296 -1.832 -0.512 -0.711 -0.14 0.983 -2.698 -3.137 -0.281 -2.147 -2.36 -2.573 -0.104 -0.437 -2.952 -2.054 -2.546
70 Q -0.868 1.022 -0.078 -0.342 -1.897 4.831 1.406 -1.465 0.784 -2.226 -1.976 1.236 -0.389 -2.944 -2.137 -0.74 -0.961 -2.17 -1.271 -1.773
71 Y -1.798 -1.763 -2.111 -3.008 -1.737 -1.769 -2.349 -2.918 2.119 -0.789 -0.896 -1.859 -0.668 3.363 -3.319 -2.423 -2.075 2.323 6.624 -0.965
72 V -0.219 -2.472 -2.915 -3.15 0.354 -2.573 -2.879 -2.941 -2.9 3.044 0.96 -2.374 0.846 -0.384 -3.157 -2.27 -0.437 -2.373 -1.271 4.086
73 Q -0.868 1.022 -0.078 -0.342 -1.897 4.831 1.406 -1.465 0.784 -2.226 -1.976 1.236 -0.389 -2.944 -2.137 -0.74 -0.961 -2.17 -1.271 -1.773
74 S 1.082 -0.727 0.511 -0.234 0.087 -0.555 -0.541 -0.092 -0.446 -1.897 -2.314 -0.271 -1.172 -1.929 -1.461 3.212 1.025 -2.535 -1.741 -1.278
75 T 0.538 -0.911 0.197 -0.606 0.097 -0.824 -0.937 -0.653 -0.897 -0.946 -1.623 -0.527 -0.841 -1.756 -1.579 2.258 3.059 -2.361 -1.731 -0.432
76 A 2.831 -1.089 -0.385 -0.879 0.392 -0.921 -0.903 0.144 -0.811 -1.32 -1.781 -0.553 -1.026 -1.895 -1.475 2.187 0.383 -2.494 -1.756 -0.489
77 L -0.814 -2.332 -3.138 -3.383 0.105 -2.614 -3.092 -3.161 -2.599 2.562 2.887 -2.433 1.555 0.282 -3.38 -2.688 -0.961 -1.995 -1.168 2.993
78 F -1.747 -0.791 -1.709 -1.402 -1.749 -1.064 0.601 -2.469 0.118 -0.636 -0.46 0.715 -0.474 4.967 -3.183 -2.087 -1.943 0.425 3.421 -1.089
79 F -2.32 -2.882 -2.846 -3.3 -1.36 -3.85 -3.468 -2.86 -0.814 0.291 0.579 -3.29 0.216 6.492 -4.434 -3.016 -2.356 0.866 2.945 -0.493
80 V -0.219 -2.472 -2.915 -3.15 0.354 -2.573 -2.879 -2.941 -2.9 3.044 0.96 -2.374 0.846 -0.384 -3.157 -2.27 -0.437 -2.373 -1.271 4.086
81 F -2.32 -2.882 -2.846 -3.3 -1.36 -3.85 -3.468 -2.86 -0.814 0.291 0.579 -3.29 0.216 6.492 -4.434 -3.016 -2.356 0.866 2.945 -0.493
82 L -1.909 -2.525 -3.206 -3.553 -0.663 -3.153 -3.442 -3.224 -1.664 1.341 3.116 -2.858 1.413 4.575 -3.99 -3.168 -1.948 -0.403 1.21 0.475
83 L -1.274 -1.979 1.19 -1.944 -0.324 -2.237 -2.671 -2.494 -1.6 2.301 2.802 -2.01 1.269 0.079 -3.329 -2.17 -0.792 -2.109 -1.352 1.949
84 G 0.653 -1.029 -1.651 -2.074 -0.678 -1.676 -1.96 1.594 -1.313 1.241 0.557 0.617 -0.028 2.751 -2.76 -1.212 -1.349 -1.363 -0.058 0.237
85 L -1.087 -2.31 -2.51 -2.889 -0.102 -2.526 -2.994 -2.962 -2.385 3.032 2.633 -2.227 1.328 0.133 -3.17 -2.01 0.784 -2.048 -1.32 2.169
86 L -1.552 -2.506 -3.395 -3.539 -0.214 -2.87 -3.483 -3.476 -2.496 3.103 3.559 -2.603 1.826 0.59 -3.637 -3.196 -1.477 -1.871 -1.19 1.712
87 L -0.932 -2.294 -2.392 -2.853 -0.155 -2.561 -2.869 -2.79 -2.103 2.241 1.94 -2.278 0.938 2.575 -3.211 -1.871 0.804 -1.406 -0.085 2.484
88 V -0.651 -2.59 -3.115 -3.302 0.122 -2.755 -3.143 -3.169 -2.836 3.203 1.846 -2.513 1.101 -0.114 -3.357 -2.6 -0.776 -2.281 -1.309 3.717
89 K -0.89 2.03 -0.332 -0.786 -2.041 0.743 0.249 -1.406 -0.307 -2.187 -2.304 4.647 -1.288 -2.87 -1.751 -0.945 -1.146 -2.613 -1.853 -2.063
90 L 0.589 -2.286 -2.975 -3.122 0.035 -2.498 -2.896 -2.333 -2.31 2.484 2.878 -2.208 1.375 0.147 -3.101 -2.078 -1.118 -2.04 -1.303 2.143
91 L 0.383 -2.123 -2.781 -3.062 -0.308 -2.345 -2.801 -2.187 -1.522 1.154 2.634 -2.176 2.679 3.44 -3.288 -2.036 -1.486 -0.9 0.45 0.535
92 F 1.712 -2.29 -2.487 -2.688 -0.053 -2.47 -2.469 -1.433 -1.583 1.237 0.155 -2.063 0.072 3.816 -2.838 -1.272 -1.013 -0.946 0.727 2.126
93 T 0.167 -1.065 -0.03 -0.867 0.045 -1.024 -1.213 -1.035 -1.208 -0.626 -1.39 -0.72 -0.746 -1.731 -1.696 1.647 3.872 -2.335 -1.783 -0.146
94 L -1.633 -2.593 -3.125 -3.469 -0.584 -3.167 -3.371 -3.143 -1.703 1.552 2.536 -2.858 1.145 4.635 -3.921 -3.003 -1.717 -0.42 1.273 1.469
95 F -1.348 -2.963 -2.419 -2.931 4.89 -3.406 -3.481 1.321 -1.537 1.289 0.136 -2.889 -0.134 4.793 -3.789 -2.41 -1.918 -0.447 1.304 0.144
96 A 3.357 -1.278 -0.815 -1.188 0.427 -1.112 -1.093 0.159 -1.002 -1.211 -1.683 -0.712 -1.038 -1.943 -1.539 1.813 0.075 -2.54 -1.819 -0.328
97 V -0.774 -2.775 -3.094 -3.246 0.006 -2.937 -3.247 -3.176 -2.67 3.539 1.119 -2.614 0.877 1.484 -3.433 -2.649 -0.836 -1.932 -0.646 3.636
98 F -2.115 -2.324 -2.518 -3.222 -1.628 -2.663 -2.91 -2.968 0.988 -0.299 -0.174 -2.536 -0.289 5.34 -3.878 -2.77 -2.285 1.637 5.516 -0.807
99 I -1.546 -2.931 -3.257 -3.335 -0.362 -3.237 -3.613 -3.394 -2.309 3.845 2.068 -2.789 1.209 2.713 -3.708 -3.108 -1.37 -1.4 -0.056 2.285
100 Y -1.876 -1.841 -2.189 -3.086 -1.816 -1.847 -2.427 -2.996 2.041 -0.867 -0.974 -1.937 -0.746 3.284 -3.397 -2.501 -2.153 2.245 6.785 -1.043
101 A 2.621 -0.904 1.003 -0.89 -0.232 1.164 -0.749 2.119 -0.549 -1.639 -1.99 -0.46 -1.214 -2.262 -1.937 0.325 -0.657 -2.516 -1.952 -0.86
102 K -1.109 2.431 0.646 -0.782 -1.99 2.055 0.056 -1.56 1.929 -2.388 -2.361 2.67 -1.304 -2.723 2.149 -1.071 -1.24 -2.658 -1.482 -2.158
103 L -1.526 -2.172 -3.348 -3.606 -0.136 -2.626 -3.291 -3.368 -2.299 2.019 4.014 -2.464 2.147 0.847 -3.59 -3.144 -1.566 -1.636 -1.042 1.12
104 F -1.407 -2.692 -3.025 -3.375 -0.554 -3.23 -3.308 -3.045 -1.679 1.69 1.609 -2.891 0.759 4.891 -3.886 -2.843 -1.531 -0.331 1.484 2.172
105 S 1.557 -1.202 -0.094 -0.802 -0.055 -1.062 -1.137 2.048 -0.941 -1.578 -2.097 -0.715 -1.266 -2.035 -1.756 2.249 1.518 -2.513 -2.001 -0.946
106 P -0.809 -0.935 -0.921 -1.205 -1.677 1.639 -0.668 1.569 2.527 -2.53 -2.705 -0.467 -1.788 -2.833 4.841 -1.277 -1.487 -3.132 -1.591 -2.318
107 L -1.974 -2.583 -3.164 -3.527 -0.762 -3.252 -3.456 -3.181 -1.54 1.204 2.859 -2.926 1.262 4.97 -4.059 -3.158 -2.012 -0.2 1.513 0.347
108 G 0.164 1.363 1.739 -0.98 -1.095 -1.316 -1.825 3.548 -0.779 0.461 -1.454 -0.512 -1.18 -1.87 -2.735 -0.826 -1.249 -2.506 -2.255 -0.553
109 D -1.841 -1.652 1.135 5.926 -2.436 -0.936 0.986 -1.187 -0.6 -2.789 -3.555 -0.893 -2.762 -2.984 -2.353 -1.016 -1.477 -3.595 -3.107 -2.928
110 A 3.11 -1.247 -0.696 -1.137 0.382 -1.095 -1.099 0.043 -1.017 -1.149 -1.658 -0.708 -1.007 -1.92 -1.556 1.826 0.85 -2.517 -1.815 -0.319
111 E -0.787 -0.557 2.663 2.67 -1.764 0.336 2.894 -1.038 0.217 -2.65 -2.914 0.038 -1.937 -2.544 -2.083 0.558 -0.66 -2.772 -2.143 -2.234
112 R -1.537 4.059 -0.522 -1.545 -2.196 0.12 -0.668 -2.083 3.824 -2.215 -1.986 2.041 -1.196 -0.27 -2.668 -1.548 -1.663 -0.814 2.518 -2.083
113 Y -1.798 -1.763 -2.111 -3.008 -1.737 -1.769 -2.349 -2.918 2.119 -0.789 -0.896 -1.859 -0.668 3.363 -3.319 -2.423 -2.075 2.323 6.624 -0.965
114 Y -1.876 -1.841 -2.189 -3.086 -1.816 -1.847 -2.427 -2.996 2.041 -0.867 -0.974 -1.937 -0.746 3.284 -3.397 -2.501 -2.153 2.245 6.785 -1.043
115 L -1.605 -2.25 -3.426 -3.684 -0.214 -2.704 -3.369 -3.446 -2.377 1.941 4.139 -2.542 2.069 0.769 -3.668 -3.222 -1.644 -1.714 -1.12 1.042
116 S -0.053 -0.627 3.39 0.206 -0.845 -0.548 -0.665 -0.399 3.729 -2.341 -2.688 -0.427 -1.554 -1.921 -2.063 2.104 0.137 -2.522 -0.965 -1.979
117 A 2.839 -1.215 -0.581 -1.086 0.336 -1.078 -1.105 -0.077 -1.032 -1.089 -1.633 -0.703 -0.976 -1.897 -1.573 1.839 1.46 -2.495 -1.811 -0.311
118 S 0.07 -1.02 -0.296 -0.355 -0.48 -0.565 0.941 -1.123 -0.839 -1.095 -1.851 -0.473 -1.167 -2.094 2.233 1.558 2.081 -2.707 -1.937 -0.448
119 L -1.66 -2.617 -3.174 -3.447 -0.518 -3.1 -3.426 -3.228 -1.852 2.337 2.65 -2.791 1.504 4.06 -3.854 -3.055 -1.655 -0.711 0.846 1.493
120 A 3.883 -1.469 -1.648 -1.673 0.694 -1.306 -1.284 0.388 -1.197 -0.816 -1.307 -0.834 -0.859 -1.834 -1.461 0.469 -0.408 -2.426 -1.741 0.153
121 N -0.915 -0.088 3.838 0.902 -1.085 -0.498 -0.672 -0.788 -0.002 -1.605 -2.204 1.203 -1.428 -2.22 -2.131 0.129 2.111 -2.689 -1.986 -1.293
122 P 0.27 -1.308 -0.47 -0.832 -0.592 -1.172 -1.04 -0.849 -0.977 -2.107 -2.532 -0.648 -1.731 -2.556 4.83 1.777 0.066 -3.379 -2.162 -1.694
123 W -2.635 -2.368 -3.152 -3.606 -2.32 -2.81 -2.954 -2.351 -1.12 -1.839 -1.636 -2.776 -1.266 1.143 -5.394 -3.34 -2.68 10.596 2.184 -2.213
124 D -0.826 -1.33 0.607 4.09 -0.864 -0.985 0.084 -1.224 -0.941 -1.212 -2.025 -0.81 -1.416 -2.173 -1.972 -0.006 2.625 -2.78 -2.298 -0.921
125 F -1.324 -2.34 -2.356 -2.884 -0.508 -2.773 -2.943 -2.735 -1.598 1.274 1.828 -2.446 0.762 4.455 -3.45 -1.963 0.605 -0.526 1.15 1.381
126 W -2.635 -2.368 -3.152 -3.606 -2.32 -2.81 -2.954 -2.351 -1.12 -1.839 -1.636 -2.776 -1.266 1.143 -5.394 -3.34 -2.68 10.596 2.184 -2.213
127 S 1.082 -0.727 0.511 -0.234 0.087 -0.555 -0.541 -0.092 -0.446 -1.897 -2.314 -0.271 -1.172 -1.929 -1.461 3.212 1.025 -2.535 -1.741 -1.278
128 T -0.098 -1.078 -0.124 -1.0 0.136 -1.089 -1.363 -1.314 -1.399 -0.21 -1.043 -0.776 -0.517 -1.566 -1.673 0.719 4.201 -2.17 -1.692 0.244
129 G 1.041 -1.485 1.75 1.91 -0.545 -1.307 -0.923 1.913 -0.809 -0.451 -1.69 -1.021 -1.218 -1.956 -2.265 0.664 -0.481 -2.747 -2.153 0.537
130 L -1.035 -1.219 3.178 2.072 -0.947 -1.214 -0.923 -1.123 -0.38 -0.216 1.41 -1.019 0.026 -0.945 -2.659 0.261 -0.649 -2.531 -1.828 -0.728
131 F -1.74 -2.71 -2.905 -3.017 -0.901 -3.159 -3.154 -2.937 -1.596 2.046 1.503 -2.597 0.572 4.548 1.882 -2.792 -1.783 -0.623 1.177 0.71
132 F -1.512 -2.314 -2.172 -2.565 -0.92 -2.731 -2.701 -2.505 -1.317 0.245 1.112 -2.232 0.201 4.816 1.938 -1.819 0.489 -0.438 1.391 -0.295
133 D -1.699 -0.392 3.438 3.316 -1.998 -0.743 -0.179 -1.037 0.03 -1.933 -2.114 1.028 -1.646 1.961 -2.606 -0.91 -1.167 -1.999 -0.596 -2.153
134 R -1.598 5.626 -0.526 -1.628 -2.323 0.454 -0.625 -2.192 0.035 -2.675 -2.092 1.955 -1.288 -2.536 -2.768 -1.47 -1.518 -2.298 -1.836 -2.226
135 T -0.176 -1.156 -0.203 -1.078 0.058 -1.167 -1.442 -1.393 -1.477 -0.288 -1.121 -0.855 -0.596 -1.644 -1.751 0.641 4.428 -2.249 -1.77 0.166
136 L 0.508 1.64 -1.526 -2.03 -0.783 1.247 -1.037 -1.793 0.047 -0.008 1.024 -0.144 2.186 0.386 -2.716 -1.369 -1.277 -0.717 2.362 -0.238
137 F -2.379 -2.943 -2.934 -3.384 -1.406 -3.896 -3.542 -2.948 -0.916 0.262 0.649 -3.348 0.194 6.559 -4.492 -3.097 -2.416 0.753 2.822 -0.527
138 T 1.978 -1.48 -0.995 -1.571 0.291 -1.443 -1.617 -0.876 -1.605 0.435 -0.748 -1.087 -0.418 -1.49 -1.874 0.222 2.909 -2.365 -1.712 1.371
139 D -1.661 1.292 -0.043 4.072 -1.479 -1.183 -0.213 -1.96 -1.02 1.921 -0.61 -0.559 -0.625 -1.481 -2.778 -1.653 -1.366 -2.854 -2.195 0.37
140 N 0.392 -1.178 3.942 -0.104 -0.997 -1.234 -1.466 -0.803 0.509 0.716 -1.123 -0.978 -0.894 -0.009 -2.666 -0.693 -0.828 -1.095 2.252 -0.216
141 I -0.945 -2.629 -2.905 -3.109 -0.025 -2.787 -3.211 -3.162 -2.669 3.641 1.941 -2.454 1.154 -0.005 -3.32 -2.451 -0.124 -2.216 -1.334 3.104
142 F -2.213 -2.537 -2.658 -3.277 -1.558 -3.057 -3.123 -2.957 0.442 -0.104 0.088 -2.809 -0.128 5.865 -4.091 -2.883 -2.338 1.359 4.813 -0.72
143 A 1.62 -1.656 -1.081 -1.673 -0.539 -1.587 -1.727 1.886 -0.269 -1.587 -1.845 -1.289 -1.278 0.221 -2.423 0.779 -0.739 5.766 2.547 -1.143
144 G -0.881 -2.555 -1.958 -2.576 -0.765 -2.818 -3.105 2.944 -1.709 0.926 1.279 -2.409 0.247 3.395 -3.475 -2.166 -1.697 -1.064 0.275 1.04
145 L -1.605 -2.25 -3.426 -3.684 -0.214 -2.704 -3.369 -3.446 -2.377 1.941 4.139 -2.542 2.069 0.769 -3.668 -3.222 -1.644 -1.714 -1.12 1.042
146 K -1.123 3.155 -0.713 -1.305 -1.66 0.321 -0.361 -1.84 -0.424 -0.11 -0.894 3.532 1.083 -1.889 -2.242 -1.313 -1.23 -2.348 -1.689 -0.815
147 Y -1.834 -1.912 -1.812 -2.697 0.516 -1.981 -2.368 -2.8 3.932 1.105 -0.234 -2.064 -0.231 3.69 -3.489 -2.512 -2.008 1.023 5.033 -0.038
148 L -1.572 -2.696 -3.263 -3.436 -0.372 -3.096 -3.503 -3.349 -2.185 3.119 2.745 -2.747 1.405 2.969 -3.741 -3.107 -1.496 -1.225 0.102 1.9
149 L -1.665 -2.345 -3.233 -3.518 -0.387 -2.737 -3.334 -3.289 -1.972 2.072 3.457 -2.575 2.421 2.868 -3.751 -3.08 -1.665 -1.125 0.045 1.028
150 V -0.117 -1.377 -0.605 -1.393 -0.315 -1.275 -1.455 -1.467 3.828 1.823 -0.079 -1.205 -0.028 -0.829 -2.45 1.188 -0.204 -2.221 -0.573 1.604
151 Y -1.227 -1.631 -0.794 1.73 -1.561 -1.454 -1.16 -2.013 1.403 -1.295 -1.503 -1.438 -1.107 2.302 -2.839 -0.31 -1.329 1.291 5.673 -1.363
152 N -1.131 0.771 3.341 2.288 -1.871 1.641 0.254 -0.871 0.281 -2.485 -2.72 2.019 -1.603 -2.693 -2.209 -0.128 -0.784 -2.816 -2.022 -2.282
153 L -1.508 -2.843 -3.348 -3.378 -0.235 -3.095 -3.622 -3.499 -2.592 4.01 2.647 -2.69 1.488 0.795 -3.616 -3.165 -1.31 -1.967 -1.088 2.305
154 L -1.231 -1.447 -2.501 -2.758 -0.348 0.765 -1.825 -2.963 -1.649 1.771 3.271 -1.491 1.573 0.197 -3.3 -2.52 -1.321 -1.911 -1.194 1.666
155 V -0.294 -2.243 -2.229 -2.685 0.227 -2.319 -2.619 -2.645 -2.627 2.63 0.616 -2.082 0.567 -0.635 -2.898 -1.513 1.257 -2.408 -1.423 3.816
156 H -1.755 -0.44 3.383 -0.071 -2.226 -0.345 -0.637 -1.151 7.055 -2.742 -2.833 -0.664 -1.595 -1.34 -2.758 -1.07 -1.571 -1.94 0.803 -2.932
157 L -1.054 -2.486 -2.626 -3.021 -0.309 -2.725 -3.262 1.228 -2.361 2.572 2.847 -2.414 1.299 0.123 -3.439 -2.612 -1.419 -2.029 -1.461 1.821
158 F -1.584 -2.683 -2.571 -3.038 -0.944 -3.314 -3.146 -2.683 -1.151 0.856 0.605 -2.879 0.241 5.859 -3.956 -1.748 -1.67 0.258 2.245 1.014
159 V -0.813 -2.841 -3.155 -3.236 0.041 -2.946 -3.327 -3.269 -2.875 3.95 1.27 -2.594 0.996 -0.138 -3.397 -2.717 -0.81 -2.348 -1.349 3.638
160 S 1.794 -0.916 0.168 -0.508 0.119 -0.746 -0.73 -0.084 -0.636 -1.765 -2.198 -0.436 -1.196 -1.991 -1.539 3.139 0.752 -2.595 -1.819 -1.063
161 L -0.894 -2.511 -2.477 -2.946 4.605 -2.621 -3.162 0.985 -1.975 1.748 1.399 -2.422 2.148 2.212 -3.437 -2.252 -1.366 -1.55 -0.421 1.694
162 L 0.198 -2.396 -3.026 -3.195 -0.217 -2.715 -3.066 -2.47 -2.022 2.386 2.899 -2.38 1.347 2.483 -3.324 -2.31 -1.423 -1.38 -0.2 1.31
163 F -1.526 -2.121 1.076 -1.785 -0.94 -2.543 -2.553 -2.142 -0.832 0.515 0.043 -2.178 -0.101 5.138 -3.471 -1.622 0.405 -0.224 1.654 0.782
164 G 0.139 -2.151 -0.592 -1.402 -0.866 -2.018 -2.323 5.0 -1.535 -1.034 -2.205 -1.569 -1.699 -2.191 -2.673 0.1 -1.132 -2.519 -2.649 -0.05
165 F -1.4 -2.575 -2.377 -3.001 4.502 -2.902 -3.197 0.983 -0.446 0.191 0.949 -2.609 0.037 4.23 -3.668 -2.413 -1.993 0.204 3.362 -0.423
166 V 0.965 -1.912 -1.439 -1.903 -0.015 -1.925 -1.99 -1.376 -1.523 1.892 0.052 -1.583 0.073 2.038 -2.539 0.857 -0.266 -1.727 -0.368 2.124
167 F -2.01 -2.772 -3.123 -3.449 -0.856 -3.44 -3.529 -3.165 -1.484 1.853 2.183 -3.024 0.967 5.262 -4.11 -3.144 -1.986 -0.083 1.732 0.649
168 F -2.307 -2.869 -2.833 -3.287 -1.347 -3.837 -3.455 -2.848 -0.801 0.304 0.592 -3.277 0.228 6.472 -4.421 -3.004 -2.344 0.879 2.958 -0.48
169 F -2.307 -2.869 -2.833 -3.287 -1.347 -3.837 -3.455 -2.848 -0.801 0.304 0.592 -3.277 0.228 6.472 -4.421 -3.004 -2.344 0.879 2.958 -0.48
170 W -2.08 -2.613 -3.022 -3.472 -1.48 -3.129 -3.172 -2.73 -0.964 0.17 -0.264 -2.919 -0.343 4.421 -4.567 -3.076 -2.18 8.345 2.703 0.46
171 F -1.333 -2.034 -1.853 -2.583 1.452 -2.208 -2.433 -2.347 0.878 -0.575 -0.53 -2.063 -0.494 4.619 -3.341 -0.582 -1.505 1.285 5.214 -0.9
172 V -0.462 -2.632 -3.053 -3.245 0.196 -2.74 -3.072 -3.103 -2.944 3.268 1.094 -2.5 0.856 -0.346 -3.295 -2.47 -0.621 -2.414 -1.352 4.095
173 F -2.01 -2.772 -3.123 -3.449 -0.856 -3.44 -3.529 -3.165 -1.484 1.853 2.183 -3.024 0.967 5.262 -4.11 -3.144 -1.986 -0.083 1.732 0.649
174 K -1.082 3.579 -0.393 -1.009 -2.126 0.656 0.018 -1.617 -0.212 -2.325 -2.249 4.111 -1.295 -2.777 -2.014 -1.093 -1.254 -2.526 -1.855 -2.115
175 D -0.87 -0.435 1.259 3.579 -1.737 -0.278 1.396 -1.163 -0.391 -2.522 -2.932 1.057 -2.059 -2.781 1.842 0.249 -0.857 -3.178 -2.408 -2.31
176 E -0.409 -0.924 -0.766 0.064 -0.762 -0.031 2.584 -1.827 -0.672 0.231 -0.103 -0.364 -0.388 -1.454 -2.191 0.253 0.857 -2.377 -1.714 1.054
177 Y -1.884 -2.111 -2.597 -3.289 -1.246 -2.328 -2.824 -3.107 0.953 0.322 1.575 -2.292 0.417 3.793 -3.631 -2.777 -2.056 1.355 5.464 -0.266
178 P 0.332 -1.425 1.66 -0.138 0.551 -0.984 0.654 -1.451 -0.06 1.017 -0.934 -0.934 -0.799 -0.229 1.735 -1.104 -1.121 -1.331 1.913 -0.011
179 F -1.784 -2.359 -2.337 -2.961 -1.306 -2.781 -2.874 -2.676 0.241 0.001 0.558 -2.533 0.029 5.484 -3.789 -1.582 -1.889 1.047 4.429 -0.597
180 L -0.97 -1.221 -2.6 -2.89 -0.224 -1.904 -2.398 -2.924 -2.18 2.358 2.619 0.212 1.246 -0.03 -3.161 -2.472 -1.097 -2.126 -1.32 2.597
181 D -1.819 -1.295 3.204 4.617 -2.191 -0.95 0.224 -1.061 0.383 -2.427 -2.936 -0.858 -2.236 -0.754 -2.574 -0.915 -1.253 -1.602 1.756 -2.498
182 K -1.034 2.008 0.811 -0.726 -2.032 0.52 0.02 -1.42 0.043 -2.129 -2.239 4.212 -1.309 -1.617 -1.939 -0.993 -1.176 -1.846 0.616 -2.025
183 K -1.07 1.15 -1.229 -1.651 -1.221 -0.394 -0.857 -2.069 -0.922 1.255 -0.402 3.099 -0.251 1.855 -2.485 -1.64 -1.213 -1.748 -0.423 0.983
184 L -1.463 -2.331 -3.165 -3.569 4.605 -2.671 -3.298 -3.18 -1.235 1.374 3.363 -2.534 1.472 1.06 -3.576 -2.859 -1.679 -0.834 2.063 0.627
185 L 0.11 -2.324 -2.983 -3.242 -0.373 -2.757 -3.033 -2.407 -1.72 1.224 3.007 -2.443 1.3 3.738 -3.444 -2.321 -1.645 -0.834 0.603 0.521
186 Y 0.158 -1.85 -1.975 -2.63 -1.139 -1.923 -2.245 -1.882 0.603 -1.043 -1.255 -1.809 -0.916 1.853 -3.149 -1.436 0.275 7.318 4.794 -0.933
187 L 0.589 -1.872 -2.054 -2.413 -0.059 -1.841 -2.347 -1.846 -1.639 2.264 2.231 -1.687 2.957 -0.035 -2.814 -0.265 -0.758 -1.967 -1.307 1.174
188 A 1.533 -1.821 -1.193 -1.68 5.666 -1.734 -1.832 -0.916 -1.559 1.076 -0.483 -1.381 -0.423 -1.394 -2.226 1.332 -0.152 -2.641 -1.891 0.825
189 F -2.038 -2.641 -3.136 -3.512 -0.856 -3.346 -3.476 -3.152 -1.445 1.075 2.625 -2.992 1.118 5.278 -4.127 -3.156 -2.076 -0.043 1.743 0.225
190 L -1.522 -2.492 -3.297 -3.616 4.611 -2.966 -3.482 -3.172 -2.195 1.459 3.424 -2.739 1.539 2.546 -3.719 -2.947 -1.711 -1.351 -0.237 0.668
191 L -1.062 -2.001 -2.46 -2.897 -0.188 -2.308 -2.784 -2.692 -2.035 1.61 3.755 -2.114 1.765 0.495 -3.257 -0.793 -1.107 -1.834 -1.217 0.792
192 P -0.907 -2.084 -2.004 -1.635 -1.528 -2.004 -1.693 -1.923 -1.678 -2.388 -2.821 -1.135 -2.474 -3.406 6.733 -1.523 -1.419 -4.62 -2.706 -2.233
193 H -0.259 -0.587 0.405 -0.705 -1.125 -0.403 -0.595 -0.977 6.612 -2.387 -2.549 -0.621 -1.3 -1.342 -2.204 1.634 -0.464 -1.945 0.576 -2.229
194 F -2.405 -2.967 -2.931 -3.385 -1.445 -3.935 -3.553 -2.945 -0.899 0.206 0.494 -3.375 0.131 6.622 -4.519 -3.101 -2.441 0.781 2.86 -0.578
195 L -1.311 -0.455 -1.578 -1.84 -0.85 2.922 -0.453 -2.482 -0.658 0.778 2.776 -0.386 1.229 -0.323 -2.962 -1.951 -1.376 -1.938 -1.223 0.122
196 I -1.448 -3.172 -3.334 -3.252 -0.221 -3.28 -3.758 -3.55 -2.782 4.7 1.606 -2.75 1.2 0.147 -3.576 -3.147 -1.146 -2.256 -1.356 2.789
197 W -2.721 -2.454 -3.237 -3.691 -2.405 -2.895 -3.04 -2.437 -1.205 -1.925 -1.721 -2.862 -1.351 1.057 -5.479 -3.426 -2.766 10.681 2.098 -2.299
198 T 0.018 -1.111 -0.11 -0.963 0.044 -1.091 -1.316 -1.19 -1.327 -0.483 -1.279 -0.784 -0.688 -1.7 -1.727 1.26 4.142 -2.305 -1.784 -0.016
199 S 0.876 -0.994 0.309 -0.451 -0.161 -0.824 -0.845 1.853 -0.656 -2.136 -2.536 -0.516 -1.428 -2.108 -1.7 3.148 0.664 -2.604 -1.989 -1.542
200 V -0.079 -2.234 -2.187 -2.592 0.232 -2.269 -2.491 -2.404 -2.48 2.599 0.58 -2.048 0.545 -0.645 -2.93 -0.44 -0.262 -2.481 -1.419 3.928
201 V 2.375 -2.084 -2.388 -2.508 0.42 -2.046 -2.171 -1.129 -2.131 1.862 0.108 -1.697 0.148 -1.004 -2.392 -0.86 -0.51 -2.481 -1.548 3.151
202 G 0.019 -2.428 -0.511 -1.394 -1.391 -2.266 -2.693 5.875 -1.547 -3.286 -3.532 -1.722 -2.738 -2.749 -2.85 -1.073 -1.99 -2.511 -3.219 -2.935
203 K -0.897 2.023 -0.339 -0.793 -2.048 0.736 0.242 -1.413 -0.314 -2.194 -2.311 4.664 -1.295 -2.877 -1.758 -0.952 -1.153 -2.62 -1.86 -2.07
204 E -0.99 -0.193 -0.409 1.447 -2.482 1.275 4.653 -2.02 0.322 -2.835 -2.774 0.606 -1.824 -2.679 -1.952 -0.862 -1.372 -2.458 -1.979 -2.205
205 I 1.518 -2.454 -2.697 -2.737 0.177 -2.451 -2.669 -1.764 -2.316 3.348 0.781 -2.03 0.591 -0.501 -2.76 -1.49 -0.764 -2.384 -1.483 2.855
206 L -1.497 -2.336 -3.241 -3.442 -0.224 -2.551 -3.312 -3.349 -2.243 2.93 3.394 -2.427 2.899 0.558 -3.594 -3.015 -1.428 -1.801 -1.153 1.605
207 A 3.74 -1.678 -1.883 -1.928 0.563 -1.541 -1.55 0.006 -1.472 0.073 -0.938 -1.095 -0.63 -1.662 -1.735 0.119 -0.497 -2.503 -1.754 1.195
208 I -1.16 -2.875 -3.266 -3.307 -0.1 -3.04 -3.499 -3.406 -2.767 4.081 2.01 -2.651 1.249 0.116 -3.508 -2.954 -1.052 -2.217 -1.322 3.052
209 I 1.038 -2.135 -2.069 -2.235 -0.118 -2.082 -2.316 -1.704 -1.912 2.772 0.452 -1.641 1.241 -0.777 1.734 -1.081 0.7 -2.477 -1.637 1.52
210 G 0.019 -2.428 -0.511 -1.394 -1.391 -2.266 -2.693 5.875 -1.547 -3.286 -3.532 -1.722 -2.738 -2.749 -2.85 -1.073 -1.99 -2.511 -3.219 -2.935
211 F -2.325 -2.896 -2.973 -3.411 -1.312 -3.802 -3.537 -2.987 -1.005 0.41 1.086 -3.291 0.366 6.389 -4.433 -3.113 -2.361 0.628 2.66 -0.391
212 L -1.712 -2.349 -3.356 -3.645 -0.367 -2.857 -3.401 -3.375 -2.119 1.742 3.838 -2.653 1.853 2.683 -3.782 -3.211 -1.752 -1.202 -0.103 0.853
213 L -1.925 -2.54 -3.207 -3.556 -0.684 -3.174 -3.451 -3.225 -1.653 1.315 3.088 -2.875 1.385 4.643 -4.007 -3.174 -1.964 -0.38 1.249 0.45
214 L -1.316 -2.644 -3.152 -3.41 -0.338 -3.057 -3.347 -3.198 -2.088 2.533 2.318 -2.75 1.149 3.571 -3.724 -2.909 -1.376 -1.006 0.514 2.403
215 I -1.398 -3.147 -3.321 -3.251 -0.202 -3.256 -3.725 -3.529 -2.789 4.653 1.583 -2.739 1.186 0.127 -3.563 -3.115 -1.121 -2.263 -1.356 2.86
216 K -0.988 2.904 -0.366 -0.899 -2.087 0.696 0.133 -1.513 -0.263 -2.259 -2.28 4.4 -1.295 -2.827 -1.883 -1.021 -1.203 -2.573 -1.857 -2.092
217 W 0.346 -2.2 -2.293 -2.788 -0.815 -2.33 -2.632 1.207 -0.77 0.222 0.489 -2.11 -0.225 0.742 -3.38 -1.895 -1.627 7.205 2.535 0.68
218 C -0.621 -2.472 0.889 -2.089 7.428 -2.582 -2.912 -2.137 -2.005 1.527 -0.186 -2.313 -0.231 -1.272 -3.182 -1.714 -0.896 -2.864 -2.031 2.313
219 V -0.663 -2.762 -3.115 -3.241 0.103 -2.865 -3.223 -3.202 -2.911 3.707 1.157 -2.559 0.925 -0.234 -3.357 -2.614 -0.73 -2.384 -1.356 3.851
220 D -1.699 -1.367 3.196 4.616 2.676 -1.017 0.189 -1.029 0.064 -2.418 -2.957 -0.908 -2.28 -1.561 -2.567 -0.879 -1.207 -2.359 0.303 -2.425
221 L -1.514 -2.604 -3.384 -3.494 -0.212 -2.93 -3.519 -3.484 -2.551 3.411 3.309 -2.628 1.717 0.505 -3.626 -3.177 -1.41 -1.941 -1.223 1.967
222 Q -0.301 -0.26 -0.628 -1.077 -0.581 3.025 -0.055 -1.607 -0.463 0.502 -0.809 -0.021 -0.167 -1.754 -2.287 0.291 0.975 -2.362 -1.476 1.591
223 L -1.142 -2.576 -3.097 -3.402 -0.278 -2.986 -3.239 -3.118 -2.079 2.086 2.172 -2.72 1.053 3.673 -3.684 -2.79 -1.281 -0.969 0.6 2.7
224 W -1.323 -0.932 1.298 -1.288 -1.983 -1.438 -1.435 2.603 -0.709 -2.411 -2.418 0.462 -1.785 -0.494 -3.402 -1.647 -1.86 8.274 0.344 -2.465
225 R -1.197 2.685 2.874 -0.499 -1.294 -0.471 -1.024 -1.412 3.354 -0.628 -1.58 0.24 -1.004 -1.743 -2.638 -0.79 0.662 -2.377 -1.022 0.226
226 K -1.099 1.625 -0.001 2.363 -2.191 0.555 1.532 -1.472 -0.255 -2.406 -2.575 3.645 -1.607 -2.857 -1.927 -0.97 -1.259 -2.751 -2.084 -2.246
227 N -0.959 -1.615 2.677 -0.769 4.584 -1.693 -1.982 -1.525 -0.948 1.9 -0.363 -1.374 -0.328 -1.228 -2.66 -0.652 1.78 -2.596 -1.876 0.732
228 R -1.37 4.173 2.907 -0.36 -2.042 0.203 -0.515 -1.297 0.24 -2.598 -2.426 2.154 -1.531 -2.544 -2.504 -0.596 -1.025 -2.559 -1.927 -2.276
229 I -1.086 -2.575 -2.947 -3.139 -0.347 -2.559 -3.201 -3.156 -1.182 3.812 1.342 -2.359 2.384 0.837 -3.437 -2.708 -1.201 -0.936 2.081 2.372
230 L -1.305 -1.866 -1.466 -2.239 -0.666 -1.966 -2.268 -2.482 3.772 2.35 1.334 -1.898 0.573 2.483 -3.122 -1.388 0.451 -1.316 0.451 0.971
231 P -1.397 -1.344 -1.88 -2.168 -1.472 0.683 -1.41 -2.471 0.693 -0.699 0.234 -1.099 -0.42 1.459 3.342 -1.987 -1.686 0.359 4.538 -0.992
232 L -1.174 -2.34 -3.303 -3.553 -0.072 -2.696 -3.253 -3.325 -2.544 2.266 3.528 -2.523 1.746 0.46 -3.545 -2.951 -1.281 -1.913 -1.191 2.395
233 L -0.797 -2.303 -2.354 -2.713 -0.138 -2.479 -2.804 -2.622 -2.133 2.932 2.333 -2.18 1.158 1.149 -3.187 -0.695 -0.799 -1.89 -0.872 2.298
234 I -0.922 -2.488 -2.563 -2.877 -0.043 -2.629 -3.04 -2.983 -2.542 3.51 1.828 -2.292 1.057 -0.092 -3.165 -2.042 0.689 -2.214 -1.374 2.865
235 G 0.181 -2.134 -0.357 -1.213 -1.146 -1.97 -2.291 5.489 -1.378 -3.06 -3.34 -1.482 -2.474 -2.632 -2.624 0.197 -1.343 -2.526 -2.974 -2.651
236 L -1.326 -2.58 -2.955 -3.264 -0.369 -2.932 -3.367 -0.503 -2.192 2.632 2.773 -2.614 1.314 2.476 -3.632 -2.861 -1.487 -1.405 -0.233 1.854
237 L -0.099 -1.964 -1.887 -2.391 -0.493 -2.194 -2.353 -1.848 -1.389 0.581 1.973 -1.928 0.627 2.776 -3.135 0.108 -0.949 5.334 0.508 0.242
238 L -1.644 -2.716 -3.222 -3.439 -0.479 -3.175 -3.498 -3.293 -2.001 2.824 2.573 -2.815 1.273 3.745 -3.826 -3.098 -1.593 -0.899 0.608 1.718
239 G 1.814 -1.766 -0.712 -1.399 -0.278 -1.662 -1.891 3.834 -1.451 -1.454 -2.025 -1.218 -1.456 -2.158 -2.105 -0.065 1.68 -2.436 -2.327 -0.833
240 V 0.625 -2.043 -2.179 -2.622 -0.034 -2.114 -2.441 -2.079 -1.097 1.885 1.247 -1.875 0.534 0.448 -2.778 -1.336 0.712 -1.026 2.037 2.472
241 L -1.698 -2.643 -3.298 -3.491 -0.424 -3.087 -3.522 -3.374 -2.127 2.904 3.042 -2.756 1.509 3.092 -3.79 -3.179 -1.62 -1.148 0.161 1.488
242 L -1.273 -1.992 -2.692 -2.072 -0.373 -1.734 -0.047 -3.152 -1.915 2.4 3.077 -1.84 1.438 0.201 -3.285 -2.617 -1.349 -1.989 -1.3 1.845
243 R -1.605 5.638 -0.533 -1.635 -2.33 0.447 -0.632 -2.199 0.028 -2.682 -2.099 1.948 -1.295 -2.543 -2.775 -1.477 -1.525 -2.305 -1.843 -2.233
244 P -0.907 -2.084 -2.004 -1.635 -1.528 -2.004 -1.693 -1.923 -1.678 -2.388 -2.821 -1.135 -2.474 -3.406 6.733 -1.523 -1.419 -4.62 -2.706 -2.233
245 H -1.772 -0.437 2.061 -0.584 -2.33 -0.285 -0.603 -1.49 7.715 -2.74 -2.739 -0.764 -1.445 -1.098 -2.796 -1.391 -1.967 -1.698 1.28 -3.034
246 Y -1.952 -1.984 -2.291 -3.133 -1.765 -2.074 -2.57 -2.995 1.758 -0.693 -0.718 -2.11 -0.609 4.062 -3.539 -2.586 -2.199 2.07 6.475 -0.978
247 G 1.732 -1.93 -1.062 -1.686 -0.32 -1.872 -2.135 3.8 -1.563 -0.813 0.003 -1.432 -0.718 -1.578 -2.34 -0.481 0.535 -2.348 -2.203 -0.634
248 L -1.491 -2.733 -3.369 -3.432 -0.212 -3.011 -3.573 -3.498 -2.608 3.783 2.967 -2.657 1.595 0.418 -3.611 -3.166 -1.338 -2.018 -1.256 2.206
249 A 3.798 -1.436 -1.307 -1.503 0.53 -1.271 -1.251 0.239 -1.162 -1.033 -1.516 -0.832 -0.987 -1.932 -1.546 1.09 -0.239 -2.526 -1.826 -0.098
250 Y -1.883 -1.848 -2.196 -3.093 -1.823 -1.854 -2.434 -3.003 2.034 -0.874 -0.981 -1.944 -0.753 3.277 -3.404 -2.508 -2.16 2.238 6.799 -1.05
251 I 1.134 -2.536 -2.851 -2.86 1.192 -2.603 -2.906 -1.992 -2.273 3.551 1.76 -2.151 0.943 -0.155 -2.928 -1.779 -1.043 -2.238 -1.449 2.005
252 Y -1.708 -2.17 -2.4 -3.187 4.442 -2.277 -2.756 -2.872 1.356 -0.683 -0.738 -2.267 -0.66 3.784 -3.52 -2.46 -2.073 1.67 5.991 -0.891
253 L -1.612 -2.257 -3.433 -3.691 -0.221 -2.711 -3.376 -3.453 -2.384 1.934 4.15 -2.549 2.062 0.762 -3.675 -3.229 -1.651 -1.721 -1.127 1.035
254 F 1.435 -2.067 -2.076 -2.448 -0.116 -2.258 -2.349 -1.467 -1.517 0.806 0.986 -1.874 0.271 3.506 -2.71 -0.981 0.598 -1.033 0.489 1.203
255 I 1.008 -1.844 -1.052 -1.585 -0.165 -1.775 -1.922 1.483 -1.461 2.027 0.332 -1.385 -0.026 -0.375 -2.392 1.117 -0.338 -2.298 -1.574 0.786
256 I -1.362 -3.086 -3.248 -3.166 -0.136 -3.195 -3.672 -3.465 -2.697 4.483 1.691 -2.664 1.286 0.232 -3.49 -3.062 -1.06 -2.17 -1.271 2.875
257 S 0.572 -1.184 -0.235 -0.925 0.011 -1.093 -1.154 -0.773 -0.998 0.105 0.292 -0.825 -0.179 -1.187 -1.975 2.654 0.5 -2.451 -1.646 0.724
258 A 1.4 -1.331 -0.638 -1.303 -0.038 -1.251 -1.401 -0.859 -0.448 -0.051 -1.132 -0.961 -0.672 -0.202 -1.948 1.419 2.046 -1.123 1.962 0.308
259 L -1.791 -2.747 -3.279 -3.454 -0.628 -3.139 -3.502 -3.237 -2.038 3.071 2.262 -2.797 1.1 2.763 -3.956 -3.201 -1.668 5.331 0.474 1.505
260 I -1.254 -2.902 -3.293 -3.315 -0.137 -3.075 -3.553 -3.444 -2.745 4.156 2.111 -2.668 1.294 0.168 -3.535 -3.017 -1.109 -2.193 -1.318 2.897
261 L -1.356 -2.174 0.829 -2.144 -0.33 -2.421 -2.867 -2.679 -1.766 2.916 2.695 -2.154 1.284 0.117 -3.417 -2.416 -1.146 -2.132 -1.352 2.082
262 A 2.4 -1.018 -0.702 -1.526 0.014 -1.374 -1.493 -0.544 -0.406 0.728 -0.874 -0.983 -0.584 -0.133 -2.022 1.101 -0.315 -1.155 1.964 0.235
263 R -1.458 3.36 0.171 -1.463 -1.695 -0.158 -0.834 -2.003 -0.398 -0.879 0.268 2.568 -0.343 1.831 -2.676 -1.572 -1.463 -1.638 -0.452 -1.215
264 I -0.688 -1.044 -1.426 -1.912 -0.388 -1.563 -1.881 -2.085 -1.582 2.696 0.835 0.454 0.424 1.065 -2.645 -0.124 0.82 -1.954 -0.882 1.522
265 K -1.097 2.722 1.721 -0.499 -2.068 0.537 0.0 -1.304 -0.059 -2.338 -2.392 4.002 -1.411 -2.762 -2.001 -0.896 -1.102 -2.628 -1.896 -2.167
266 I -1.25 -1.036 -1.81 -1.485 -0.87 -1.228 0.283 -2.562 -1.217 2.36 0.449 0.485 0.224 3.044 -2.951 -1.864 -0.283 -1.277 0.192 1.397
267 Q -0.868 1.022 -0.078 -0.342 -1.897 4.831 1.406 -1.465 0.784 -2.226 -1.976 1.236 -0.389 -2.944 -2.137 -0.74 -0.961 -2.17 -1.271 -1.773
268 R -0.572 3.301 -0.726 -1.457 -1.689 -0.222 -0.861 1.286 -0.47 -1.895 -1.735 2.4 -1.198 1.632 -1.503 -0.919 -1.402 -1.736 -0.623 -1.823
269 L -1.066 -1.369 -2.345 -2.799 -0.154 -1.037 -2.339 -2.569 -0.954 1.618 2.149 -1.438 5.537 0.482 -3.228 -2.002 -1.031 -1.292 -0.818 1.004
270 V -1.213 -0.133 0.719 -2.085 -0.666 -2.005 -2.417 -2.465 -0.507 1.408 1.079 -1.55 0.374 2.771 -3.374 -2.123 -1.192 -0.546 2.475 2.15
271 I -1.336 -1.333 -2.424 -2.725 -0.636 -1.977 -2.443 -2.794 -1.52 2.694 0.965 0.181 2.194 3.459 -3.349 -2.445 -1.328 -1.041 0.478 1.881
272 G -0.612 -2.271 -1.546 -2.249 -0.676 -2.409 -2.944 3.926 -1.865 0.443 2.244 -2.035 0.633 -0.419 -3.163 -1.883 -1.745 -2.018 -1.917 -0.244
273 L -1.526 -2.172 -3.348 -3.606 -0.136 -2.626 -3.291 -3.368 -2.299 2.019 4.014 -2.464 2.147 0.847 -3.59 -3.144 -1.566 -1.636 -1.042 1.12
274 F -1.483 0.565 -1.282 -1.736 -1.66 -0.672 -1.001 -2.008 -0.521 -0.681 -0.51 2.678 -0.424 4.626 -2.749 -1.76 -1.655 -0.374 1.444 -1.158
275 S 1.484 -1.017 0.321 1.751 -0.141 -0.779 -0.42 -0.225 -0.638 -1.897 -2.364 -0.504 -1.381 -2.121 -1.649 2.825 0.515 -2.725 -1.979 -1.273
276 N -0.681 -0.129 2.289 -0.61 -0.94 -0.626 -0.932 -1.3 3.255 0.691 -1.029 1.391 -0.625 -1.46 -2.438 0.096 -0.602 -2.454 -0.958 1.11
277 G -0.034 -0.817 -0.526 -1.242 -0.856 -1.201 -1.494 3.441 -1.1 -1.3 -0.209 0.66 -0.843 -1.46 -2.418 0.937 -0.714 2.734 -1.688 -1.416
278 S 1.082 -0.727 0.511 -0.234 0.087 -0.555 -0.541 -0.092 -0.446 -1.897 -2.314 -0.271 -1.172 -1.929 -1.461 3.212 1.025 -2.535 -1.741 -1.278
279 V -0.749 -2.777 -3.091 -3.173 0.105 -2.882 -3.263 -3.205 -2.811 3.871 1.334 -2.53 1.06 -0.074 -3.333 -2.653 -0.746 -2.284 -1.285 3.561
280 A 1.538 -1.961 1.018 -1.68 1.059 -2.082 -2.159 -1.185 -1.16 1.323 -0.107 -1.709 -0.134 2.801 -2.74 -1.037 -0.889 -1.46 0.041 1.788
281 Y -0.608 -0.468 1.565 -0.915 -1.21 -0.812 -1.121 -1.289 1.028 -1.564 -1.776 0.792 -1.147 1.339 -2.412 0.92 -0.596 0.412 4.537 -1.459
282 L -0.78 -2.427 -2.236 -2.705 4.612 -2.691 -2.833 -2.354 -1.756 1.578 1.198 -2.367 0.444 3.547 -3.293 -0.57 -0.963 -1.111 0.462 1.679
283 L -1.792 -2.444 -3.171 -3.514 -0.535 -3.001 -3.386 -3.241 -1.838 1.573 3.345 -2.735 1.546 3.929 -3.852 -3.049 -1.481 -0.724 0.725 0.667
284 L 0.826 -1.865 -1.687 -2.118 0.039 -1.919 -2.14 -1.587 -1.771 1.989 1.998 -1.616 0.816 -0.338 -2.595 0.48 -0.234 -2.21 -1.451 1.665
285 L -1.382 -2.312 -3.366 -3.613 -0.146 -2.713 -3.32 -3.39 -2.47 2.182 3.822 -2.539 1.894 0.605 -3.608 -3.086 -1.451 -1.825 -1.163 1.827
286 L -1.526 -2.172 -3.348 -3.606 -0.136 -2.626 -3.291 -3.368 -2.299 2.019 4.014 -2.464 2.147 0.847 -3.59 -3.144 -1.566 -1.636 -1.042 1.12
287 F -0.465 -2.292 -1.754 -2.307 -0.645 -2.531 -2.656 1.167 -1.4 1.386 1.154 -2.126 0.304 3.925 -3.195 -0.417 -0.907 -0.842 0.7 0.426
288 L -1.136 -2.278 -2.978 -3.282 -0.347 -2.389 -3.084 -3.126 -1.096 2.784 2.613 -2.295 2.613 1.023 -3.47 -2.733 -1.376 -0.807 2.107 1.771
289 L -1.28 -2.499 -3.094 -3.292 -0.371 -2.695 -3.306 -3.132 -1.947 3.101 2.512 -2.5 2.751 2.707 -3.637 -2.849 -1.443 -1.257 -0.036 1.641
290 G 1.349 -2.006 -1.085 -1.707 4.616 -1.939 -2.165 3.369 -1.566 -0.923 -0.015 -1.532 -0.748 -1.603 -2.45 0.366 -0.883 -2.498 -2.264 -0.808
291 I -0.607 -1.87 -1.307 -1.928 -0.273 -1.859 -2.177 -2.065 -0.84 2.665 0.284 -1.568 0.51 0.343 -2.586 0.125 1.838 -1.041 2.011 1.405
292 L -1.179 -1.993 -2.301 -2.81 -0.525 -1.919 -2.828 0.986 -1.37 1.527 1.999 -1.992 4.293 2.417 -3.458 -2.256 -1.478 -1.167 -0.186 0.642
293 L -1.54 -2.294 -3.051 -3.351 -0.366 -2.574 -3.213 -3.162 -1.91 2.296 3.219 -2.446 2.79 2.599 -3.654 -2.595 -1.516 -1.228 -0.11 1.155
294 F 1.091 -2.382 -2.556 -2.799 -0.267 -2.665 -2.689 -1.758 -1.508 1.498 0.893 -2.241 0.353 4.262 -3.083 -1.58 -0.941 -0.673 1.032 1.492
295 L -1.455 -2.511 -3.278 -3.512 -0.288 -2.928 -3.389 -3.325 -2.241 2.523 3.189 -2.669 1.564 2.566 -3.699 -3.058 -1.479 -1.341 -0.148 1.921
296 C 1.576 -2.418 -2.663 -2.85 6.395 -2.473 -2.725 -1.536 -2.298 1.447 1.046 -2.116 0.249 -0.883 -2.728 -1.261 -0.948 -2.534 -1.812 1.737
297 L -1.484 -2.335 -3.393 -3.623 -0.183 -2.744 -3.37 -3.427 -2.45 2.326 3.877 -2.556 1.931 0.649 -3.635 -3.151 -1.516 -1.804 -1.159 1.586
298 F 1.56 -1.785 -1.225 -1.725 -0.322 -1.897 -1.799 -0.879 -0.876 -0.612 -0.622 -1.492 -0.511 4.367 -2.477 1.115 -0.537 -0.657 1.088 -0.593
299 F -2.32 -2.882 -2.846 -3.3 -1.36 -3.85 -3.468 -2.86 -0.814 0.291 0.579 -3.29 0.216 6.492 -4.434 -3.016 -2.356 0.866 2.945 -0.493
300 L -1.355 -2.48 -3.127 -3.472 4.61 -2.751 -3.331 -3.172 -1.295 2.222 2.821 -2.561 1.247 0.929 -3.536 -2.8 -1.519 -0.918 2.047 1.35
301 L -0.539 -1.592 -1.018 -1.747 -0.208 -1.736 -1.973 -1.799 -1.451 0.455 1.574 -1.442 0.461 2.145 -2.459 0.418 2.553 -1.482 -0.351 0.189
302 V -0.741 -1.226 -1.833 -1.404 -0.694 0.939 0.716 -2.578 -0.413 1.734 0.997 -0.948 0.408 0.289 -2.895 -1.9 -1.13 -1.026 2.042 2.081
303 P -0.999 -0.932 2.342 1.706 -1.813 1.041 0.389 1.66 -0.274 -2.671 -2.96 -0.427 -2.062 -2.915 3.401 -0.916 -1.231 -3.186 -2.406 -2.439
304 L -1.449 -2.551 -3.243 -3.468 -0.307 -2.936 -3.391 -3.304 -2.198 2.696 2.966 -2.67 1.659 2.725 -3.699 -3.028 -1.453 -1.296 -0.045 1.997
305 W -2.332 -2.179 -2.745 -3.419 -2.141 -2.403 -2.765 -2.666 0.629 -1.427 -1.38 -2.432 -1.079 2.221 -4.405 -2.996 -2.491 9.18 5.025 -1.697
306 S 0.133 -1.233 -0.01 1.801 -0.685 -0.701 0.892 1.748 -0.785 -0.776 -1.911 -0.668 -1.268 -2.03 -2.104 1.63 -0.169 -2.674 -2.114 0.189
307 D 1.139 -1.242 -0.045 3.297 -1.008 -0.546 1.488 -0.842 -0.658 -2.118 -2.573 -0.524 -1.857 -2.575 1.875 0.445 -0.758 -3.074 -2.338 -1.603
308 Y -1.429 0.021 -0.653 1.372 -1.977 1.784 -0.156 -1.997 1.056 -1.639 -1.744 1.433 -1.03 1.242 -1.547 -1.51 -1.572 0.41 4.535 -1.642
309 L -1.899 -2.667 -3.194 -3.492 -0.684 -3.262 -3.504 -3.237 -1.694 2.038 2.716 -2.906 1.247 4.622 -3.991 -3.162 -1.877 -0.425 1.235 0.844
310 L -1.13 -2.22 -2.628 -3.03 -0.106 -2.496 -2.998 -3.009 -2.364 2.493 3.119 -2.252 1.507 0.266 -3.24 -2.144 0.538 -1.963 -1.277 1.971
311 E -0.255 -0.736 -0.31 -0.196 -1.147 -0.087 1.879 -1.51 4.846 -0.747 -0.014 -0.451 -0.509 -1.176 -2.304 0.512 -0.865 -2.081 -0.328 -0.902
312 A 3.852 -1.457 -1.635 -1.66 0.707 -1.293 -1.271 0.401 -1.184 -0.803 -1.294 -0.822 -0.846 -1.821 -1.448 0.482 -0.395 -2.413 -1.728 0.166
313 L -1.053 -1.356 -2.333 -2.787 -0.141 -1.024 -2.326 -2.556 -0.941 1.63 2.162 -1.425 5.47 0.495 -3.215 -1.989 -1.019 -1.279 -0.805 1.017
314 K -0.799 2.121 -0.241 -0.695 -1.95 0.834 0.34 -1.315 -0.216 -2.096 -2.213 4.42 -1.197 -2.779 -1.66 -0.854 -1.055 -2.522 -1.762 -1.972
315 K -0.799 2.121 -0.241 -0.695 -1.95 0.834 0.34 -1.315 -0.216 -2.096 -2.213 4.42 -1.197 -2.779 -1.66 -0.854 -1.055 -2.522 -1.762 -1.972
316 F 0.307 -2.64 -2.801 -3.032 -0.372 -2.98 -3.0 -2.279 -1.663 2.183 0.62 -2.551 0.387 4.48 -3.41 -2.106 -1.306 -0.61 1.167 2.156
317 L -1.27 -1.684 -2.681 -3.079 -0.234 -1.506 -2.676 -2.863 -1.373 1.83 2.731 -1.786 5.252 0.484 -3.409 -2.368 -1.242 -1.487 -0.973 1.04
318 R 0.273 2.833 1.99 2.551 -1.496 -0.245 -0.195 -1.053 -0.215 -1.816 -2.248 1.549 -1.541 -2.462 -2.314 -0.768 -1.082 -2.762 -2.121 -1.22
319 T -0.837 -0.708 -1.054 -1.042 -0.681 -0.834 0.498 -2.054 -1.104 1.354 -0.32 0.721 -0.214 1.924 -2.406 -0.77 1.997 -1.647 -0.434 0.87
320 I -0.55 -1.462 -1.384 -1.807 -0.26 0.637 -1.498 -2.111 -1.472 3.02 0.453 -1.15 0.441 -0.739 -2.658 -0.081 0.912 -2.333 -1.476 2.109
321 E -1.153 2.034 -0.222 0.156 -2.26 2.788 2.624 -1.809 3.489 -2.581 -2.399 1.499 -1.195 -2.436 -2.23 -1.043 -1.387 -2.241 -0.947 -2.202
322 G -0.933 -0.681 1.868 -0.215 -1.821 1.221 0.9 2.02 3.367 -2.598 -2.634 -0.429 -1.607 -1.491 -2.696 -0.424 -1.292 5.249 -0.355 -2.403
323 Y -1.128 -1.105 -1.314 -2.026 -1.5 0.83 -1.252 -2.178 1.608 -1.184 -1.285 -1.016 -0.777 2.46 -2.874 -0.347 -1.31 1.487 5.891 -1.197
324 F -2.405 -2.967 -2.931 -3.385 -1.445 -3.935 -3.553 -2.945 -0.899 0.206 0.494 -3.375 0.131 6.622 -4.519 -3.101 -2.441 0.781 2.86 -0.578
325 L -1.124 -2.192 -2.394 -2.812 -0.333 -2.503 -2.847 -2.642 -1.843 2.1 3.061 -2.228 1.402 2.506 -3.336 -0.78 -1.123 -1.356 -0.189 0.97
326 S -0.128 1.554 -0.543 -1.19 -0.546 -0.704 -1.074 -1.311 -0.894 1.7 -0.564 1.143 -0.318 -1.347 -2.209 1.507 0.07 -2.459 -1.69 0.433
327 F -1.254 -2.05 -1.761 -2.443 -0.945 -2.216 -2.459 -2.392 0.301 1.091 -0.102 -1.991 -0.146 4.118 -3.153 -0.771 0.453 0.708 4.381 0.146
328 D -1.15 -1.715 0.245 4.395 -1.327 -1.241 0.232 -1.541 -1.094 -0.621 -1.933 -1.068 -1.552 -2.308 1.777 -0.92 0.564 -3.273 -2.507 0.17
329 A 2.485 -1.088 -0.382 2.83 -0.365 0.957 -0.09 -0.435 -0.758 -0.819 -1.735 -0.552 -1.137 -2.202 -1.917 -0.193 -0.36 -2.721 -2.038 -0.566
330 S 2.201 -0.975 -0.003 -0.626 0.205 -0.806 -0.789 -0.014 -0.696 -1.62 -2.063 -0.477 -1.145 -1.965 -1.523 2.856 0.634 -2.567 -1.804 -0.871
331 K -1.324 2.209 2.064 -0.732 -1.697 -0.051 -0.598 -1.544 0.113 -1.126 -0.025 2.883 -0.586 -0.771 -2.414 -1.191 -1.206 -1.58 1.038 -1.377
332 G 1.677 -1.485 -0.435 -1.136 -0.147 -1.374 -1.533 2.978 -1.242 -1.388 -1.965 -0.981 -1.302 -2.067 -1.929 1.127 1.92 -2.456 -2.145 -0.772
333 N -0.916 -0.619 4.975 0.785 -1.217 -0.68 -0.855 -0.359 0.476 -2.16 -2.697 -0.431 -1.789 -2.255 -2.333 0.816 1.094 -2.851 -2.039 -1.848
334 R -1.605 5.638 -0.533 -1.635 -2.33 0.447 -0.632 -2.199 0.028 -2.682 -2.099 1.948 -1.295 -2.543 -2.775 -1.477 -1.525 -2.305 -1.843 -2.233
335 W -1.581 -1.578 -1.185 -1.579 -1.416 -1.286 0.229 -2.373 0.81 -0.62 0.279 -1.456 -0.386 1.235 -3.254 -1.728 0.242 7.251 3.627 -0.878
336 D 0.114 -1.571 1.371 4.719 -1.639 -1.106 0.248 -1.051 0.059 -2.072 -2.588 -1.004 -2.005 -0.551 -2.387 -0.885 -1.334 -1.411 2.026 -1.928
337 I -1.471 -3.022 -3.348 -3.31 -0.221 -3.192 -3.7 -3.536 -2.722 4.434 2.137 -2.72 1.34 0.243 -3.59 -3.159 -1.213 -2.173 -1.322 2.595
338 D 0.321 -0.883 -0.188 3.178 -1.655 0.644 2.571 -1.399 0.248 -2.094 -2.353 -0.246 -1.646 -0.698 -1.269 -0.872 -1.337 -1.321 1.853 -1.717
339 W -2.721 -2.454 -3.237 -3.691 -2.405 -2.895 -3.04 -2.437 -1.205 -1.925 -1.721 -2.862 -1.351 1.057 -5.479 -3.426 -2.766 10.681 2.098 -2.299
340 G -0.235 -1.086 1.76 0.239 -1.432 -0.38 1.747 3.673 -0.342 -2.84 -3.056 -0.481 -2.114 -2.555 -2.31 0.45 -0.926 -2.583 -2.422 -2.374
341 G -0.012 -0.548 -0.276 -1.045 -0.63 -0.869 -1.146 1.701 -0.275 -1.429 -1.894 0.827 -1.174 -0.459 -2.033 1.295 1.838 -1.143 1.9 -1.078
342 A 1.557 -2.084 -1.992 -2.156 0.011 -2.05 -2.163 -1.416 -1.953 2.347 0.053 -1.566 0.004 -1.056 1.771 -0.839 0.772 -2.604 -1.711 1.846
343 G 1.26 -1.538 -0.251 1.504 -0.474 -1.38 -0.974 1.681 -0.892 -1.404 -1.445 -1.055 -1.155 1.738 -2.153 1.495 -0.127 -1.86 -0.693 -1.155
344 D -1.657 -1.493 0.94 5.307 -2.349 -0.905 0.64 0.388 3.229 -2.819 -3.414 -0.942 -2.512 -2.573 -2.455 -1.108 -1.621 -3.116 -1.784 -2.959
345 F -2.17 -2.434 -2.593 -3.256 -1.601 -2.857 -3.02 -2.97 0.725 -0.209 -0.049 -2.674 -0.216 5.617 -3.988 -2.832 -2.318 1.497 5.2 -0.771
346 F -1.883 -2.795 -3.008 -3.405 -0.94 -3.519 -3.436 -3.024 -1.304 1.061 1.433 -3.098 0.586 5.774 -4.171 -2.999 -1.964 0.211 2.155 1.021
347 Y 1.323 -0.648 1.192 0.701 -0.966 -0.97 -1.001 -1.006 0.705 -1.374 -1.665 0.722 -1.181 0.965 -2.344 -0.797 -1.185 0.063 4.061 -1.059
348 N -1.737 -0.477 5.416 0.979 -1.982 -0.543 -0.763 -0.401 3.658 -2.776 -3.136 -0.429 -2.085 -2.172 -2.681 -0.357 -0.718 -2.766 -1.213 -2.695
349 L -1.544 -2.434 -3.084 -3.303 -0.371 -2.587 -3.288 -3.22 -1.913 3.069 2.568 -2.458 3.128 2.54 -3.661 -2.9 -1.435 -1.283 -0.123 1.63
350 G -0.735 -2.073 -1.646 -2.177 -0.881 -2.119 -2.371 1.142 -0.798 0.919 -0.408 -1.753 -0.56 0.267 1.651 -1.348 0.887 5.349 2.218 0.256
351 W -2.721 -2.454 -3.237 -3.691 -2.405 -2.895 -3.04 -2.437 -1.205 -1.925 -1.721 -2.862 -1.351 1.057 -5.479 -3.426 -2.766 10.681 2.098 -2.299
352 G 0.019 -2.428 -0.511 -1.394 -1.391 -2.266 -2.693 5.875 -1.547 -3.286 -3.532 -1.722 -2.738 -2.749 -2.85 -1.073 -1.99 -2.511 -3.219 -2.935
353 I -1.144 -2.741 -2.809 -3.041 -0.309 -2.995 -3.235 -2.991 -2.123 3.419 1.441 -2.594 0.888 3.07 -3.522 -1.881 -1.09 -1.299 0.188 2.571
354 P -0.283 -2.233 -2.273 -2.125 -1.145 -2.312 -2.109 -1.955 -1.512 -0.725 -1.192 -1.615 -0.74 2.435 5.263 -1.71 -1.488 2.777 -0.099 -0.395
355 I 1.47 -2.3 -2.556 -2.718 -0.006 -2.286 -2.541 -1.734 -1.095 2.857 0.488 -1.941 0.359 0.393 -2.755 -1.46 -0.907 -1.095 2.024 2.424
356 S 0.997 -0.812 0.426 -0.319 0.002 -0.641 -0.626 -0.177 -0.531 -1.982 -2.399 -0.356 -1.258 -2.014 -1.546 3.495 0.94 -2.62 -1.826 -1.363
357 I -1.451 -3.152 -3.335 -3.259 -0.221 -3.269 -3.75 -3.548 -2.774 4.668 1.678 -2.746 1.218 0.159 -3.577 -3.149 -1.154 -2.245 -1.352 2.766
358 I -1.207 -3.052 -3.271 -3.249 -0.127 -3.159 -3.599 -3.449 -2.817 4.457 1.488 -2.696 1.127 0.046 -3.513 -2.989 -1.024 -2.291 -1.356 3.125
359 G 0.019 -2.428 -0.511 -1.394 -1.391 -2.266 -2.693 5.875 -1.547 -3.286 -3.532 -1.722 -2.738 -2.749 -2.85 -1.073 -1.99 -2.511 -3.219 -2.935
360 P -1.079 -2.195 -2.12 -1.828 -1.516 -2.212 -1.896 -2.049 -1.553 -1.843 -2.047 -1.366 -1.925 1.499 6.298 -1.702 -1.545 -2.947 -0.946 -1.93
361 T -0.183 -1.164 -0.21 -1.085 0.051 -1.174 -1.449 -1.4 -1.484 -0.295 -1.128 -0.862 -0.603 -1.651 -1.758 0.634 4.447 -2.256 -1.777 0.158
362 L -2.065 -2.363 -3.329 -3.68 -1.012 -2.825 -3.233 -2.956 -1.763 0.769 2.685 -2.706 0.971 1.48 -4.349 -3.307 -2.106 8.292 0.856 -0.031
363 S 0.128 -0.511 2.601 -0.219 -0.467 -0.862 -0.987 -0.586 -0.163 -1.076 -0.115 -0.566 -0.617 -1.077 -2.091 2.286 0.257 -2.143 -0.314 -1.083
364 E -0.99 -0.193 -0.409 1.447 -2.482 1.275 4.653 -2.02 0.322 -2.835 -2.774 0.606 -1.824 -2.679 -1.952 -0.862 -1.372 -2.458 -1.979 -2.205
365 A 2.399 -1.695 -1.495 -1.889 0.365 -1.641 -1.773 -0.818 -1.741 0.96 -0.461 -1.277 -0.245 -1.341 -2.024 -0.014 1.707 -2.431 -1.664 2.091
366 L -1.549 -2.503 -3.38 -3.527 -0.221 -2.842 -3.473 -3.468 -2.475 3.132 3.515 -2.589 1.967 0.572 -3.636 -3.178 -1.469 -1.876 -1.194 1.721
367 N 0.356 0.167 3.65 0.779 -1.484 1.505 1.214 -0.672 0.369 -2.29 -2.527 1.332 -1.534 -2.538 -2.17 -0.381 -0.8 -2.7 -1.921 -1.837
368 R -1.629 5.252 -0.382 -1.54 -2.341 0.359 -0.623 -2.133 3.4 -2.69 -2.173 1.68 -1.3 -2.248 -2.781 -1.501 -1.623 -2.18 -1.025 -2.342
369 P 0.654 -2.196 -2.128 -2.215 -0.371 -2.241 -2.196 -1.757 -1.754 1.393 -0.257 -1.71 -0.292 1.906 3.37 -0.759 -0.873 -2.066 -0.525 1.799
370 V -0.798 -2.693 -3.163 -3.302 0.052 -2.852 -3.257 -3.245 -2.827 3.541 1.834 -2.562 1.124 -0.06 -3.405 -2.706 -0.854 -2.277 -1.322 3.558
371 L -1.652 -1.953 -2.701 -3.301 -0.806 -2.06 -2.799 -3.131 0.414 0.965 2.53 -2.118 2.437 2.08 -3.504 -2.725 -1.77 0.656 4.596 0.295
372 L 0.468 -2.313 -2.833 -3.063 -0.338 -2.603 -2.906 -2.185 -1.618 1.701 2.387 -2.306 1.822 3.686 -3.308 -2.066 -1.497 -0.871 0.587 0.774
373 P -0.907 -2.084 -2.004 -1.635 -1.528 -2.004 -1.693 -1.923 -1.678 -2.388 -2.821 -1.135 -2.474 -3.406 6.733 -1.523 -1.419 -4.62 -2.706 -2.233
374 F 0.428 -2.55 -2.754 -3.03 -0.283 -2.881 -2.889 -2.22 -1.685 1.631 0.47 -2.505 0.299 4.46 -3.357 -2.006 -1.19 -0.628 1.167 2.53
375 F -2.277 -2.854 -2.998 -3.427 -1.235 -3.725 -3.527 -3.013 -1.07 0.526 1.39 -3.242 0.499 6.24 -4.382 -3.119 -2.314 0.531 2.533 -0.285
376 I -1.254 -3.075 -3.283 -3.249 -0.146 -3.183 -3.63 -3.469 -2.81 4.507 1.512 -2.706 1.141 0.067 -3.525 -3.02 -1.048 -2.284 -1.356 3.061
377 E -1.043 -0.276 -0.268 2.13 -2.479 1.163 4.501 -1.953 0.264 -2.832 -2.823 0.521 -1.882 -2.7 -1.98 -0.873 -1.38 -2.526 -2.047 -2.251
378 G 0.019 -2.428 -0.511 -1.394 -1.391 -2.266 -2.693 5.875 -1.547 -3.286 -3.532 -1.722 -2.738 -2.749 -2.85 -1.073 -1.99 -2.511 -3.219 -2.935
379 C -0.764 -2.838 -2.506 -2.909 7.432 -2.925 -3.334 -2.546 -2.659 2.661 0.309 -2.534 0.118 -0.917 -3.101 -1.663 0.595 -2.672 -1.979 1.595
380 L -1.615 -2.77 -3.293 -3.423 -0.376 -3.141 -3.568 -3.4 -2.257 3.434 2.678 -2.76 1.401 2.717 -3.738 -3.152 -1.486 -1.345 -0.07 1.916
381 A 2.574 -1.077 1.677 -0.541 0.071 -0.956 -0.977 0.356 -0.566 -1.57 -2.027 -0.607 -1.255 -2.042 -1.701 2.021 0.164 -2.626 -1.889 -0.797
382 F -2.111 -2.706 -3.092 -3.485 -0.969 -3.459 -3.492 -3.108 -1.323 0.914 2.293 -3.068 0.939 5.614 -4.204 -3.144 -2.149 0.149 2.014 0.075
383 I -0.011 -2.277 -1.913 -2.349 -0.353 -2.445 -2.583 -2.048 -1.566 2.582 0.558 -2.033 0.625 3.546 -2.974 -0.594 0.657 -1.048 0.5 1.31
384 L -1.359 -2.073 -2.69 -3.142 -0.181 -2.435 -3.009 -3.055 -2.237 1.703 3.782 -2.239 1.802 0.518 -3.31 -2.254 0.405 -1.792 -1.211 0.925
385 L -1.427 -1.995 -3.028 -3.346 -0.228 -2.068 -3.022 -3.148 -1.851 2.125 3.412 -2.151 4.057 0.595 -3.534 -2.763 -1.412 -1.627 -1.06 1.164
386 I -1.232 -2.776 -3.094 -3.187 -0.352 -2.876 -3.431 -3.182 -2.104 3.93 1.585 -2.568 2.464 2.438 -3.601 -2.851 -1.289 -1.456 -0.194 2.197
387 V -1.087 -2.519 -2.965 -3.274 -0.29 -2.662 -3.117 -3.22 -0.993 3.068 1.606 -2.454 0.887 1.318 -3.446 -2.724 -1.15 -0.602 2.779 2.861
388 I -0.615 -1.958 -1.424 -1.986 -0.126 -2.019 -2.31 -2.119 -1.876 2.89 1.347 -1.667 0.661 0.079 -2.632 0.075 1.847 -2.127 -1.326 1.514
389 F -0.727 -2.406 -1.955 -2.457 4.594 -2.641 -2.69 -2.139 -1.532 1.618 0.337 -2.27 0.101 4.005 -3.215 -0.068 -0.873 -0.912 0.779 1.306
390 Y -1.485 -2.39 -2.731 -3.371 6.28 -2.553 -3.049 -2.733 0.278 -0.332 0.495 -2.491 -0.278 1.98 -3.641 -2.47 -1.921 5.562 4.574 -0.605
391 L -1.387 2.834 -1.414 -2.039 -1.141 -0.449 -1.179 -2.402 -0.94 0.306 2.194 2.207 0.68 -0.652 -2.772 -1.933 -1.467 -2.108 -1.505 -0.297
392 L -1.641 -2.272 -3.387 -3.668 -0.279 -2.729 -3.363 -3.425 -2.139 1.854 4.031 -2.563 1.978 1.432 -3.696 -3.21 -1.685 -1.441 -0.225 0.963
393 Y -1.026 -2.078 -2.124 -2.76 -0.575 -2.118 -2.559 -2.783 0.298 1.957 0.107 -1.992 0.098 1.709 -3.082 -1.821 0.537 0.486 4.567 2.134
394 K -0.855 3.167 -0.622 -1.329 4.458 0.043 -0.598 -1.696 -0.618 -1.72 -1.868 2.969 -1.164 -2.446 -2.2 -0.707 0.584 -2.557 -1.966 -1.401
395 F -0.35 -1.661 -0.978 -1.559 -0.401 -1.729 -1.477 -1.547 -1.089 0.463 0.763 -1.452 0.103 3.485 -2.595 1.175 0.982 -1.051 0.471 0.173
396 T 0.042 -1.681 -0.844 -1.517 4.679 -1.641 -1.82 -1.435 -1.632 1.409 -0.46 -1.331 -0.265 -1.274 -2.26 1.25 1.964 -2.525 -1.792 1.364
397 K -1.173 2.534 2.386 -0.172 -2.086 0.473 0.483 -1.237 0.773 -2.421 -2.481 3.553 -1.5 -2.673 -2.09 -0.842 -1.081 -2.623 -1.802 -2.229
398 E -1.102 -0.329 1.708 1.97 -1.318 -0.227 1.539 -1.559 -0.44 0.8 -1.187 1.154 -0.876 -1.808 -2.27 -0.759 0.793 -2.627 -1.958 -0.22
399 N -1.704 -0.871 4.186 0.786 -1.921 -0.608 0.846 -1.075 0.799 -1.832 -1.925 -0.643 -1.479 2.225 -2.818 -0.86 -1.085 -0.799 2.32 -1.928
400 P 0.089 -0.672 1.321 -0.991 -0.751 0.832 -0.996 -1.404 -0.792 0.257 -1.175 -0.641 -0.787 -1.973 3.401 -0.393 -0.462 -2.988 -1.885 1.148
401 K -1.263 0.622 -1.214 -1.602 -1.328 1.25 -0.563 -2.083 -0.645 -0.071 1.228 2.68 0.267 2.201 -2.583 -1.674 -1.418 -1.502 -0.217 -0.459
402 Y -1.817 -2.004 -2.334 -3.115 -1.532 -2.02 -2.59 -3.075 1.678 0.89 -0.437 -2.046 -0.379 2.991 -3.428 -2.591 -1.992 1.893 6.383 -0.084
403 R 0.279 4.298 1.604 -0.903 -1.593 0.163 -0.584 -1.254 -0.03 -2.287 -2.151 2.176 -1.356 -2.481 -2.373 -0.852 -1.139 -2.479 -1.884 -1.792
404 K -0.135 0.914 -0.058 -0.634 -0.973 1.565 0.024 -1.018 -0.338 -1.793 -2.098 2.897 -1.048 -2.429 -1.756 1.27 1.072 -2.511 -1.761 -1.411
405 L -1.695 -2.567 -3.214 -3.465 -0.481 -2.958 -3.427 -3.358 -1.561 2.784 2.941 -2.674 1.43 2.915 -3.744 -3.128 -1.638 -0.784 1.517 1.397
406 F -1.6 -2.989 -3.107 -3.306 -0.596 -3.436 -3.544 -3.202 -1.843 3.212 1.072 -2.954 0.721 4.542 -3.886 -3.001 -1.516 -0.577 1.193 2.158
407 I -1.421 -2.452 -2.749 -3.18 -0.711 -2.505 -3.013 -3.228 0.226 3.072 0.635 -2.338 0.442 1.862 -3.452 -2.74 -1.426 0.497 4.574 2.085
408 W -2.411 -2.677 -3.116 -3.534 -1.609 -3.309 -3.313 -2.773 -1.191 0.157 0.536 -3.044 -0.082 4.759 -4.751 -3.249 -2.433 8.342 2.239 -0.716
409 G 0.706 -1.654 -0.137 -0.933 -0.68 -1.487 -1.657 4.518 -1.096 -2.596 -2.939 -1.08 -1.994 -2.407 -2.218 1.621 -0.432 -2.553 -2.539 -2.069
410 F -2.325 -2.778 -2.814 -3.342 -1.496 -3.529 -3.364 -2.954 -0.251 0.074 0.324 -3.122 0.02 6.324 -4.331 -3.009 -2.4 1.04 3.865 -0.641
411 L -1.01 -2.283 -2.433 -2.765 -0.188 -2.482 -2.896 -2.72 -2.161 3.098 2.917 -2.177 1.438 0.258 -3.224 -0.78 -0.94 -2.031 -1.304 1.64
412 P -0.998 -2.108 -2.17 -1.853 -1.301 -2.095 -1.881 -2.098 -1.769 -1.226 -0.227 -1.299 -1.218 -2.309 6.301 -1.713 -1.451 -3.982 -2.421 -1.475
413 A 3.798 -1.436 -1.307 -1.503 0.53 -1.271 -1.251 0.239 -1.162 -1.033 -1.516 -0.832 -0.987 -1.932 -1.546 1.09 -0.239 -2.526 -1.826 -0.098
414 L -0.979 -2.476 -3.125 -3.405 -0.109 -2.791 -3.175 -3.152 -2.338 2.309 2.482 -2.586 1.44 2.42 -3.55 -2.738 -1.124 -1.471 -0.175 2.968
415 L -1.115 -2.692 -3.263 -3.373 -0.072 -2.915 -3.397 -3.362 -2.71 3.602 2.505 -2.603 1.383 0.196 -3.505 -2.92 -1.088 -2.136 -1.284 2.956
416 L -1.449 -2.591 -3.213 -3.313 -0.224 -2.704 -3.42 -3.377 -2.352 3.787 2.636 -2.484 2.725 0.371 -3.564 -2.992 -1.277 -1.957 -1.221 2.152
417 G -0.485 -2.703 -1.402 -2.05 -0.807 -2.638 -3.076 4.343 -2.019 2.385 -0.298 -2.11 -0.424 -1.181 -3.128 -1.769 -1.569 -2.406 -2.271 0.968
418 L -1.588 -2.371 -3.419 -3.624 -0.221 -2.786 -3.428 -3.467 -2.438 2.531 3.898 -2.577 1.953 0.682 -3.661 -3.217 -1.574 -1.792 -1.159 1.361
419 L -1.422 -1.915 -2.997 -3.347 -0.228 -1.98 -2.964 -3.113 -1.779 1.783 3.498 -2.102 4.225 0.624 -3.528 -2.725 -1.429 -1.581 -1.037 0.99
420 I -0.746 -2.347 -2.256 -2.557 -0.116 -2.295 -2.768 -2.584 -2.075 3.717 1.255 -2.048 2.36 -0.125 -3.106 -0.629 -0.65 -2.187 -1.348 2.554
421 H -1.758 -0.453 3.882 0.145 -2.186 -0.385 -0.666 -1.005 6.678 -2.754 -2.891 -0.626 -1.684 -1.481 -2.75 -0.932 -1.401 -2.079 0.52 -2.893
422 Y -1.883 -1.848 -2.196 -3.093 -1.823 -1.854 -2.434 -3.003 2.034 -0.874 -0.981 -1.944 -0.753 3.277 -3.404 -2.508 -2.16 2.238 6.799 -1.05
423 P -0.907 -2.084 -2.004 -1.635 -1.528 -2.004 -1.693 -1.923 -1.678 -2.388 -2.821 -1.135 -2.474 -3.406 6.733 -1.523 -1.419 -4.62 -2.706 -2.233
424 F 0.131 -2.559 -2.798 -3.106 -0.601 -3.054 -3.02 -2.255 -1.364 0.962 1.286 -2.635 0.474 5.195 -3.578 -2.191 -1.645 -0.153 1.698 1.08
425 G 0.01 -2.443 -0.541 -1.42 0.355 -2.285 -2.712 5.826 -1.568 -3.217 -3.465 -1.742 -2.7 -2.736 -2.857 -1.084 -1.978 -2.524 -3.212 -2.867
426 I -1.41 -2.899 -3.337 -3.347 -0.193 -3.103 -3.618 -3.497 -2.695 4.172 2.399 -2.686 1.404 0.274 -3.579 -3.117 -1.217 -2.132 -1.301 2.584
427 F -2.277 -2.854 -2.998 -3.427 -1.235 -3.725 -3.527 -3.013 -1.07 0.526 1.39 -3.242 0.499 6.24 -4.382 -3.119 -2.314 0.531 2.533 -0.285
428 N -1.731 -0.486 5.788 1.211 -1.917 -0.598 -0.796 -0.225 0.898 -2.783 -3.222 -0.367 -2.232 -2.445 -2.658 -0.189 -0.522 -3.037 -2.14 -2.631
429 P -0.979 -2.217 -2.161 -1.817 -1.301 -2.155 -1.912 -2.107 -1.812 0.283 -1.614 -1.317 -1.571 -2.548 6.302 -1.706 -1.378 -4.139 -2.47 -0.75
430 G 0.019 -2.428 -0.511 -1.394 -1.391 -2.266 -2.693 5.875 -1.547 -3.286 -3.532 -1.722 -2.738 -2.749 -2.85 -1.073 -1.99 -2.511 -3.219 -2.935
431 S 2.057 -0.968 0.05 -0.595 0.154 -0.798 -0.782 -0.058 -0.689 -1.693 -2.132 -0.477 -1.182 -1.992 -1.546 3.016 0.665 -2.594 -1.826 -0.962
432 A 3.714 -1.54 -1.823 -1.895 0.502 -1.351 -1.498 0.026 -1.246 -0.401 -0.568 -0.998 1.597 -1.451 -1.741 0.136 -0.574 -2.319 -1.675 0.206
433 L -1.113 -2.708 -3.262 -3.366 -0.072 -2.925 -3.403 -3.364 -2.717 3.648 2.451 -2.606 1.366 0.184 -3.504 -2.919 -1.08 -2.146 -1.289 2.978
434 R -1.605 5.638 -0.533 -1.635 -2.33 0.447 -0.632 -2.199 0.028 -2.682 -2.099 1.948 -1.295 -2.543 -2.775 -1.477 -1.525 -2.305 -1.843 -2.233
435 Y -1.883 -1.848 -2.196 -3.093 -1.823 -1.854 -2.434 -3.003 2.034 -0.874 -0.981 -1.944 -0.753 3.277 -3.404 -2.508 -2.16 2.238 6.799 -1.05
436 K -0.897 2.023 -0.339 -0.793 -2.048 0.736 0.242 -1.413 -0.314 -2.194 -2.311 4.664 -1.295 -2.877 -1.758 -0.952 -1.153 -2.62 -1.86 -2.07
437 Q -0.953 0.936 -0.164 -0.428 -1.982 5.123 1.321 -1.55 0.698 -2.311 -2.062 1.151 -0.474 -3.03 -2.222 -0.825 -1.046 -2.256 -1.356 -1.858
438 N -0.09 -0.851 3.8 0.228 -0.622 -0.836 -0.942 -0.471 -0.022 -0.727 -1.885 -0.582 -1.195 -1.896 -2.192 1.858 0.197 -2.766 -1.881 0.208
439 L -1.54 -2.614 -3.39 -3.494 -0.221 -2.941 -3.534 -3.494 -2.548 3.447 3.316 -2.633 1.723 0.514 -3.632 -3.194 -1.424 -1.938 -1.223 1.919
440 T 1.873 -1.215 -0.457 -1.132 0.215 -1.15 -1.294 -0.631 -1.271 -0.655 -1.356 -0.8 -0.784 -1.776 -1.665 1.204 3.272 -2.377 -1.798 -0.043
441 P -0.907 -2.084 -2.004 -1.635 -1.528 -2.004 -1.693 -1.923 -1.678 -2.388 -2.821 -1.135 -2.474 -3.406 6.733 -1.523 -1.419 -4.62 -2.706 -2.233
442 L -1.612 -2.257 -3.433 -3.691 -0.221 -2.711 -3.376 -3.453 -2.384 1.934 4.15 -2.549 2.062 0.762 -3.675 -3.229 -1.651 -1.721 -1.127 1.035
443 L -1.632 -2.782 -3.215 -3.408 -0.479 -3.219 -3.525 -3.3 -2.024 3.058 2.356 -2.83 1.203 3.731 -3.818 -3.093 -1.554 -0.925 0.6 1.851
444 Y -1.883 -1.848 -2.196 -3.093 -1.823 -1.854 -2.434 -3.003 2.034 -0.874 -0.981 -1.944 -0.753 3.277 -3.404 -2.508 -2.16 2.238 6.799 -1.05
445 F -2.277 -2.854 -2.998 -3.427 -1.235 -3.725 -3.527 -3.013 -1.07 0.526 1.39 -3.242 0.499 6.24 -4.382 -3.119 -2.314 0.531 2.533 -0.285
446 Y -1.883 -1.848 -2.196 -3.093 -1.823 -1.854 -2.434 -3.003 2.034 -0.874 -0.981 -1.944 -0.753 3.277 -3.404 -2.508 -2.16 2.238 6.799 -1.05
447 P -0.907 -2.084 -2.004 -1.635 -1.528 -2.004 -1.693 -1.923 -1.678 -2.388 -2.821 -1.135 -2.474 -3.406 6.733 -1.523 -1.419 -4.62 -2.706 -2.233
448 L -1.385 -2.298 -3.367 -3.621 -0.146 -2.704 -3.314 -3.388 -2.463 2.105 3.856 -2.536 1.908 0.615 -3.609 -3.087 -1.46 -1.816 -1.159 1.794
449 L -1.612 -2.257 -3.433 -3.691 -0.221 -2.711 -3.376 -3.453 -2.384 1.934 4.15 -2.549 2.062 0.762 -3.675 -3.229 -1.651 -1.721 -1.127 1.035
450 L -1.27 -2.21 -3.028 -3.36 -0.253 -2.405 -3.08 -3.101 -1.899 1.931 2.87 -2.373 3.157 2.531 -3.598 -2.736 -1.345 -1.253 -0.101 1.968
451 L -1.469 -2.483 -3.224 -3.365 -0.224 -2.64 -3.375 -3.366 -2.306 3.464 2.973 -2.461 2.798 0.449 -3.577 -3.001 -1.338 -1.892 -1.193 1.939
452 A 3.432 -1.541 -1.125 -1.453 0.31 -1.376 -1.4 2.032 -1.197 -1.286 -1.751 -0.931 -1.188 -2.038 -1.7 0.959 -0.396 -2.526 -1.989 -0.395
453 C 1.539 1.039 -1.598 -2.187 6.349 -1.486 -1.932 -1.225 -0.636 -0.963 -1.303 -0.785 -0.968 -0.403 -2.401 -0.622 0.613 -1.241 1.879 -0.467
454 I -1.448 -3.172 -3.334 -3.252 -0.221 -3.28 -3.758 -3.55 -2.782 4.7 1.606 -2.75 1.2 0.147 -3.576 -3.147 -1.146 -2.256 -1.356 2.789
455 K -1.126 0.957 2.796 0.57 -2.129 0.617 2.171 -1.185 0.236 -2.519 -2.663 3.007 -1.671 -2.699 -2.031 -0.703 -1.027 -2.677 -1.966 -2.25
456 R -1.186 3.318 -0.657 -1.023 -1.789 1.676 0.442 -1.93 -0.231 0.273 -1.258 2.896 -0.687 -2.124 -2.336 -1.316 -1.255 -2.407 -1.708 -0.68
457 K -0.918 1.784 -1.208 -1.815 -1.112 -0.619 -1.179 -1.441 -0.079 1.176 -0.586 2.012 -0.367 0.25 -2.597 -0.882 -1.063 -0.759 2.668 0.979
458 K -1.134 1.6 2.916 -0.1 -1.97 0.364 -0.076 -1.056 0.067 -1.863 -2.383 3.783 -1.457 -2.651 -2.031 -0.746 -0.964 -2.72 -1.926 -1.993
459 A 1.364 -1.092 1.566 -0.299 -0.264 -0.692 0.682 -0.714 -0.609 0.122 -1.234 -0.63 -0.782 -1.697 -2.052 1.313 -0.088 -2.59 -1.781 1.042
460 L -0.939 0.248 1.052 -0.97 -1.033 1.479 -0.524 -1.664 -0.502 1.244 0.842 1.875 0.187 -1.139 -2.458 -0.489 -0.863 -2.338 -1.546 0.141
461 D -1.763 -1.574 1.213 5.811 -2.358 -0.858 1.065 -1.109 -0.522 -2.711 -3.477 -0.815 -2.683 -2.905 -2.275 -0.938 -1.398 -3.517 -3.029 -2.85
462 A 3.883 -1.469 -1.648 -1.673 0.694 -1.306 -1.284 0.388 -1.197 -0.816 -1.307 -0.834 -0.859 -1.834 -1.461 0.469 -0.408 -2.426 -1.741 0.153
463 G 0.104 -2.343 -0.426 -1.308 -1.306 -2.181 -2.608 5.796 -1.462 -3.201 -3.446 -1.636 -2.652 -2.664 -2.765 -0.988 -1.905 -2.426 -3.134 -2.85
464 L -1.526 -2.172 -3.348 -3.606 -0.136 -2.626 -3.291 -3.368 -2.299 2.019 4.014 -2.464 2.147 0.847 -3.59 -3.144 -1.566 -1.636 -1.042 1.12
465 I -1.362 -3.086 -3.248 -3.166 -0.136 -3.195 -3.672 -3.465 -2.697 4.483 1.691 -2.664 1.286 0.232 -3.49 -3.062 -1.06 -2.17 -1.271 2.875
466 A 2.532 -1.942 -2.227 -2.332 0.515 -1.885 -1.987 -0.835 -1.939 1.702 0.029 -1.517 0.103 -1.033 -2.2 -0.601 -0.437 -2.414 -1.511 2.772
467 R -1.426 3.614 -0.08 -1.587 0.959 -0.365 -1.131 -2.146 4.258 1.083 -0.794 0.596 -0.496 -1.275 -2.884 -1.377 -1.409 -2.115 -0.539 -0.139
468 I -0.545 0.438 -0.86 -1.609 -0.453 -1.319 -1.692 -1.814 2.217 2.346 -0.039 -0.843 0.028 -0.448 -2.513 0.473 1.205 -1.775 0.389 1.012
469 K -1.276 2.347 -0.102 1.535 -2.04 0.229 0.007 -1.617 3.299 -1.917 -1.667 3.211 -0.334 -1.29 -2.22 -1.22 -1.42 -2.326 -0.943 -2.003
470 R -0.603 2.832 -0.592 -1.264 -1.222 1.219 -0.534 1.917 -0.509 -0.947 -0.01 0.608 -0.511 -1.719 -2.555 0.016 -0.74 -2.293 -1.856 -1.188