#Seq2Logo.py -f /work3/idamei/wzy_ssn/run/1e-50/run/150/MSAs/0016_109.afa -o /work3/idamei/wzy_ssn/run/1e-50/run/150/logos/0016_109.logo
Last position-specific scoring matrix computed, values are in halfbits
A R N D C Q E G H I L K M F P S T W Y V
0 M -1.213 -1.516 -2.493 -2.947 -0.301 -1.184 -2.486 -2.716 -1.101 1.47 2.002 -1.586 6.205 0.335 -3.375 -2.149 -1.179 -1.439 -0.965 0.856
1 L -1.925 -2.534 -3.115 -3.477 -0.712 -3.202 -3.407 -3.132 -1.491 1.254 2.809 -2.876 1.311 4.909 -4.01 -3.108 -1.963 -0.15 1.563 0.396
2 L -1.589 -2.401 -3.467 -3.691 -0.26 -2.816 -3.451 -3.504 -2.503 2.338 3.993 -2.624 1.887 0.606 -3.709 -3.24 -1.608 -1.855 -1.218 1.437
3 L -1.526 -2.172 -3.348 -3.606 -0.136 -2.626 -3.291 -3.368 -2.299 2.019 4.014 -2.464 2.147 0.847 -3.59 -3.144 -1.566 -1.636 -1.042 1.12
4 Y -1.537 -2.005 -2.216 -2.984 -1.37 -2.012 -2.522 -2.906 1.441 0.736 -0.547 -2.016 -0.445 2.721 -3.355 -1.762 -1.728 1.624 6.253 0.501
5 L -1.698 -2.554 -3.427 -3.625 -0.372 -2.98 -3.533 -3.488 -2.36 2.744 3.615 -2.718 1.7 2.001 -3.78 -3.262 -1.654 -1.553 -0.562 1.362
6 L -1.335 -2.453 -2.802 -3.104 -0.351 -2.754 -3.175 -3.013 -2.178 2.934 3.1 -2.452 1.425 1.868 -3.506 -1.439 -1.276 -1.656 -0.622 1.422
7 L -0.046 -2.539 -2.757 -3.06 3.549 -2.733 -3.024 -2.443 -1.882 2.083 1.185 -2.464 1.718 3.449 -3.393 -1.741 -1.225 -1.183 0.33 2.065
8 L 0.314 -2.494 -2.633 -2.942 -0.252 -2.598 -2.958 0.159 -1.609 2.723 1.552 -2.28 0.656 0.856 -3.194 -2.099 -1.191 -1.388 1.257 2.438
9 L -0.906 -2.356 -2.377 -2.7 -0.206 -2.409 -2.863 -2.687 -2.156 3.494 2.126 -2.149 2.102 -0.014 -3.211 -0.572 -0.828 -2.171 -1.387 2.155
10 T -0.381 -1.736 -1.104 -1.808 3.614 -1.787 -2.07 -1.846 -1.845 1.263 1.015 -1.492 0.202 -0.915 -2.413 0.442 2.76 -2.354 -1.722 1.122
11 L -0.299 -2.21 -2.805 -3.171 -0.291 -2.574 -3.003 -2.66 -2.043 1.391 3.476 -2.32 1.478 2.253 -3.341 -2.185 -0.171 -1.445 -0.411 0.678
12 L -0.405 -2.526 -3.195 -3.386 -0.375 -2.909 -3.293 -2.85 -2.09 2.476 3.107 -2.585 1.379 2.883 -3.575 -2.692 -1.6 -1.294 -0.05 1.169
13 F -2.301 -2.949 -3.07 -3.473 -1.254 -3.786 -3.606 -3.095 -1.185 0.973 1.289 -3.29 0.437 6.23 -4.408 -3.181 -2.31 0.399 2.391 -0.078
14 L -0.115 -2.282 -2.632 -2.992 -0.257 -2.49 -2.89 -2.526 -1.928 1.985 2.261 -2.262 2.021 2.748 -3.271 -1.979 -0.001 -1.351 -0.079 1.848
15 L -1.193 -2.682 -3.188 -3.358 -0.218 -2.849 -3.358 -3.297 -2.421 3.447 2.05 -2.61 2.128 1.734 -3.599 -2.865 -1.175 -1.771 -0.624 2.886
16 L -1.889 -2.788 -3.279 -3.522 -0.67 -3.318 -3.598 -3.344 -1.896 2.645 2.651 -2.94 1.192 4.313 -3.987 -3.223 -1.822 -0.7 0.897 1.149
17 N -1.793 -0.548 5.907 1.148 -1.98 -0.66 -0.858 -0.288 0.835 -2.846 -3.285 -0.429 -2.294 -2.508 -2.721 -0.251 -0.584 -3.099 -2.202 -2.694
18 F -2.105 -2.482 -2.849 -3.421 -1.272 -2.937 -3.19 -3.136 0.097 0.406 1.631 -2.743 0.448 5.156 -4.002 -2.997 -2.218 0.901 4.479 -0.294
19 K 0.758 0.148 1.771 -1.009 -0.855 -0.645 -1.009 -1.235 -0.536 0.698 -0.31 2.325 -0.49 -1.12 -2.35 -0.973 -0.957 -2.124 -0.027 0.726
20 I -1.511 -2.93 -3.262 -3.406 -0.506 -3.235 -3.533 -3.288 -2.26 3.558 1.487 -2.848 0.836 2.813 -3.854 -3.076 -1.425 4.109 0.252 2.458
21 T 0.029 -1.428 -0.531 -1.285 -0.09 -1.42 -1.557 -1.322 -1.356 0.275 -0.834 -1.122 -0.474 1.018 -2.125 1.573 2.908 -2.006 -0.933 1.206
22 K -1.264 1.544 2.509 2.604 -2.117 0.979 0.072 0.721 -0.096 -2.634 -2.832 2.474 -1.822 -2.841 -2.328 -0.896 -1.224 -2.876 -2.261 -2.478
23 G -0.914 0.895 1.397 -1.166 -1.563 -1.005 -1.557 3.238 -0.312 -1.499 -1.081 1.188 0.72 0.706 -2.826 -1.319 -1.572 -1.372 1.164 -1.674
24 D -1.825 -1.56 0.96 5.814 -2.509 -0.729 1.549 -1.32 -0.576 -2.862 -3.547 -0.795 -2.735 -3.024 -2.385 -1.071 -1.536 -3.545 -3.058 -2.926
25 Y -2.111 -2.171 -2.726 -3.414 -1.643 -2.372 -2.839 -2.973 0.772 -0.348 0.782 -2.378 -0.162 2.785 -3.981 -2.931 -2.281 7.181 5.399 -0.836
26 L -1.581 -2.178 -3.125 -3.441 -0.38 -2.326 -3.174 -3.231 -1.883 2.078 3.344 -2.348 3.865 1.937 -3.685 -2.901 -1.565 -1.418 -0.516 1.03
27 H -0.382 -0.824 2.296 2.052 -1.731 -0.63 -0.461 -1.186 6.38 -2.329 -2.647 -0.841 -1.623 -1.624 -2.558 -0.883 -0.19 -2.225 0.192 -2.242
28 P -0.977 -2.154 -2.074 -1.704 -1.597 -2.073 -1.762 -1.992 -1.748 -2.458 -2.89 -1.204 -2.543 -3.476 6.798 -1.592 -1.488 -4.689 -2.776 -2.302
29 A 2.467 -1.254 -0.489 -1.003 0.078 -1.105 -1.092 -0.25 -1.014 -1.479 -1.977 -0.72 -1.23 -2.108 0.97 2.347 0.971 -2.737 -1.955 -0.747
30 V -0.837 -2.266 0.061 -2.213 -0.293 -2.365 -2.622 -2.519 -1.921 2.533 0.469 -2.057 0.993 1.278 0.475 -1.848 0.221 -2.125 -0.85 3.065
31 L -1.181 -2.73 -3.333 -3.455 -0.139 -2.964 -3.45 -3.426 -2.768 3.575 2.621 -2.665 1.339 0.144 -3.575 -2.987 -1.167 -2.189 -1.347 2.972
32 F -2.308 -2.756 -2.901 -3.427 -1.447 -3.43 -3.389 -3.063 -0.301 0.183 0.863 -3.08 0.162 6.112 -4.295 -3.073 -2.388 0.883 3.904 -0.542
33 C -0.223 -1.794 0.663 -1.358 6.048 -1.748 -1.883 -1.369 -0.85 0.464 -1.173 -1.425 -0.905 -0.847 0.668 1.313 -0.025 -1.977 0.873 -0.056
34 F 1.26 -2.125 -2.196 -2.055 -0.485 -2.005 -0.647 0.419 -1.409 0.75 1.071 -1.827 0.139 3.509 -2.95 -1.484 -1.407 -1.135 0.334 0.9
35 I 0.125 -2.137 -2.091 -2.44 -0.133 -2.077 -2.516 -2.235 -2.013 2.941 0.786 -1.825 2.504 -0.533 -0.188 -1.079 1.038 -2.306 -1.518 2.223
36 F -2.381 -3.053 -3.032 -3.443 -1.39 -3.944 -3.639 -3.06 -1.086 0.992 0.536 -3.387 0.167 6.496 -4.497 -3.174 -2.377 0.551 2.6 -0.159
37 L -1.756 -2.551 -3.303 -3.624 -0.563 -3.097 -3.461 -3.322 -1.952 1.554 3.295 -2.838 1.422 3.989 -3.935 -3.176 -1.818 -0.814 0.663 1.151
38 L 0.064 -2.412 -2.957 -3.178 3.544 -2.437 -3.009 -2.619 -2.348 2.669 1.837 -2.298 2.713 -0.217 -3.254 -2.191 -1.02 -2.217 -1.438 2.763
39 Q 0.717 -0.72 -1.211 -1.616 3.31 2.571 -0.584 -1.521 0.133 -1.114 -1.207 -0.504 -0.648 2.313 -2.569 -0.677 0.003 -0.565 2.74 -0.895
40 S 0.778 -1.431 -0.64 -0.961 -0.289 -1.135 -0.106 1.14 -1.17 0.584 -0.149 -0.968 -0.466 -1.42 -2.188 1.731 0.718 -2.494 -1.876 0.539
41 L 0.194 -2.3 -2.506 -2.816 -0.28 -2.453 -2.787 -2.275 -1.825 2.401 2.053 -2.184 1.933 2.66 -3.208 -0.99 -1.101 -1.426 -0.147 1.612
42 L -1.048 -2.062 -2.398 -2.859 -0.346 -2.133 -2.733 -2.654 -1.636 1.667 2.223 -2.098 3.535 2.716 -3.366 -1.103 -0.656 -1.274 -0.063 1.68
43 C 0.456 -2.864 -2.336 -2.822 9.221 -2.88 -3.157 -1.699 -2.514 -0.99 -1.339 -2.531 -1.213 -2.143 -2.919 -0.229 -1.008 -3.217 -2.703 -0.584
44 L 0.138 -2.517 -3.149 -3.271 -0.087 -2.728 -3.152 -2.723 -2.514 3.074 2.776 -2.418 1.297 0.091 -3.31 -2.423 -1.192 -2.151 -1.375 2.43
45 L -1.64 -2.551 -3.364 -3.616 -0.415 -3.008 -3.477 -3.405 -2.226 2.301 3.43 -2.755 1.556 2.874 -3.817 -3.185 -1.66 -1.283 -0.061 1.537
46 G 1.618 -1.639 1.685 -0.862 3.379 -1.359 -0.3 2.436 -0.517 -0.993 -1.786 -1.184 -1.375 -1.084 -2.481 -0.692 -1.111 -1.814 0.833 -0.068
47 A 1.145 0.884 -0.782 -0.832 -0.655 0.734 0.848 0.631 -0.813 -0.756 -1.553 0.734 -0.959 -2.108 -2.103 -0.363 1.623 -2.472 -1.915 0.16
48 N -0.659 0.096 2.869 1.609 -1.578 1.103 1.704 -0.928 0.117 -2.526 -2.766 1.543 -1.684 -2.608 -2.102 0.983 -0.515 -2.793 -2.052 -2.158
49 Y 0.352 -0.478 -1.147 -1.34 -1.343 -0.624 0.373 -1.767 2.835 -1.373 -1.596 1.065 -1.071 1.254 -2.484 -1.155 -0.196 0.371 4.643 -1.177
50 Y -1.937 -2.214 -2.747 -3.398 -1.201 -2.466 -2.96 -3.204 0.642 0.457 1.995 -2.409 0.553 3.74 -3.724 -2.896 -2.092 1.077 5.255 -0.184
51 A 1.772 -1.097 0.969 2.002 -0.999 -0.283 0.708 0.891 2.246 -2.025 -2.351 -0.352 -1.642 -1.831 -2.303 -0.611 -1.231 3.865 -1.074 -1.491
52 I -1.441 -2.932 -3.398 -3.423 -0.246 -3.142 -3.654 -3.548 -2.762 4.207 2.45 -2.742 1.34 0.2 -3.64 -3.161 -1.273 -2.197 -1.366 2.589
53 E -0.498 0.616 -0.433 1.19 -0.878 -0.284 1.935 -1.66 -0.744 0.293 -1.286 -0.237 -0.863 -1.837 -2.206 0.603 1.467 -2.561 -1.922 0.552
54 F -2.136 -2.691 -3.071 -3.481 -1.048 -3.315 -3.466 -3.107 -1.287 0.789 2.044 -3.021 1.855 5.719 -4.24 -3.101 -2.165 0.108 1.969 -0.018
55 H -1.805 -0.667 3.163 -0.348 -2.076 -0.573 -0.874 -1.39 6.986 -0.664 -2.134 -0.874 -1.291 -1.24 -2.896 -1.295 -1.634 -2.021 0.638 -1.798
56 L 0.261 -1.761 -1.534 -1.673 -0.612 -0.972 -0.817 1.6 -1.524 0.184 1.249 -1.344 0.744 -1.102 2.119 -0.475 -0.451 -2.528 -1.912 0.398
57 E 0.113 -0.977 -0.922 0.322 -1.555 0.145 3.286 1.598 -0.488 -1.548 -0.882 -0.247 -1.261 -2.161 0.745 -1.054 -1.447 -2.598 -2.157 -1.115
58 T -0.262 -1.326 -0.432 -1.284 0.0 -1.341 -1.618 -1.574 -1.652 0.099 -0.966 -1.035 -0.53 -1.601 -1.925 0.405 4.419 -2.341 -1.809 0.839
59 V -0.891 -2.693 -3.141 -3.39 -0.134 -2.963 -3.241 -3.178 -2.493 2.704 1.614 -2.699 0.86 2.622 -3.577 -2.71 -1.034 -1.573 -0.136 3.545
60 L -1.506 -2.758 -2.715 -3.105 -0.74 -3.036 -3.424 0.639 -1.428 2.918 1.895 -2.655 0.772 3.136 -3.706 -2.816 -1.727 -0.778 1.771 1.226
61 V -0.894 -2.878 -3.235 -3.33 -0.035 -2.998 -3.388 -3.342 -2.933 3.935 1.398 -2.662 0.964 -0.183 -3.477 -2.796 -0.904 -2.399 -1.415 3.686
62 L -1.457 -2.728 -3.359 -3.505 -0.299 -3.055 -3.529 -3.448 -2.502 3.363 2.882 -2.738 1.405 1.809 -3.704 -3.121 -1.405 -1.726 -0.645 2.313
63 L -0.991 -2.034 -1.792 -2.415 -0.407 -2.306 -2.541 -2.359 -1.654 0.943 2.08 -2.012 0.705 3.391 -3.039 -0.537 1.551 -1.12 0.285 0.901
64 V 0.491 -2.106 -1.661 -2.104 -0.068 -2.091 -2.284 -0.506 -1.943 2.765 0.887 -1.752 0.398 -0.673 -2.716 0.65 -0.408 -2.443 -1.613 2.393
65 S 1.508 -1.406 -0.378 -1.066 -0.108 -1.282 -1.378 1.995 -1.181 -0.832 -1.748 -0.936 -1.107 -1.944 -1.95 2.056 1.495 -2.576 -2.032 0.122
66 L -0.906 -1.401 -2.234 -2.632 4.544 1.049 -1.729 -2.584 -0.444 0.594 2.13 -1.376 2.625 0.652 -3.222 -2.113 -1.518 -0.782 2.461 0.087
67 L -0.089 -2.305 -2.258 -2.676 -0.373 -2.559 -2.749 -2.274 -1.751 2.055 1.877 -2.206 0.721 3.405 -3.179 -0.836 0.044 -1.166 0.29 1.336
68 I -0.972 -2.805 -2.868 -3.059 -0.095 -2.897 -3.282 -3.194 -2.781 4.089 1.149 -2.512 0.872 -0.235 -3.333 -2.391 0.192 -2.391 -1.458 3.312
69 F -2.449 -3.014 -3.013 -3.462 -1.472 -3.962 -3.617 -3.028 -1.001 0.202 0.639 -3.418 0.137 6.65 -4.561 -3.174 -2.486 0.665 2.73 -0.588
70 T 0.702 -1.282 -0.347 -1.118 -0.077 -1.262 -1.4 -1.03 -1.219 -0.703 -1.295 -0.937 -0.778 0.846 -1.903 1.585 3.481 -2.001 -1.031 -0.292
71 L 0.076 -2.256 -2.044 -2.501 -0.3 -2.405 -2.69 0.204 -1.939 2.251 1.935 -2.053 0.704 1.687 -3.023 -0.731 0.099 -1.779 -0.738 1.431
72 F -1.436 -2.828 -3.088 -3.331 -0.528 -3.129 -3.412 -3.18 -1.913 3.017 1.043 -2.818 1.793 4.224 -3.83 -2.885 -1.423 -0.818 0.863 2.479
73 S 0.038 -0.9 2.227 -0.33 -0.444 -0.831 -0.969 -0.726 2.276 -1.512 -2.101 -0.625 -1.227 -1.916 -1.941 2.15 2.518 -2.519 -1.423 -1.068
74 L -1.799 -2.596 -3.136 -3.526 -0.834 -3.074 -3.342 -3.165 -1.209 1.449 2.25 -2.831 0.843 4.252 -4.027 -3.08 -1.875 4.214 2.387 1.209
75 L -1.955 -2.54 -3.141 -3.534 1.178 -2.863 -3.275 -3.099 -0.829 1.9 1.866 -2.694 0.582 2.379 -4.081 -3.133 -1.984 6.937 3.049 0.526
76 N -0.277 -1.386 2.625 -0.66 3.37 -1.422 -1.589 -1.115 -0.265 0.078 -1.232 -1.146 -0.907 1.269 -2.502 0.966 1.235 -1.45 1.272 -0.507
77 R 0.016 2.892 -0.661 -1.049 -1.41 1.524 0.543 -1.651 2.489 -1.219 -1.72 1.257 -0.97 -1.088 -2.44 -0.327 -1.097 -1.583 1.19 -0.355
78 S 0.631 -0.19 -0.657 -1.228 -0.524 -0.733 -0.989 -1.125 -0.588 0.67 -1.075 1.755 -0.653 -0.795 -2.092 1.55 0.108 -1.735 0.996 0.489
79 K -1.163 1.341 -1.28 -1.742 -1.067 0.63 -0.954 -2.252 -0.903 1.927 0.638 2.374 0.12 -0.893 -2.586 -1.542 -0.006 -2.093 -0.441 0.693
80 L -0.195 0.709 0.519 -0.747 -0.966 0.287 -1.278 -1.868 -0.227 0.425 0.467 0.353 -0.142 1.653 -2.79 -1.324 -0.031 -0.885 2.253 0.444
81 R -1.32 3.522 1.014 0.091 -1.993 1.937 -0.051 -1.694 -0.023 -1.89 -1.624 2.736 0.764 -2.372 -2.43 -1.172 -1.272 -2.46 -1.804 -1.811
82 N -1.054 1.873 3.298 -0.178 -1.589 -0.23 -0.635 -1.092 -0.083 -1.902 -2.374 2.341 -1.568 -2.531 0.746 -0.165 0.265 -2.866 -2.055 -1.407
83 K -0.868 0.399 2.744 0.144 -1.457 0.051 1.278 -1.177 -0.13 -0.829 -2.031 2.399 -1.324 -2.302 -2.123 0.125 0.723 -2.688 -1.972 -1.25
84 I -1.362 -3.086 -3.248 -3.166 -0.136 -3.195 -3.672 -3.465 -2.697 4.483 1.691 -2.664 1.286 0.232 -3.49 -3.062 -1.06 -2.17 -1.271 2.875
85 T -0.479 -0.766 -0.564 -0.405 -0.672 0.973 1.614 -1.653 -0.696 -0.49 0.284 -0.365 0.67 -1.428 -2.137 0.556 2.303 -2.275 -1.697 -0.447
86 N -1.749 1.938 4.516 0.223 -1.775 -0.185 -1.057 -1.005 0.346 -0.292 -1.638 -0.033 -1.239 0.941 -2.917 -0.851 -0.946 -2.21 -1.019 -1.22
87 V -0.341 -1.33 1.354 -0.63 -0.383 -0.987 0.443 -1.598 -0.929 1.161 0.711 -1.008 0.115 -0.963 -2.557 0.424 -0.348 -2.438 -1.594 2.056
88 L -0.782 -1.518 -1.188 -1.999 -0.507 -1.604 -1.882 -2.03 3.79 0.896 2.11 -1.607 0.811 1.752 -2.93 -0.087 -0.913 -1.472 0.196 0.732
89 K 0.659 0.83 -1.056 -1.448 -0.739 -0.017 -0.616 -1.3 -0.629 -0.173 0.085 2.887 2.999 -1.172 -2.088 -0.923 -0.961 -2.069 -1.44 -0.333
90 N -1.189 -0.975 2.423 1.939 -1.385 -0.577 0.869 0.326 3.288 -1.116 -0.179 -0.7 -0.797 -1.475 -2.496 -0.773 0.514 -2.388 -1.149 -1.3
91 L -1.443 -2.536 -3.23 -3.341 -0.185 -2.72 -3.405 -3.371 -2.361 3.559 2.911 -2.485 2.448 0.47 -3.55 -3.015 -1.297 -1.899 -1.177 2.073
92 K 0.998 0.769 -0.804 -1.115 -0.941 -0.156 -0.466 -1.021 -0.799 -1.647 -2.016 2.97 -1.298 -2.569 2.627 -0.498 0.235 -2.819 -1.957 -1.22
93 T -0.719 -0.05 0.092 2.407 -1.093 -0.021 1.573 -1.435 -0.591 -1.41 -1.991 1.488 -1.272 -2.27 -1.87 -0.17 2.255 -2.56 -2.022 -1.051
94 N 1.136 -1.076 3.821 0.009 -0.428 -1.124 -1.285 -0.472 -0.131 0.27 -1.141 -0.84 -0.81 -1.624 -2.385 -0.347 -0.442 -2.674 -1.774 1.19
95 I 0.193 -1.422 0.637 -1.093 4.291 0.307 -0.011 -1.614 -0.946 1.431 -0.147 -1.08 -0.258 1.196 -2.681 -0.275 -0.216 -2.05 -0.91 0.653
96 K -0.44 1.247 -0.12 -0.94 3.324 -0.368 0.26 -1.566 -0.873 -0.362 -1.415 2.112 -0.908 -2.056 -0.86 0.439 0.392 -2.689 -1.932 0.694
97 R -1.309 2.158 1.743 -1.119 -1.331 -0.374 -1.305 -1.787 -0.422 0.187 -0.122 0.734 -0.535 1.534 0.583 -0.811 0.027 -1.742 0.132 -0.644
98 K 0.038 1.493 1.942 0.198 -1.361 -0.04 0.511 -1.167 -0.268 -1.081 -1.536 2.529 0.701 -2.131 -0.837 -0.08 -0.868 -2.627 -1.915 -1.292
99 L -1.055 -2.07 0.099 -2.108 -0.559 -2.271 -2.47 -2.341 -1.655 1.313 2.256 -1.912 0.696 1.432 2.032 -1.006 -1.099 -2.049 -0.867 1.399
100 K -0.337 1.464 2.022 -0.548 -1.362 0.905 -0.429 -1.098 0.277 -2.034 -2.212 2.252 -1.304 -0.859 -2.19 0.811 -0.232 -1.422 1.746 -1.746
101 F -0.18 -1.212 -1.836 -1.437 -1.18 -1.097 0.698 -2.212 0.067 0.008 -0.767 0.006 -0.638 2.941 0.564 -1.725 -1.498 -0.101 3.615 0.808
102 I -1.631 -2.941 -3.394 -3.448 -0.375 -3.226 -3.699 -3.537 -2.53 4.044 2.524 -2.808 1.328 1.799 -3.741 -3.235 -1.439 -1.77 -0.671 2.134
103 E -1.252 -0.328 0.582 -0.529 -1.597 -0.246 1.649 -2.115 0.415 -0.248 -0.98 1.315 0.876 0.428 -0.548 -1.499 -1.382 -0.505 3.318 -0.011
104 L -1.225 -2.6 -2.853 -3.175 -0.299 -2.895 -3.232 -3.119 -2.276 2.923 2.136 -2.573 1.017 2.689 -3.507 -2.459 -0.03 -1.47 -0.14 2.51
105 P -0.359 -1.102 3.197 1.323 -1.092 -1.007 -0.791 -0.693 -0.295 -2.445 -2.895 -0.649 -1.998 -2.593 3.169 1.668 -0.193 -3.298 -2.288 -2.108
106 K -1.126 0.575 2.393 2.131 -1.855 0.923 0.01 -1.159 -0.111 -2.139 -2.293 2.725 -1.478 0.536 -2.265 -0.135 -0.97 -2.351 -1.206 -2.115
107 F -1.147 -1.669 1.615 -1.372 -1.068 -1.882 -2.136 0.407 -0.83 1.151 -0.293 -1.119 1.11 2.784 -3.227 -0.276 -0.663 5.031 0.335 -0.109
108 L -1.502 -2.562 -3.061 -3.381 -0.55 -2.726 -3.263 -3.39 -0.702 3.224 2.106 -2.517 0.978 1.301 -3.586 -2.968 -1.479 -0.354 3.384 2.057
109 T -0.353 -0.684 -0.911 -1.564 -0.245 -1.159 -1.483 -1.8 -1.599 1.381 -0.448 0.96 -0.217 -1.365 -2.239 0.167 2.703 -2.462 -1.716 1.927
110 L -0.337 -1.727 -2.702 -2.969 -0.589 -2.241 -2.657 -2.532 -1.72 2.211 1.856 -0.544 1.839 2.696 -3.417 -2.357 -1.487 4.019 0.191 1.368
111 L 0.649 -2.352 -2.268 -2.656 -0.352 -2.536 -2.819 0.745 -1.898 2.075 1.967 -2.138 0.661 2.252 -3.056 -1.624 -0.113 -1.579 -0.465 0.855
112 L -1.769 -2.784 -3.248 -3.51 -0.64 -3.302 -3.549 -3.304 -1.904 2.501 2.472 -2.937 1.096 4.377 -3.967 -3.151 -1.75 -0.691 0.939 1.518
113 I -1.437 -2.766 -0.202 -2.571 -0.353 -2.906 -3.331 -3.093 -2.274 4.314 1.661 -2.487 1.011 -0.057 -3.536 -2.756 -1.138 -2.349 -1.463 2.605
114 I -0.024 -2.778 -2.959 -3.092 -0.134 -2.887 -3.235 -1.094 -2.581 3.726 1.451 -2.488 0.848 0.474 -3.317 -2.394 -1.063 -2.213 -1.239 2.962
115 L -0.438 -2.525 -3.093 -3.301 -0.437 -2.815 -3.244 -2.801 -1.914 2.607 2.617 -2.542 2.139 3.296 -3.591 -2.618 -1.572 -1.135 0.218 1.206
116 Q 0.178 -0.105 -0.574 -0.685 -1.373 3.624 1.013 0.572 0.006 -1.803 -1.713 0.194 -0.793 1.626 -2.388 0.066 -0.996 -1.737 -0.507 -1.544
117 I -1.317 -2.961 -3.36 -3.387 -0.203 -3.137 -3.615 -3.509 -2.813 4.253 2.118 -2.734 1.229 0.099 -3.602 -3.081 -1.176 -2.26 -1.386 2.896
118 L -1.289 -2.729 -3.284 -3.466 -0.267 -3.045 -3.443 -3.356 -2.465 3.165 2.502 -2.739 1.225 2.283 -3.679 -2.992 -1.301 -1.614 -0.373 2.719
119 L 0.3 -1.698 0.579 -1.539 3.511 -1.756 -2.018 -1.565 -1.546 1.133 0.903 -1.453 0.083 -1.001 -2.461 0.102 2.237 -2.424 -1.763 1.008
120 I -1.499 -2.429 -2.972 -3.007 -0.402 -0.545 -2.806 -3.373 -2.278 4.274 2.065 -2.173 1.192 0.031 -3.52 -2.946 -1.285 -2.229 -1.386 2.276
121 L -1.737 -2.46 -2.894 -3.382 -0.912 -2.724 -3.146 -3.243 -0.048 1.991 1.73 -2.559 0.633 3.642 -3.736 -2.926 -1.804 0.488 4.335 1.193
122 F -0.678 -2.419 -2.334 -2.814 -0.866 -2.81 -2.86 -2.37 -0.833 1.064 1.334 -2.455 0.374 5.056 -3.559 -0.854 -1.52 0.028 2.624 0.074
123 F -1.964 -0.667 0.278 -1.94 -1.692 -1.738 -1.903 -2.245 -0.62 -0.489 -0.277 1.36 -0.387 5.603 -3.464 -2.155 -1.938 -0.058 1.883 -1.094
124 Y -1.685 -2.489 -2.771 -3.24 -0.963 -2.535 -3.07 -3.318 0.461 3.153 0.498 -2.381 0.302 2.04 -3.548 -2.857 -1.655 0.718 5.086 1.501
125 K -1.164 3.43 0.936 -0.877 -1.907 0.329 0.034 -1.686 -0.279 -1.403 -1.943 3.556 -1.199 -2.518 -2.277 -1.183 -1.212 -2.607 -1.904 -0.595
126 Y -2.033 -2.076 -2.376 -3.209 -1.825 -2.182 -2.662 -3.062 1.64 -0.733 -0.746 -2.208 -0.655 4.172 -3.632 -2.668 -2.274 1.971 6.539 -1.035
127 L -1.592 -2.229 -3.071 -2.702 -0.424 -2.222 -0.989 -3.39 -2.167 2.594 3.628 -2.209 1.65 0.404 -3.536 -2.993 -1.592 -1.944 -1.302 1.258
128 Q -0.97 1.551 1.99 -0.498 -1.423 2.491 0.113 0.544 -0.052 -1.542 -1.544 1.073 0.816 -2.198 -2.406 -0.651 0.939 -2.414 -1.806 -1.364
129 D 0.209 1.794 1.434 3.558 -1.523 1.57 0.274 -1.022 -0.215 -2.395 -2.632 0.186 -1.658 -2.687 -2.288 0.19 -0.91 -2.897 -2.232 -2.004
130 L -1.631 -2.598 -3.359 -3.591 -0.415 -3.04 -3.497 -3.41 -2.245 2.542 3.297 -2.766 1.508 2.859 -3.811 -3.18 -1.63 -1.305 -0.069 1.645
131 S 1.104 -1.206 -0.141 -0.83 -0.204 -1.12 -1.081 -0.511 -0.715 -1.461 -1.662 -0.804 -1.019 2.165 -1.943 3.025 0.41 -1.764 -0.4 -1.143
132 I 0.188 -1.895 0.706 0.578 -0.559 -1.856 -1.709 0.525 -1.254 1.991 0.175 -1.515 -0.187 1.123 -2.67 0.33 0.31 -2.098 -1.062 0.573
133 A 4.031 -1.695 -1.889 -1.925 0.513 -1.547 -1.542 0.064 -1.46 -0.363 -1.188 -1.09 -0.826 -1.835 -1.724 0.163 -0.565 -2.576 -1.853 0.775
134 Y -1.102 -1.911 -1.765 -2.583 -1.227 -1.887 -2.328 0.059 1.878 -0.024 -0.891 -1.863 -0.667 2.238 -3.175 -1.007 -1.491 1.183 5.726 0.773
135 G -0.613 -1.601 2.205 2.146 -1.305 -0.822 -1.051 3.418 -0.735 -1.258 -1.694 -1.17 -1.574 -0.808 -2.702 -0.169 -1.102 -2.602 -2.092 -0.55
136 A 3.883 -1.469 -1.648 -1.673 0.694 -1.306 -1.284 0.388 -1.197 -0.816 -1.307 -0.834 -0.859 -1.834 -1.461 0.469 -0.408 -2.426 -1.741 0.153
137 N -1.645 -0.4 5.612 1.296 -1.832 -0.512 -0.711 -0.14 0.983 -2.698 -3.137 -0.281 -2.147 -2.36 -2.573 -0.104 -0.437 -2.952 -2.054 -2.546
138 Y -1.798 -1.763 -2.111 -3.008 -1.737 -1.769 -2.349 -2.918 2.119 -0.789 -0.896 -1.859 -0.668 3.363 -3.319 -2.423 -2.075 2.323 6.624 -0.965
139 A 3.883 -1.469 -1.648 -1.673 0.694 -1.306 -1.284 0.388 -1.197 -0.816 -1.307 -0.834 -0.859 -1.834 -1.461 0.469 -0.408 -2.426 -1.741 0.153
140 G 0.439 -1.114 -0.69 -1.306 -1.244 1.931 -1.048 4.544 -0.819 -2.06 -1.98 -0.7 0.547 -2.367 -2.655 -0.995 -1.575 -2.403 -2.356 -1.836
141 G 0.225 1.262 0.828 -1.184 -1.104 -0.832 -1.271 1.746 -0.163 -0.275 -1.626 1.279 -1.147 -0.517 -2.44 0.138 -0.348 -1.267 1.926 -0.902
142 S 1.082 -0.727 0.511 -0.234 0.087 -0.555 -0.541 -0.092 -0.446 -1.897 -2.314 -0.271 -1.172 -1.929 -1.461 3.212 1.025 -2.535 -1.741 -1.278
143 G 0.104 -2.343 -0.426 -1.308 -1.306 -2.181 -2.608 5.796 -1.462 -3.201 -3.446 -1.636 -2.652 -2.664 -2.765 -0.988 -1.905 -2.426 -3.134 -2.85
144 E -0.905 -0.107 -0.324 1.532 -2.397 1.361 4.46 -1.935 0.407 -2.75 -2.688 0.691 -1.739 -2.593 -1.867 -0.777 -1.286 -2.373 -1.893 -2.12
145 S 1.082 -0.727 0.511 -0.234 0.087 -0.555 -0.541 -0.092 -0.446 -1.897 -2.314 -0.271 -1.172 -1.929 -1.461 3.212 1.025 -2.535 -1.741 -1.278
146 G 1.356 1.605 -0.989 -1.691 -0.642 -1.244 -1.694 2.781 -0.667 -0.764 -1.617 -0.461 -1.158 -0.933 -2.461 0.137 -0.938 -1.606 1.015 0.25
147 G 0.971 2.273 -0.99 -1.727 -0.858 -1.213 -1.788 3.197 -1.132 -0.091 -0.451 -0.26 -0.864 -1.766 -2.618 -0.269 -1.209 -2.441 -2.172 -0.725
148 G 0.293 -1.429 0.306 -0.82 -0.627 -1.297 -1.345 2.7 -1.017 -2.209 -2.661 -0.885 -1.777 -2.428 2.241 2.133 0.752 -2.887 -2.334 -1.738
149 L -1.725 -2.447 -3.449 -3.695 -0.375 -2.909 -3.49 -3.485 -2.326 2.178 3.911 -2.695 1.807 2.001 -3.798 -3.281 -1.732 -1.513 -0.571 1.062
150 S 0.471 -0.909 -0.265 -0.93 -0.553 -1.07 -1.156 1.61 -0.91 -1.761 -2.071 0.299 -1.355 0.68 0.837 2.227 0.802 -2.252 -1.218 -1.422
151 E -0.136 -0.247 -0.063 3.173 -2.043 1.392 3.398 -1.515 -0.081 -2.577 -2.76 0.979 -1.818 -2.793 -2.086 -0.846 -1.337 -2.774 -2.206 -2.11
152 L -1.291 1.022 -1.831 -2.322 3.309 -0.86 -1.635 -2.381 -1.126 0.994 1.012 1.7 3.609 -0.484 -3.015 -1.969 -1.404 3.926 -0.974 0.113
153 I -1.517 -3.241 -3.403 -3.321 -0.29 -3.349 -3.827 -3.619 -2.851 4.861 1.537 -2.819 1.131 0.078 -3.645 -3.216 -1.215 -2.325 -1.425 2.72
154 S 0.913 -0.452 2.201 -0.007 -0.543 -0.401 0.429 -0.413 -0.266 -2.139 -2.509 0.642 -1.487 -2.259 -1.825 2.607 0.271 -2.731 -1.961 -1.565
155 L -1.722 -1.913 1.278 -2.123 -0.625 -2.233 -2.749 -2.641 -1.0 1.271 3.52 -2.073 1.416 0.705 -3.526 -2.465 -1.535 -1.303 1.157 0.453
156 Y -2.116 -2.244 -2.49 -3.256 -1.76 -2.466 -2.83 -3.053 1.274 -0.537 -0.471 -2.416 -0.497 4.893 -3.799 -2.762 -2.32 1.76 6.085 -0.953
157 D -1.907 -1.61 1.958 5.827 -2.465 -0.982 0.797 -1.169 -0.516 -2.864 -3.602 -0.921 -2.789 -3.01 -2.453 -1.013 -1.459 -3.62 -3.088 -2.978
158 T 0.306 0.124 2.367 -0.523 -0.737 1.39 -0.757 0.757 -0.408 -0.867 -1.721 -0.326 -1.01 -2.109 -2.263 0.344 1.759 -2.565 -1.91 -0.002
159 L -1.547 -2.203 -3.074 -3.372 -0.381 -2.288 -3.158 -3.203 -1.85 2.446 3.038 -2.316 4.038 1.898 -3.661 -2.844 -1.499 -1.44 -0.523 1.216
160 T -0.512 -1.684 -1.056 -1.816 -0.091 -1.779 -2.052 -1.995 -1.819 0.897 0.4 -1.482 0.032 1.129 -2.384 -0.29 3.495 -1.901 -0.904 1.709
161 K -0.966 1.953 -0.408 -0.862 -2.118 0.667 0.173 -1.482 -0.383 -2.263 -2.38 4.819 -1.364 -2.946 -1.827 -1.021 -1.222 -2.689 -1.929 -2.139
162 F -2.474 -3.036 -3.0 -3.454 -1.514 -4.004 -3.622 -3.015 -0.968 0.137 0.425 -3.444 0.061 6.721 -4.588 -3.171 -2.511 0.712 2.791 -0.647
163 W -2.14 0.594 2.384 -1.263 -2.171 -1.421 -1.78 -1.744 -0.057 -1.89 -1.809 0.1 -1.384 1.797 -3.721 -1.877 -1.802 8.293 2.253 -2.107
164 P -0.555 -1.314 -0.889 -1.403 -0.649 0.157 -1.319 -1.713 -0.843 0.17 -1.278 -0.898 -0.864 -0.979 3.163 0.206 2.625 -1.89 0.93 -0.284
165 D -1.039 1.694 -0.346 2.579 -1.568 0.834 1.616 -1.823 -0.541 0.019 -1.61 0.076 -1.141 -2.19 0.687 -0.423 -1.09 -2.831 -2.101 -0.061
166 I -0.075 1.383 -1.369 0.227 -0.592 -1.523 -1.724 -2.148 -1.045 2.371 -0.051 -0.783 -0.061 -0.347 -2.782 -1.315 0.916 -1.652 1.01 1.62
167 Y -1.885 -2.294 -2.397 -3.129 -1.63 -2.518 -2.894 -0.082 0.764 -0.471 0.195 -2.414 -0.369 4.237 -3.818 -2.677 -2.281 4.593 5.369 -0.942
168 R -0.047 3.13 1.852 -0.9 -1.27 0.88 -0.646 -1.427 -0.287 -0.575 -1.51 1.835 -0.922 -2.145 -2.494 -0.738 -0.951 -2.585 -1.829 0.549
169 D 1.021 -0.582 -0.09 2.363 -0.962 0.766 1.226 0.815 -0.58 -2.013 -2.411 0.615 -1.543 -2.494 -2.002 0.752 0.344 -2.736 -2.18 -1.485
170 L -1.626 -2.315 -3.396 -3.645 -0.292 -2.65 -3.382 -3.455 -2.344 2.246 3.962 -2.533 2.653 0.617 -3.704 -3.177 -1.627 -1.801 -1.195 1.151
171 G 1.225 -1.694 2.497 1.383 -1.089 -1.551 -1.382 4.061 -0.731 -2.531 -2.95 -1.178 -2.231 -2.582 -2.504 -0.572 -1.279 -2.796 -2.681 -2.021
172 V -0.658 -2.709 -3.166 -3.343 0.072 -2.843 -3.206 -3.224 -2.96 3.332 1.445 -2.59 0.912 -0.288 -3.408 -2.629 -0.785 -2.419 -1.405 4.01
173 P -0.519 0.337 -0.981 -1.513 -1.002 -1.426 -1.508 -1.585 2.096 -0.9 -1.449 -0.842 -1.107 2.141 3.619 0.896 -0.715 -1.988 -0.196 -0.313
174 V -0.789 0.24 -1.948 -2.223 -0.543 -0.058 -1.825 -2.445 -1.678 2.396 0.724 -1.047 0.251 -0.959 2.069 -0.925 -0.889 -2.649 -1.668 2.275
175 P 0.341 -1.855 -1.48 -1.448 -1.052 -1.745 -1.528 -1.382 -1.489 -2.232 -2.669 -1.041 -2.151 -3.048 6.02 0.342 -0.862 -4.031 -2.529 -1.873
176 L -0.043 -0.9 -1.674 -2.169 -0.79 -1.48 -1.903 0.329 -1.126 0.167 1.233 0.758 2.378 3.302 -2.931 -0.71 -1.296 -1.125 0.236 -0.306
177 L -1.594 -2.573 -2.985 -3.237 -0.737 -2.839 -3.165 -3.186 -0.937 2.505 1.953 -2.516 0.767 3.059 0.349 -2.873 -1.641 -0.422 2.844 1.475
178 Y -1.735 -1.738 -1.802 -2.746 -1.558 -1.746 -2.265 -2.812 3.181 -0.626 -0.081 -1.842 -0.477 2.633 -3.264 -2.113 -0.492 1.565 6.183 -0.873
179 R -0.897 4.091 1.029 -1.062 -1.53 -0.093 -0.801 -1.548 0.073 -2.135 -2.101 1.563 -1.31 -1.255 -2.451 0.438 0.245 -1.671 0.95 -1.77
180 I -0.211 -2.357 -0.06 -2.427 -0.436 -2.442 -2.819 -2.479 -0.865 3.236 1.144 -2.156 0.565 0.657 -3.257 -2.163 -1.162 -0.963 2.445 2.274
181 L -1.195 -2.416 -2.045 -2.679 -0.799 -2.741 -3.09 2.298 -1.735 0.547 2.322 -2.377 0.637 3.39 -3.475 -2.083 -0.398 -1.098 0.159 -0.129
182 N -1.263 -0.289 4.624 1.917 -1.897 -0.163 1.318 -0.689 0.443 -2.733 -3.077 0.705 -2.088 -2.589 -2.388 0.196 -0.672 -2.971 -2.198 -2.473
183 P 0.099 -2.056 -2.064 -2.132 -0.718 -2.029 -2.094 -1.944 -1.227 0.806 0.472 -1.534 0.493 -0.569 4.412 -0.678 -1.081 -2.058 0.929 0.562
184 L -1.551 -2.438 -2.83 -3.105 -0.53 -2.797 -3.132 -3.066 -2.064 2.191 2.915 -2.433 1.198 2.745 0.381 -2.51 -0.245 -1.425 -0.159 0.936
185 V 1.036 -2.058 -1.67 -2.201 5.115 -2.068 -2.314 -1.645 -2.155 1.473 -0.295 -1.729 -0.204 -1.292 -2.453 -0.588 2.213 -2.571 -1.855 2.055
186 L -0.627 0.689 -0.705 0.74 3.337 1.433 0.419 -1.749 -0.796 -0.215 0.508 -0.319 -0.214 -1.479 -2.494 0.339 0.302 -2.488 -1.806 0.2
187 A 2.842 -1.774 -1.369 -1.682 3.581 -1.643 -1.666 1.082 -1.479 -0.683 -1.514 -1.198 -1.097 -2.018 0.851 0.851 -0.484 -2.783 -2.087 0.35
188 G 0.816 -2.266 -1.648 -2.214 -0.736 -2.369 -2.529 2.5 -0.929 0.45 0.171 -1.961 -0.395 3.384 -2.98 -0.552 -1.397 -0.71 1.842 -0.329
189 G 2.284 -1.394 -0.535 -0.818 -0.264 -1.031 -0.001 2.828 -0.975 -1.94 -2.333 -0.795 -1.558 -2.269 -1.925 1.7 -0.31 -2.612 -2.2 -1.189
190 Y -1.952 -1.917 -2.266 -3.162 -1.892 -1.924 -2.503 -3.072 1.964 -0.944 -1.05 -2.013 -0.822 3.208 -3.473 -2.577 -2.229 2.169 6.93 -1.119
191 L -1.535 -2.459 -3.308 -3.544 -0.331 -2.769 -3.389 -3.381 -2.263 2.602 3.36 -2.6 2.433 1.899 -3.718 -3.08 -1.528 -1.572 -0.584 1.718
192 L 0.114 -1.911 -1.791 -2.338 -0.066 -1.976 -2.407 -2.151 -1.997 2.029 1.87 -1.735 1.838 -0.397 -2.693 -0.984 2.142 -2.141 -1.492 1.644
193 L 0.749 -2.238 -2.319 -2.643 -0.028 -2.342 -2.669 -2.114 -2.238 2.818 1.948 -1.99 0.841 -0.315 -2.837 -1.389 0.964 -2.244 -1.504 2.035
194 Y -1.993 -1.996 -2.32 -3.186 -1.858 -2.05 -2.582 -3.067 1.807 -0.837 -0.894 -2.109 -0.737 3.73 -3.551 -2.622 -2.252 2.072 6.741 -1.077
195 I -0.689 -2.488 -2.286 -2.601 -0.13 -2.539 -2.829 -2.608 -2.342 3.739 1.396 -2.183 0.827 -0.27 -3.128 -0.31 -0.64 -2.38 -1.478 2.81
196 L -0.15 -2.182 -2.658 -3.006 1.603 -2.297 -2.879 -2.558 -2.004 2.148 2.622 -2.152 2.848 1.232 -3.219 -1.982 -0.029 -1.756 -0.88 1.527
197 V -0.61 -2.817 -3.143 -3.329 3.574 -2.921 -3.269 -3.126 -3.011 3.311 0.869 -2.645 0.681 -0.49 -3.385 -2.523 -0.785 -2.542 -1.525 3.932
198 N -1.226 -0.444 3.847 0.006 -1.83 -0.624 -0.908 0.792 4.781 -2.539 -2.763 0.383 -1.777 -1.001 -2.637 -0.094 -1.045 -1.661 1.447 -2.483
199 N -1.72 -0.24 5.697 1.018 -1.997 -0.529 -0.763 -0.377 0.745 -2.798 -3.204 0.6 -2.21 -2.548 -2.641 -0.314 -0.639 -3.069 -2.184 -2.649
200 F -2.307 -2.47 -2.736 -3.384 -1.802 -2.867 -3.056 -2.945 0.51 -0.538 -0.386 -2.727 -0.475 5.161 -4.22 -2.973 -2.448 6.107 5.072 -1.061
201 V -0.825 -2.651 -2.834 -3.088 -0.027 -2.772 -3.152 -3.119 -2.773 3.586 1.459 -2.458 0.902 -0.257 -3.297 -2.303 0.227 -2.369 -1.438 3.489
202 V 0.919 -2.457 -2.793 -2.991 0.057 -2.488 -2.759 -2.262 -1.814 2.829 0.558 -2.207 0.448 -0.022 -3.009 -1.851 -0.791 -1.661 1.101 3.527
203 N -0.874 -1.027 4.052 1.44 3.303 -1.025 -0.98 -0.803 -0.169 -1.668 -2.284 -0.778 -1.592 -2.234 -2.352 0.468 2.05 -2.88 -2.191 -1.335
204 K -1.184 3.823 -0.471 -1.116 -2.208 0.574 -0.09 -1.721 -0.265 -2.417 -2.308 4.128 -1.364 -2.83 -2.128 -1.186 -1.341 -2.58 -1.923 -2.192
205 K -0.839 3.175 -0.527 -1.142 -1.672 0.325 -0.26 -1.622 -0.461 -1.327 -1.894 3.801 -1.121 -2.501 -2.122 -0.324 -0.998 -2.598 -1.877 -0.525
206 I -1.294 -2.812 -3.234 -3.372 -0.281 -2.972 -3.454 -3.439 -1.944 3.901 1.977 -2.648 1.095 0.513 -3.574 -2.99 -1.218 -1.498 1.147 2.823
207 D -1.311 -0.406 3.896 3.456 -1.923 1.55 0.233 -0.802 0.248 -2.672 -3.039 0.276 -1.93 -2.741 -2.414 0.084 -0.793 -3.058 -2.272 -2.49
208 L -1.575 1.873 -1.808 -2.28 -1.335 -1.072 -1.623 -2.488 -1.133 0.725 1.381 1.617 0.177 1.751 0.492 -2.176 -1.666 3.96 -0.278 -0.281
209 L -1.012 -1.654 -1.809 -2.306 -0.67 -0.183 -1.96 -2.193 -1.281 0.597 2.487 -1.639 0.836 2.691 -3.216 0.11 -1.063 4.024 0.191 -0.059
210 H -1.39 0.173 1.183 -0.662 -1.976 3.675 0.341 -1.666 5.423 -1.803 -0.797 0.212 -0.562 -1.736 -2.618 -1.229 -1.472 -2.068 -0.104 -1.907
211 L -1.548 -2.535 -3.351 -3.562 -0.33 -2.88 -3.45 -3.421 -2.345 2.779 3.349 -2.66 2.035 1.893 -3.729 -3.132 -1.53 -1.605 -0.6 1.798
212 L -1.381 -2.542 -2.99 -3.286 3.482 -2.829 -3.374 -3.195 -2.528 2.96 3.107 -2.535 1.402 0.196 -3.465 -2.542 -0.13 -2.098 -1.43 1.491
213 I 0.439 -1.773 -1.197 -1.801 -0.265 -1.723 -1.937 -1.585 -0.63 2.035 -0.246 -1.439 -0.149 0.243 -2.462 0.937 1.254 -1.001 2.409 1.273
214 V -0.484 -2.651 -3.044 -3.137 -0.221 -2.837 -3.094 -2.908 -2.466 3.011 1.699 -2.454 0.818 1.5 0.416 -2.508 -1.111 -2.014 -0.776 2.955
215 L -0.385 -2.594 -3.005 -3.289 3.412 -2.922 -3.247 -2.635 -1.759 1.811 2.025 -2.64 1.872 4.056 -3.628 -2.458 -1.635 -0.851 0.704 0.964
216 L -1.69 -2.129 -0.239 -2.847 -0.399 -2.532 -3.117 -3.065 -1.984 1.664 4.022 -2.358 1.8 0.527 -3.645 -2.881 -1.608 -1.88 -1.268 0.787
217 L -1.788 -1.735 -2.271 -2.841 -0.951 -0.229 -2.222 -2.919 2.178 0.809 2.533 -1.912 1.988 3.641 -3.633 -2.667 -1.88 -0.448 2.148 0.06
218 C 0.263 -2.212 -2.14 -2.59 6.09 -2.171 -2.652 -2.015 -2.04 1.71 0.93 -1.994 2.399 -0.751 -2.89 -0.542 0.24 -2.399 -1.739 1.49
219 I -1.162 -2.87 -3.266 -3.384 -0.197 -3.091 -3.471 -3.369 -2.644 3.74 1.853 -2.736 1.059 1.64 -3.608 -2.934 -1.135 -1.894 -0.696 3.141
220 L -1.264 0.735 1.605 -1.181 -1.04 0.338 -0.646 -0.672 -0.738 0.562 1.365 0.366 0.225 1.181 -3.015 -1.681 -1.247 -1.952 -0.893 1.01
221 I -1.218 -2.689 -2.86 -3.081 -0.329 -2.685 -3.366 -0.189 -2.351 3.877 1.735 -2.444 2.77 -0.022 -3.512 -2.725 -1.252 -2.147 -1.438 2.351
222 L -1.336 -2.341 -2.871 -3.375 -0.64 -2.539 -2.999 -3.195 -0.175 1.674 1.808 -2.437 0.676 2.608 -3.57 -2.755 -1.504 0.242 4.188 2.21
223 L -1.792 -2.347 -3.17 -3.525 -0.585 -2.705 -3.308 -3.23 -1.728 1.407 3.247 -2.612 3.009 3.811 -3.887 -3.041 -1.816 -0.81 0.566 0.579
224 G -0.662 -0.902 3.828 0.069 -1.252 0.39 -1.04 2.709 -0.098 -2.256 -2.715 -0.62 -1.8 -2.44 -2.458 0.311 1.092 -2.726 -2.268 -1.903
225 G -0.05 -2.498 -0.58 -1.463 -1.46 -2.336 -2.762 5.937 -1.616 -3.356 -3.601 -1.791 -2.807 -2.818 -2.92 -1.142 -2.059 -2.58 -3.288 -3.004
226 S 0.928 -0.881 0.357 -0.389 -0.068 -0.71 -0.695 -0.246 -0.6 -2.051 -2.468 -0.425 -1.327 -2.083 -1.615 3.701 0.871 -2.689 -1.896 -1.432
227 R -1.674 5.756 -0.602 -1.704 -2.399 0.378 -0.701 -2.268 -0.042 -2.752 -2.168 1.878 -1.364 -2.612 -2.844 -1.546 -1.594 -2.374 -1.912 -2.302
228 S 0.774 -1.015 0.24 -0.523 -0.157 -0.858 -0.884 1.107 -0.743 -1.95 -2.414 -0.557 -1.362 -2.105 -1.722 3.323 1.324 -2.648 -1.985 -1.367
229 P -0.536 -1.989 -1.328 -1.481 -1.252 -1.895 -1.774 1.64 -1.595 -2.298 -2.768 -1.194 -2.254 -3.037 5.69 -0.31 0.019 -3.784 -2.678 -2.025
230 L -1.598 -2.748 -3.452 -3.532 -0.29 -3.051 -3.63 -3.57 -2.646 3.736 3.204 -2.717 1.594 0.402 -3.694 -3.257 -1.457 -2.045 -1.308 1.974
231 F -2.399 -2.97 -3.039 -3.479 -1.39 -3.88 -3.607 -3.054 -1.067 0.327 1.024 -3.366 0.282 6.502 -4.508 -3.181 -2.436 0.569 2.605 -0.473
232 R -1.608 5.574 -0.586 -1.623 -2.375 0.403 -0.617 -2.194 -0.069 -2.708 -2.185 2.276 -1.364 -2.639 -2.744 -1.499 -1.561 -2.399 -1.914 -2.288
233 L -1.199 -2.738 -3.338 -3.455 -0.146 -2.973 -3.462 -3.433 -2.765 3.606 2.627 -2.669 1.344 0.151 -3.58 -2.999 -1.176 -2.187 -1.347 2.941
234 I -1.396 -2.826 -3.239 -3.392 -0.354 -3.086 -3.495 -3.348 -2.327 3.542 1.992 -2.755 1.612 2.728 -3.716 -3.0 -1.332 -1.467 -0.119 2.576
235 T -0.348 -1.31 -0.445 -1.301 -0.04 -1.344 -1.638 -1.594 -1.618 -0.097 -0.09 -1.039 -0.328 -1.422 -1.946 0.382 4.406 -2.276 -1.786 0.173
236 F -1.474 -2.107 -2.328 -2.841 -0.824 -2.205 -2.765 -2.541 -0.993 0.66 1.065 -2.219 4.124 4.993 -3.688 -1.179 -1.482 -0.225 1.455 0.027
237 I 0.754 -2.37 -2.664 -2.835 -0.023 -2.308 -2.796 -2.236 -2.181 3.397 1.064 -2.07 2.617 -0.323 -3.005 -1.767 -0.31 -2.236 -1.432 2.624
238 L 1.233 -2.233 -2.786 -2.948 -0.097 -2.328 -2.729 -1.944 -1.924 2.221 2.272 -2.073 2.257 1.589 -3.019 -1.739 -1.199 -1.727 -0.707 1.552
239 I -1.252 -3.025 -3.179 -3.368 3.448 -3.323 -3.553 -3.187 -2.314 3.335 0.917 -2.91 0.617 3.389 -3.723 -2.828 -1.303 -1.309 0.261 2.728
240 L -1.418 -2.442 -3.137 -3.407 -0.231 -2.771 -3.333 -3.343 -2.518 2.806 3.491 -2.525 1.632 0.387 -3.541 -2.792 -0.502 -1.979 -1.294 1.847
241 Y -2.047 -2.382 -2.792 -3.388 -1.353 -2.674 -3.052 -3.117 0.422 0.912 1.158 -2.559 0.21 4.174 -3.917 -2.955 -2.149 4.517 4.965 -0.1
242 Y -1.952 -1.917 -2.266 -3.162 -1.892 -1.924 -2.503 -3.072 1.964 -0.944 -1.05 -2.013 -0.822 3.208 -3.473 -2.577 -2.229 2.169 6.93 -1.119
243 I -0.687 -2.982 -3.218 -3.259 -0.23 -3.142 -3.486 -3.152 -2.587 4.154 1.378 -2.697 0.936 1.605 -3.526 -2.783 -1.15 -1.936 -0.731 2.906
244 L -1.786 -2.381 -3.296 -3.619 -0.508 -2.812 -3.388 -3.336 -1.952 1.546 3.616 -2.666 2.463 3.296 -3.867 -3.158 -1.817 -1.038 0.21 0.686
245 L -0.083 -1.144 -1.595 -1.748 -0.852 -1.262 -0.312 -2.02 -0.021 -0.037 1.302 -0.043 0.125 2.174 -2.752 -0.56 -0.032 -0.17 3.496 -0.359
246 L -1.642 -2.073 1.339 -1.948 -0.816 -2.21 -2.681 -2.528 -0.429 2.54 1.551 -2.035 1.736 2.102 -3.486 -2.274 -1.379 -0.627 2.656 1.236
247 R -1.459 4.721 -0.647 -1.507 -2.266 0.338 -0.507 -2.058 0.098 -2.402 -2.117 3.009 -1.315 -1.424 -2.536 -1.444 -1.521 -1.645 0.954 -2.134
248 N -0.871 0.225 3.815 0.139 -1.432 1.117 -0.404 -0.832 0.153 -0.516 -2.021 1.815 -1.257 -2.247 -2.311 0.637 -0.501 -2.777 -1.927 -1.28
249 G -0.649 0.796 1.286 -1.063 -1.679 -1.067 -1.573 4.145 -0.312 -2.57 -2.739 1.141 -1.997 -1.106 -2.698 -1.099 -1.105 -1.51 1.323 -2.362
250 G 1.106 1.767 1.222 -1.13 -1.004 0.47 -1.186 2.278 -0.644 -1.533 -0.694 -0.146 -1.05 -2.077 0.836 -0.837 -1.238 -2.616 -2.115 -1.315
251 L -1.476 0.991 2.001 1.958 -1.56 1.495 -0.278 -1.666 2.358 -0.57 0.552 0.69 -0.339 -1.472 -2.727 -1.343 -1.297 -2.483 -1.361 -0.476
252 R -0.952 3.174 -0.01 -1.304 -1.583 -0.21 -0.792 -1.679 1.453 -0.98 -1.597 2.268 -1.033 1.146 -2.49 0.22 -1.002 -1.316 1.393 -1.412
253 K -0.975 2.211 0.855 -1.083 -1.312 -0.247 -0.76 -1.637 -0.591 0.096 -0.26 2.802 -0.552 -0.17 -2.352 -0.278 0.156 -2.278 -1.382 -0.691
254 G 0.976 -1.842 -1.52 -1.805 -0.43 -0.797 -1.14 2.506 -1.578 1.022 1.333 -1.462 0.137 -0.943 -2.706 -0.44 -1.087 -2.333 -1.874 0.76
255 N -1.251 0.17 4.464 1.535 -1.422 -0.741 -0.828 -0.798 0.185 -1.358 -0.584 0.046 0.74 -1.744 -2.633 0.237 -0.63 -2.744 -1.994 -1.562
256 R -1.213 2.677 0.596 -1.613 -1.29 -0.262 -1.569 0.251 -0.344 1.039 0.129 -0.084 -0.308 1.401 -3.03 -0.727 -1.26 -1.267 1.321 -0.2
257 K -0.935 2.756 -0.536 -1.136 -1.837 0.31 -0.247 -1.614 -0.094 -1.944 -1.605 3.881 -1.143 -1.348 -2.108 -0.338 -1.11 -1.729 0.961 -1.856
258 F -1.436 -2.232 0.181 -2.145 -0.782 -2.58 -2.714 -2.346 -1.241 1.732 1.532 -2.222 0.497 4.361 -3.438 -0.93 -0.075 -0.735 0.927 0.477
259 L -0.322 -2.047 -2.76 -2.971 -0.446 -0.419 -2.46 -2.677 -1.757 2.264 2.64 -2.02 1.134 2.703 -3.411 -2.415 -1.465 -1.39 -0.117 1.465
260 G -1.047 0.739 -1.659 -2.354 -1.057 -1.953 -2.544 2.333 -0.891 1.526 0.155 -1.261 1.232 2.622 -3.31 -1.448 -1.572 -0.918 1.595 0.378
261 K -1.117 2.896 -0.601 -1.134 -1.954 0.431 -0.15 -1.733 -0.462 -0.449 -1.729 4.233 -1.051 -2.481 -2.094 -1.237 -1.28 -2.603 -1.881 -1.259
262 L -1.317 -2.416 -2.79 -3.104 -0.404 -2.572 -3.113 -2.98 -1.904 2.845 2.307 -2.404 2.829 2.755 -3.566 -1.769 -1.273 -1.336 -0.083 1.768
263 I 0.624 -2.674 -2.746 -2.886 -0.211 -2.755 -3.12 0.137 -2.362 3.664 1.826 -2.302 0.87 -0.211 -3.148 -2.08 -1.238 -2.28 -1.573 1.867
264 L 1.298 0.112 0.116 -2.122 3.479 -1.958 -2.292 -1.569 -1.499 1.704 0.78 -1.344 0.125 1.192 -2.854 -1.338 -1.05 -2.053 -0.946 1.617
265 L -0.641 -2.008 -1.836 -2.338 -0.402 -2.053 -2.36 -2.084 -1.683 2.022 1.346 -1.867 1.653 -0.085 -3.125 0.454 -0.67 5.732 -0.505 1.668
266 G 0.754 -2.251 -1.622 -2.144 -0.329 -2.163 -2.527 2.82 -1.881 1.986 0.196 -1.827 1.29 -1.018 -2.829 -0.53 -0.968 -2.392 -1.906 1.765
267 L -1.101 -2.64 -2.827 -3.055 -0.41 -2.859 -3.186 -0.136 -2.364 2.71 2.104 -2.47 0.87 1.533 0.39 -2.635 -1.342 -1.944 -0.832 2.363
268 V 0.094 -2.523 -2.679 -2.952 -0.057 -2.664 -2.941 -2.585 -2.411 3.033 1.25 -2.33 0.702 1.449 -3.16 -1.94 0.188 -1.954 -0.761 3.126
269 L -0.773 -2.184 -2.259 -2.656 -0.167 -2.268 -2.704 -2.558 -2.085 2.821 2.452 -2.059 2.105 -0.02 -3.15 -0.301 -0.776 -2.139 -1.378 2.148
270 L 0.909 -2.226 -2.162 -2.591 3.542 -2.315 -2.632 0.318 -2.225 1.53 1.623 -1.993 0.479 -0.675 -2.812 -1.289 0.57 -2.362 -1.713 2.038
271 I -1.295 -2.496 -2.494 -2.598 -0.623 -2.642 -2.801 -2.78 -2.137 2.873 1.449 -2.093 0.489 1.362 3.041 -2.073 0.232 -2.186 -0.945 1.218
272 L -1.065 -2.37 -2.719 -3.15 -0.307 -2.662 -3.159 0.429 -2.335 1.755 3.247 -2.428 1.355 0.775 -3.486 -2.158 -1.39 -1.916 -1.186 1.9
273 F -1.87 -2.633 -2.476 -2.992 -1.246 -3.214 -3.129 -2.629 -0.947 0.149 0.446 -2.849 1.403 6.24 -4.078 -1.39 -1.903 0.403 2.397 -0.543
274 L -1.444 -2.73 -3.267 -3.4 -0.316 -2.929 -3.486 -3.396 -2.385 3.657 2.411 -2.657 2.204 1.766 -3.674 -3.031 -1.341 -1.731 -0.644 2.356
275 L 1.256 -1.87 -1.445 -1.95 -0.194 -1.92 -2.056 0.625 -1.484 0.662 1.402 -1.58 0.236 1.707 -2.577 0.837 -0.611 -1.801 -0.708 0.707
276 L -0.844 -1.833 -1.659 -2.295 -0.344 -1.867 -2.343 -2.297 -1.102 1.496 1.476 -1.73 2.532 1.761 -2.873 -0.429 1.621 -1.069 1.437 1.159
277 L -1.491 -2.144 -2.962 -3.359 -0.268 -2.454 -3.14 -3.214 -2.231 1.7 3.898 -2.338 2.587 0.523 -3.496 -2.597 -0.214 -1.801 -1.226 0.892
278 F -0.71 -1.328 2.23 1.093 -1.082 -1.127 0.109 -1.217 0.825 -0.756 -1.263 -1.039 -0.965 3.106 -2.65 1.035 -0.579 -1.453 0.165 -0.26
279 L 0.566 -2.283 -3.099 -3.266 -0.092 -2.549 -2.993 -2.437 -2.31 2.096 3.413 -2.282 1.491 0.238 -3.222 -2.23 -1.347 -2.009 -1.34 1.538
280 F -1.339 -1.811 -2.071 -2.682 -0.622 -1.754 -2.535 -2.563 -0.712 0.755 1.084 -1.854 4.517 3.592 -3.294 -1.689 0.765 -0.389 2.033 0.273
281 G -0.05 -2.498 -0.58 -1.463 -1.46 -2.336 -2.762 5.937 -1.616 -3.356 -3.601 -1.791 -2.807 -2.818 -2.92 -1.142 -2.059 -2.58 -3.288 -3.004
282 R -1.674 5.756 -0.602 -1.704 -2.399 0.378 -0.701 -2.268 -0.042 -2.752 -2.168 1.878 -1.364 -2.612 -2.844 -1.546 -1.594 -2.374 -1.912 -2.302
283 S 0.677 -1.03 2.193 1.286 -0.665 -0.719 0.348 0.984 -0.448 -1.981 -2.475 -0.568 -1.595 -2.272 -1.997 1.887 1.118 -2.743 -2.14 -1.462
284 G 0.22 -1.473 2.098 2.008 -0.894 -1.368 -1.015 1.865 -0.737 -1.552 -2.025 -1.073 -1.499 0.681 -2.355 0.286 1.654 -2.26 -1.363 -1.281
285 D -0.649 -0.534 0.823 3.709 -1.308 -0.711 -0.023 0.715 -0.751 -2.086 -2.664 1.164 -1.828 -2.569 -2.113 0.687 1.079 -2.962 -2.447 -1.83
286 G 0.104 -2.343 -0.426 -1.308 -1.306 -2.181 -2.608 5.796 -1.462 -3.201 -3.446 -1.636 -2.652 -2.664 -2.765 -0.988 -1.905 -2.426 -3.134 -2.85
287 G -0.661 -1.911 -1.274 -2.011 -0.602 -1.968 -2.309 1.538 -0.973 0.202 0.378 -1.72 1.248 2.614 -2.831 -0.277 1.556 -0.898 1.619 0.472
288 G 0.012 -2.094 -0.415 -1.296 -1.007 -1.979 -2.365 5.26 -1.502 -2.358 -2.832 -1.495 -2.133 -2.461 -2.563 -0.609 0.781 -2.425 -2.835 -1.964
289 Q -0.878 1.012 -0.088 -0.352 -1.906 4.865 1.397 -1.474 0.774 -2.235 -1.986 1.227 -0.398 -2.954 -2.146 -0.75 -0.97 -2.18 -1.28 -1.782
290 D -1.758 -1.569 1.218 5.804 -2.353 -0.853 1.069 -1.104 -0.517 -2.706 -3.472 -0.81 -2.678 -2.9 -2.27 -0.933 -1.394 -3.512 -3.024 -2.845
291 G 0.109 -2.338 -0.421 -1.304 -1.301 -2.176 -2.603 5.791 -1.457 -3.196 -3.441 -1.632 -2.648 -2.659 -2.76 -0.983 -1.9 -2.421 -3.129 -2.845
292 I -1.358 -3.082 -3.243 -3.162 -0.131 -3.19 -3.668 -3.46 -2.692 4.47 1.696 -2.659 1.29 0.237 -3.485 -3.057 -1.056 -2.165 -1.266 2.879
293 I -1.358 -3.082 -3.243 -3.162 -0.131 -3.19 -3.668 -3.46 -2.692 4.47 1.696 -2.659 1.29 0.237 -3.485 -3.057 -1.056 -2.165 -1.266 2.879
294 E -1.134 -1.238 -1.44 0.04 -1.06 -0.108 2.648 -2.609 -0.756 2.732 0.253 -0.534 0.143 -0.857 -2.576 -1.708 -1.181 -2.279 -1.575 1.336
295 D 0.315 -1.09 3.258 3.183 -1.06 -0.885 -0.292 0.099 -0.211 -2.321 -2.848 -0.661 -1.94 -2.452 -2.166 1.452 0.042 -3.03 -2.331 -1.933
296 L -1.879 -2.474 -0.163 -2.683 -0.768 -2.904 -3.208 -2.907 -1.502 2.291 2.453 -2.592 1.392 4.103 -3.857 -2.796 -1.704 -0.824 0.739 0.879
297 F -1.325 -2.15 0.293 -1.923 -1.105 -2.516 -2.436 -2.01 -0.882 -0.169 0.66 -2.096 -0.099 5.164 0.404 -0.161 -1.301 -0.365 1.517 -0.751
298 H -1.156 1.899 0.011 -0.787 -2.048 0.967 0.518 0.421 6.386 -2.735 -2.625 0.066 -1.436 -1.702 -2.624 -0.465 -1.588 -2.001 0.265 -2.628
299 Y -1.492 -1.641 -1.752 -2.084 -1.733 -1.381 -0.453 -2.613 1.704 -1.146 -1.262 -1.537 -0.938 2.764 -3.121 -1.021 -1.735 1.751 6.431 -1.225
300 L -1.529 -2.607 -3.414 -3.58 -0.287 -2.967 -3.516 -3.488 -2.522 3.08 3.392 -2.695 1.616 1.249 -3.708 -3.187 -1.49 -1.814 -0.93 1.961
301 F -2.381 -2.817 -2.864 -3.404 -1.574 -3.536 -3.403 -3.024 -0.225 -0.018 0.225 -3.151 -0.068 6.361 -4.37 -3.063 -2.462 1.011 4.024 -0.721
302 I -1.264 -1.738 0.083 -2.147 -0.446 -2.165 -2.582 -2.682 -1.918 3.754 1.331 -0.426 0.737 -0.352 -3.155 -2.059 0.095 -2.378 -1.536 2.228
303 Y -1.952 -1.917 -2.266 -3.162 -1.892 -1.924 -2.503 -3.072 1.964 -0.944 -1.05 -2.013 -0.822 3.208 -3.473 -2.577 -2.229 2.169 6.93 -1.119
304 I -0.986 -2.54 -2.515 -2.867 -0.147 -2.686 -3.055 -2.974 -2.495 3.503 1.535 -2.337 0.862 0.775 -3.209 -1.985 0.962 -2.096 -1.087 2.836
305 G -0.05 -2.498 -0.58 -1.463 -1.46 -2.336 -2.762 5.937 -1.616 -3.356 -3.601 -1.791 -2.807 -2.818 -2.92 -1.142 -2.059 -2.58 -3.288 -3.004
306 A 4.037 -1.687 -1.678 -1.795 0.417 -1.524 -1.528 1.438 -1.372 -1.109 -1.59 -1.048 -1.127 -2.049 -1.704 0.218 -0.661 -2.58 -1.989 -0.161
307 P -0.977 -2.154 -2.074 -1.704 -1.597 -2.073 -1.762 -1.992 -1.748 -2.458 -2.89 -1.204 -2.543 -3.476 6.798 -1.592 -1.488 -4.689 -2.776 -2.302
308 L -1.533 -2.417 -3.456 -3.681 -0.246 -2.819 -3.439 -3.492 -2.531 2.361 3.921 -2.627 1.839 0.56 -3.698 -3.208 -1.564 -1.887 -1.233 1.649
309 L -1.317 -2.291 -2.886 -3.398 -0.674 -2.463 -2.943 -3.133 -0.195 1.474 1.71 -2.397 0.583 1.573 -3.609 -2.755 -1.501 4.297 4.153 2.25
310 N -1.8 -0.555 5.919 1.141 -1.986 -0.667 -0.865 -0.295 0.828 -2.852 -3.292 -0.436 -2.301 -2.514 -2.728 -0.258 -0.591 -3.106 -2.209 -2.7
311 L -1.819 -2.451 -3.398 -3.698 -0.491 -2.981 -3.479 -3.417 -2.099 1.6 3.809 -2.761 1.705 3.19 -3.89 -3.273 -1.858 -1.105 0.123 0.715
312 D -1.887 -1.387 3.196 5.372 -2.372 -0.922 0.558 -0.989 -0.22 -2.862 -3.543 -0.826 -2.694 -2.913 -2.501 -0.86 -1.281 -3.519 -2.907 -2.925
313 N -0.403 -0.924 3.378 -0.104 -0.699 -0.909 -1.083 -0.817 2.362 -0.926 -1.885 -0.721 -1.185 -1.849 -2.227 1.342 1.938 -2.598 -1.432 -0.116
314 F -2.164 -2.741 -2.893 -3.415 -1.447 -3.34 -3.311 -2.985 -0.342 0.243 0.122 -3.03 -0.108 5.829 -4.309 -3.019 -2.27 4.463 3.862 0.207
315 L -1.584 -2.824 -3.444 -3.496 -0.29 -3.099 -3.662 -3.578 -2.679 3.956 2.985 -2.733 1.522 0.35 -3.686 -3.25 -1.415 -2.09 -1.328 2.113
316 A 1.598 0.96 -0.81 -1.207 -0.493 2.71 -0.238 -0.991 -0.481 -0.329 -1.286 0.1 -0.569 -2.044 -2.162 0.632 -0.498 -2.484 -1.652 0.853
317 T -0.397 -0.782 2.391 -0.549 -0.658 -1.035 -1.275 0.73 -0.675 -0.8 -0.52 0.273 -0.788 -0.58 -2.249 0.989 2.083 -2.391 -1.643 -0.505
318 Y -0.1 0.391 1.938 -0.871 -1.345 0.545 -0.912 -1.327 3.969 -1.725 -1.94 -0.129 -1.182 0.371 -2.547 -0.134 0.077 -0.437 3.484 -1.516
319 D -0.973 -0.695 1.194 2.356 -1.394 0.486 -0.366 -1.425 2.39 -0.323 -1.815 0.382 -1.229 -1.049 0.708 0.13 0.178 -1.878 1.081 -1.086
320 P -1.095 -1.387 2.879 -0.29 -1.591 -1.394 -1.301 -1.179 -0.485 -2.453 -2.887 -0.794 -2.33 -2.988 5.56 -0.945 -1.027 -3.93 -2.444 -2.298
321 L -1.165 -1.493 -0.934 -0.248 -0.866 -1.469 -1.617 -2.172 4.56 0.948 1.807 -1.542 0.432 0.166 -2.923 -0.484 -0.047 -1.317 1.591 -0.021
322 F -2.32 -2.882 -2.846 -3.3 -1.36 -3.85 -3.468 -2.86 -0.814 0.291 0.579 -3.29 0.216 6.492 -4.434 -3.016 -2.356 0.866 2.945 -0.493
323 I -1.362 -3.086 -3.248 -3.166 -0.136 -3.195 -3.672 -3.465 -2.697 4.483 1.691 -2.664 1.286 0.232 -3.49 -3.062 -1.06 -2.17 -1.271 2.875
324 P 0.135 0.304 -1.603 -1.74 -0.91 -1.611 -1.263 0.971 -1.529 0.284 0.058 -0.898 -0.699 -1.731 4.052 -1.245 -0.007 -2.956 -2.164 -0.46
325 L -1.526 -2.172 -3.348 -3.606 -0.136 -2.626 -3.291 -3.368 -2.299 2.019 4.014 -2.464 2.147 0.847 -3.59 -3.144 -1.566 -1.636 -1.042 1.12
326 F -2.32 -2.882 -2.846 -3.3 -1.36 -3.85 -3.468 -2.86 -0.814 0.291 0.579 -3.29 0.216 6.492 -4.434 -3.016 -2.356 0.866 2.945 -0.493
327 R -1.52 5.483 -0.448 -1.549 -2.245 0.532 -0.546 -2.114 0.113 -2.597 -2.013 2.033 -1.209 -2.458 -2.69 -1.392 -1.439 -2.22 -1.758 -2.147
328 G 0.104 -2.343 -0.426 -1.308 -1.306 -2.181 -2.608 5.796 -1.462 -3.201 -3.446 -1.636 -2.652 -2.664 -2.765 -0.988 -1.905 -2.426 -3.134 -2.85
329 V -0.219 -2.472 -2.915 -3.15 0.354 -2.573 -2.879 -2.941 -2.9 3.044 0.96 -2.374 0.846 -0.384 -3.157 -2.27 -0.437 -2.373 -1.271 4.086
330 S 0.537 1.103 0.908 -0.977 -0.674 -0.259 -1.207 0.743 -0.776 0.714 -1.307 -0.365 -0.901 -1.826 0.74 1.416 -0.344 -2.701 -1.972 -0.332
331 P -1.438 -1.344 1.713 1.058 -1.551 -0.424 0.959 -1.852 -0.472 -0.866 0.302 -0.894 0.252 1.029 3.086 -1.464 -1.411 -2.093 -0.129 -1.233
332 S 0.769 -0.739 -0.513 -0.832 -0.479 1.487 0.434 -1.193 2.207 -0.228 -1.311 -0.42 -0.662 -1.767 -2.123 1.029 1.277 -2.409 -1.258 0.873
333 H -0.8 -0.926 0.963 -0.623 -1.142 0.057 0.642 -1.608 4.598 -0.561 0.076 -0.735 -0.519 -1.281 0.664 0.27 -0.504 -2.325 -0.553 -0.154
334 Y -0.847 -2.408 -2.771 -3.206 -0.727 -2.477 -2.966 -3.018 0.147 2.786 0.995 -2.316 0.431 1.759 -3.421 -2.595 -1.507 0.394 4.619 1.829
335 F -2.576 -2.855 -3.099 -3.553 -1.8 -3.614 -3.441 -2.835 -1.067 -0.415 -0.143 -3.263 -0.353 5.742 -4.874 -3.275 -2.615 7.75 2.559 -1.115
336 G 0.671 -2.414 -0.664 -1.492 -1.229 -2.252 -2.625 5.722 -1.593 -3.062 -3.348 -1.715 -2.607 -2.739 -2.785 -0.989 -1.9 -2.58 -3.143 -2.595
337 E -0.639 -0.46 -0.474 0.443 -1.897 1.997 3.234 1.631 -0.114 -2.759 -2.79 0.171 -1.738 -2.807 0.781 -0.163 -1.196 -2.643 -2.142 -2.241
338 Q -1.083 0.775 -0.183 -0.543 -2.084 5.12 1.134 -1.637 2.741 -2.413 -2.177 0.959 -0.606 -2.851 -2.336 -0.955 -1.201 -2.256 -1.026 -2.013
339 T -0.217 -1.324 -0.38 -1.209 -0.044 -1.32 -1.572 -1.468 -1.546 0.585 -0.917 -1.001 -0.516 -1.546 -1.923 0.847 4.216 -2.353 -1.813 0.338
340 F -2.326 -2.905 -3.078 -3.503 -1.271 -3.761 -3.592 -3.093 -1.169 0.506 1.52 -3.289 0.487 6.265 -4.429 -3.192 -2.363 0.418 2.406 -0.308
341 R -1.669 3.033 -1.497 -2.309 -1.902 -0.971 -1.701 0.098 -0.07 -0.201 -1.192 0.816 -0.92 1.82 -3.344 -2.102 -1.908 5.859 2.854 -1.087
342 G 0.418 -1.937 -0.47 -1.294 -0.778 -1.821 -2.101 4.683 -1.475 -1.836 -2.511 -1.387 -1.839 -2.356 -2.439 0.421 1.155 -2.54 -2.634 -1.178
343 F 0.327 -2.514 -2.908 -3.198 -0.65 -3.009 -3.073 -2.273 -1.454 0.711 2.189 -2.612 0.741 4.993 -3.59 -2.248 -1.831 -0.345 1.395 0.091
344 Y -1.939 -1.697 -1.785 -2.809 -1.958 -1.664 -2.194 -2.886 3.924 -1.12 -1.214 -1.849 -0.889 2.917 -3.393 -2.455 -2.246 1.893 6.608 -1.309
345 A 1.901 -0.761 2.685 -0.423 -0.481 -0.942 -1.103 1.496 -0.486 -1.781 -2.251 0.374 -1.509 -2.261 -2.024 0.981 0.535 -2.708 -2.098 -1.156
346 F -1.786 -2.33 -2.351 -2.976 -1.485 -2.606 -2.797 -2.626 0.282 0.437 -0.353 -2.431 -0.405 4.525 -3.848 -1.356 -1.868 6.04 4.637 -0.536
347 L -1.734 -2.828 -3.244 -3.433 -0.572 -3.144 -3.562 -3.438 -1.588 3.538 2.268 -2.783 1.115 2.967 -3.792 -3.17 -1.601 -0.839 1.742 1.732
348 L 0.379 -1.513 -1.855 -1.891 -0.865 0.126 -0.301 0.741 -0.054 0.05 1.722 -1.293 0.288 0.879 -2.909 -1.674 -1.597 -0.358 3.339 -0.323
349 K -0.743 2.051 -0.703 -1.152 -1.726 -0.166 -0.58 0.49 -0.731 -2.428 -2.566 3.128 -1.718 -2.928 3.175 -0.319 -1.135 -3.017 -2.211 -2.194
350 K -0.912 1.397 -1.131 -1.576 -1.038 1.011 -0.755 -2.036 -0.919 1.787 0.344 2.424 0.016 -1.308 -2.517 -0.643 -0.972 -2.441 -1.641 0.936
351 L -0.917 -1.816 -1.781 -2.302 3.414 -0.237 -2.149 0.135 -1.634 1.425 2.128 -1.682 0.68 1.41 -3.048 -0.729 0.326 -1.831 -0.888 0.435
352 G -0.285 -1.859 -0.41 -1.317 -1.499 -1.694 -1.988 4.857 3.697 -3.043 -3.258 -1.437 -2.349 -2.371 0.755 -0.574 -1.742 -2.489 -1.511 -2.82
353 L -1.289 -0.788 1.604 1.252 -0.997 0.368 -0.927 -1.822 -0.698 0.305 1.019 0.238 1.465 1.277 -2.818 -1.298 0.103 -1.924 -0.847 0.43
354 D -0.888 -1.403 1.119 2.458 -1.252 -0.94 0.737 -1.504 -0.324 0.065 -0.4 -0.893 -0.878 -0.74 1.43 0.347 -0.843 -1.874 1.016 -0.798
355 S -0.371 0.793 -0.295 1.235 -0.731 -0.948 -0.933 0.689 -1.039 0.247 -0.247 0.532 -0.602 -1.588 -2.264 0.974 1.278 -2.531 -1.98 -0.433
356 F -1.634 -2.077 0.137 -2.312 -1.128 -2.38 -2.623 -2.442 0.051 0.219 1.554 -2.179 0.32 4.389 -3.559 -1.156 -1.605 0.409 3.916 -0.406
357 L 0.744 -0.519 0.511 -1.43 -0.66 0.355 -1.188 -1.409 -0.843 1.332 0.492 1.049 1.358 1.119 -2.544 -0.339 -0.912 -1.951 -0.868 0.262
358 L -1.358 -1.901 -2.941 -3.147 -0.399 -2.488 -2.948 -3.202 -2.26 3.182 2.498 -0.653 1.184 1.681 -3.479 -2.839 -1.344 -1.794 -0.69 2.291
359 D -0.107 -0.888 0.833 3.875 -1.653 -0.491 1.552 0.641 -0.616 -2.327 -2.822 0.448 -2.076 -2.739 0.071 -0.734 -0.053 -3.066 -2.554 -2.013
360 N -0.396 -0.854 2.725 0.048 -0.844 -0.561 0.595 -0.945 0.229 -1.566 -2.043 -0.511 -1.299 -0.627 -2.119 1.257 1.821 -1.369 1.674 -1.198
361 I -1.471 -3.195 -3.357 -3.275 -0.244 -3.304 -3.781 -3.573 -2.805 4.756 1.583 -2.773 1.177 0.124 -3.599 -3.171 -1.169 -2.279 -1.379 2.766
362 I -0.953 -2.891 -3.157 -3.185 0.013 -2.996 -3.407 -3.303 -2.787 4.121 1.443 -2.588 1.122 0.017 -3.399 -2.797 -0.861 -2.26 -1.295 3.352
363 G 0.444 -1.722 -0.102 -0.928 -0.787 -1.556 -1.768 4.827 -1.106 -2.722 -3.041 -1.13 -2.095 -2.421 -2.286 1.196 -0.596 -2.486 -2.615 -2.25
364 S 0.401 -0.638 3.322 0.347 -0.447 -0.565 -0.62 -0.132 0.089 -2.164 -2.587 -0.298 -1.486 -2.089 -1.81 2.535 0.591 -2.691 -1.866 -1.666
365 L -1.642 -1.691 2.647 2.711 -1.328 -1.675 -1.093 0.445 -0.715 -0.193 1.577 -1.483 -0.036 1.174 -3.086 -1.523 -1.431 -2.147 -1.176 -0.837
366 P -0.491 0.394 -1.155 -1.55 -0.984 -0.264 -1.351 -1.661 -0.648 -0.749 -1.494 -0.684 -1.101 1.122 3.847 0.741 -0.692 -1.698 1.248 0.041
367 F -2.499 -2.99 -3.025 -3.479 -1.583 -3.902 -3.576 -2.969 -0.993 0.008 0.293 -3.398 -0.037 6.506 -4.657 -3.196 -2.536 4.42 2.734 -0.758
368 V -0.348 -1.44 0.571 -1.506 -0.153 0.05 -1.58 -1.884 -1.465 1.514 -0.216 -1.225 -0.021 -1.215 -2.579 -0.125 1.833 -2.514 -1.623 2.905
369 F -1.791 2.257 1.707 -1.224 -1.91 0.484 -1.12 -1.922 0.123 -1.263 -1.07 1.113 -0.811 3.93 -3.117 -1.63 -1.61 -0.51 2.137 -1.55
370 S 1.451 -1.228 -0.424 -1.105 -0.302 -1.092 -1.179 -0.635 0.201 -1.543 -1.875 -0.845 -1.14 0.345 -1.98 2.517 0.117 -0.545 3.31 -1.065
371 S -0.366 1.709 2.276 2.128 -0.959 -0.613 -0.492 -0.868 -0.348 -2.008 -2.429 -0.028 -1.553 -2.313 -2.132 1.646 1.371 -2.774 -2.121 -1.601
372 N 0.622 -0.855 4.863 0.463 -1.06 -0.922 -1.088 -0.356 0.264 -1.637 -0.977 -0.654 -1.304 -1.948 -2.472 0.334 -0.507 -2.846 -2.031 -1.497
373 G 0.098 -1.528 0.973 -0.717 -1.423 0.198 -0.192 4.893 -0.881 -2.847 -3.099 -0.983 -2.215 -2.714 -2.646 -0.855 -0.857 -2.582 -2.736 -2.413
374 L -1.712 -2.555 -2.978 -3.35 -0.765 -2.706 -3.245 -3.39 -0.219 3.205 1.806 -2.502 0.811 2.004 -3.627 -3.001 -1.65 0.128 4.109 1.464
375 G -0.394 -1.213 -0.542 0.118 -1.711 -0.228 2.606 3.681 -0.623 -2.956 -3.103 -0.46 -2.236 -2.768 0.724 -0.207 -1.382 -2.694 -2.55 -2.47
376 L -0.965 -1.989 -1.703 -2.311 -0.174 -2.14 -2.548 -2.503 -2.125 2.467 2.218 -1.83 0.898 -0.272 -2.77 -1.05 2.549 -2.135 -1.51 1.241
377 G -0.05 -2.498 -0.58 -1.463 -1.46 -2.336 -2.762 5.937 -1.616 -3.356 -3.601 -1.791 -2.807 -2.818 -2.92 -1.142 -2.059 -2.58 -3.288 -3.004
378 N -1.8 -0.555 5.919 1.141 -1.986 -0.667 -0.865 -0.295 0.828 -2.852 -3.292 -0.436 -2.301 -2.514 -2.728 -0.258 -0.591 -3.106 -2.209 -2.7
379 V -0.374 -2.626 -3.069 -3.305 0.2 -2.727 -3.034 -3.095 -3.055 2.889 0.805 -2.528 0.692 -0.538 -3.311 -2.424 -0.591 -2.527 -1.425 4.469
380 Y -2.009 -2.11 -2.464 -3.255 -1.656 -2.25 -2.734 -3.097 1.421 -0.387 0.217 -2.257 -0.302 4.07 -3.655 -2.723 -2.228 1.772 6.267 -0.798
381 T -0.253 -1.233 -0.279 -1.155 -0.019 -1.243 -1.518 -1.469 -1.553 -0.364 -1.197 -0.931 -0.672 -1.721 -1.827 0.565 4.628 -2.325 -1.847 0.089
382 T 0.401 -1.447 -0.836 -1.596 3.547 -1.39 -1.804 -1.506 -1.555 -0.042 -0.375 -1.177 2.122 -1.31 -2.122 0.077 3.651 -2.248 -1.757 0.178
383 F -2.308 -2.756 -2.901 -3.427 -1.447 -3.43 -3.389 -3.063 -0.301 0.183 0.863 -3.08 0.162 6.112 -4.295 -3.073 -2.388 0.883 3.904 -0.542
384 Y -1.952 -1.917 -2.266 -3.162 -1.892 -1.924 -2.503 -3.072 1.964 -0.944 -1.05 -2.013 -0.822 3.208 -3.473 -2.577 -2.229 2.169 6.93 -1.119
385 P -0.52 0.131 -0.825 -1.152 -1.313 2.756 -0.146 -1.64 -0.372 -1.29 -1.235 1.5 0.924 0.667 2.185 -0.444 0.107 -2.148 -0.954 -1.237
386 F -2.058 -2.798 -2.9 -3.38 -1.262 -3.375 -3.368 -3.077 -0.416 1.161 0.379 -3.02 0.101 5.817 -4.167 -2.999 -2.125 0.709 3.772 0.648
387 I -1.37 -2.231 -2.796 -3.002 -0.504 -0.463 -2.596 -3.193 -1.417 3.358 1.778 -2.109 0.925 1.876 -3.514 -2.756 -1.328 -1.174 1.456 2.343
388 Y -1.988 -1.918 -2.148 -3.062 -1.88 -1.957 -2.472 -3.004 2.656 -0.892 -0.945 -2.051 -0.759 3.652 -3.524 -2.58 -2.258 1.98 6.63 -1.138
389 D -1.917 -1.728 1.059 6.031 -2.512 -1.012 0.91 -1.264 -0.676 -2.865 -3.631 -0.969 -2.838 -3.06 -2.429 -1.092 -1.553 -3.671 -3.183 -3.004
390 F -2.499 -2.99 -3.025 -3.479 -1.583 -3.902 -3.576 -2.969 -0.993 0.008 0.293 -3.398 -0.037 6.506 -4.657 -3.196 -2.536 4.42 2.734 -0.758
391 G 0.138 -2.231 -0.518 -0.497 -1.28 -1.979 -1.619 5.459 -1.502 -2.836 -3.205 -1.565 -2.466 -2.688 -2.726 -0.899 -0.374 -2.582 -3.047 -2.433
392 Y -1.991 -2.358 -2.721 -3.329 -1.381 -2.558 -2.986 -3.129 0.663 1.418 0.605 -2.463 0.029 3.717 -3.82 -2.898 -2.075 4.554 5.304 0.15
393 L -1.213 -1.539 -2.22 -2.621 -0.7 -2.131 -2.447 -2.65 -1.139 2.537 1.263 -0.093 0.524 3.18 -3.269 -1.195 -1.23 -0.802 1.834 1.594
394 G 0.671 -2.414 -0.664 -1.492 -1.229 -2.252 -2.625 5.722 -1.593 -3.062 -3.348 -1.715 -2.607 -2.739 -2.785 -0.989 -1.9 -2.58 -3.143 -2.595
395 V -0.998 -2.887 -3.215 -3.341 -0.133 -3.068 -3.406 -3.313 -2.706 3.744 1.345 -2.719 0.903 1.56 -3.555 -2.826 -1.01 -1.965 -0.714 3.489
396 V 0.001 -2.497 -3.03 -3.18 -0.045 -2.554 -3.066 -2.762 -2.446 3.28 1.943 -2.341 2.314 -0.092 -3.29 -2.351 -1.004 -2.201 -1.368 2.99
397 P -1.036 -2.337 -2.341 -2.065 3.253 -2.32 -2.148 -2.229 -1.974 -0.029 -0.516 -1.542 -1.222 -2.267 5.995 -1.83 -1.48 -3.936 -2.485 -0.88
398 L -1.804 -2.463 -3.432 -3.695 -0.509 -2.925 -3.46 -3.386 -2.212 2.014 3.663 -2.721 1.624 2.018 -3.914 -3.296 -1.811 4.001 -0.197 0.898
399 I -0.503 -1.95 -1.321 -1.94 -0.072 -1.97 -2.25 -2.123 -2.042 2.822 0.272 -1.629 0.243 -0.827 -2.531 -0.033 2.689 -2.387 -1.632 2.169
400 S 1.548 -1.434 -0.656 -1.266 -0.073 -1.303 -1.47 0.905 -1.165 0.37 -0.227 -1.01 1.08 -1.347 -2.069 1.944 0.799 -2.419 -1.808 -0.098
401 I -1.178 -2.791 -3.242 -3.329 -0.161 -2.879 -3.439 -3.387 -2.66 4.019 1.895 -2.6 2.119 0.037 -3.546 -2.908 -1.093 -2.225 -1.359 3.042
402 I -1.555 -2.486 -3.01 -3.231 -0.468 -2.492 -3.267 -3.187 -1.807 3.426 1.73 -2.423 3.869 2.767 -3.692 -2.814 -1.405 -1.277 -0.048 1.721
403 A 3.698 -1.54 -1.311 -1.566 0.391 -1.382 -1.378 0.557 -1.27 -0.831 -1.502 -0.954 -1.003 -1.946 -1.699 1.15 -0.299 -2.596 -1.905 0.197
404 L -1.911 -2.512 -3.195 -3.555 -0.925 -2.943 -3.355 -1.247 -1.912 1.445 2.747 -2.743 0.971 2.005 -4.18 -3.204 -2.031 7.292 0.533 0.333
405 Y -1.952 -1.917 -2.266 -3.162 -1.892 -1.924 -2.503 -3.072 1.964 -0.944 -1.05 -2.013 -0.822 3.208 -3.473 -2.577 -2.229 2.169 6.93 -1.119
406 Y -1.993 -1.996 -2.32 -3.186 -1.858 -2.05 -2.582 -3.067 1.807 -0.837 -0.894 -2.109 -0.737 3.73 -3.551 -2.622 -2.252 2.072 6.741 -1.077
407 V -0.199 -1.848 -1.147 -1.753 -0.053 -1.825 -2.026 -1.804 -1.835 2.58 0.108 -1.503 0.139 -0.912 -2.472 0.956 1.919 -2.457 -1.639 2.234
408 G -0.816 -1.431 0.538 -1.502 -1.227 -1.777 -1.949 2.062 -0.681 -0.202 -1.235 -0.146 -1.069 2.417 2.079 -0.605 -1.287 -1.219 1.514 -0.116
409 T 1.149 -1.292 0.951 -1.019 -0.02 -1.273 -1.463 -0.982 -1.232 -0.203 -1.208 -0.952 -0.734 -1.728 -1.935 0.775 3.433 -2.471 -1.849 0.629
410 Y -1.952 -1.917 -2.266 -3.162 -1.892 -1.924 -2.503 -3.072 1.964 -0.944 -1.05 -2.013 -0.822 3.208 -3.473 -2.577 -2.229 2.169 6.93 -1.119
411 R -0.653 2.755 -0.284 0.95 -1.325 0.74 0.904 -1.549 -0.43 -1.241 -1.894 1.818 -1.148 -2.318 -2.217 0.478 0.313 -2.591 -1.933 -0.369
412 K -1.198 2.963 -0.76 -1.387 -1.686 0.071 -0.527 -1.881 -0.555 -1.259 -0.463 3.488 -0.699 0.73 -2.323 -1.216 -0.092 -2.034 -1.016 -1.377
413 L -1.226 -2.805 -3.342 -3.432 -0.16 -3.021 -3.504 -3.453 -2.783 3.819 2.463 -2.688 1.303 0.129 -3.584 -3.018 -1.17 -2.213 -1.36 2.947
414 R -1.293 3.102 -1.562 -2.207 3.285 0.535 -1.329 -2.526 -0.984 0.986 1.234 0.98 0.949 -1.034 -3.011 -1.951 -1.387 -2.294 -1.649 0.654
415 L -0.994 -0.913 1.795 -0.573 -0.975 0.49 0.505 0.869 -0.649 -0.274 1.145 -0.342 0.717 -1.156 -2.615 -0.891 1.118 -2.311 -1.794 -0.561
416 T -0.372 0.968 1.108 1.881 -0.976 0.394 -0.712 0.981 -0.788 -0.915 -0.585 -0.399 -0.861 -1.896 -2.409 -0.534 1.842 -2.571 -2.087 -0.597
417 K -0.77 0.131 0.692 -0.926 -1.157 -0.521 0.191 -1.838 -0.792 1.735 -0.466 2.33 -0.355 1.041 -2.469 -1.228 0.076 -2.047 -0.924 0.33
418 Y -1.793 -1.758 -2.106 -3.003 -1.732 -1.764 -2.344 -2.913 2.124 -0.784 -0.891 -1.854 -0.663 3.368 -3.314 -2.418 -2.07 2.328 6.614 -0.96
419 C -1.17 2.819 2.945 -0.598 6.617 -0.737 -1.392 -1.33 -0.216 -1.876 -1.966 0.226 -1.459 -2.294 -2.83 -0.991 -1.048 -2.79 -2.191 -1.561
420 G 0.982 -0.786 1.81 -0.522 -0.542 1.081 -0.738 1.822 -0.42 -0.694 -1.749 -0.43 -1.035 -2.042 -2.086 0.738 1.038 -2.477 -1.906 -0.731
421 K -0.266 -0.162 1.502 -0.735 -0.906 -0.723 -0.965 0.704 -0.734 0.118 -1.571 1.78 -1.064 -2.028 0.773 1.187 -0.392 -2.805 -2.013 0.053
422 R -0.452 2.012 0.831 -0.636 -1.253 1.734 0.93 -1.631 -0.251 -0.478 0.13 1.076 1.142 -1.585 -2.46 -0.273 -0.547 -2.331 -1.674 -0.833
423 K -0.641 0.173 0.102 -0.362 -1.43 -0.487 -0.762 0.544 2.489 -1.077 -1.978 2.294 -1.286 -0.342 -0.391 0.496 -0.921 -1.082 2.458 -1.504
424 L 0.786 0.668 -0.57 -1.955 -0.472 -1.303 -1.686 -1.72 -1.444 1.381 0.974 0.793 0.133 -1.055 0.636 -1.076 -0.974 -2.54 -1.703 1.645
425 F -1.799 -3.033 -3.122 -3.394 -0.832 -3.597 -3.589 -3.19 -1.653 2.698 0.845 -3.111 0.501 5.294 -4.086 -3.067 -1.761 -0.25 1.632 1.786
426 D -1.302 -1.443 1.881 5.324 -1.981 -0.917 0.577 -1.023 0.755 -2.735 -3.384 -0.839 -2.484 -2.779 -2.336 0.291 -1.005 -3.387 -2.596 -2.708
427 F -2.17 -2.577 -2.883 -3.434 -1.313 -3.102 -3.268 -3.121 -0.076 0.362 1.474 -2.859 0.387 5.494 -4.101 -3.034 -2.27 0.856 4.243 -0.352
428 R -1.134 4.676 -0.551 -1.455 -1.71 0.168 -0.676 -1.902 -0.311 -1.867 -1.337 2.316 -0.305 -2.248 -2.491 -0.447 0.031 -2.392 -1.855 -1.646
429 L -1.681 -2.326 -3.503 -3.76 -0.29 -2.78 -3.446 -3.523 -2.454 1.865 4.254 -2.618 1.992 0.693 -3.745 -3.298 -1.721 -1.791 -1.196 0.966
430 F -2.264 -2.876 -3.0 -3.442 -1.298 -3.593 -3.512 -3.105 -0.764 1.082 1.038 -3.166 0.323 6.053 -4.314 -3.13 -2.283 0.57 3.169 -0.04
431 I -1.331 -3.01 -3.308 -3.363 -0.27 -3.214 -3.606 -3.448 -2.64 4.155 1.705 -2.789 1.06 1.663 -3.651 -3.047 -1.205 -1.899 -0.707 2.906
432 Y -2.074 -2.159 -2.433 -3.233 -1.793 -2.32 -2.745 -3.058 1.463 -0.633 -0.605 -2.31 -0.575 4.555 -3.714 -2.715 -2.297 1.867 6.321 -0.994
433 A 3.581 -1.442 -1.129 -1.457 0.388 -1.297 -1.309 0.009 -1.232 -1.047 -1.575 -0.881 -1.023 -1.973 -1.638 1.249 0.913 -2.568 -1.89 -0.185
434 Y -2.033 -2.076 -2.376 -3.209 -1.825 -2.182 -2.662 -3.062 1.64 -0.733 -0.746 -2.208 -0.655 4.172 -3.632 -2.668 -2.274 1.971 6.539 -1.035
435 L -1.681 -2.326 -3.503 -3.76 -0.29 -2.78 -3.446 -3.523 -2.454 1.865 4.254 -2.618 1.992 0.693 -3.745 -3.298 -1.721 -1.791 -1.196 0.966
436 F -2.291 -2.948 -2.978 -3.412 -1.357 -3.677 -3.534 -3.089 -0.728 1.291 0.497 -3.212 0.158 6.179 -4.346 -3.122 -2.29 0.634 3.245 0.029
437 N -1.8 -0.555 5.919 1.141 -1.986 -0.667 -0.865 -0.295 0.828 -2.852 -3.292 -0.436 -2.301 -2.514 -2.728 -0.258 -0.591 -3.106 -2.209 -2.7
438 D -1.917 -1.728 1.059 6.031 -2.512 -1.012 0.91 -1.264 -0.676 -2.865 -3.631 -0.969 -2.838 -3.06 -2.429 -1.092 -1.553 -3.671 -3.183 -3.004
439 L -1.601 -2.394 -3.476 -3.707 -0.268 -2.814 -3.452 -3.51 -2.502 2.254 4.04 -2.628 1.895 0.611 -3.718 -3.251 -1.626 -1.852 -1.221 1.386
440 V -1.132 -2.765 -3.126 -3.315 -0.258 -2.933 -3.34 -3.229 -2.323 3.409 1.298 -2.669 1.91 2.653 -3.626 -2.795 -1.139 -1.522 -0.127 3.111
441 M -1.22 -1.523 -2.5 -2.954 -0.308 -1.191 -2.493 -2.723 -1.108 1.463 1.995 -1.592 6.232 0.328 -3.382 -2.156 -1.186 -1.446 -0.972 0.849
442 L -0.778 -1.892 -1.967 -2.488 -0.233 -2.108 -2.478 -2.299 -1.867 1.272 3.516 -1.895 1.452 0.209 -3.048 0.38 -0.825 -1.99 -1.356 0.527
443 F 0.34 -2.487 -2.437 -2.771 -0.417 -2.752 -2.86 -2.192 -1.704 2.365 1.045 -2.327 0.438 3.989 -3.222 -1.417 -0.047 -0.937 0.68 1.459
444 F -2.474 -3.036 -3.0 -3.454 -1.514 -4.004 -3.622 -3.015 -0.968 0.137 0.425 -3.444 0.061 6.721 -4.588 -3.171 -2.511 0.712 2.791 -0.647
445 S 0.928 -0.881 0.357 -0.389 -0.068 -0.71 -0.695 -0.246 -0.6 -2.051 -2.468 -0.425 -1.327 -2.083 -1.615 3.701 0.871 -2.689 -1.896 -1.432
446 N -0.356 -0.682 5.446 0.84 -1.465 -0.77 -0.959 -0.327 0.553 -2.349 -2.857 -0.517 -2.0 -2.393 -2.533 -0.129 0.433 -2.986 -2.15 -2.023
447 R -1.674 5.756 -0.602 -1.704 -2.399 0.378 -0.701 -2.268 -0.042 -2.752 -2.168 1.878 -1.364 -2.612 -2.844 -1.546 -1.594 -2.374 -1.912 -2.302
448 F -2.474 -3.036 -3.0 -3.454 -1.514 -4.004 -3.622 -3.015 -0.968 0.137 0.425 -3.444 0.061 6.721 -4.588 -3.171 -2.511 0.712 2.791 -0.647
449 Y -2.074 -2.159 -2.433 -3.233 -1.793 -2.32 -2.745 -3.058 1.463 -0.633 -0.605 -2.31 -0.575 4.555 -3.714 -2.715 -2.297 1.867 6.321 -0.994
450 E -0.717 -0.526 -0.411 0.934 -1.861 0.739 4.068 0.362 -0.07 -2.466 -2.637 0.213 -1.758 -2.58 -2.039 -0.195 0.336 -2.517 -2.101 -1.893
451 T -0.019 -1.171 -0.163 -1.012 -0.027 -1.147 -1.363 -1.226 -1.371 -0.585 -1.374 -0.84 -0.771 -1.778 -1.791 1.382 4.255 -2.382 -1.855 -0.115
452 I 0.118 -2.623 -2.708 -2.913 0.006 -2.682 -2.998 -2.642 -2.635 3.686 0.922 -2.312 0.705 -0.412 -3.105 -1.955 0.253 -2.423 -1.495 3.302
453 L -1.504 -2.261 -2.73 -3.183 -0.51 -2.541 -3.066 -2.981 -1.695 1.375 2.665 -2.421 2.841 3.735 -3.62 -2.416 -0.23 -0.879 0.529 1.106
454 D -1.297 0.653 3.307 4.009 -1.768 0.011 0.09 -0.945 -0.092 -2.451 -2.938 -0.3 -2.045 -2.639 -2.404 0.095 0.233 -3.101 -2.439 -2.259
455 F 0.203 -1.639 -1.863 -1.844 -0.841 -1.793 -0.577 1.522 -1.384 1.832 -0.116 -0.286 -0.22 3.214 -3.03 -1.74 -1.49 -1.31 0.11 0.991
456 G -0.16 -1.593 0.413 0.793 -1.017 -0.583 -1.209 3.041 -1.048 -0.583 -2.204 -1.024 -1.634 -2.329 2.172 1.085 -0.679 -2.944 -2.443 -1.319
457 F -1.949 -2.081 1.956 -1.5 -1.364 -2.551 -2.516 -2.013 -0.547 -0.347 -0.236 -2.168 -0.389 5.616 -3.64 -1.649 0.197 -0.058 1.877 -0.856
458 L -1.4 -2.826 -3.337 -3.451 -0.284 -3.109 -3.552 -3.444 -2.554 3.671 2.491 -2.755 1.278 1.753 -3.682 -3.087 -1.323 -1.791 -0.668 2.568
459 K -1.176 3.494 -0.623 -1.266 -1.866 0.343 -0.31 -1.824 -0.441 -1.6 -0.7 3.793 -0.851 -2.259 -2.219 -1.21 -0.633 -2.495 -1.852 -1.628
460 L -1.886 -2.618 -3.132 -3.448 -0.742 -3.027 -3.436 -3.21 -1.624 2.14 2.391 -2.802 2.45 4.622 -3.995 -3.065 -1.846 -0.502 1.131 0.836
461 L -1.225 -2.339 -2.682 -3.093 -0.427 -2.624 -3.005 -2.919 -1.44 2.119 2.771 -2.396 1.166 2.514 -3.486 -1.385 -1.278 -0.934 1.611 1.674
462 I -0.186 -2.702 -3.035 -3.065 -0.299 -2.873 -3.132 -2.749 -2.358 3.39 1.76 -2.42 0.849 1.537 0.427 -2.442 -1.234 -1.984 -0.791 2.333
463 V -0.89 -2.523 -2.432 -2.918 5.061 -2.754 -3.04 -2.686 -2.246 1.892 1.144 -2.446 0.415 2.488 -3.243 -1.776 0.888 -1.645 -0.311 2.28
464 A 2.696 -1.506 -0.973 -1.418 0.227 -1.382 -1.423 -0.419 -1.31 0.567 -1.009 -1.006 -0.64 -1.611 -1.872 1.635 0.792 -2.564 -1.808 0.806
465 F 1.601 -2.235 -2.448 -2.786 -0.724 -2.451 -2.49 -1.48 -0.307 -0.448 -0.219 -2.109 -0.436 4.478 -3.106 -1.453 -1.666 4.319 3.48 -0.535
466 L -1.248 -2.788 -3.332 -3.442 -0.186 -3.027 -3.494 -3.434 -2.706 3.686 2.49 -2.7 1.292 0.77 -3.608 -3.018 -1.205 -2.065 -1.108 2.878
467 L -1.491 -2.42 -3.115 -3.457 2.61 -2.646 -3.275 -3.212 -1.466 2.17 2.774 -2.537 2.548 2.388 -3.679 -2.87 -1.567 -0.922 1.572 1.452
468 G -0.39 -0.129 -0.612 0.57 3.318 -1.067 -1.132 1.159 0.614 0.225 -1.371 1.02 -0.979 -0.912 -2.459 0.72 -0.725 -1.801 0.948 0.14
469 S -0.504 -1.214 -1.254 -1.868 -0.743 -1.458 -1.769 -0.454 -0.649 0.759 -0.254 -0.09 1.131 0.186 -2.823 0.881 -0.648 5.798 1.953 0.685
470 L -1.665 -2.906 -3.278 -3.449 -0.533 -3.315 -3.61 -3.373 -2.133 3.346 2.158 -2.905 1.071 3.722 -3.869 -3.146 -1.571 -1.046 0.484 1.992
471 L -1.581 -2.782 -3.261 -3.477 3.424 -3.069 -3.565 -3.354 -1.723 3.257 2.496 -2.753 1.139 2.001 -3.704 -3.035 -1.568 -1.136 1.435 1.577
472 F -1.285 -1.421 0.313 -1.49 -1.056 -1.686 -0.459 -2.191 -0.902 1.087 0.166 -0.261 -0.099 4.436 -3.236 -0.906 -1.272 -0.747 1.003 0.971
473 D -1.239 1.531 2.529 2.359 -1.962 0.977 1.731 0.584 1.083 -2.534 -2.741 0.174 -1.808 -2.595 -2.433 -0.752 -0.007 -2.717 -2.03 -2.208
474 K -1.235 2.311 1.157 1.956 -1.885 0.351 -0.262 -1.519 0.04 -2.011 -2.039 2.166 -1.371 1.089 -2.465 -0.341 -1.167 -1.446 1.291 -1.987
475 G -0.289 1.074 0.852 -0.839 -1.377 -0.513 0.152 1.204 0.095 -0.308 -1.646 1.558 -1.158 -0.264 -2.454 -0.075 -1.062 -1.03 2.39 -1.02
476 K -0.812 2.108 -0.254 -0.708 -1.963 0.821 0.328 -1.328 -0.229 -2.109 -2.226 4.453 -1.209 -2.791 -1.673 -0.867 -1.068 -2.535 -1.774 -1.984
477 V -1.178 -2.599 -3.048 -3.296 -0.286 -2.814 -3.244 -3.134 -2.065 2.882 1.687 -2.603 2.167 3.18 -3.636 -2.75 -1.213 -1.194 0.263 2.731
478 K -1.114 2.671 -0.748 -0.901 -1.713 0.04 0.674 -1.858 -0.462 -1.726 -1.753 2.602 -1.186 1.105 1.277 -1.06 0.179 -2.015 -0.844 -1.608
479 F -0.217 -2.301 -2.531 -2.116 -0.875 -2.147 -0.432 -2.359 -1.293 2.114 0.717 -2.061 0.235 3.972 -3.457 -2.207 -1.659 4.765 1.062 0.735
480 G -0.518 0.097 1.306 -0.817 -1.559 -0.655 -1.023 3.194 -0.622 -2.537 -2.709 2.17 -1.826 -1.935 -2.445 -0.046 -1.131 4.577 -1.37 -2.34
481 L -1.066 -1.369 -2.345 -2.799 -0.154 -1.037 -2.339 -2.569 -0.954 1.618 2.149 -1.438 5.537 0.482 -3.228 -2.002 -1.031 -1.292 -0.818 1.004
482 L -1.066 -1.369 -2.345 -2.799 -0.154 -1.037 -2.339 -2.569 -0.954 1.618 2.149 -1.438 5.537 0.482 -3.228 -2.002 -1.031 -1.292 -0.818 1.004
483 Q -0.868 1.022 -0.078 -0.342 -1.897 4.831 1.406 -1.465 0.784 -2.226 -1.976 1.236 -0.389 -2.944 -2.137 -0.74 -0.961 -2.17 -1.271 -1.773
484 W -2.635 -2.368 -3.152 -3.606 -2.32 -2.81 -2.954 -2.351 -1.12 -1.839 -1.636 -2.776 -1.266 1.143 -5.394 -3.34 -2.68 10.596 2.184 -2.213
485 A 2.345 -2.18 -2.353 -2.338 0.295 -2.113 -2.252 -0.952 -1.865 2.941 0.551 -1.621 0.394 -0.634 -2.315 -0.801 -0.73 -2.31 -1.511 1.809
486 E -0.905 -0.107 -0.324 1.532 -2.397 1.361 4.46 -1.935 0.407 -2.75 -2.688 0.691 -1.739 -2.593 -1.867 -0.777 -1.286 -2.373 -1.893 -2.12
487 K -0.823 2.326 -0.462 -1.016 -1.822 0.271 -0.251 0.921 -0.524 -2.225 -2.361 3.823 -1.453 -2.786 0.141 -0.949 -0.427 -2.648 -2.037 -2.012
488 P -0.822 -1.999 -1.919 -1.549 -1.443 -1.919 -1.608 -1.838 -1.593 -2.303 -2.736 -1.05 -2.389 -3.321 6.648 -1.437 -1.334 -4.535 -2.621 -2.147
489 I -1.362 -3.086 -3.248 -3.166 -0.136 -3.195 -3.672 -3.465 -2.697 4.483 1.691 -2.664 1.286 0.232 -3.49 -3.062 -1.06 -2.17 -1.271 2.875
490 Y -1.798 -1.763 -2.111 -3.008 -1.737 -1.769 -2.349 -2.918 2.119 -0.789 -0.896 -1.859 -0.668 3.363 -3.319 -2.423 -2.075 2.323 6.624 -0.965
491 I -1.362 -3.086 -3.248 -3.166 -0.136 -3.195 -3.672 -3.465 -2.697 4.483 1.691 -2.664 1.286 0.232 -3.49 -3.062 -1.06 -2.17 -1.271 2.875
492 K -0.812 2.108 -0.254 -0.708 -1.963 0.821 0.328 -1.328 -0.229 -2.109 -2.226 4.453 -1.209 -2.791 -1.673 -0.867 -1.068 -2.535 -1.774 -1.984
493 R -1.52 5.483 -0.448 -1.549 -2.245 0.532 -0.546 -2.114 0.113 -2.597 -2.013 2.033 -1.209 -2.458 -2.69 -1.392 -1.439 -2.22 -1.758 -2.147
494 K -0.812 2.108 -0.254 -0.708 -1.963 0.821 0.328 -1.328 -0.229 -2.109 -2.226 4.453 -1.209 -2.791 -1.673 -0.867 -1.068 -2.535 -1.774 -1.984
495 V -0.219 -2.472 -2.915 -3.15 0.354 -2.573 -2.879 -2.941 -2.9 3.044 0.96 -2.374 0.846 -0.384 -3.157 -2.27 -0.437 -2.373 -1.271 4.086
496 F -1.206 1.061 -1.737 -2.358 -1.095 -1.516 -2.05 0.767 -0.573 1.266 0.313 0.512 -0.062 2.886 -3.167 -2.092 -1.559 -0.573 2.273 0.927
497 K -1.22 1.314 0.677 -0.991 -1.566 -0.379 0.238 -1.985 0.074 0.304 -1.206 2.154 -0.865 -0.16 0.758 -1.488 -1.3 -1.054 2.463 0.151
498 L -0.923 -2.475 -3.167 -3.346 0.051 -2.728 -3.207 -3.227 -2.626 3.076 2.686 -2.485 1.495 0.265 -3.409 -2.767 -0.988 -2.037 -1.196 2.973
499 H -0.608 0.828 0.194 -0.716 -1.553 0.193 -0.161 -1.177 5.594 -2.285 -2.4 2.516 -1.236 -1.725 -2.021 0.399 -0.859 -2.065 0.099 -2.198
500 L -1.526 -2.172 -3.348 -3.606 -0.136 -2.626 -3.291 -3.368 -2.299 2.019 4.014 -2.464 2.147 0.847 -3.59 -3.144 -1.566 -1.636 -1.042 1.12
501 K -0.812 2.108 -0.254 -0.708 -1.963 0.821 0.328 -1.328 -0.229 -2.109 -2.226 4.453 -1.209 -2.791 -1.673 -0.867 -1.068 -2.535 -1.774 -1.984
502 R -1.52 5.483 -0.448 -1.549 -2.245 0.532 -0.546 -2.114 0.113 -2.597 -2.013 2.033 -1.209 -2.458 -2.69 -1.392 -1.439 -2.22 -1.758 -2.147
503 I -1.345 -2.733 -2.629 -2.986 -0.635 -2.956 -3.294 -0.049 -1.818 2.978 1.153 -2.609 1.759 3.792 -3.675 -2.154 -1.465 -0.994 0.533 1.728
504 R -0.884 2.722 -0.866 0.763 -1.387 -0.559 -0.856 -2.016 -0.802 1.216 -0.676 2.008 -0.521 1.245 -2.648 -1.471 -0.533 -1.977 -0.864 -0.064
505 K -1.245 0.399 -0.407 -0.863 -1.633 -0.135 1.107 -1.103 0.003 0.2 0.166 2.695 -0.44 -0.05 -2.468 -1.557 -1.466 -1.002 2.383 -0.68
506 K -1.073 1.325 0.723 -0.83 -1.512 0.332 0.592 0.357 -0.597 -0.612 -0.459 2.21 -0.734 -1.508 -2.59 -1.333 -0.833 3.88 -1.271 0.043
507 K -0.512 1.355 -0.55 -1.123 -1.296 -0.115 -0.559 0.987 -0.755 -0.776 -0.616 3.372 -0.817 -2.045 -2.129 0.348 -0.849 -2.563 -1.943 -0.884