#Seq2Logo.py -f /work3/idamei/wzy_ssn/run/1e-50/run/150/MSAs/0016_135.afa -o /work3/idamei/wzy_ssn/run/1e-50/run/150/logos/0016_135.logo
Last position-specific scoring matrix computed, values are in halfbits
A R N D C Q E G H I L K M F P S T W Y V
0 L -0.592 -1.458 -2.398 -2.828 -0.198 -1.133 -2.371 -2.447 -1.049 1.463 1.979 -1.495 5.835 0.33 -3.213 -1.929 -1.088 -1.416 -0.936 0.888
1 K -0.228 -0.335 -1.434 -0.23 4.212 -0.89 -1.279 -1.922 -0.51 0.421 0.091 1.415 2.599 -0.005 -2.628 -1.485 -1.138 -1.153 1.685 0.747
2 L -1.596 -0.856 1.687 -1.151 -1.159 1.655 -0.973 -1.951 -0.297 0.202 1.669 -0.826 0.549 3.197 -3.173 -1.695 -1.381 -1.089 0.38 -0.414
3 E 1.16 -0.325 2.591 1.326 -1.154 1.812 1.95 -0.677 0.222 -2.094 -2.332 0.126 -1.394 -2.462 -2.049 -0.311 -0.833 -2.601 -1.882 -1.478
4 G -0.403 -2.072 0.221 3.103 -1.624 -1.678 -0.83 4.762 -1.122 -3.037 -3.465 -1.344 -2.671 -2.751 -2.601 -0.98 -1.734 -2.754 -3.107 -2.858
5 G -0.008 -2.394 -1.051 -1.81 -0.649 -2.314 -2.704 4.702 -1.875 0.462 -1.178 -1.87 -0.985 -1.699 -2.898 -1.364 -1.337 -2.416 -2.38 1.414
6 V -0.228 -2.48 -2.923 -3.159 0.346 -2.581 -2.888 -2.949 -2.909 3.036 0.951 -2.382 0.838 -0.392 -3.165 -2.278 -0.445 -2.381 -1.279 4.109
7 R -1.19 2.862 2.613 -0.526 -1.466 -0.127 -0.714 -1.44 -0.132 0.119 -1.29 2.221 -0.845 -1.932 -2.502 -1.071 -0.939 -2.556 -1.786 0.324
8 I -1.443 -3.167 -3.329 -3.247 -0.216 -3.276 -3.753 -3.545 -2.777 4.689 1.611 -2.745 1.205 0.152 -3.571 -3.143 -1.141 -2.251 -1.351 2.794
9 K -0.461 1.695 -0.186 -0.7 -1.566 0.544 0.114 -1.152 -0.346 -2.151 -2.322 4.207 -1.283 -2.702 -1.715 0.468 -0.658 -2.615 -1.849 -1.929
10 S 0.187 -1.278 -0.445 -1.047 -0.239 -1.222 -1.279 -1.03 -1.129 -0.591 0.334 -0.86 -0.366 -1.393 2.294 1.963 1.492 -2.615 -1.807 -0.599
11 S -0.058 1.998 -0.247 -0.972 -0.837 -0.447 -0.77 -1.024 -0.441 -1.58 -1.583 1.517 -0.97 2.136 -2.13 1.832 -0.124 -1.621 -0.281 -1.442
12 G 0.115 -2.332 -0.415 -1.298 -1.295 -2.17 -2.597 5.785 -1.451 -3.19 -3.435 -1.626 -2.642 -2.653 -2.754 -0.977 -1.894 -2.415 -3.123 -2.839
13 R -1.509 5.462 -0.437 -1.538 -2.234 0.543 -0.535 -2.103 0.124 -2.586 -2.003 2.044 -1.198 -2.447 -2.679 -1.381 -1.429 -2.209 -1.747 -2.136
14 K -0.038 1.321 -0.048 -0.7 -0.841 0.052 -0.3 -0.962 -0.537 -1.731 -2.095 2.979 -1.155 -2.328 -1.721 1.5 1.305 -2.542 -1.834 -1.348
15 T -0.782 -1.384 -0.991 -0.571 -0.37 -1.248 -1.717 -1.992 -0.377 0.326 0.333 -1.234 3.295 0.465 -2.472 -0.531 2.61 -0.678 2.358 0.204
16 H -1.682 -0.332 0.485 -0.936 -2.309 -0.14 -0.475 -1.672 7.952 -2.636 -2.57 -0.74 -1.236 -0.827 -2.724 -1.554 -2.201 -1.429 1.692 -3.01
17 P -0.811 -1.988 -1.908 -1.538 -1.432 -1.908 -1.597 -1.827 -1.582 -2.292 -2.725 -1.039 -2.378 -3.31 6.637 -1.427 -1.323 -4.524 -2.61 -2.136
18 L -1.515 -2.161 -3.337 -3.595 -0.125 -2.615 -3.28 -3.357 -2.288 2.03 3.996 -2.453 2.158 0.858 -3.579 -3.133 -1.555 -1.625 -1.031 1.131
19 A 3.856 -1.458 -1.637 -1.662 0.705 -1.295 -1.273 0.399 -1.186 -0.805 -1.296 -0.823 -0.848 -1.823 -1.45 0.48 -0.397 -2.415 -1.73 0.164
20 L -0.949 -2.224 -3.338 -3.579 -0.181 -2.642 -3.258 -3.148 -2.329 1.858 4.046 -2.459 1.983 0.688 -3.547 -2.944 -1.593 -1.75 -1.153 1.0
21 L -0.261 -1.515 -1.056 -1.715 -0.099 -1.605 -1.863 -1.636 -1.494 0.747 2.483 -1.356 0.913 -0.269 -2.465 1.151 1.212 -2.082 -1.448 0.274
22 F -1.625 -2.759 -2.427 -2.988 1.79 -3.35 -3.378 1.305 -1.275 0.227 1.21 -2.88 0.241 5.403 -3.97 -2.605 -2.169 -0.017 1.801 -0.484
23 G -0.289 -2.191 -0.953 -1.683 -1.02 -2.142 -2.407 4.077 -1.453 0.476 -1.464 -1.732 -1.206 -1.064 -2.973 0.032 -1.209 5.658 -1.023 -0.651
24 F -0.558 -2.804 -2.869 -3.162 -0.79 -3.367 -3.257 -2.548 -1.326 1.839 0.646 -2.865 0.336 5.514 -3.819 -2.507 -1.759 0.028 1.956 1.106
25 L -1.859 -2.48 -3.244 -3.576 -0.586 -3.076 -3.432 -3.262 -1.773 1.447 3.315 -2.806 1.53 4.205 -3.937 -3.179 -1.898 -0.585 0.931 0.574
26 I -0.992 -2.938 -3.208 -3.241 -0.036 -3.044 -3.452 -3.352 -2.847 4.198 1.377 -2.64 1.06 -0.048 -3.45 -2.842 -0.908 -2.32 -1.351 3.408
27 L 0.493 -2.117 -3.052 -3.243 -0.054 -2.429 -2.907 -2.346 -2.155 1.606 3.68 -2.186 1.722 0.446 -3.169 -2.184 -1.409 -1.839 -1.232 0.893
28 F -1.871 -2.317 -2.701 -3.155 -0.932 -2.617 -3.073 -2.792 -0.892 0.772 1.17 -2.565 3.277 5.542 -4.006 -2.669 -1.876 0.277 2.11 0.064
29 L 1.984 -1.428 -1.1 -1.557 0.204 -1.406 -1.523 -0.648 -1.249 0.23 1.568 -1.082 0.423 -0.696 -2.045 1.271 -0.154 -2.203 -1.521 0.128
30 V 0.218 -2.202 -2.022 -2.404 0.165 -2.21 -2.416 -2.138 -2.267 2.869 0.602 -1.927 0.53 -0.606 -2.822 -0.121 -0.292 -2.447 -1.447 3.452
31 F -1.87 -2.557 -2.231 -2.826 -1.118 -3.22 -3.054 -2.605 -0.988 0.129 0.274 -2.746 0.02 6.098 -3.804 -2.003 0.437 0.439 2.433 -0.431
32 L -1.73 -2.364 -3.335 -3.631 -0.395 -2.885 -3.402 -3.354 -2.06 1.703 3.758 -2.672 1.81 2.97 -3.801 -3.202 -1.77 -1.096 0.083 0.816
33 F -1.643 -1.252 1.522 -1.362 -1.273 0.927 -1.397 -1.996 -0.297 0.141 0.019 -1.242 1.209 4.67 -3.417 -1.787 -1.455 -0.436 1.357 0.164
34 V -0.794 -2.584 -2.663 -2.992 -0.089 -2.789 -3.031 -2.923 -2.315 2.998 0.873 -2.465 0.674 2.579 -3.318 -2.165 0.172 -1.519 -0.061 3.282
35 C 1.047 -1.835 1.621 -1.203 7.457 -1.843 -1.985 -0.889 -1.117 -1.208 -1.541 -1.513 -1.214 -0.33 -2.488 0.517 -0.568 -2.647 -1.743 -0.787
36 Y -1.833 -1.798 -2.146 -3.042 -1.772 -1.804 -2.384 -2.952 2.084 -0.824 -0.93 -1.893 -0.702 3.328 -3.353 -2.457 -2.11 2.288 6.697 -1.0
37 F 0.488 -2.185 -2.094 -2.566 -0.489 -2.544 -2.589 -1.854 -1.275 0.377 1.217 -2.138 0.337 4.729 -3.067 -1.304 0.665 -0.38 1.347 0.011
38 F -0.839 -2.475 -1.942 -2.521 -0.696 -2.78 -2.847 1.487 -1.449 0.931 0.384 -2.385 0.024 4.462 -3.437 -1.075 -1.299 -0.592 1.111 1.517
39 S 0.448 -1.351 -0.398 -1.091 5.128 -1.277 -1.363 -0.841 -1.109 -0.64 0.36 -1.0 -0.319 -1.306 -2.077 2.442 0.303 -2.539 -1.836 -0.629
40 F -1.386 -2.751 -2.942 -3.336 -1.07 -3.519 -3.38 -2.766 -1.121 0.56 1.511 -3.054 0.544 5.999 -4.143 -2.836 -2.17 0.382 2.344 -0.193
41 D -1.933 -1.843 0.727 5.402 -2.238 -1.282 0.556 -1.428 -0.651 -1.994 -2.32 -1.2 -2.004 2.022 -2.633 -1.288 -1.624 -2.204 -0.828 -2.357
42 V 0.507 -2.4 -2.808 -3.015 0.352 -2.466 -2.726 -2.456 -2.731 2.809 0.779 -2.229 0.692 -0.524 -2.989 -1.916 -0.469 -2.412 -1.345 3.973
43 S 1.048 -0.761 0.477 -0.269 0.052 -0.59 -0.575 -0.126 -0.48 -1.932 -2.349 -0.305 -1.207 -1.964 -1.496 3.331 0.991 -2.569 -1.776 -1.313
44 S -0.001 -0.831 -0.239 0.163 -0.899 -0.087 2.242 -1.086 -0.255 -1.681 -1.733 -0.281 -1.125 2.138 -2.036 1.876 -0.133 -1.621 -0.307 -1.457
45 Y -1.191 -1.789 -1.621 -2.412 -1.346 -1.845 -2.166 -2.258 1.346 -0.803 -0.84 -1.772 -0.651 3.884 -3.121 -0.258 -1.356 1.56 5.784 -1.008
46 V -0.466 -2.207 -2.33 -2.785 0.156 -2.342 -2.693 -2.726 -2.555 2.427 1.587 -2.119 0.861 -0.368 -2.982 -1.659 1.076 -2.277 -1.378 3.465
47 D -0.801 -1.179 2.478 4.191 -1.258 -0.859 0.142 -0.835 -0.385 -2.04 -2.716 -0.69 -1.899 -2.438 -2.133 0.751 1.135 -3.044 -2.419 -1.8
48 D -1.383 -0.675 2.3 3.83 -2.358 0.374 3.181 -1.337 0.156 -2.808 -3.1 -0.002 -2.189 -2.735 -2.2 -0.781 -1.236 -2.907 -2.351 -2.51
49 L -0.95 -1.943 -2.281 -2.745 -0.176 -2.223 -2.666 -2.546 -1.96 1.54 3.654 -2.023 1.701 0.439 -3.169 -0.465 -0.996 -1.854 -1.232 0.741
50 S 0.955 -0.713 -0.145 -0.77 -0.428 1.351 -0.568 2.02 -0.507 -1.538 -1.587 -0.324 0.68 -1.936 -1.975 1.987 0.014 -2.393 -1.83 -1.19
51 Y -1.647 -2.325 -2.644 -3.147 -0.943 -2.342 -2.932 -3.206 0.653 2.832 0.576 -2.24 0.974 2.189 -3.469 -2.743 -1.624 0.89 5.068 1.298
52 A 2.933 -1.159 -0.456 -0.95 0.321 -0.992 -0.974 0.073 -0.882 -1.391 -1.852 -0.624 -1.097 -1.966 -1.546 2.34 0.312 -2.565 -1.826 -0.56
53 F -1.267 -2.153 -1.944 -2.557 -0.954 -2.492 -2.58 -2.3 -0.227 0.199 1.169 -2.219 0.285 4.966 -3.433 -0.387 -1.345 0.459 3.472 -0.398
54 I 0.72 -2.023 -2.246 -1.501 -0.229 -1.466 0.454 -2.112 -1.72 3.271 0.634 -1.471 0.456 -0.606 -2.748 -1.642 -0.938 -2.364 -1.53 2.39
55 F -1.142 -2.546 -2.816 -3.256 -0.539 -2.858 -3.045 -2.989 -0.725 1.757 0.492 -2.635 0.333 4.271 -3.652 -2.617 -1.326 0.111 3.234 2.672
56 L -1.482 -2.336 -3.314 -3.602 -0.395 -2.728 -3.236 -3.17 -2.225 1.778 3.239 -2.58 1.48 0.644 -3.827 -3.084 -1.568 5.802 -0.268 1.67
57 A 3.021 -1.87 -2.152 -2.256 0.205 -1.909 -1.935 -0.5 -1.367 0.016 0.846 -1.469 0.026 2.384 -2.195 -0.427 -0.933 -1.484 -0.197 0.17
58 L -1.7 -2.237 -3.135 -3.107 -0.463 -2.525 -1.981 -3.288 -1.914 1.602 3.655 -2.432 1.718 2.868 -3.699 -3.06 -1.756 -1.146 0.017 0.733
59 F 0.386 -2.771 -2.768 -3.037 4.949 -3.17 -3.141 -2.054 -1.498 1.418 0.274 -2.673 0.022 4.814 -3.438 -1.953 -1.621 -0.454 1.359 0.426
60 V 0.179 -2.498 -2.987 -3.149 0.146 -2.628 -2.967 -2.673 -2.664 3.035 1.75 -2.352 0.997 -0.206 -3.17 -2.219 -0.78 -2.292 -1.352 3.494
61 Y -0.762 -1.626 -1.445 -2.175 -0.799 -1.656 -2.015 -2.036 0.759 -0.012 1.267 -1.556 0.2 1.945 -2.844 0.423 -0.885 0.734 4.837 -0.402
62 I -1.284 -3.023 -3.292 -3.36 5.105 -3.208 -3.722 -3.254 -2.743 3.84 1.983 -2.779 1.098 -0.005 -3.534 -2.856 -1.265 -2.302 -1.519 2.16
63 F -1.091 -2.427 -2.249 -2.782 -0.469 -2.814 -2.869 -2.63 -1.578 1.433 0.423 -2.459 0.265 4.718 -3.398 -1.807 0.768 -0.448 1.361 2.164
64 L 1.681 -1.919 -2.515 -2.774 -0.098 -2.035 -2.367 -1.507 -0.696 0.801 2.464 -1.777 0.896 0.856 -2.706 -1.345 -1.259 -0.687 2.451 0.437
65 S 0.348 -1.404 -0.513 -1.191 0.069 -1.326 -1.435 -1.135 -1.339 1.299 -0.53 -1.039 -0.23 -1.241 -2.087 1.941 1.613 -2.474 -1.641 1.802
66 F -2.153 -2.608 -2.862 -3.377 -1.244 -3.228 -3.291 -3.033 -0.281 0.455 1.41 -2.919 0.462 5.707 -4.133 -3.005 -2.235 0.824 3.781 -0.288
67 L -1.622 1.343 -2.457 -3.044 -0.734 -1.788 -2.566 -3.126 -0.628 2.024 2.669 -1.045 1.147 1.015 -3.43 -2.699 -1.609 -0.643 2.471 0.855
68 S 1.399 -1.333 -0.6 -1.199 0.071 -1.264 -1.359 -0.733 -1.148 0.596 0.662 -0.947 -0.017 -1.048 -1.98 1.988 0.912 -2.357 -1.641 0.134
69 L -1.252 -0.422 -1.351 -0.943 -1.059 2.645 1.299 -2.403 -0.475 0.423 2.336 -0.203 0.902 -0.592 -2.763 -1.739 -1.375 -2.014 -1.335 -0.149
70 G -0.352 1.785 -0.479 -1.314 -1.639 -0.924 -1.541 4.744 -0.971 -2.953 -2.993 1.309 -2.146 -2.729 -2.611 -1.113 -1.74 -2.488 -2.662 -2.633
71 F -1.416 -1.627 -1.792 -0.716 -1.338 -0.893 1.913 -2.597 -0.636 0.354 -0.186 -1.231 -0.262 4.656 -3.166 -2.006 -1.635 -0.466 1.311 0.811
72 K 1.048 1.264 -0.374 -0.842 -0.986 0.249 -0.121 -0.801 -0.494 -1.884 -2.138 3.657 -1.22 -2.522 -1.678 0.643 -0.551 -2.596 -1.843 -1.446
73 P -1.133 -2.173 -2.546 -2.563 -0.817 -2.275 -2.409 -2.632 -0.998 0.702 1.552 -1.808 0.227 0.261 4.269 -2.22 -1.436 -1.341 2.035 0.923
74 T -0.193 -1.173 -0.219 -1.095 0.041 -1.183 -1.458 -1.409 -1.493 -0.304 -1.137 -0.871 -0.612 -1.661 -1.767 0.625 4.473 -2.265 -1.787 0.149
75 S 0.988 -0.821 0.417 -0.329 -0.008 -0.65 -0.635 -0.186 -0.54 -1.992 -2.409 -0.365 -1.267 -2.023 -1.556 3.524 0.931 -2.629 -1.836 -1.373
76 L 0.312 -2.022 -2.964 -3.201 -0.094 -2.207 -2.843 -2.403 -1.973 1.582 3.508 -2.091 2.886 0.425 -3.203 -2.182 -1.377 -1.779 -1.194 0.884
77 L -0.652 -1.677 -1.222 -1.963 -0.26 -1.708 -2.245 1.239 -1.665 0.626 1.813 -1.514 2.235 -0.503 -2.606 -0.733 2.353 -1.989 -1.594 0.296
78 F -1.37 -2.802 -2.968 -3.332 -0.63 -3.355 -3.308 -2.987 -1.588 1.642 0.646 -2.976 0.395 5.29 -3.939 -2.783 -1.511 -0.156 1.768 2.415
79 L -1.7 -2.484 -3.348 -3.585 -0.382 -2.954 -3.465 -3.395 -2.17 2.392 3.542 -2.697 1.714 2.697 -3.78 -3.207 -1.681 -1.254 -0.103 1.195
80 F -2.379 -2.988 -2.959 -3.394 -1.405 -3.923 -3.574 -2.979 -0.963 0.561 0.528 -3.364 0.162 6.549 -4.493 -3.117 -2.398 0.699 2.766 -0.373
81 F -1.774 -1.249 3.623 0.075 -1.786 -1.096 0.467 -0.367 0.136 -1.256 -1.163 -1.063 -1.049 4.127 -3.139 -1.186 -1.334 -0.881 0.844 -1.62
82 V -0.544 -2.494 -2.271 -2.786 6.389 -2.556 -2.908 -2.528 -0.063 2.254 0.221 -2.317 0.149 -0.927 -3.027 -1.605 0.734 -2.585 -1.586 2.695
83 S 0.428 -1.474 -0.371 -1.106 6.382 -1.372 -1.472 -0.015 -1.247 -1.364 -1.828 -1.068 -1.178 -2.02 -2.036 2.253 1.371 -2.751 -2.137 -0.884
84 T -0.341 -1.229 -1.189 -1.777 -0.345 0.728 -1.379 -1.959 -1.223 0.689 0.809 -1.065 0.243 2.032 -2.538 -0.672 2.337 -1.551 -0.346 1.144
85 F 1.892 -2.122 -2.189 -2.52 -0.459 -2.311 -2.302 -1.199 -0.395 -0.365 -0.393 -1.912 -0.414 4.613 -2.785 -1.046 -0.835 0.135 3.07 -0.35
86 V -0.813 -2.542 -3.134 -3.296 0.003 -2.742 -3.134 -3.177 -2.732 2.965 2.27 -2.478 1.18 -0.047 -1.181 -2.663 -0.937 -2.264 -1.34 3.363
87 F -2.399 -2.933 -2.915 -3.388 -1.472 -3.842 -3.519 -2.961 -0.737 0.159 0.438 -3.324 0.089 6.571 -4.485 -3.092 -2.445 0.834 3.137 -0.608
88 I -1.49 -1.515 -3.197 -3.246 -0.289 -2.953 -3.523 -3.489 -2.574 4.358 2.071 -2.344 1.269 0.168 -3.571 -3.093 -1.24 -2.189 -1.352 2.489
89 G -0.785 -2.538 -0.349 -1.855 -1.443 -2.731 -2.91 4.385 -1.167 -1.4 -1.275 -2.204 -1.262 4.114 -3.402 -1.679 -2.102 -0.78 0.659 -1.779
90 G 0.005 -2.442 -0.525 -1.408 -1.405 -2.28 -2.707 5.888 -1.561 -3.3 -3.546 -1.736 -2.752 -2.763 -2.864 -1.087 -2.004 -2.525 -3.233 -2.949
91 R -1.619 5.663 -0.547 -1.649 -2.344 0.433 -0.645 -2.213 0.014 -2.696 -2.113 1.934 -1.309 -2.557 -2.789 -1.491 -1.539 -2.319 -1.857 -2.247
92 F -2.042 -2.88 -3.07 -3.416 -0.982 -3.592 -3.546 -3.111 -1.363 1.758 1.538 -3.126 0.664 5.675 -4.197 -3.109 -2.028 0.123 2.038 0.736
93 F -1.833 -2.923 -3.199 -3.392 -0.656 -3.415 -3.62 -3.295 -1.85 3.149 1.951 -2.953 1.009 4.408 -3.944 -3.158 -1.7 -0.624 1.053 1.524
94 S 1.532 -0.955 0.095 -0.629 0.033 -0.807 -0.841 -0.305 0.841 -1.542 -2.046 -0.529 -1.126 -1.914 -1.627 2.837 1.61 -2.517 -1.609 -0.913
95 K -1.212 0.466 -0.681 -1.429 -1.561 -0.389 -0.796 -1.858 3.483 -1.251 -1.374 2.535 -0.867 2.375 -2.416 -1.149 0.453 -0.528 2.668 -1.342
96 P -1.18 -2.434 -2.202 -2.328 -0.681 -2.546 -2.593 -2.542 -1.907 2.66 0.261 -1.936 0.044 2.111 3.44 -1.751 0.562 -1.963 -0.479 1.133
97 L -1.807 -2.586 -3.27 -3.539 -0.542 -3.119 -3.491 -3.316 -1.915 2.223 3.132 -2.811 1.47 3.876 -3.894 -3.188 -1.786 -0.793 0.673 1.017
98 L -1.29 -1.746 -2.807 -3.178 -0.148 -1.727 -2.779 -2.944 -1.552 1.822 3.232 -1.909 4.327 0.667 -3.407 -2.52 -1.29 -1.462 -0.931 1.059
99 N -1.032 -0.984 3.599 0.262 -1.244 -0.705 0.643 1.569 -0.122 -1.116 -0.118 -0.674 -0.851 -1.648 -2.55 -0.559 0.726 -2.534 -2.024 -1.231
100 P -1.014 -2.079 -1.53 -1.884 -1.164 -1.995 -2.086 1.195 3.083 1.703 -0.754 -1.573 -0.753 -1.476 4.282 -1.865 -1.534 -2.901 -1.249 0.189
101 N -1.635 -0.39 5.589 1.307 -1.821 -0.502 -0.7 -0.129 0.994 -2.687 -3.126 -0.27 -2.136 -2.349 -2.562 -0.093 -0.426 -2.941 -2.043 -2.535
102 D -1.365 -1.491 0.732 5.105 -2.276 -0.633 1.682 1.489 -0.573 -2.879 -3.436 -0.728 -2.613 -2.915 -2.371 -1.015 -1.545 -3.233 -2.939 -2.824
103 V 0.93 -1.976 -1.918 -2.18 -0.001 -1.985 -2.094 -1.644 -1.949 1.476 0.946 -1.613 0.262 -0.899 1.82 -0.04 -0.498 -2.603 -1.63 2.464
104 G -1.144 -1.162 2.432 0.087 -1.976 -0.613 1.352 2.479 -0.166 -2.625 -2.688 -0.757 -1.953 -1.147 -2.932 -1.124 -1.507 6.729 -0.45 -2.464
105 D -0.099 -0.968 0.562 3.632 -1.071 -0.295 1.657 -0.801 -0.398 -2.41 -2.849 -0.343 -1.835 -2.461 -1.9 1.947 -0.109 -2.915 -2.268 -2.004
106 I -1.069 -2.725 -2.848 -2.702 -0.448 -2.764 -2.895 -2.916 -2.467 3.517 0.707 -2.159 0.428 -0.646 3.332 -2.466 -1.11 -2.814 -1.696 2.449
107 F -2.419 -2.981 -2.945 -3.399 -1.459 -3.949 -3.567 -2.959 -0.913 0.192 0.48 -3.389 0.117 6.643 -4.533 -3.115 -2.455 0.767 2.846 -0.592
108 A 3.859 -1.46 -1.638 -1.663 0.704 -1.296 -1.274 0.398 -1.187 -0.806 -1.297 -0.825 -0.85 -1.824 -1.451 0.479 -0.398 -2.416 -1.732 0.163
109 D 2.196 -1.553 -0.01 3.779 -0.454 -1.174 -0.147 -0.492 -1.012 -1.463 -2.097 -0.917 -1.541 -2.299 -1.914 -0.107 0.736 -2.899 -2.316 -0.865
110 L -0.986 -2.565 -3.327 -3.433 -0.201 -2.872 -3.427 -3.238 -2.498 3.324 3.292 -2.561 1.664 0.453 -3.541 -2.967 -1.409 -1.96 -1.252 1.819
111 D -1.574 -1.004 2.221 4.75 -2.387 -0.094 2.471 -1.249 -0.08 -2.819 -3.281 -0.329 -2.405 -2.83 -2.291 -0.857 -1.308 -3.163 -2.614 -2.679
112 F -2.419 -2.981 -2.945 -3.399 -1.459 -3.949 -3.567 -2.959 -0.913 0.192 0.48 -3.389 0.117 6.643 -4.533 -3.115 -2.455 0.767 2.846 -0.592
113 F -1.638 -2.023 -2.649 -3.103 -0.71 -2.032 -2.869 -2.789 -0.992 1.022 1.478 -2.192 4.66 4.607 -3.784 -2.493 -1.626 -0.266 1.292 0.355
114 A 2.947 -1.394 -0.994 -1.464 0.369 -1.31 -1.417 -0.323 -1.381 -0.64 -1.29 -0.909 -0.807 -1.815 -1.649 0.48 2.652 -2.413 -1.819 0.093
115 T -0.584 -0.242 1.776 -0.15 -0.71 -0.308 0.824 -1.291 -0.571 -1.082 -1.728 1.072 -1.057 -2.056 -1.913 0.139 3.176 -2.45 -1.881 -0.667
116 Y -2.037 -2.14 -2.402 -3.188 -1.724 -2.327 -2.726 -3.0 1.439 -0.536 -0.491 -2.3 -0.486 4.684 -3.695 -2.679 -2.252 1.877 6.132 -0.921
117 K -1.01 0.817 -1.168 -1.606 -1.274 -0.269 -0.757 -2.058 -0.296 1.178 -0.655 3.262 -0.391 -0.231 -2.367 -1.576 -1.187 -1.182 1.997 0.956
118 L 0.852 -1.665 -1.434 -1.825 -0.182 -1.708 -1.839 -1.346 -1.504 0.385 2.119 -1.347 0.569 -0.595 1.774 0.886 -0.499 -2.384 -1.618 -0.003
119 A 2.438 -1.172 1.59 -0.752 0.089 -1.104 -1.2 -0.26 -0.808 -1.052 -1.652 -0.747 -1.047 -1.935 -1.757 1.095 2.039 -2.533 -1.869 -0.36
120 P -0.567 -1.368 -0.491 1.739 -1.202 -0.849 0.89 -1.451 -0.965 -2.038 -2.543 -0.65 -1.896 -2.728 4.488 0.329 0.773 -3.381 -2.374 -1.708
121 Y 0.175 -1.638 1.419 1.407 -1.291 -1.59 -1.314 -1.445 0.812 -1.149 -1.296 -1.438 -1.048 3.019 -2.844 -0.91 -1.386 0.525 4.513 -1.18
122 D -1.519 -1.141 1.991 4.077 -1.954 -0.268 2.266 -1.493 -0.267 0.166 -1.846 -0.493 -1.495 -2.153 -2.432 -1.066 -1.261 -2.961 -2.338 -0.958
123 G 0.111 -0.083 -0.179 -0.894 -1.081 -0.683 -1.005 3.806 -0.865 -2.555 -2.816 1.913 -1.829 -2.566 -2.119 1.116 -0.649 -2.587 -2.369 -2.177
124 V -0.537 -1.911 1.122 -1.631 -0.157 -1.998 -2.255 -2.005 -1.57 2.44 1.247 -1.744 0.571 -0.542 -2.953 -0.295 -0.478 -2.42 -1.499 2.814
125 R -1.537 4.224 -0.999 -1.233 -1.881 0.016 0.714 -2.45 0.208 0.326 -1.12 1.011 -0.778 -0.356 -2.834 -1.706 -1.54 -1.069 1.975 -0.64
126 L 0.426 -2.389 -3.027 -3.159 0.006 -2.588 -2.987 -2.477 -2.402 2.799 2.721 -2.286 1.31 0.097 -3.168 -2.193 -1.105 -2.1 -1.33 2.379
127 G 0.065 -2.383 -0.465 -1.348 -1.345 -2.22 -2.647 5.833 -1.501 -3.24 -3.486 -1.676 -2.692 -2.703 -2.804 -1.027 -1.944 -2.465 -3.173 -2.889
128 F -2.359 -2.921 -2.885 -3.339 -1.399 -3.889 -3.507 -2.9 -0.853 0.252 0.54 -3.329 0.176 6.553 -4.473 -3.056 -2.396 0.827 2.906 -0.532
129 L -1.912 -2.326 -2.904 -3.436 -0.954 -2.725 -3.133 -3.184 -0.087 0.864 2.476 -2.576 0.946 4.206 -3.82 -2.984 -2.017 0.586 4.07 0.115
130 S 0.222 -1.288 -0.349 -1.07 -0.205 -1.279 -1.336 -0.962 -0.93 -0.486 0.324 -0.984 -0.233 1.965 -2.121 2.301 1.365 -1.678 -0.442 -0.557
131 L -1.455 0.911 0.849 -1.892 -0.8 -1.274 -2.145 -2.386 -0.304 2.165 0.936 -0.902 3.733 0.476 -3.244 -1.962 -1.221 -0.975 1.837 0.882
132 I -1.173 0.569 -2.754 -3.057 -0.296 -2.295 -2.932 -3.222 -2.259 3.678 1.687 -1.511 0.988 -0.159 -3.411 -2.707 -1.096 -2.258 -1.403 2.835
133 F -1.554 -2.758 -2.835 -3.085 -0.942 -3.293 -3.122 -2.836 -1.417 0.997 0.325 -2.775 0.071 5.409 1.186 -2.682 -1.729 -0.166 1.815 1.525
134 L -0.521 -1.948 -1.563 -2.135 -0.305 -2.063 -2.393 0.937 -1.759 1.669 2.634 -1.774 0.993 -0.153 -2.898 0.398 -0.756 -2.104 -1.543 0.612
135 F -2.426 -2.988 -2.952 -3.406 -1.466 -3.956 -3.574 -2.966 -0.92 0.185 0.473 -3.396 0.11 6.653 -4.54 -3.122 -2.462 0.76 2.839 -0.599
136 S -0.171 -1.007 1.416 -0.717 -0.6 0.758 -0.901 -1.124 -0.645 1.151 -0.952 -0.625 -0.576 -1.629 1.526 1.463 -0.123 -2.74 -1.788 0.469
137 L -0.88 0.863 -1.804 -2.385 -0.474 -1.391 -2.15 -2.32 -1.153 1.81 0.985 -0.979 3.757 2.043 -3.11 -0.562 -0.876 -1.43 -0.326 1.428
138 F -2.037 -2.04 -2.068 -2.916 -1.511 -2.28 -2.579 -2.866 3.348 -0.101 0.732 -2.307 0.023 4.742 -3.74 -2.689 -2.229 1.048 4.821 -0.705
139 L -0.894 -1.817 -2.144 -2.588 -0.209 -1.741 -2.505 -2.453 -1.556 2.292 2.507 -1.765 4.066 0.213 -3.128 -0.54 -0.86 -1.79 -1.178 1.171
140 G -0.863 -1.18 4.431 0.348 -1.694 -1.213 -1.477 3.87 0.073 -3.002 -3.365 -0.886 -2.452 -2.586 -2.753 -0.549 -1.077 -2.814 -2.568 -2.772
141 L -1.752 -2.38 -3.261 -3.573 -0.443 -2.933 -3.381 -3.279 -1.897 1.628 3.527 -2.696 1.725 3.549 -3.826 -3.158 -1.791 -0.827 0.519 0.747
142 G -0.064 -1.998 -0.608 -1.389 -0.948 -2.007 -2.135 4.081 -1.059 -1.664 -1.673 -1.563 -1.355 2.922 -2.718 0.621 -0.972 -1.258 -0.048 -1.732
143 Y -1.845 -1.81 -2.158 -3.054 -1.784 -1.816 -2.396 -2.964 2.072 -0.836 -0.942 -1.905 -0.714 3.316 -3.365 -2.469 -2.122 2.276 6.722 -1.012
144 A 2.061 -2.14 -2.459 -2.651 -0.328 -2.344 -2.356 -1.112 -1.299 -0.093 0.724 -1.944 -0.045 3.586 -2.869 -1.138 -1.397 5.376 0.936 -0.188
145 V -0.93 -2.444 -2.436 -2.89 -0.25 -2.734 -2.923 -2.779 -1.983 2.182 1.049 -2.419 0.576 3.586 -3.326 -1.944 0.625 -1.065 0.531 2.757
146 L -1.376 -2.428 -3.367 -3.57 -0.16 -2.792 -3.378 -3.416 -2.532 2.67 3.592 -2.578 1.78 0.517 -3.609 -3.09 -1.401 -1.903 -1.205 2.049
147 G -0.15 1.513 -0.308 -1.127 -1.098 -0.821 -1.301 3.754 -0.933 -2.247 -2.531 1.117 -1.704 -2.457 -2.298 0.392 0.681 -2.487 -2.358 -1.843
148 R -1.356 3.789 -1.042 -1.724 -1.506 -0.13 -0.911 -2.263 -0.665 1.656 -0.538 2.528 -0.353 -1.568 -2.644 -1.696 -1.318 -2.391 -1.714 0.23
149 D -1.664 1.374 2.74 4.39 -2.326 -0.242 1.529 -1.186 -0.01 -2.796 -3.133 0.019 -2.27 -2.77 -2.428 -0.871 -1.253 -3.097 -2.521 -2.663
150 I -1.273 -1.082 1.344 1.417 -0.81 -1.498 -1.338 -2.076 -1.243 2.952 0.244 0.482 0.12 -0.895 -2.897 -1.771 -1.011 -2.618 -1.745 1.915
151 K -0.848 2.534 2.975 -0.125 -1.673 0.16 -0.31 -0.951 0.103 -2.416 -2.528 2.893 -1.541 -2.569 -2.137 0.38 -0.64 -2.686 -1.943 -2.144
152 F -1.586 -0.037 -1.548 -1.942 -1.467 0.946 -1.019 -2.279 -0.606 -0.201 0.779 1.787 0.11 4.418 -3.035 -1.981 -1.71 -0.583 1.138 -0.769
153 K -0.995 2.756 -0.581 -1.037 -1.988 0.384 -0.132 -1.602 -0.427 -2.292 -2.342 3.828 -1.45 -2.888 2.196 -1.113 -1.245 -2.801 -1.971 -2.112
154 L -1.566 -1.864 0.934 -1.978 -0.795 -2.097 -2.472 -2.459 -0.608 0.829 2.787 -1.839 0.965 0.73 1.598 -2.226 -1.505 -1.028 2.043 0.101
155 G -0.073 -1.468 1.788 -0.637 -0.761 -1.411 -1.662 3.805 -0.901 -1.893 -2.461 -1.043 -1.707 -2.262 -2.284 0.686 1.824 -2.533 -2.392 -1.472
156 L -0.298 -1.634 -0.318 -1.628 -0.19 -1.703 -1.928 -1.617 -1.404 1.665 2.339 -1.436 0.879 -0.257 -2.619 1.282 -0.28 -2.178 -1.464 0.626
157 P -0.811 -1.988 -1.908 -1.538 -1.432 -1.908 -1.597 -1.827 -1.582 -2.292 -2.725 -1.039 -2.378 -3.31 6.637 -1.427 -1.323 -4.524 -2.61 -2.136
158 S 0.581 -1.438 -0.66 -1.263 -0.026 -1.384 -1.496 -1.039 -1.203 1.546 1.084 -1.078 0.309 -0.729 -2.185 1.984 0.169 -2.315 -1.552 0.566
159 G -0.343 -1.493 3.23 -0.174 -1.402 -1.456 -1.728 4.559 -0.417 -2.982 -3.316 -1.077 -2.412 -2.578 -2.654 -0.017 -1.086 -2.685 -2.686 -2.667
160 G -0.065 -0.994 -0.436 -1.233 -1.415 -1.429 -1.853 5.268 -1.255 -3.01 -3.236 0.783 -2.37 -2.735 -2.574 -0.624 -1.639 -2.533 -2.876 -2.691
161 V 0.258 -1.589 1.908 -1.068 -0.089 -1.606 -1.77 -1.37 -1.166 1.613 -0.212 -1.358 -0.074 -1.116 -2.607 0.422 -0.16 -2.597 -1.609 2.861
162 E -1.139 -0.946 -0.352 2.341 -1.825 0.059 2.892 -0.536 -0.375 -2.103 -2.376 -0.328 -1.667 -1.529 -2.395 -0.863 0.653 5.661 -0.895 -1.788
163 E -1.189 0.173 1.82 0.551 -1.807 0.473 2.887 -1.685 -0.011 -1.217 0.081 1.753 -0.676 -1.754 -2.256 -1.038 -1.219 -2.449 -1.829 -1.387
164 G -0.128 -1.025 -0.447 -0.952 -1.512 -1.195 -0.575 5.21 -1.134 -3.038 -3.234 0.59 -2.381 -2.73 -2.565 -1.008 -1.776 -2.491 -2.849 -2.707
165 G 0.29 -1.966 -0.251 -1.096 -0.999 -1.801 -2.077 5.247 -1.266 -2.921 -3.217 -1.338 -2.319 -2.543 -2.485 0.626 -1.035 -2.502 -2.827 -2.487
166 G 0.099 -2.135 -0.438 -1.28 -1.118 -2.021 -2.306 5.228 -1.298 -2.611 -2.775 -1.535 -2.139 0.21 -2.677 0.101 -1.335 -2.084 -1.823 -2.393
167 H -1.74 -0.405 2.043 -0.552 -2.298 -0.253 -0.571 -1.459 7.662 -2.708 -2.708 -0.733 -1.413 -1.066 -2.765 -1.359 -1.935 -1.667 1.312 -3.002
168 F -2.359 -2.921 -2.885 -3.339 -1.399 -3.889 -3.507 -2.9 -0.853 0.252 0.54 -3.329 0.176 6.553 -4.473 -3.056 -2.396 0.827 2.906 -0.532
169 S 1.043 -0.766 0.472 -0.274 0.047 -0.595 -0.58 -0.131 -0.485 -1.936 -2.353 -0.31 -1.212 -1.968 -1.5 3.347 0.986 -2.574 -1.781 -1.317
170 P -0.564 -0.869 1.871 -0.576 -1.278 -1.096 -1.082 -1.131 -0.692 -2.355 -2.753 0.394 -2.049 -2.87 5.096 0.444 -0.647 -3.634 -2.337 -2.1
171 L -1.375 0.244 -2.595 -3.012 -0.365 -1.654 -2.669 -2.99 -1.552 2.552 2.557 -1.375 4.11 0.282 -3.407 -2.511 -1.293 -1.727 -1.136 1.346
172 L -1.087 -2.069 -2.38 -2.537 -0.547 -2.291 -2.489 -2.496 -1.884 0.909 2.846 -1.868 1.034 0.866 3.206 -1.139 -1.259 -2.134 -1.121 0.187
173 R -0.892 3.581 0.759 -1.496 3.382 -0.689 -1.502 1.686 -0.692 -0.472 -1.421 0.483 -1.025 -2.021 -2.897 -1.408 -1.271 -2.508 -2.054 0.516
174 L -0.949 0.882 -1.56 -2.186 5.287 -1.014 -1.786 -2.157 -1.135 0.159 0.391 0.787 3.473 0.94 -2.797 -1.304 0.565 -1.783 -0.936 -0.086
175 V -0.199 -2.515 -2.827 -2.915 -0.324 -2.726 -2.85 -2.555 -2.086 2.29 1.349 -2.286 0.573 2.611 1.605 -2.232 -1.174 -1.616 -0.126 2.413
176 L 0.237 -2.579 -3.076 -3.135 -0.207 -2.757 -3.14 -2.505 -2.29 3.423 2.285 -2.374 1.135 0.194 -3.31 -2.342 -1.279 3.49 -0.924 1.841
177 F -1.517 -2.459 -2.207 -2.741 -1.01 -3.02 -2.9 -2.417 -1.025 0.308 1.193 -2.607 0.343 5.773 -3.763 -0.732 -1.561 0.188 2.123 -0.389
178 F 0.232 -2.389 -2.627 -2.97 -0.594 -2.848 -2.893 -2.126 -1.336 0.681 2.008 -2.456 0.72 4.91 -3.454 -1.592 -1.626 -0.298 1.449 0.079
179 L -1.703 -2.493 -3.344 -3.58 -0.388 -2.963 -3.468 -3.393 -2.162 2.408 3.515 -2.702 1.7 2.751 -3.783 -3.206 -1.682 -1.238 -0.07 1.201
180 V -0.866 -2.417 -2.984 -3.322 -0.133 -2.581 -3.027 -3.163 -1.329 2.591 1.922 -2.424 0.977 0.788 -3.396 -2.626 -1.022 -0.933 2.239 3.219
181 V -0.783 -2.417 -2.494 -2.851 0.009 -2.552 -2.94 -2.911 -2.559 3.254 1.711 -2.247 0.974 -0.195 -3.115 -1.922 0.839 -2.25 -1.389 3.084
182 L -0.118 -2.415 -2.962 -3.112 -0.023 -2.444 -3.018 -2.736 -2.303 3.305 1.968 -2.259 2.604 0.018 -3.256 -2.326 -0.983 -2.093 -1.288 2.782
183 L 0.402 -2.562 -3.046 -3.09 -0.067 -2.719 -3.114 -2.489 -2.394 3.521 2.427 -2.324 1.251 0.1 -3.178 -2.242 -1.158 -2.133 -1.359 2.112
184 C 0.423 -2.856 -2.757 -3.112 7.122 -3.242 -3.237 -1.927 -1.623 -0.315 -0.306 -2.781 -0.471 4.566 -3.389 -1.768 -1.654 -0.683 1.098 -0.442
185 L -0.312 -1.721 -1.321 -1.882 -0.143 -1.799 -2.04 -1.755 -1.578 1.826 2.513 -1.531 1.012 -0.144 -2.662 1.182 -0.324 -2.129 -1.423 0.759
186 L -1.363 -2.598 -3.003 -3.065 3.205 -2.774 -3.139 -3.063 -1.735 2.927 2.19 -2.352 0.936 0.342 1.754 -2.691 -1.435 -1.641 0.871 1.42
187 L -1.394 -1.455 3.255 -0.751 4.732 -1.569 -2.054 -1.576 -0.579 0.334 1.768 -1.446 2.184 -0.595 -3.145 -1.391 -1.063 -2.326 -1.678 -0.198
188 L -0.871 -2.127 -2.361 -2.83 4.826 -2.385 -2.823 -2.48 -2.097 1.25 3.266 -2.168 1.378 0.138 -3.181 -0.534 -1.043 -2.055 -1.449 0.558
189 Y -1.429 -1.112 -2.157 -2.681 -1.102 -1.731 -2.16 -2.768 0.374 1.594 -0.003 0.398 -0.041 3.242 -3.221 -2.352 -1.567 0.6 4.508 1.282
190 V -0.384 -0.852 -0.75 0.927 -0.711 1.367 1.658 -1.815 -0.723 0.823 -0.75 -0.41 -0.369 -1.602 -2.394 0.088 -0.545 -2.533 -1.679 2.05
191 E -0.849 0.082 -0.31 0.658 -1.792 2.942 3.442 -1.777 0.228 -2.136 -2.246 0.604 -1.156 -2.601 -2.01 -0.574 0.694 -2.372 -1.752 -1.606
192 Y -1.998 -2.224 -2.584 -3.276 -1.411 -2.499 -2.885 -3.059 0.925 0.073 0.966 -2.42 0.134 4.609 -3.757 -2.793 -2.166 1.449 5.466 -0.491
193 R -0.794 3.05 1.981 1.828 -1.562 -0.446 -0.611 1.608 -0.222 -2.341 -2.293 0.447 -0.592 -2.353 -2.506 0.286 -0.875 -2.625 -2.197 -2.118
194 L -1.592 1.424 3.104 0.157 -1.081 -0.984 -1.473 -1.623 -0.31 0.187 1.72 -0.468 2.173 -0.643 -3.051 -1.396 -1.119 -2.213 -1.582 -0.392
195 Y -1.806 -1.977 -2.533 -3.274 -1.239 -2.101 -2.702 -3.143 1.228 0.299 1.687 -2.126 0.424 2.699 -3.494 -2.721 -2.003 1.475 5.837 -0.245
196 L -0.521 -0.78 -1.56 -1.644 -0.362 -1.105 -0.357 -2.14 -1.503 1.414 1.826 0.685 0.675 -0.561 -2.661 -0.226 -0.673 -2.265 -1.475 2.035
197 I -0.986 -0.296 -1.701 -2.038 -0.636 -1.165 -1.616 -2.349 -1.57 2.932 1.374 1.807 0.639 -0.547 -2.723 -1.07 -0.972 -2.314 -1.508 1.528
198 A 2.074 -1.232 -0.478 -1.048 0.121 -1.123 -1.173 -0.444 -1.121 -1.074 -1.677 -0.742 -1.026 -1.96 0.805 1.73 2.249 -2.587 -1.879 -0.42
199 K -0.301 0.237 -0.586 -1.175 -0.818 -0.455 -0.82 -1.264 -0.587 -0.69 -0.521 2.164 1.856 2.183 -2.211 1.154 -0.397 -1.514 -0.227 -0.88
200 S 0.683 -0.932 0.56 2.069 -0.283 -0.684 -0.284 -0.319 -0.539 -2.098 -2.559 -0.435 -1.456 -2.151 -1.662 3.074 0.658 -2.757 -2.0 -1.568
201 D -1.467 -0.671 2.116 3.464 -1.787 1.497 1.605 -1.445 -0.086 -1.225 -0.006 -0.256 -0.73 -1.822 -2.485 -1.053 -1.229 -2.69 -2.033 -1.512
202 G 0.024 -2.424 -0.506 -1.389 -1.386 -2.262 -2.688 5.871 -1.543 -3.282 -3.527 -1.717 -2.733 -2.744 -2.846 -1.069 -1.986 -2.506 -3.214 -2.931
203 Y -1.879 -1.844 -2.192 -3.088 -1.818 -1.85 -2.43 -2.998 2.038 -0.87 -0.976 -1.939 -0.748 3.282 -3.399 -2.503 -2.156 2.242 6.79 -1.046
204 L -1.486 -1.414 -2.561 -2.821 -0.445 0.768 -1.871 -3.031 -1.582 1.542 3.683 -1.504 1.77 0.392 -3.372 -2.659 -1.537 -1.799 -1.159 0.718
205 A 3.042 -1.186 -0.539 -1.005 0.351 -1.018 -1.0 0.097 -0.909 -1.342 -1.806 -0.643 -1.079 -1.958 -1.542 2.21 0.257 -2.556 -1.822 -0.497
206 R -1.483 3.929 -1.131 -1.881 -1.395 1.521 -0.755 -2.421 -0.421 -0.224 1.573 0.909 0.387 -1.026 -2.931 -1.807 -1.475 -2.085 -1.5 -0.656
207 Y -1.879 -1.844 -2.192 -3.088 -1.818 -1.85 -2.43 -2.998 2.038 -0.87 -0.976 -1.939 -0.748 3.282 -3.399 -2.503 -2.156 2.242 6.79 -1.046
208 S 0.543 -1.233 -0.104 -0.841 -0.222 -1.129 -1.221 1.932 -0.923 -0.965 0.114 -0.825 -0.512 -1.407 -2.002 2.523 0.283 -2.427 -1.874 -0.965
209 G 0.101 -2.347 -0.429 -1.312 -1.309 -2.185 -2.611 5.799 -1.466 -3.205 -3.45 -1.64 -2.656 -2.667 -2.769 -0.992 -1.909 -2.429 -3.137 -2.854
210 F -1.581 -1.903 -0.73 1.499 -1.787 -1.868 -1.444 1.454 3.686 -1.184 -1.117 -1.844 -0.981 4.047 -3.29 -1.941 -2.111 0.047 3.222 -1.638
211 Q -0.949 0.941 -0.159 -0.423 -1.977 5.108 1.326 -1.545 0.703 -2.306 -2.057 1.156 -0.469 -3.025 -2.217 -0.821 -1.041 -2.251 -1.351 -1.853
212 G 1.441 -1.451 -0.261 -0.987 -0.252 -1.316 -1.45 3.313 -1.113 -1.737 -2.244 -0.931 -1.469 -2.149 -1.953 1.602 1.257 -2.498 -2.206 -1.129
213 E -0.162 -0.38 -0.098 0.974 -1.395 0.771 3.697 -1.263 0.069 -2.517 -2.639 0.324 -1.618 -2.435 -1.806 1.372 -0.377 -2.506 -1.922 -1.892
214 A 3.255 -0.843 -0.958 -1.215 0.21 1.217 -0.595 -0.011 -0.718 -1.254 -1.639 -0.363 -0.904 -2.089 -1.644 1.062 -0.271 -2.48 -1.738 -0.384
215 Y -1.879 -1.844 -2.192 -3.088 -1.818 -1.85 -2.43 -2.998 2.038 -0.87 -0.976 -1.939 -0.748 3.282 -3.399 -2.503 -2.156 2.242 6.79 -1.046
216 A 1.901 -0.052 -0.211 1.856 -0.583 1.453 0.063 -0.51 -0.467 -1.753 -2.094 1.351 -1.195 -2.409 -1.806 0.759 -0.501 -2.653 -1.917 -1.132
217 G 2.781 -1.662 -0.838 -1.344 -0.024 -1.497 -1.585 3.413 -1.219 -1.687 -2.118 -1.048 -1.482 -2.183 -1.914 0.885 -0.57 -2.524 -2.216 -0.879
218 G 0.024 -2.424 -0.506 -1.389 -1.386 -2.262 -2.688 5.871 -1.543 -3.282 -3.527 -1.717 -2.733 -2.744 -2.846 -1.069 -1.986 -2.506 -3.214 -2.931
219 D 1.407 -1.047 2.775 2.832 -0.624 -0.837 -0.273 -0.236 -0.227 -1.968 -2.48 -0.584 -1.671 -2.273 -1.947 1.186 -0.217 -2.873 -2.142 -1.423
220 G 1.148 0.222 -0.379 -0.982 -0.607 -0.452 -0.761 1.889 -0.858 -1.64 -2.072 2.217 -1.281 -2.3 -1.833 0.781 1.081 -2.515 -2.015 -1.136
221 F -1.736 -2.601 -2.307 -2.828 -0.911 -3.152 -3.102 -2.701 -1.232 1.555 0.518 -2.676 0.241 5.561 -3.688 -2.047 0.462 0.08 1.991 0.433
222 L -1.705 -1.092 -2.491 -2.873 -0.837 -2.02 -2.406 -2.839 -1.41 1.003 2.727 0.395 1.129 4.01 -3.468 -2.662 -1.79 -0.714 0.814 0.2
223 K -1.02 0.288 -0.925 -0.84 -1.252 -0.134 1.013 -2.002 -0.009 -0.576 0.393 2.216 -0.282 0.059 -2.271 -1.044 0.703 -0.882 2.296 -0.747
224 T 1.301 -1.342 -0.498 -1.143 0.098 -1.259 -1.379 -0.816 -1.251 1.048 -0.771 -0.914 -0.434 -1.398 -1.87 1.658 2.36 -2.41 -1.722 0.455
225 L -1.579 -2.386 -3.412 -3.608 -0.216 -2.794 -3.432 -3.465 -2.442 2.618 3.847 -2.577 1.939 0.673 -3.654 -3.211 -1.556 -1.799 -1.159 1.416
226 F -2.163 -2.622 -2.864 -3.378 -1.252 -3.254 -3.301 -3.029 -0.305 0.445 1.377 -2.937 0.449 5.751 -4.148 -3.009 -2.243 0.822 3.748 -0.299
227 Y -2.042 -2.171 -2.417 -3.182 -1.686 -2.392 -2.757 -2.979 1.348 -0.463 -0.397 -2.342 -0.423 4.855 -3.725 -2.688 -2.246 1.833 5.968 -0.88
228 V -0.61 -2.441 -2.386 -2.747 0.082 -2.52 -2.86 -2.824 -2.608 3.392 0.916 -2.202 0.742 -0.398 -3.027 -1.77 1.006 -2.35 -1.417 3.418
229 F 1.232 -2.336 -2.608 -2.854 -0.443 -2.717 -2.697 -1.632 -1.264 0.427 1.445 -2.277 0.431 4.851 -3.165 -1.608 -1.577 -0.324 1.437 0.022
230 L -1.289 -2.163 -2.566 -2.992 -0.169 -2.465 -2.999 -3.002 -2.268 2.406 3.362 -2.214 1.619 0.377 -3.235 -2.105 0.676 -1.884 -1.259 1.304
231 G 0.024 -2.424 -0.506 -1.389 -1.386 -2.262 -2.688 5.871 -1.543 -3.282 -3.527 -1.717 -2.733 -2.744 -2.846 -1.069 -1.986 -2.506 -3.214 -2.931
232 L -1.551 -2.526 -3.395 -3.532 -0.216 -2.884 -3.493 -3.481 -2.506 3.168 3.518 -2.61 1.807 0.576 -3.637 -3.197 -1.468 -1.884 -1.197 1.749
233 L 1.142 -1.708 -1.295 -1.819 5.04 -1.725 -1.898 -1.125 -1.525 0.193 1.635 -1.427 0.354 -0.764 -2.368 1.179 -0.321 -2.359 -1.706 -0.005
234 F -2.128 -2.349 -2.536 -3.231 -1.623 -2.706 -2.935 -2.969 0.93 -0.279 -0.146 -2.567 -0.273 5.405 -3.903 -2.785 -2.293 1.605 5.449 -0.8
235 S 1.498 -1.496 -0.682 -1.273 5.061 -1.381 -1.433 -0.673 -1.281 -0.1 -1.2 -1.068 -0.741 -1.686 -2.008 2.038 0.214 -2.671 -1.883 0.893
236 F -0.898 -0.818 -1.119 -1.747 -0.938 -1.531 -1.657 -1.765 -0.81 -0.467 -0.453 0.673 -0.389 4.751 -2.763 0.157 0.83 -0.41 1.385 -0.747
237 C -0.798 1.605 -1.749 -2.205 7.798 -1.283 -1.811 -2.019 -1.535 -1.493 -1.69 1.057 -1.378 -2.475 2.045 -1.51 -1.37 -3.152 -2.459 -1.201
238 L -0.38 -0.361 1.809 -0.745 -0.603 -0.834 -1.11 -1.149 -0.639 -0.111 1.49 1.004 0.226 -0.892 -2.33 1.168 -0.297 -2.342 -1.62 -0.522
239 K -0.504 1.068 -0.214 0.225 -1.701 0.756 2.459 -1.335 -0.114 -2.349 -2.468 3.234 -1.449 -2.645 -1.779 0.44 -0.737 -2.56 -1.888 -1.977
240 R 0.027 3.368 -0.626 -1.332 -1.123 0.047 -0.593 -1.546 -0.574 -0.899 -1.529 2.698 -0.906 -2.181 -2.142 -0.716 0.835 -2.423 -1.788 -0.154
241 L -1.153 -1.469 -1.831 -0.779 -0.938 -0.671 1.844 -2.773 -0.281 1.831 1.1 -1.023 0.32 0.494 -2.866 -1.988 -1.323 -0.851 2.331 1.51
242 K -1.188 2.259 -1.035 -1.471 -1.325 1.551 -0.462 -2.132 -0.615 1.985 -0.321 2.498 -0.095 -1.464 -2.508 -1.583 -1.186 -2.376 -1.59 0.539
243 K -1.065 1.086 -1.034 -1.4 -1.299 -0.091 -0.583 -1.961 -0.923 2.007 -0.361 3.592 -0.202 -1.485 -2.242 -1.511 -1.146 -2.489 -1.677 0.535
244 I -1.431 -2.526 -2.79 -3.052 -0.351 -2.667 -3.229 -3.101 -2.001 3.44 1.977 -2.414 2.504 2.447 -3.488 -2.494 -0.275 -1.4 -0.19 1.862
245 I -0.404 -1.791 1.319 -1.208 -0.264 -1.784 -1.968 -1.594 -1.259 2.956 0.305 -1.454 0.236 -0.735 -2.685 0.763 -0.236 -2.491 -1.589 1.997
246 I -1.491 -2.807 -3.058 -3.341 4.58 -3.056 -3.478 -3.148 -1.159 3.007 1.56 -2.728 0.748 2.723 -3.637 -2.814 -1.545 -0.583 2.418 1.475
247 L -1.571 -2.09 -3.043 -3.397 -0.375 -2.284 -3.095 -3.132 -1.706 1.623 3.323 -2.312 3.669 2.633 -3.672 -2.84 -1.585 -1.118 -0.059 0.816
248 L -0.212 -1.589 -1.05 -1.684 -0.301 -1.595 -1.813 -1.566 -0.557 1.372 1.602 -1.359 0.494 0.476 -2.533 1.434 -0.248 -1.008 2.028 0.404
249 L -1.651 -2.197 -3.223 -3.6 -0.405 -2.574 -3.224 -3.387 -1.183 1.663 3.789 -2.457 1.79 1.283 -3.637 -3.117 -1.721 -0.711 2.126 0.812
250 F -1.65 -2.546 -3.003 -3.407 4.559 -2.949 -3.371 -2.922 -1.531 0.906 2.143 -2.773 2.343 4.564 -3.882 -2.741 -1.832 -0.46 1.178 0.212
251 V -0.206 -2.306 -2.436 -2.809 0.117 -2.424 -2.767 -2.645 -2.535 2.819 1.523 -2.153 0.858 -0.337 -2.998 -1.726 0.805 -2.288 -1.396 3.315
252 L -1.441 -1.623 -1.984 -2.7 -0.656 -1.481 -2.327 -2.767 3.256 1.849 1.83 -1.745 4.06 0.92 -3.336 -2.351 -1.478 -0.63 2.349 0.793
253 G 1.187 -2.008 -0.497 -1.262 -0.793 -1.844 -2.092 5.057 -1.343 -2.61 -2.947 -1.366 -2.169 -2.505 -2.416 0.368 -1.129 -2.529 -2.751 -2.04
254 L -1.454 -2.161 -2.633 -3.106 -0.327 -2.57 -3.033 -2.989 -1.987 1.492 3.427 -2.335 1.57 2.561 -3.406 -2.243 0.359 -1.263 -0.164 0.733
255 L 0.244 -2.372 -3.096 -3.208 -0.089 -2.623 -3.082 -2.541 -2.302 2.845 3.167 -2.305 1.535 0.32 -3.235 -2.334 -1.313 -1.972 -1.285 1.555
256 S -0.0 -1.472 1.646 -0.713 -0.454 -1.4 -1.538 1.554 -0.855 1.656 -0.742 -1.058 -0.535 -1.335 -2.348 1.649 -0.071 -2.552 -1.883 0.344
257 L 0.257 -2.491 -3.084 -3.151 -0.089 -2.696 -3.129 -2.551 -2.354 3.293 2.805 -2.33 1.404 0.226 -3.222 -2.325 -1.244 -2.049 -1.318 1.829
258 L 0.232 -2.258 -3.109 -3.266 -0.089 -2.553 -3.037 -2.531 -2.251 2.313 3.489 -2.279 1.66 0.411 -3.247 -2.342 -1.384 -1.897 -1.252 1.252
259 G 2.456 -1.842 -1.094 -1.557 -0.058 -1.7 -1.819 3.014 -1.404 0.541 -1.201 -1.244 -0.916 -1.717 -2.107 0.562 -0.652 -2.491 -2.082 0.017
260 G 0.017 -2.431 -0.513 -1.396 -1.393 -2.269 -2.695 5.877 -1.55 -3.289 -3.534 -1.724 -2.74 -2.751 -2.853 -1.076 -1.993 -2.513 -3.221 -2.938
261 Q 1.515 0.413 -0.534 -0.752 -0.982 4.277 0.77 -0.892 0.255 -1.836 -1.856 0.692 -0.603 -2.669 -2.014 -0.428 -0.879 -2.329 -1.485 -1.168
262 R -1.607 5.643 -0.535 -1.637 -2.332 0.445 -0.634 -2.201 0.025 -2.685 -2.101 1.945 -1.297 -2.545 -2.777 -1.479 -1.527 -2.307 -1.845 -2.235
263 G 0.017 -2.431 -0.513 -1.396 -1.393 -2.269 -2.695 5.877 -1.55 -3.289 -3.534 -1.724 -2.74 -2.751 -2.853 -1.076 -1.993 -2.513 -3.221 -2.938
264 G 0.825 -1.455 -0.97 -1.347 -1.11 0.693 -1.28 3.755 -1.098 -2.433 -2.707 -0.85 -1.937 -2.821 3.408 -0.893 -1.431 -2.932 -2.523 -1.956
265 F -2.407 -2.969 -2.933 -3.387 -1.447 -3.937 -3.555 -2.948 -0.901 0.203 0.492 -3.377 0.128 6.626 -4.521 -3.104 -2.444 0.779 2.858 -0.581
266 V -0.358 -2.631 -3.095 -3.234 0.081 -2.773 -3.149 -2.999 -2.759 3.407 1.771 -2.48 1.066 -0.119 -3.31 -2.503 -0.833 -2.288 -1.34 3.513
267 I -0.192 -1.914 -1.241 -1.784 -0.028 -1.883 -2.077 -1.812 -1.8 2.947 0.396 -1.544 0.347 -0.69 -2.528 0.867 1.125 -2.394 -1.544 2.218
268 S 1.459 -1.162 -0.23 -0.895 0.139 -1.04 -1.088 -0.526 -1.018 -0.245 -1.349 -0.734 -0.74 -1.676 -1.769 2.438 1.529 -2.529 -1.75 0.734
269 L -1.497 -2.353 -3.242 -3.437 -0.226 -2.562 -3.32 -3.353 -2.251 2.99 3.357 -2.433 2.892 0.545 -3.595 -3.016 -1.421 -1.812 -1.159 1.638
270 F 0.097 -2.283 -2.779 -3.095 -0.532 -2.601 -2.916 -2.266 -1.335 0.898 2.132 -2.376 2.352 4.566 -3.492 -2.168 -1.662 -0.412 1.222 0.279
271 L -1.367 -1.738 -2.626 -3.058 -0.383 -1.591 -2.687 -2.799 -1.178 1.438 2.316 -1.863 5.203 2.555 -3.511 -2.359 -1.35 -0.994 0.009 0.762
272 L -1.027 -2.424 -2.254 -2.782 -0.512 -2.651 -3.214 2.532 -2.171 1.908 2.912 -2.315 1.157 0.011 -3.404 -2.427 -1.666 -2.004 -1.626 0.748
273 L -1.343 -2.537 -3.341 -3.494 -0.148 -2.857 -3.418 -3.417 -2.577 3.145 3.267 -2.594 1.672 0.441 -3.583 -3.067 -1.319 -1.966 -1.225 2.281
274 W -2.723 -2.456 -3.239 -3.693 -2.407 -2.897 -3.042 -2.439 -1.207 -1.927 -1.723 -2.864 -1.353 1.055 -5.481 -3.428 -2.768 10.683 2.096 -2.301
275 L 2.104 -2.019 -2.525 -2.672 0.034 -2.189 -2.363 -1.215 -1.639 0.765 2.329 -1.817 0.829 2.272 -2.642 -1.123 -1.182 -1.463 -0.298 0.449
276 Y -1.819 -2.006 -2.336 -3.118 -1.534 -2.022 -2.592 -3.077 1.676 0.892 -0.44 -2.049 -0.382 2.988 -3.43 -2.593 -1.994 1.89 6.387 -0.087
277 G 0.017 -2.431 -0.513 -1.396 -1.393 -2.269 -2.695 5.877 -1.55 -3.289 -3.534 -1.724 -2.74 -2.751 -2.853 -1.076 -1.993 -2.513 -3.221 -2.938
278 L -1.518 0.824 -2.751 -3.067 -0.446 -2.232 -2.96 -3.29 -2.077 3.642 2.366 -1.386 1.246 0.09 -3.476 -2.864 -1.337 -2.102 -1.354 1.965
279 N -1.438 1.545 4.955 0.678 -1.591 -0.497 -0.858 -0.592 0.535 -2.258 -2.65 0.042 -1.798 -2.333 -2.529 -0.204 0.863 -2.802 -2.044 -1.981
280 H -1.401 2.76 -0.043 -1.062 -2.259 0.288 -0.268 -1.722 5.888 -2.521 -2.411 2.692 -1.313 -1.825 -2.388 -1.349 -1.68 -2.043 0.127 -2.511
281 K -1.171 1.997 1.763 1.687 -2.114 0.369 0.171 -1.254 -0.148 -2.389 -2.561 3.809 -1.584 -2.823 -2.017 -0.894 -1.14 -2.78 -2.051 -2.27
282 I -0.912 -2.906 -3.201 -3.261 -0.015 -3.01 -3.403 -3.327 -2.885 4.092 1.295 -2.636 1.002 -0.12 -3.443 -2.793 -0.875 -2.358 -1.372 3.561
283 S 0.457 1.194 -0.119 -0.891 -0.357 -0.846 -1.086 1.525 -0.811 -0.774 -1.766 -0.249 -1.052 -1.911 -2.045 2.378 0.227 -2.556 -1.925 0.228
284 L -1.36 -2.192 -2.473 -2.912 -0.762 -2.464 -2.778 -2.462 -1.708 1.537 2.238 -2.268 0.772 0.53 -3.705 -0.903 -1.359 7.597 0.297 0.403
285 F -1.697 0.215 -1.56 -2.014 -1.82 -0.97 -1.285 -2.13 -0.674 -0.895 -0.721 2.462 -0.605 4.417 -3.082 -2.014 -1.856 5.413 1.487 -1.362
286 G -0.436 0.678 -0.368 -1.025 -1.369 -0.273 -0.728 3.131 -0.852 -2.048 -2.396 2.986 -1.549 -2.588 -2.073 -0.65 0.709 -2.515 -2.225 -1.77
287 L -1.102 -2.349 -3.277 -3.526 -0.044 -2.689 -3.228 -3.299 -2.567 2.322 3.405 -2.514 1.694 0.412 -3.519 -2.903 -1.219 -1.942 -1.197 2.565
288 L 0.832 -1.583 -1.83 -2.266 -0.03 -1.505 -2.082 -1.59 -1.356 1.025 2.352 -1.455 3.622 -0.038 -2.682 0.053 -0.691 -1.841 -1.255 0.555
289 L 1.596 -1.97 -1.819 -2.154 -0.046 -2.045 -2.136 -1.219 -1.474 1.641 1.169 -1.658 0.382 2.418 -2.558 0.213 -0.679 -1.5 -0.188 0.975
290 L 1.366 -2.332 -2.535 -2.689 -0.093 -2.481 -2.656 -1.682 -1.805 2.585 1.513 -2.041 0.681 2.517 -2.854 -1.429 -0.537 -1.45 -0.151 1.35
291 F 0.13 -2.674 -2.689 -3.037 -0.98 -3.319 -3.05 -2.081 -0.955 0.053 0.258 -2.788 -0.018 6.119 -3.757 -2.144 -2.007 0.438 2.45 -0.455
292 L -0.377 -1.717 -1.044 -1.689 -0.256 -1.808 -1.958 -1.66 -1.348 1.51 1.088 -1.482 0.345 2.411 -2.542 0.975 1.447 -1.472 -0.194 0.567
293 L 1.472 -1.652 -1.572 -2.002 0.067 -1.72 -1.927 -1.177 -1.532 0.731 2.484 -1.424 0.899 -0.286 -2.414 0.723 -0.501 -2.108 -1.451 0.351
294 L -1.167 -2.151 -2.198 -2.701 -0.526 -2.539 -2.737 -2.445 -1.462 1.015 2.724 -2.252 1.132 4.026 -3.402 -0.522 -1.212 -0.714 0.817 0.26
295 F 0.768 -2.151 -1.444 -2.011 -0.718 -2.363 -2.304 1.693 -0.987 -0.653 -0.576 -1.907 -0.583 4.748 -2.931 0.095 -1.153 -0.423 1.322 -0.849
296 L -1.028 -2.329 -2.629 -3.086 -0.289 -2.619 -3.176 1.237 -2.309 1.735 3.243 -2.374 1.438 0.211 -3.443 -2.594 -1.475 -1.949 -1.422 1.622
297 L -0.48 -2.134 -1.602 -2.136 4.985 -2.253 -2.407 -1.869 -1.589 1.755 1.175 -1.915 0.36 2.42 -2.896 0.638 -0.594 -1.586 -0.272 0.639
298 L 0.43 -2.123 -3.066 -3.261 -0.06 -2.44 -2.925 -2.385 -2.164 1.621 3.7 -2.201 1.737 0.46 -3.188 -2.22 -1.418 -1.834 -1.228 0.899
299 V -0.873 -2.121 1.199 -1.9 -0.164 -2.28 -2.621 -2.441 -1.765 2.793 1.572 -2.035 0.808 -0.336 -3.249 -2.068 -0.778 -2.367 -1.427 3.131
300 L -1.597 -2.658 -3.287 -3.463 -0.364 -3.064 -3.504 -3.37 -2.208 3.058 2.933 -2.731 1.485 2.795 -3.74 -3.134 -1.523 -1.278 -0.014 1.785
301 I -1.758 -2.927 -3.204 -3.361 -0.57 -3.367 -3.618 -3.314 -1.951 3.378 1.957 -2.902 1.071 4.032 -3.87 -3.141 -1.601 -0.797 0.813 1.742
302 G -0.763 -1.871 -1.745 -2.391 -0.566 -1.689 -2.649 2.971 -1.39 0.723 1.732 -1.734 4.254 -0.238 -3.2 -1.845 -1.465 -1.764 -1.529 0.136
303 S 0.241 -0.566 2.158 -0.15 -0.739 1.341 -0.437 1.997 -0.133 -2.343 -2.619 -0.208 -1.44 -2.346 -2.006 2.096 0.094 -2.597 -1.974 -1.846
304 F -1.977 -2.767 -3.131 -3.443 -0.815 -3.413 -3.528 -3.177 -1.528 2.0 2.223 -3.0 1.007 5.131 -4.077 -3.141 -1.944 -0.153 1.637 0.759
305 S 0.836 -0.863 0.334 -0.429 0.014 -0.718 -0.743 -0.344 -0.665 -1.619 -2.14 -0.43 -1.133 -1.946 -1.576 3.163 1.899 -2.551 -1.814 -1.043
306 A 3.283 -1.55 -1.385 -1.638 0.465 -1.415 -1.428 -0.126 -1.35 0.108 -0.985 -1.012 -0.62 -1.631 -1.764 0.957 -0.199 -2.515 -1.738 1.22
307 R -1.6 5.63 -0.528 -1.63 -2.325 0.452 -0.627 -2.194 0.032 -2.678 -2.094 1.952 -1.29 -2.538 -2.77 -1.472 -1.52 -2.3 -1.838 -2.228
308 G 1.461 -1.646 -0.31 -1.035 -0.471 -1.48 -1.624 4.225 -1.122 -2.301 -2.675 -1.061 -1.831 -2.336 -2.121 1.444 -0.454 -2.542 -2.435 -1.672
309 L -1.123 -1.632 1.692 1.723 -0.573 -1.652 -1.354 -1.849 -1.163 0.962 1.764 -1.463 0.467 -0.638 -2.803 -1.18 0.848 -2.384 -1.69 1.208
310 A 1.455 -0.015 1.725 -0.757 -0.853 1.402 -0.466 -0.779 0.379 -1.516 -1.785 1.283 -1.036 -0.352 -2.121 -0.444 -0.348 -1.005 2.278 -1.048
311 V -0.856 -2.361 -2.201 -2.791 -0.638 -2.381 -2.837 1.281 -0.131 2.11 0.085 -2.185 0.027 1.289 -3.273 -2.248 -1.322 0.04 3.908 2.285
312 N -0.43 -0.701 3.399 2.506 -1.252 -0.244 1.337 -0.587 0.155 -2.496 -2.892 -0.249 -1.872 -2.406 -2.077 1.475 -0.164 -2.866 -2.135 -2.115
313 L -1.547 -2.192 -3.368 -3.626 -0.156 -2.646 -3.312 -3.389 -2.32 1.999 4.047 -2.484 2.126 0.827 -3.61 -3.164 -1.587 -1.656 -1.062 1.1
314 D 0.635 -1.852 0.197 4.527 -1.043 -1.348 0.09 -1.095 -1.039 0.913 -1.227 -1.162 -1.095 -1.824 -2.341 -0.932 -1.162 -3.021 -2.372 -0.126
315 N 0.993 -1.066 3.178 -0.15 -0.597 -1.093 -1.135 -0.407 -0.11 -1.49 -1.695 -0.783 -1.177 2.065 -2.236 1.487 -0.138 -1.778 -0.386 -1.244
316 G -0.148 -1.292 1.99 -0.035 -1.32 -0.802 0.737 4.154 -0.482 -2.865 -3.126 -0.731 -2.193 -2.547 -2.399 0.483 -0.926 -2.597 -2.528 -2.435
317 W -1.802 -2.345 -2.842 -3.068 -1.281 -2.556 -2.805 -2.736 -0.689 1.247 0.881 -2.272 0.007 1.064 1.871 -2.785 -1.912 7.625 2.894 0.061
318 L -1.293 -2.579 -3.319 -3.455 -0.129 -2.875 -3.417 -3.404 -2.602 3.299 3.082 -2.594 1.609 0.392 -3.561 -3.033 -1.259 -2.001 -1.235 2.444
319 G -1.068 -1.669 2.122 3.282 -1.865 -1.396 -0.649 3.155 0.089 -2.5 -2.878 -1.197 -2.223 -0.508 -2.721 -1.068 -1.545 -1.214 2.079 -2.472
320 F -0.663 -2.225 -1.652 -2.262 -0.607 -2.456 -2.579 1.464 -1.41 0.73 1.061 -2.098 0.223 3.857 -3.194 -0.259 -1.063 -0.876 0.667 1.002
321 L -0.933 -2.43 -3.133 -3.345 -0.003 -2.596 -3.161 -3.206 -2.529 2.976 2.56 -2.438 2.179 0.171 -3.437 -2.716 -1.006 -2.058 -1.233 3.05
322 S 1.219 -1.056 -0.54 -0.55 -0.193 -0.62 0.884 -0.886 -0.852 -0.539 0.342 -0.589 -0.299 -1.335 -1.913 1.515 1.313 -2.342 -1.709 -0.395
323 K -0.752 2.124 -1.003 -1.636 -1.119 -0.364 -1.051 1.501 -0.863 0.071 -0.479 2.354 1.853 -1.522 -2.539 -1.426 -1.204 -2.275 -1.754 0.685
324 F -2.15 -2.649 -2.837 -3.291 -1.201 -3.229 -3.327 -2.89 -0.917 0.478 0.827 -2.967 2.239 6.155 -4.275 -2.901 -2.169 0.521 2.491 -0.264
325 L -1.579 -2.386 -3.412 -3.608 -0.216 -2.794 -3.432 -3.465 -2.442 2.618 3.847 -2.577 1.939 0.673 -3.654 -3.211 -1.556 -1.799 -1.159 1.416
326 Y -2.002 -1.936 -2.341 -3.18 -1.907 -1.999 -2.522 -2.896 1.694 -1.02 -1.087 -2.073 -0.84 3.012 -3.657 -2.637 -2.248 6.194 6.375 -1.22
327 D -1.65 -0.448 0.816 4.891 -2.363 -0.466 0.658 -1.314 3.585 -2.672 -3.151 1.071 -2.193 -2.505 -2.315 -1.102 -1.539 -2.969 -1.451 -2.793
328 Q -0.949 0.941 -0.159 -0.423 -1.977 5.108 1.326 -1.545 0.703 -2.306 -2.057 1.156 -0.469 -3.025 -2.217 -0.821 -1.041 -2.251 -1.351 -1.853
329 G 0.024 -2.424 -0.506 -1.389 -1.386 -2.262 -2.688 5.871 -1.543 -3.282 -3.527 -1.717 -2.733 -2.744 -2.846 -1.069 -1.986 -2.506 -3.214 -2.931
330 V -0.948 -2.29 1.196 -1.858 -0.208 -2.397 -2.72 -2.486 -1.803 3.483 0.861 -2.082 0.651 -0.417 -3.261 -2.111 -0.761 -2.453 -1.468 3.18
331 T 0.471 -0.978 0.13 -0.672 0.031 -0.89 -1.003 -0.719 -0.964 -1.012 -1.689 -0.593 -0.907 -1.822 -1.645 2.396 3.188 -2.427 -1.797 -0.499
332 L -1.607 -2.253 -3.429 -3.686 -0.216 -2.706 -3.372 -3.449 -2.38 1.939 4.143 -2.544 2.066 0.767 -3.671 -3.225 -1.647 -1.717 -1.122 1.04
333 G 1.13 -1.627 -0.994 -1.627 -0.347 -1.401 -1.922 3.194 -1.138 -0.366 -0.128 -1.244 3.127 -1.109 -2.465 0.377 -0.769 -2.092 -1.827 -0.453
334 V -0.3 -2.553 -2.996 -3.231 0.274 -2.654 -2.96 -3.021 -2.981 2.963 0.879 -2.454 0.765 -0.465 -3.238 -2.35 -0.517 -2.453 -1.351 4.295
335 F -1.622 -2.955 -3.066 -3.31 -0.658 -3.458 -3.506 -3.143 -1.707 2.862 0.977 -2.985 0.638 4.889 -3.937 -2.973 -1.578 -0.367 1.467 2.037
336 D -0.281 -1.23 2.347 3.408 -1.172 -0.948 -0.21 1.948 -0.389 -2.561 -3.06 -0.723 -2.085 -2.5 -2.17 1.391 -0.352 -2.959 -2.469 -2.264
337 Y -1.351 -2.161 -2.599 -3.228 -1.007 -2.257 -2.694 -2.903 0.625 0.943 -0.303 -2.243 -0.225 2.119 -3.597 -2.583 -1.574 5.99 5.079 1.852
338 G 0.101 -2.347 -0.429 -1.312 -1.309 -2.185 -2.611 5.799 -1.466 -3.205 -3.45 -1.64 -2.656 -2.667 -2.769 -0.992 -1.909 -2.429 -3.137 -2.854
339 I -1.366 -3.09 -3.252 -3.17 -0.139 -3.199 -3.676 -3.468 -2.7 4.492 1.688 -2.668 1.282 0.229 -3.494 -3.066 -1.064 -2.174 -1.274 2.871
340 S 0.822 -1.034 0.076 -0.638 0.053 -0.889 -0.902 -0.491 -0.816 -0.351 -1.525 -0.612 -0.803 -1.688 -1.764 3.03 0.747 -2.588 -1.738 0.664
341 I -1.362 -3.086 -3.248 -3.166 -0.136 -3.195 -3.672 -3.465 -2.697 4.483 1.691 -2.664 1.286 0.232 -3.49 -3.062 -1.06 -2.17 -1.271 2.875
342 T -0.439 1.622 -0.509 -0.66 -0.62 -0.383 0.877 -1.603 -0.766 -0.503 0.387 -0.006 -0.256 -1.361 -2.15 0.647 2.11 -2.251 -1.703 -0.467
343 K -1.128 0.264 1.978 1.956 -1.26 -0.424 -0.379 -1.368 -0.519 -0.791 0.186 2.187 -0.535 -1.645 -2.246 -0.732 0.828 -2.579 -1.917 -1.006
344 V -1.042 -2.781 -3.025 -3.283 -0.283 -3.128 -3.269 -3.075 -2.081 2.759 0.899 -2.78 0.654 3.928 -3.664 -2.706 -1.141 -0.917 0.794 3.099
345 S -0.22 -0.53 0.372 1.964 -0.9 1.412 0.014 -0.967 3.613 -1.877 -2.273 -0.257 -1.189 -2.005 -2.0 1.46 1.225 -2.41 -0.953 -1.525
346 D -1.261 -0.533 2.357 4.266 -2.083 -0.686 0.214 1.795 -0.366 -2.753 -3.248 1.055 -2.368 -2.829 -2.366 -0.858 -1.313 -3.119 -2.702 -2.717
347 Y -1.959 -2.002 -2.302 -3.135 -1.751 -2.108 -2.588 -2.989 1.714 -0.659 -0.672 -2.134 -0.581 4.174 -3.558 -2.594 -2.201 2.045 6.408 -0.961
348 P -0.903 -2.08 -2.0 -1.63 -1.523 -1.999 -1.688 -1.918 -1.674 -2.384 -2.816 -1.13 -2.469 -3.402 6.729 -1.518 -1.414 -4.615 -2.702 -2.228
349 L -1.293 -2.579 -3.319 -3.455 -0.129 -2.875 -3.417 -3.404 -2.602 3.299 3.082 -2.594 1.609 0.392 -3.561 -3.033 -1.259 -2.001 -1.235 2.444
350 L -1.167 -2.225 -2.798 -3.239 -0.419 -2.357 -2.917 -3.004 -0.761 1.765 1.713 -2.325 2.5 3.035 -3.529 -2.572 -1.302 -0.243 2.809 2.272
351 A 3.646 -1.632 -1.772 -1.733 0.35 -1.48 -1.416 0.037 -1.34 -1.097 -1.582 -0.95 -1.145 -2.115 2.281 0.146 -0.624 -2.767 -1.951 -0.205
352 Y -1.195 -1.597 -1.368 -2.254 -1.051 -1.605 -2.062 -2.36 1.266 -0.663 -1.024 -1.532 -0.697 2.362 -2.741 -1.046 1.8 1.361 5.693 -0.584
353 I -1.01 -2.947 -3.213 -3.242 -0.044 -3.053 -3.464 -3.36 -2.844 4.22 1.387 -2.645 1.066 -0.04 -3.455 -2.854 -0.918 -2.317 -1.351 3.385
354 Q -0.489 0.199 2.081 -0.149 -1.135 3.459 0.413 -1.001 0.287 -1.869 -2.086 0.44 -0.848 -2.475 -2.077 0.751 1.159 -2.427 -1.615 -1.424
355 N -0.093 -0.802 3.326 0.102 -0.484 -0.788 -0.931 -0.543 -0.2 -1.49 -2.115 -0.514 -1.284 -2.014 -1.944 1.763 2.392 -2.615 -1.905 -1.05
356 F -2.078 -2.863 -3.069 -3.406 -0.972 -3.576 -3.551 -3.114 -1.353 1.837 1.67 -3.107 0.741 5.612 -4.185 -3.125 -2.041 0.123 2.024 0.584
357 L -1.153 -2.755 -3.16 -3.332 -0.205 -3.046 -3.372 -3.242 -2.361 3.292 1.902 -2.702 1.085 2.647 -3.604 -2.859 -1.16 -1.445 -0.058 2.898
358 P -0.903 -2.08 -2.0 -1.63 -1.523 -1.999 -1.688 -1.918 -1.674 -2.384 -2.816 -1.13 -2.469 -3.402 6.729 -1.518 -1.414 -4.615 -2.702 -2.228
359 G 0.024 -2.424 -0.506 -1.389 -1.386 -2.262 -2.688 5.871 -1.543 -3.282 -3.527 -1.717 -2.733 -2.744 -2.846 -1.069 -1.986 -2.506 -3.214 -2.931
360 A 2.769 -1.466 -0.779 -1.291 0.164 -1.332 -1.414 2.128 -1.21 -1.223 -1.758 -0.918 -1.16 -2.005 -1.758 1.076 1.193 -2.48 -2.003 -0.457
361 A 2.315 -1.095 -0.244 -0.852 0.231 -0.954 -0.981 -0.164 -0.906 -1.256 -1.794 -0.611 -1.029 -1.914 -1.576 2.353 1.615 -2.515 -1.814 -0.536
362 R -1.885 4.54 -1.156 -2.136 -2.169 -0.357 -1.272 -2.346 -0.284 -1.84 -1.414 1.022 -1.006 2.232 -3.332 -1.954 -1.836 5.721 0.398 -1.887
363 L -1.425 -2.55 -3.248 -3.479 -0.295 -2.961 -3.386 -3.299 -2.213 2.609 2.988 -2.684 1.477 2.779 -3.698 -3.026 -1.447 -1.278 -0.008 2.044
364 A 3.223 -1.457 -1.298 -1.624 0.223 -1.316 -1.372 -0.125 -0.288 -1.046 -1.456 -0.955 -0.956 -0.159 -1.779 0.949 -0.392 -0.99 2.27 -0.292
365 S 1.138 -0.505 0.155 -0.488 -0.178 1.393 -0.292 -0.403 -0.396 -1.739 -2.115 -0.113 -1.023 -2.114 -1.661 2.704 1.168 -2.511 -1.734 -1.123
366 L -1.444 -2.5 -3.188 -3.318 -0.219 -2.613 -3.362 -3.345 -2.281 3.595 2.775 -2.438 2.909 0.412 -3.558 -2.962 -1.295 -1.906 -1.194 2.035
367 F -2.045 -3.029 -3.054 -3.335 -0.972 -3.695 -3.615 -3.129 -1.397 2.538 0.919 -3.147 0.537 5.595 -4.164 -3.112 -1.937 0.08 2.011 1.021
368 Y -1.06 -1.276 1.74 -1.077 -1.209 -1.233 -1.537 -1.629 3.911 0.769 -0.938 -1.225 -0.642 1.153 -2.808 0.01 -0.964 0.073 4.05 -0.307
369 G -0.308 -2.177 0.033 2.511 -1.582 -1.836 -1.222 5.093 -1.243 -3.117 -3.5 -1.455 -2.707 -2.769 -2.681 -1.022 -1.816 -2.709 -3.154 -2.896
370 G -0.788 -1.056 2.673 -0.11 -1.794 -0.779 -0.082 3.669 4.504 -2.934 -3.113 -0.832 -2.088 -2.065 -2.67 -0.892 -1.522 -2.299 -0.86 -2.791
371 S 1.072 -0.737 0.501 -0.245 0.076 -0.566 -0.552 -0.103 -0.456 -1.908 -2.325 -0.281 -1.183 -1.94 -1.472 3.25 1.015 -2.545 -1.752 -1.289
372 D 0.5 -1.066 0.203 4.163 -1.459 1.22 0.438 -1.03 -0.577 -2.24 -2.693 -0.471 -1.861 -2.844 2.158 -0.77 -1.206 -3.255 -2.445 -1.905
373 L -1.344 -2.3 -3.352 -3.605 -0.129 -2.698 -3.299 -3.373 -2.472 2.137 3.797 -2.529 1.886 0.595 -3.594 -3.059 -1.425 -1.827 -1.159 1.902
374 R -0.952 2.979 2.035 1.935 -1.347 -0.327 -0.518 -1.269 -0.131 -1.349 -1.119 0.455 1.633 -1.758 -2.514 0.305 -0.715 -2.453 -1.869 -1.403
375 L 0.889 -1.559 -1.658 -1.976 -0.199 -1.418 -1.848 -1.418 -1.264 0.461 1.395 -1.254 3.391 -0.57 2.091 0.175 -0.662 -2.178 -1.475 0.141
376 Y -1.327 1.84 -1.056 -1.514 -1.896 2.539 -0.309 -2.138 0.893 -1.803 -1.754 0.297 -0.956 0.705 2.053 -1.526 -1.519 -0.039 3.904 -1.666
377 D -1.56 -1.32 0.536 4.94 -1.939 -0.454 1.764 -1.518 -0.489 -1.475 -1.476 -0.668 1.434 -2.033 -2.418 -1.142 -1.396 -2.897 -2.415 -1.732
378 L -1.102 -2.349 -3.277 -3.526 -0.044 -2.689 -3.228 -3.299 -2.567 2.322 3.405 -2.514 1.694 0.412 -3.519 -2.903 -1.219 -1.942 -1.197 2.565
379 G 0.711 -1.252 0.151 -0.63 -0.388 -1.083 -1.161 3.336 -0.827 -2.35 -2.725 -0.739 -1.667 -2.234 -1.914 2.595 0.255 -2.579 -2.216 -1.794
380 F -2.216 -2.539 -2.66 -3.28 -1.561 -3.06 -3.125 -2.96 0.44 -0.107 0.085 -2.811 -0.13 5.867 -4.093 -2.885 -2.34 1.357 4.815 -0.723
381 G 2.356 -1.934 -1.395 -1.617 -0.391 -1.793 -1.792 2.984 -1.468 -1.834 -2.268 -1.194 -1.776 -2.517 3.45 -0.454 -1.118 -2.976 -2.417 -1.141
382 A 2.463 -1.667 -0.463 3.14 -0.435 -1.318 -0.391 -0.426 -1.092 -1.642 -2.184 -0.943 -1.674 -2.454 2.218 -0.289 -0.932 -3.119 -2.338 -0.987
383 F 0.246 -2.113 -2.327 -2.904 -1.135 -2.292 -2.526 -2.102 0.898 -0.467 -0.45 -2.116 -0.451 4.612 -3.276 -1.917 -1.882 1.347 5.287 -0.672
384 L 0.705 -1.961 -2.252 -2.65 0.066 -2.14 -2.503 -2.012 -2.086 1.56 2.694 -1.868 1.163 -0.076 -2.77 -1.306 0.839 -2.039 -1.37 1.7
385 A 2.772 -1.091 1.847 -0.555 0.109 -0.979 -1.0 0.07 -0.549 -1.483 -1.948 -0.621 -1.226 -2.028 -1.7 1.763 0.068 -2.625 -1.872 -0.688
386 Y 0.338 -1.247 -0.998 -2.025 -1.391 -1.138 -1.507 -1.761 5.474 -1.372 -1.512 -1.349 -0.962 1.833 -2.813 -1.527 -1.842 0.875 5.136 -1.321
387 H 0.817 -1.125 -0.493 -1.436 -0.388 -1.031 -1.29 -1.332 5.127 0.053 -1.081 -1.07 -0.576 -1.205 -2.246 -0.406 1.972 -2.054 -0.136 0.92
388 A 2.617 -1.617 -1.623 -1.917 0.261 -1.605 -1.727 -0.593 -1.445 0.283 1.668 -1.244 0.406 -0.734 -2.093 0.616 -0.497 -2.235 -1.569 0.261
389 D -1.784 -1.008 4.304 4.444 -2.164 -0.76 0.231 -0.665 0.247 -2.785 -3.383 -0.616 -2.483 -2.7 -2.501 -0.571 -0.958 -3.301 -2.581 -2.775
390 P -1.025 -1.744 1.448 -0.917 -1.585 -1.712 -1.518 -1.557 -1.052 -2.446 -2.88 -0.987 -2.427 -3.218 6.225 -1.248 -1.244 -4.284 -2.599 -2.291
391 V 0.133 -1.862 1.588 1.681 -0.298 -1.777 -1.369 -1.662 -1.36 1.723 -0.161 -1.576 -0.113 -1.154 -2.8 -1.346 -0.655 -2.714 -1.747 2.968
392 L -0.762 -1.105 -1.151 -1.074 -0.397 -0.567 0.647 -2.07 -0.886 0.563 0.788 -0.834 4.18 -0.541 -2.467 -0.707 1.991 -1.806 -1.33 0.325
393 Y -2.042 -2.171 -2.417 -3.182 -1.686 -2.392 -2.757 -2.979 1.348 -0.463 -0.397 -2.342 -0.423 4.855 -3.725 -2.688 -2.246 1.833 5.968 -0.88
394 L 0.434 -1.393 -2.227 -2.464 -0.451 0.801 -1.612 -2.032 -1.194 0.877 2.626 -1.338 1.092 2.582 -3.03 -1.796 -1.421 -1.284 -0.053 0.307
395 G 0.87 -0.385 1.851 -0.138 -1.239 -0.415 0.922 3.241 -0.413 -2.414 -2.683 1.158 -1.876 -2.547 -2.215 -0.569 -1.185 -2.597 -2.309 -1.898
396 G 0.024 -2.424 -0.506 -1.389 -1.386 -2.262 -2.688 5.871 -1.543 -3.282 -3.527 -1.717 -2.733 -2.744 -2.846 -1.069 -1.986 -2.506 -3.214 -2.931
397 L -1.714 1.432 1.412 -1.694 -1.256 -1.303 -1.954 -2.297 0.569 0.082 1.654 -0.705 0.335 1.383 -3.232 -1.969 -1.552 0.12 3.927 -0.455
398 G 0.107 -2.266 -0.427 -1.295 -1.257 -2.103 -2.469 5.674 -1.455 -3.162 -3.427 -1.59 -2.593 -2.685 -2.726 -0.321 -1.624 -2.519 -3.085 -2.779
399 L -1.389 -2.105 -2.608 -3.084 -0.254 -2.485 -2.994 -2.99 -2.088 1.573 3.562 -2.266 1.659 1.778 -3.334 -2.184 0.491 -1.499 -0.605 0.815
400 G 0.107 -2.266 -0.427 -1.295 -1.257 -2.103 -2.469 5.674 -1.455 -3.162 -3.427 -1.59 -2.593 -2.685 -2.726 -0.321 -1.624 -2.519 -3.085 -2.779
401 W -2.716 -2.449 -3.232 -3.686 -2.4 -2.89 -3.035 -2.432 -1.2 -1.92 -1.716 -2.857 -1.346 1.062 -5.474 -3.421 -2.761 10.676 2.103 -2.294
402 S 1.002 -0.807 0.431 -0.315 0.006 -0.636 -0.621 -0.172 -0.526 -1.978 -2.395 -0.351 -1.253 -2.009 -1.542 3.481 0.945 -2.615 -1.822 -1.359
403 L -1.268 -2.729 -3.303 -3.383 -0.129 -2.967 -3.478 -3.42 -2.67 3.742 2.645 -2.627 1.46 0.285 -3.545 -3.02 -1.18 -2.092 -1.273 2.682
404 L -1.302 -2.462 -2.842 -2.713 -0.59 -2.613 -2.791 -2.87 -2.24 2.634 2.153 -2.046 0.823 -0.341 3.714 -2.516 -1.393 -2.615 -1.646 1.189
405 G -0.052 1.413 -0.493 -1.313 -0.817 -1.176 -1.628 3.42 -1.011 -1.201 0.054 -0.429 -0.709 -1.588 -2.494 0.946 -0.696 -2.355 -2.122 -1.315
406 N -0.594 -1.102 3.287 2.178 -0.778 -1.016 -0.706 -0.879 -0.34 -0.334 -1.625 -0.796 -1.118 -1.879 -2.309 0.686 1.216 -2.797 -2.006 0.558
407 L -1.547 -2.572 -3.125 -3.46 -0.517 -3.116 -3.345 -3.143 -1.771 1.658 2.554 -2.82 1.174 4.428 -3.87 -2.972 -1.64 -0.526 1.13 1.671
408 Y 0.694 -1.368 -1.643 -1.256 -1.228 -0.818 0.926 -1.802 1.306 -1.168 -1.335 -1.026 -0.966 2.083 -2.61 -1.329 -1.577 1.128 5.396 -0.957
409 L -1.469 -2.217 -3.173 -3.411 -0.213 -2.395 -3.214 -3.281 -2.116 2.677 3.422 -2.337 3.243 0.588 -3.568 -2.935 -1.42 -1.734 -1.113 1.474
410 F -2.454 -2.845 -2.978 -3.432 -1.601 -3.683 -3.431 -2.825 -0.946 -0.101 0.178 -3.253 -0.099 6.065 -4.675 -3.152 -2.492 6.38 2.735 -0.838
411 S 1.009 -0.8 0.438 -0.308 0.013 -0.629 -0.614 -0.165 -0.519 -1.971 -2.388 -0.344 -1.246 -2.002 -1.535 3.459 0.952 -2.608 -1.815 -1.352
412 G 0.959 -2.409 -1.512 -2.111 -0.871 -2.574 -2.643 3.549 -1.209 -1.001 -0.953 -2.047 -0.946 4.144 -3.021 -1.273 -1.762 -0.721 0.802 -1.115
413 G -0.781 -1.271 2.381 2.575 -1.874 -0.631 1.332 3.591 -0.316 -2.976 -3.296 -0.67 -2.423 -2.706 -2.502 -0.812 -1.407 -2.78 -2.668 -2.702
414 V -1.064 -0.954 1.829 -1.1 -0.66 1.372 -1.1 -1.931 -0.58 2.11 0.519 -0.801 2.491 -0.759 -2.948 -1.51 -0.844 -2.215 -1.384 1.807
415 L -1.209 -2.382 -2.792 -2.893 -0.531 -2.571 -2.829 -2.823 -1.849 1.899 1.702 -2.213 1.837 2.853 2.377 -2.477 -1.354 -1.435 0.049 1.739
416 F -0.197 -2.415 -2.663 -2.781 -0.71 -2.766 -2.72 -2.271 -1.502 0.678 1.334 -2.247 0.324 4.279 2.386 -2.117 -1.588 -0.783 0.997 0.648
417 L -1.5 -2.759 -3.361 -3.408 -0.209 -3.027 -3.587 -3.499 -2.605 3.863 2.894 -2.656 1.588 0.421 -3.603 -3.168 -1.326 -2.018 -1.25 2.221
418 F -2.393 -2.955 -2.919 -3.373 -1.433 -3.923 -3.541 -2.934 -0.887 0.218 0.506 -3.363 0.142 6.605 -4.507 -3.09 -2.43 0.793 2.872 -0.567
419 C 1.123 -2.184 -1.73 -2.142 5.448 -2.242 -2.303 -1.308 -1.523 1.402 -0.192 -1.832 -0.228 2.626 -2.647 0.374 -0.67 -1.552 -0.135 0.509
420 L 0.736 -2.486 -2.835 -2.968 -0.164 -2.714 -2.918 -2.122 -1.919 2.701 1.792 -2.302 0.871 2.909 -3.151 -1.948 -1.221 -1.294 0.098 1.836
421 F -2.175 -2.995 -2.996 -3.346 -1.144 -3.78 -3.581 -3.045 -1.178 1.81 0.765 -3.227 0.39 6.037 -4.292 -3.099 -2.12 0.39 2.39 0.491
422 S 0.763 -1.165 0.003 -0.721 5.468 -1.019 -1.042 -0.476 -0.874 -1.693 -2.086 -0.729 -1.224 -2.019 -1.807 2.932 0.613 -2.733 -1.995 -1.152
423 V 1.261 -1.965 -1.685 -2.106 0.033 -2.023 -2.064 -1.356 -1.544 1.326 -0.019 -1.688 0.022 2.664 -2.59 0.375 -0.406 -1.476 0.015 2.348
424 L 0.03 -2.388 -3.079 -3.334 5.463 -2.669 -3.15 -2.494 -2.407 1.502 3.018 -2.425 1.299 0.053 -3.248 -2.205 -1.322 -2.115 -1.483 1.312
425 F -1.894 -2.954 -3.123 -3.348 -0.757 -3.508 -3.603 -3.211 -1.649 2.924 1.557 -3.011 0.843 4.912 -4.009 -3.121 -1.767 -0.313 1.483 1.375
426 G 0.255 -2.013 -0.286 -1.133 -1.042 -1.848 -2.133 5.309 -1.302 -2.962 -3.255 -1.38 -2.363 -2.575 -2.526 0.566 -1.108 -2.521 -2.87 -2.533
427 F -1.694 -2.243 -2.75 -3.235 -1.014 -2.376 -2.909 -2.837 -0.305 1.344 0.559 -2.374 2.423 3.453 -3.896 -2.72 -1.747 6.335 3.465 0.919
428 F 0.773 -2.374 -2.088 -2.55 -0.639 -2.668 -2.766 1.934 -1.341 0.1 1.164 -2.214 0.149 4.267 -3.179 -1.619 -1.696 -0.625 0.951 -0.322
429 L -1.55 -2.154 -3.304 -3.588 -0.211 -2.495 -3.254 -3.351 -2.206 1.908 3.981 -2.417 2.776 0.739 -3.625 -3.081 -1.582 -1.673 -1.092 1.035
430 R -1.311 3.839 2.23 -0.508 -2.118 0.404 -0.266 -1.383 0.113 -2.484 -2.368 3.131 -1.448 -2.639 -2.292 -0.958 -1.14 -2.553 -1.895 -2.228
431 F 0.851 -0.525 -1.279 -1.829 -0.718 -1.139 -1.427 -1.412 -0.051 -0.694 -0.903 1.086 -0.641 3.061 -2.372 -0.729 0.989 -0.129 3.127 -0.574
432 L 0.701 -2.091 -2.992 -3.175 -0.023 -2.383 -2.836 -2.205 -2.116 1.56 3.593 -2.129 1.673 0.401 -3.094 -2.048 -1.368 -1.851 -1.242 0.877
433 D -1.621 -1.043 2.689 4.815 -2.326 -0.272 1.989 -1.097 -0.039 -2.79 -3.308 -0.417 -2.434 -2.799 -2.318 -0.793 -1.231 -3.211 -2.633 -2.702
434 N -0.82 -0.674 3.738 2.843 -1.578 -0.165 1.603 -0.67 0.281 -2.605 -2.995 -0.222 -2.007 -2.485 -2.191 0.821 -0.441 -2.912 -2.195 -2.287
435 G -0.163 -0.052 -0.505 -1.074 5.345 1.591 -0.549 2.069 -0.677 -1.992 -2.175 1.447 -1.283 -2.511 -2.247 0.542 -0.726 -2.631 -2.132 -1.615
436 A 2.768 -1.229 -0.631 -1.142 0.358 -1.106 -1.157 -0.139 -1.095 -0.933 -1.513 -0.728 -0.902 -1.847 -1.572 1.542 1.873 -2.445 -1.788 -0.178
437 K -1.419 2.496 -1.208 -1.794 -1.499 -0.36 -0.952 -2.161 -0.651 -0.385 0.872 2.683 0.014 2.604 -2.693 -1.761 -1.536 -1.351 -0.018 -0.867
438 R -0.393 1.815 -0.825 -1.643 -0.565 -0.97 -1.461 -1.738 -0.095 0.195 -0.888 -0.276 -0.513 0.255 -2.432 0.542 1.325 -0.698 2.69 1.073
439 S 0.195 -0.653 2.529 -0.043 -0.668 -0.535 -0.636 -0.431 4.063 -2.256 -2.589 -0.436 -1.432 -1.823 -1.954 2.392 0.256 -2.426 -0.774 -1.861
440 S 1.354 -1.017 2.462 2.441 -0.506 -0.816 -0.36 -0.243 -0.305 -1.99 -2.483 -0.555 -1.601 -2.238 -1.881 1.829 0.038 -2.839 -2.095 -1.43
441 F -2.111 -2.551 -2.845 -3.37 -1.208 -3.129 -3.247 -3.04 -0.193 0.497 1.523 -2.85 0.515 5.534 -4.073 -2.985 -2.198 0.837 3.892 -0.241
442 W -2.462 -2.03 -2.104 -2.937 -2.198 -2.314 -2.468 -2.378 3.675 -1.504 -1.288 -2.438 -1.009 3.023 -4.613 -2.95 -2.608 9.409 2.179 -2.007
443 L -1.783 -2.313 -2.996 -3.38 -0.643 -2.675 -3.212 -3.062 -1.426 1.279 2.715 -2.579 2.953 4.465 -3.888 -2.903 -1.803 -0.394 1.171 0.477
444 G 1.399 -2.22 -0.706 -1.451 -0.853 -2.057 -2.363 5.324 -1.48 -2.614 -2.947 -1.531 -2.267 -2.551 -2.526 -0.705 -1.611 -2.499 -2.87 -2.023
445 L 0.701 -2.091 -2.992 -3.175 -0.023 -2.383 -2.836 -2.205 -2.116 1.56 3.593 -2.129 1.673 0.401 -3.094 -2.048 -1.368 -1.851 -1.242 0.877
446 A 2.289 -1.67 -1.546 -1.89 0.284 -1.636 -1.748 -0.769 -1.553 0.86 1.061 -1.296 0.251 -0.874 -2.154 0.704 -0.312 -2.333 -1.565 1.539
447 A 3.001 -1.882 -1.624 -1.904 0.244 -1.759 -1.856 2.36 -1.596 0.182 -1.018 -1.314 -0.741 -1.684 -2.043 -0.255 -0.731 -2.489 -1.936 1.302
448 C 0.967 -2.546 -2.118 -2.611 8.633 -2.567 -2.852 -1.493 -2.361 -0.723 -1.169 -2.199 -1.012 -1.984 -2.623 -0.777 0.82 -2.959 -2.462 -0.264
449 L -1.551 -2.526 -3.395 -3.532 -0.216 -2.884 -3.493 -3.481 -2.506 3.168 3.518 -2.61 1.807 0.576 -3.637 -3.197 -1.468 -1.884 -1.197 1.749
450 G 0.885 -1.02 -1.736 -2.171 4.979 -1.595 -1.975 1.612 -1.749 0.458 0.681 0.632 -0.112 -1.235 -2.607 -1.263 -1.142 -2.48 -1.942 1.035
451 P 1.275 -1.365 -0.642 -1.055 -0.283 -1.25 -1.202 -0.741 -1.15 -1.538 -2.076 -0.77 -1.41 -2.312 3.864 1.547 1.324 -3.043 -2.077 -0.991
452 K -0.902 2.405 -0.743 -1.173 -1.488 2.277 -0.002 -1.831 -0.327 -0.516 -1.424 2.644 -0.699 -2.32 0.698 -1.237 -1.084 -2.556 -1.689 0.399
453 L -1.5 -2.759 -3.361 -3.408 -0.209 -3.027 -3.587 -3.499 -2.605 3.863 2.894 -2.656 1.588 0.421 -3.603 -3.168 -1.326 -2.018 -1.25 2.221
454 F -1.514 -2.753 -3.106 -3.373 -0.517 -3.238 -3.417 -3.161 -1.832 2.518 1.907 -2.863 0.963 4.397 -3.848 -2.957 -1.531 -0.592 1.11 2.036
455 F -2.175 -2.995 -2.996 -3.346 -1.144 -3.78 -3.581 -3.045 -1.178 1.81 0.765 -3.227 0.39 6.037 -4.292 -3.099 -2.12 0.39 2.39 0.491
456 L -0.042 -1.375 -0.737 -1.43 -0.064 -1.415 -1.625 -1.367 -1.333 0.449 1.979 -1.155 0.628 -0.516 -2.262 1.544 1.542 -2.148 -1.505 0.106
457 P 2.101 -1.849 -1.881 -1.672 -0.466 -1.731 -1.548 -0.809 -1.502 -1.688 -2.151 -1.035 -1.751 -2.706 5.356 -0.593 -1.001 -3.575 -2.31 -1.075
458 R -1.593 5.618 -0.521 -1.623 -2.318 0.459 -0.62 -2.187 0.039 -2.671 -2.087 1.959 -1.283 -2.531 -2.763 -1.465 -1.513 -2.293 -1.831 -2.221
459 A 3.008 -1.398 -0.435 2.09 0.088 -1.123 -0.578 -0.027 -0.964 -1.388 -1.9 -0.782 -1.283 -2.112 -1.68 1.155 -0.285 -2.71 -2.03 -0.592
460 D -0.709 -0.492 0.503 3.849 -1.677 1.894 2.053 -1.15 -0.08 -2.512 -2.797 0.053 -1.669 -2.702 -2.059 0.632 -0.706 -2.839 -2.18 -2.182
461 L -1.855 -2.686 -3.191 -3.464 -0.639 -3.251 -3.508 -3.245 -1.744 2.309 2.646 -2.883 1.256 4.453 -3.95 -3.149 -1.811 -0.505 1.13 1.035
462 K 0.025 1.203 0.003 -0.582 -1.037 0.273 -0.063 -0.842 -0.387 -2.096 -2.334 3.486 -1.268 -2.488 -1.66 1.63 -0.117 -2.608 -1.835 -1.754
463 T -0.696 -0.861 3.623 0.07 -0.573 -0.918 -1.158 -0.86 -0.277 -1.042 -1.783 -0.642 -1.138 -1.932 -2.073 0.344 3.271 -2.532 -1.905 -0.652
464 I -0.923 -2.898 -3.184 -3.233 -0.003 -3.003 -3.402 -3.317 -2.85 4.105 1.347 -2.618 1.044 -0.072 -3.426 -2.792 -0.868 -2.323 -1.344 3.484
465 I -1.604 -3.118 -3.237 -3.266 -0.416 -3.388 -3.704 -3.407 -2.283 4.178 1.427 -2.853 1.027 2.99 -3.729 -3.126 -1.351 -1.329 0.122 2.373
466 P -0.881 -1.475 -0.959 -1.379 -1.259 -1.381 -1.373 -1.768 3.83 -1.873 -2.355 -1.005 -1.751 -2.342 5.333 -0.952 0.935 -3.184 -1.056 -1.681
467 L -1.509 -2.231 -2.276 -2.839 -0.573 -2.692 -2.921 -2.719 -1.523 0.966 2.387 -2.371 0.979 4.392 -3.422 -1.896 0.807 -0.505 1.097 0.316
468 A 2.447 -1.867 -1.985 -2.241 0.085 -1.962 -2.035 -0.821 -1.394 0.185 1.079 -1.548 0.178 2.7 -2.327 -0.528 0.234 -1.333 -0.006 0.2
469 I -1.555 -2.599 -3.047 -3.229 -0.42 -2.734 -3.352 -3.204 -1.873 3.425 1.917 -2.531 2.886 3.035 -3.682 -2.889 -1.395 -1.143 0.194 1.858
470 Y -1.837 -2.097 -2.442 -3.131 -1.345 -2.188 -2.729 -2.992 1.12 0.836 0.134 -2.195 1.351 4.05 -3.591 -2.618 -1.961 1.497 5.598 -0.044
471 F -2.173 -2.455 -2.603 -3.253 -1.578 -2.906 -3.041 -2.957 0.653 -0.168 0.002 -2.704 -0.18 5.684 -4.009 -2.838 -2.314 1.466 5.078 -0.746
472 I 0.966 -2.309 -2.01 -2.398 5.463 -2.375 -2.587 -1.655 -1.956 2.144 0.113 -1.949 0.012 1.387 -2.648 -0.929 1.097 -1.947 -0.837 1.096
473 I -0.11 -2.77 -2.935 -3.084 -0.307 -3.047 -3.186 -2.588 -1.946 3.147 0.954 -2.594 0.662 3.7 -3.443 -2.361 -1.236 -1.003 0.624 2.386
474 I 0.788 -2.131 -2.256 -2.56 -0.192 -2.148 -2.552 -1.858 -1.518 2.415 0.901 -1.901 2.568 2.845 -2.908 -1.372 0.158 -1.218 0.105 1.253
475 Y -2.018 -2.129 -2.386 -3.166 -1.692 -2.326 -2.715 -2.974 1.432 -0.494 -0.443 -2.292 -0.447 4.728 -3.684 -2.662 -2.23 1.884 6.05 -0.889
476 L -0.329 -2.295 -2.754 -2.866 -0.907 -2.608 -2.671 -2.214 -1.533 0.192 1.602 -2.179 0.298 2.938 2.365 -2.232 -1.775 6.203 0.74 -0.364
477 L -1.113 -2.499 -3.265 -3.446 -0.053 -2.788 -3.304 -3.325 -2.62 3.003 3.024 -2.549 1.568 0.33 -3.507 -2.911 -1.157 -2.018 -1.227 2.721
478 L -1.734 -2.495 -3.15 -3.462 -0.551 -2.91 -3.359 -3.304 -1.259 2.379 2.923 -2.655 1.388 3.311 -3.763 -3.095 -1.715 -0.47 2.076 1.133
479 S 0.385 0.121 0.037 -0.569 -0.495 1.523 -0.161 -0.722 -0.375 -1.114 -1.864 1.422 -0.889 -2.108 -1.793 2.316 0.294 -2.538 -1.702 -0.296
480 L 0.81 -1.869 -1.695 -2.008 -0.165 -1.91 -2.07 -1.588 -1.763 1.571 1.457 -1.476 0.391 -0.737 2.102 -0.261 0.944 -2.449 -1.661 0.698
481 F 0.506 -2.256 -1.952 -2.196 -0.501 -2.38 -2.342 -1.713 -1.436 2.007 0.115 -1.859 -0.037 3.469 1.67 -0.236 -0.949 -1.239 0.416 0.724
482 A 1.851 -1.17 1.561 -0.764 -0.057 -1.038 -1.224 -0.427 -0.638 0.142 -0.663 -0.79 1.592 -1.359 -2.008 1.624 -0.003 -2.405 -1.683 -0.13
483 G -0.11 1.73 -0.212 -0.99 -1.01 -0.504 -0.954 2.842 -0.767 -2.091 -2.377 1.718 -1.509 -2.4 -2.117 0.835 0.836 -2.491 -2.166 -1.684
484 I 0.652 -0.615 1.589 -1.069 -0.458 -1.12 -1.44 -1.273 -0.962 1.771 0.359 0.885 -0.03 -1.09 -2.359 -0.693 0.934 -2.419 -1.678 0.698
485 S 1.069 -0.74 0.498 -0.247 0.074 -0.569 -0.554 -0.105 -0.459 -1.91 -2.327 -0.284 -1.186 -1.942 -1.474 3.258 1.012 -2.548 -1.754 -1.291
486 K -0.825 2.095 -0.267 -0.721 -1.976 0.808 0.314 -1.341 -0.242 -2.122 -2.239 4.487 -1.223 -2.805 -1.686 -0.88 -1.081 -2.548 -1.788 -1.998
487 Y -0.033 -1.219 -0.532 -1.32 -0.704 -1.119 -1.326 -1.192 1.092 -1.311 -1.539 -0.977 -0.929 1.77 -2.263 1.654 -0.147 0.794 4.819 -1.138
488 A 2.357 -2.186 -2.359 -2.344 0.289 -2.119 -2.258 -0.958 -1.871 2.953 0.545 -1.627 0.388 -0.64 -2.321 -0.807 -0.736 -2.316 -1.517 1.803
489 F -1.646 -2.048 -2.605 -3.059 -0.715 -2.134 -2.869 -2.731 -0.903 1.01 1.449 -2.238 4.048 4.857 -3.789 -2.485 -1.639 -0.036 1.618 0.331
490 R -0.238 3.163 -0.002 -0.674 -1.182 2.646 0.238 -1.121 0.17 -2.25 -2.121 1.126 -0.922 -2.438 -2.076 1.178 -0.274 -2.328 -1.605 -1.734
491 A 1.017 0.434 -0.332 1.855 -0.341 -1.103 -0.808 -0.994 -1.059 0.972 -0.881 -0.577 -0.613 -1.539 -2.089 0.698 1.209 -2.547 -1.883 0.248
492 P -0.586 -1.911 -1.644 -1.844 -0.63 -1.935 -1.962 -1.887 -1.669 0.964 1.393 -1.423 0.098 -1.022 4.199 0.334 -0.756 -2.882 -1.873 -0.006
493 R -0.769 3.063 -0.918 -1.599 -0.948 1.465 -0.766 -1.938 -0.586 0.07 0.994 0.473 0.142 -1.213 -2.669 0.054 -0.814 -2.248 -1.558 0.435
494 N -1.649 -0.404 5.62 1.292 -1.835 -0.516 -0.714 -0.144 0.979 -2.702 -3.141 -0.285 -2.15 -2.363 -2.577 -0.107 -0.44 -2.955 -2.058 -2.55
495 K -1.078 0.546 -1.382 -1.686 -0.911 -0.542 -1.032 -2.206 -1.21 2.771 0.348 2.697 0.296 -0.904 -2.444 -1.764 -1.068 -2.35 -1.515 1.362
496 R 0.444 2.37 -0.842 -1.47 3.973 0.929 -0.808 -1.417 -0.733 -0.942 -0.15 1.187 -0.494 -1.777 -2.306 0.105 0.497 -2.434 -1.809 -0.787
497 R -1.253 2.175 -0.869 0.896 -1.423 1.33 -0.611 -2.091 -0.173 0.415 0.085 0.073 -0.364 -0.466 1.159 -0.991 -1.278 -1.472 1.475 -0.515
498 R 0.954 3.313 -1.027 -1.743 -1.256 -0.547 -1.131 -1.438 2.896 -1.948 -1.965 0.444 -1.339 -0.846 2.122 -1.08 -1.402 -1.462 1.649 -1.507
499 G 1.298 1.067 1.083 -1.158 -0.664 -1.006 -1.399 2.39 -0.873 -0.607 -0.831 0.722 -0.922 -1.865 -2.37 -0.272 -0.926 -2.53 -2.044 0.202