#Seq2Logo.py -f /work3/idamei/wzy_ssn/run/1e-50/run/150/MSAs/0016_92.afa -o /work3/idamei/wzy_ssn/run/1e-50/run/150/logos/0016_92.logo
Last position-specific scoring matrix computed, values are in halfbits
A R N D C Q E G H I L K M F P S T W Y V
0 L -1.055 -1.358 -2.335 -2.789 -0.143 -1.026 -2.328 -2.558 -0.943 1.628 2.16 -1.427 5.48 0.493 -3.217 -1.991 -1.021 -1.281 -0.807 1.015
1 R -1.509 5.462 -0.437 -1.538 -2.234 0.543 -0.535 -2.103 0.124 -2.586 -2.003 2.044 -1.198 -2.447 -2.679 -1.381 -1.429 -2.209 -1.747 -2.136
2 T -0.087 -1.067 -0.114 -0.989 0.147 -1.078 -1.353 -1.304 -1.388 -0.199 -1.032 -0.766 -0.507 -1.555 -1.662 0.73 4.168 -2.159 -1.681 0.255
3 I -1.352 -3.076 -3.237 -3.156 -0.125 -3.184 -3.662 -3.454 -2.686 4.453 1.702 -2.653 1.296 0.243 -3.479 -3.051 -1.049 -2.159 -1.26 2.885
4 N -1.635 -0.39 5.589 1.307 -1.821 -0.502 -0.7 -0.129 0.994 -2.687 -3.126 -0.27 -2.136 -2.349 -2.562 -0.093 -0.426 -2.941 -2.043 -2.535
5 E -0.894 -0.097 -0.313 1.543 -2.386 1.372 4.434 -1.924 0.418 -2.739 -2.678 0.702 -1.728 -2.583 -1.856 -0.766 -1.276 -2.362 -1.883 -2.109
6 V -0.208 -2.461 -2.904 -3.139 0.365 -2.562 -2.868 -2.93 -2.89 3.055 0.971 -2.363 0.857 -0.373 -3.146 -2.259 -0.426 -2.362 -1.26 4.056
7 L -1.515 -2.161 -3.337 -3.595 -0.125 -2.615 -3.28 -3.357 -2.288 2.03 3.996 -2.453 2.158 0.858 -3.579 -3.133 -1.555 -1.625 -1.031 1.131
8 E -0.894 -0.097 -0.313 1.543 -2.386 1.372 4.434 -1.924 0.418 -2.739 -2.678 0.702 -1.728 -2.583 -1.856 -0.766 -1.276 -2.362 -1.883 -2.109
9 S 1.093 -0.716 0.522 -0.223 0.098 -0.545 -0.53 -0.081 -0.435 -1.886 -2.303 -0.26 -1.161 -1.918 -1.45 3.173 1.036 -2.524 -1.73 -1.267
10 T -0.087 -1.067 -0.114 -0.989 0.147 -1.078 -1.353 -1.304 -1.388 -0.199 -1.032 -0.766 -0.507 -1.555 -1.662 0.73 4.168 -2.159 -1.681 0.255
11 S 1.093 -0.716 0.522 -0.223 0.098 -0.545 -0.53 -0.081 -0.435 -1.886 -2.303 -0.26 -1.161 -1.918 -1.45 3.173 1.036 -2.524 -1.73 -1.267
12 W -2.624 -2.358 -3.141 -3.595 -2.309 -2.799 -2.944 -2.34 -1.109 -1.828 -1.625 -2.766 -1.255 1.154 -5.383 -3.33 -2.67 10.584 2.195 -2.202
13 L -1.515 -2.161 -3.337 -3.595 -0.125 -2.615 -3.28 -3.357 -2.288 2.03 3.996 -2.453 2.158 0.858 -3.579 -3.133 -1.555 -1.625 -1.031 1.131
14 Y -1.787 -1.752 -2.1 -2.997 -1.726 -1.758 -2.338 -2.907 2.13 -0.778 -0.885 -1.848 -0.657 3.374 -3.308 -2.412 -2.064 2.334 6.601 -0.954
15 Y -1.787 -1.752 -2.1 -2.997 -1.726 -1.758 -2.338 -2.907 2.13 -0.778 -0.885 -1.848 -0.657 3.374 -3.308 -2.412 -2.064 2.334 6.601 -0.954
16 N -1.635 -0.39 5.589 1.307 -1.821 -0.502 -0.7 -0.129 0.994 -2.687 -3.126 -0.27 -2.136 -2.349 -2.562 -0.093 -0.426 -2.941 -2.043 -2.535
17 L -1.142 -1.445 -2.421 -2.875 -0.23 -1.113 -2.415 -2.645 -1.03 1.542 2.074 -1.514 5.904 0.406 -3.304 -2.078 -1.107 -1.368 -0.894 0.928
18 F -1.215 -0.428 -1.691 -2.062 -0.948 1.093 -1.127 -2.346 -0.748 0.756 0.637 0.887 2.206 3.522 -3.041 -1.918 -1.33 -0.925 0.611 1.04
19 N -1.372 0.413 4.031 0.199 -1.585 -0.327 -0.681 -0.957 0.136 0.503 -1.445 2.237 -1.036 -1.919 -2.436 -0.767 -0.81 -2.743 -1.892 -0.628
20 K -0.866 2.054 -0.307 -0.761 -2.017 0.768 0.274 -1.381 -0.282 -2.162 -2.279 4.588 -1.263 -2.845 -1.726 -0.92 -1.121 -2.588 -1.828 -2.038
21 K -1.011 1.738 1.963 -0.338 -2.017 0.562 0.103 -1.169 -0.064 -2.275 -2.435 4.216 -1.422 -2.791 -1.88 -0.801 -1.028 -2.676 -1.895 -2.147
22 Y -0.169 -1.514 -0.801 -1.579 4.951 -1.454 -1.693 -1.414 0.31 -1.059 -1.428 -1.263 -0.941 0.935 -2.349 1.261 1.163 -0.027 3.871 -0.795
23 L -1.28 1.156 -2.516 -2.979 -0.509 -2.096 -2.695 -3.029 -1.729 2.686 1.623 -1.229 0.823 2.538 -3.476 -2.593 -1.276 -1.435 -0.101 2.296
24 F -1.672 -1.949 -1.844 -2.722 -1.303 -2.106 -2.379 -2.733 3.811 0.371 -0.217 -2.174 -0.208 4.402 -3.573 -2.485 -1.906 0.833 4.521 0.754
25 L 0.5 -2.326 -2.95 -3.12 -0.218 -2.535 -2.858 -2.203 -2.077 2.237 2.156 -2.256 0.928 0.224 -3.295 -2.11 -1.262 5.669 -0.401 1.852
26 F -1.831 -1.245 -2.396 -2.774 -1.102 -2.239 -2.459 -2.751 -1.16 1.394 1.423 0.324 0.543 5.053 -3.597 -2.626 -1.865 -0.212 1.604 0.263
27 F -2.152 -2.617 -3.131 -3.525 -1.086 -3.285 -3.393 -2.999 -1.362 0.708 2.12 -2.98 0.785 4.979 -4.325 -3.186 -2.191 5.842 1.888 -0.104
28 G 0.467 -1.654 -0.083 -0.899 -0.735 -1.487 -1.667 4.616 -1.081 -2.676 -3.008 -1.08 -2.036 -2.416 -2.24 1.591 -0.435 -2.538 -2.563 -2.185
29 L -1.311 -2.671 -2.589 -2.978 -0.558 -2.972 -3.386 1.231 -2.034 2.727 2.312 -2.564 1.032 2.642 -3.596 -2.688 -1.626 -1.35 -0.177 1.274
30 L -1.403 -2.284 -3.366 -3.621 -0.146 -2.695 -3.312 -3.387 -2.444 2.093 3.881 -2.528 1.937 0.643 -3.608 -3.095 -1.474 -1.794 -1.145 1.709
31 L -0.799 -2.407 -2.445 -2.903 5.701 -2.681 -2.964 -2.452 -2.005 1.216 2.031 -2.409 0.752 2.51 -3.291 -0.902 -1.062 -1.52 -0.231 1.373
32 A 2.288 -1.356 -0.561 -1.11 5.069 -1.21 -1.227 -0.24 -1.069 -1.362 -1.79 -0.861 -1.122 -1.986 -1.762 2.189 0.222 -2.676 -1.967 -0.656
33 L -1.56 -2.451 -3.399 -3.565 -0.212 -2.834 -3.458 -3.468 -2.469 2.904 3.682 -2.588 1.878 0.629 -3.641 -3.199 -1.507 -1.837 -1.173 1.592
34 L -1.813 -2.61 -3.231 -3.501 -0.565 -3.154 -3.486 -3.28 -1.842 2.252 2.955 -2.825 1.407 4.086 -3.902 -3.163 -1.784 -0.676 0.855 1.035
35 L 0.505 -2.669 -2.893 -3.05 4.997 -2.886 -3.134 -2.171 -2.064 2.576 1.526 -2.455 0.658 2.505 -3.198 -1.963 -1.309 -1.535 -0.23 1.298
36 A 2.92 -1.15 -0.447 -0.941 0.331 -0.982 -0.964 0.082 -0.873 -1.382 -1.843 -0.615 -1.087 -1.957 -1.537 2.321 0.321 -2.556 -1.817 -0.551
37 L 0.588 -2.032 -2.288 -2.648 -0.011 -2.214 -2.598 -2.064 -2.055 2.137 2.762 -1.901 1.236 0.027 -2.811 -1.383 0.775 -2.004 -1.365 1.18
38 P 0.815 -1.81 -1.566 -1.546 -0.752 -1.733 -1.586 -1.324 -1.567 -1.644 -2.191 -1.042 -1.778 -2.749 5.632 -0.666 0.804 -3.658 -2.363 -1.215
39 L -1.843 -2.466 -3.247 -3.576 -0.565 -3.055 -3.425 -3.265 -1.791 1.474 3.349 -2.79 1.559 4.116 -3.921 -3.177 -1.882 -0.62 0.874 0.6
40 A 3.035 -1.181 -0.534 -1.0 0.356 -1.013 -0.995 0.102 -0.904 -1.338 -1.801 -0.638 -1.074 -1.953 -1.537 2.201 0.262 -2.551 -1.817 -0.493
41 I 0.548 -2.199 -2.689 -2.819 -0.061 -2.053 -2.756 -2.206 -1.822 3.374 1.466 -1.93 3.582 -0.007 -3.036 -1.877 -1.007 -1.959 -1.257 1.927
42 Q -0.944 0.946 -0.154 -0.418 -1.973 5.093 1.331 -1.541 0.708 -2.302 -2.052 1.16 -0.465 -3.02 -2.212 -0.816 -1.037 -2.246 -1.347 -1.848
43 G 0.028 -2.419 -0.501 -1.384 -1.382 -2.257 -2.684 5.867 -1.538 -3.277 -3.522 -1.712 -2.728 -2.74 -2.841 -1.064 -1.981 -2.502 -3.21 -2.926
44 G 0.028 -2.419 -0.501 -1.384 -1.382 -2.257 -2.684 5.867 -1.538 -3.277 -3.522 -1.712 -2.728 -2.74 -2.841 -1.064 -1.981 -2.502 -3.21 -2.926
45 F -2.396 -2.958 -2.922 -3.376 -1.436 -3.926 -3.544 -2.936 -0.89 0.215 0.503 -3.366 0.14 6.608 -4.51 -3.092 -2.432 0.79 2.869 -0.569
46 D 0.516 -0.424 0.315 3.951 -1.525 2.596 1.237 -1.014 -0.127 -2.225 -2.517 0.043 -1.451 -2.768 -2.131 -0.657 -1.134 -2.832 -2.133 -1.81
47 D -1.839 -1.65 1.137 5.923 -2.434 -0.934 0.989 -1.185 -0.598 -2.787 -3.553 -0.891 -2.759 -2.981 -2.351 -1.014 -1.474 -3.593 -3.105 -2.926
48 S 1.006 -0.803 0.435 -0.31 0.011 -0.631 -0.617 -0.168 -0.522 -1.973 -2.39 -0.347 -1.248 -2.005 -1.537 3.466 0.949 -2.611 -1.817 -1.354
49 L -1.64 -2.139 -1.991 1.228 -0.482 -2.321 -2.034 -2.923 -1.992 1.527 3.649 -2.191 1.651 0.398 -3.401 -2.715 -1.613 -1.952 -1.368 0.66
50 V -0.513 -2.674 -3.062 -3.23 0.176 -2.776 -3.114 -3.125 -2.93 3.445 1.063 -2.512 0.874 -0.311 -3.304 -2.504 -0.64 -2.403 -1.347 4.013
51 Y -1.874 -1.839 -2.187 -3.084 -1.813 -1.845 -2.425 -2.994 2.043 -0.865 -0.972 -1.935 -0.744 3.287 -3.395 -2.499 -2.151 2.247 6.781 -1.041
52 Y -1.874 -1.839 -2.187 -3.084 -1.813 -1.845 -2.425 -2.994 2.043 -0.865 -0.972 -1.935 -0.744 3.287 -3.395 -2.499 -2.151 2.247 6.781 -1.041
53 E -0.157 -0.375 -0.094 0.979 -1.391 0.776 3.688 -1.258 0.074 -2.513 -2.634 0.329 -1.613 -2.43 -1.801 1.364 -0.372 -2.502 -1.918 -1.887
54 Q -0.944 0.946 -0.154 -0.418 -1.973 5.093 1.331 -1.541 0.708 -2.302 -2.052 1.16 -0.465 -3.02 -2.212 -0.816 -1.037 -2.246 -1.347 -1.848
55 A 3.041 -1.944 -2.07 -2.196 0.081 -2.009 -1.922 -0.424 -1.139 -0.474 -0.609 -1.522 -0.531 3.725 -2.233 -0.375 -0.999 -0.954 0.658 -0.123
56 D -0.919 -1.849 -0.417 3.088 -0.738 -1.495 -0.764 -1.764 -1.224 2.251 0.263 -1.378 2.047 -0.847 -2.678 -0.052 -0.754 -2.502 -1.812 0.832
57 Y -1.751 -2.09 -2.531 -3.202 -1.176 -2.174 -2.754 -3.15 1.151 1.469 1.105 -2.151 0.302 2.616 -3.466 -2.708 -1.87 1.394 5.699 0.388
58 I -0.979 -2.619 -2.467 -2.747 -0.078 -2.699 -3.088 -2.972 -2.542 3.992 1.182 -2.283 0.902 -0.178 -3.121 -1.96 0.889 -2.279 -1.413 2.834
59 W -1.968 -0.118 -1.914 -2.368 -2.272 -1.126 -1.489 -2.044 -0.867 -2.002 -1.895 1.872 -1.323 0.244 -3.652 -2.34 -2.113 9.516 1.282 -2.211
60 N 1.038 1.7 3.246 -0.018 -0.688 -0.509 -0.787 -0.344 0.031 -2.094 -2.375 0.113 -1.484 -2.21 -2.055 1.552 -0.053 -2.667 -1.921 -1.517
61 N -1.751 -1.127 3.927 -0.228 -1.519 -1.248 -1.59 -1.321 1.041 -0.773 0.278 -1.107 -0.535 1.12 -3.036 -1.179 -1.151 -0.019 3.888 -1.142
62 G 0.028 -2.419 -0.501 -1.384 -1.382 -2.257 -2.684 5.867 -1.538 -3.277 -3.522 -1.712 -2.728 -2.74 -2.841 -1.064 -1.981 -2.502 -3.21 -2.926
63 L -1.339 -2.296 -3.347 -3.601 -0.124 -2.693 -3.294 -3.368 -2.467 2.141 3.791 -2.524 1.891 0.599 -3.589 -3.055 -1.42 -1.822 -1.155 1.9
64 Y -1.78 -1.969 -2.544 -3.27 -1.176 -2.103 -2.706 -3.136 1.169 0.397 1.812 -2.123 0.522 2.665 -3.482 -2.72 -1.971 1.422 5.703 -0.168
65 D -1.059 -0.972 0.263 3.839 -2.246 0.176 3.049 1.615 -0.251 -2.881 -3.16 -0.195 -2.284 -2.794 -2.228 -0.947 -1.5 -2.837 -2.543 -2.568
66 G 0.185 -1.853 -0.273 -1.125 -0.828 -1.724 -2.007 4.841 -1.332 -2.309 -2.772 -1.287 -1.984 -2.399 -2.383 0.582 0.842 -2.475 -2.656 -1.872
67 L -1.233 -2.411 -2.671 -3.084 -0.377 -2.708 -3.299 1.216 -2.277 2.28 3.298 -2.415 1.505 0.305 -3.495 -2.718 -1.603 -1.915 -1.417 1.087
68 R -1.143 2.942 2.006 1.91 -1.742 -0.496 -0.561 -1.241 -0.146 -2.441 -2.436 0.369 -1.634 -1.503 -2.709 0.22 -0.899 5.638 -0.838 -2.231
69 L 2.098 -1.782 -1.505 -1.926 0.009 -1.78 -1.974 1.867 -1.524 0.129 1.587 -1.404 0.276 -0.808 -2.308 0.195 -0.779 -2.226 -1.738 0.007
70 I -1.214 -3.05 -3.266 -3.24 -0.124 -3.157 -3.6 -3.446 -2.806 4.454 1.506 -2.69 1.141 0.062 -3.508 -2.99 -1.023 -2.279 -1.347 3.105
71 Y 0.646 -1.736 -1.57 -2.215 -0.862 -1.758 -1.982 -1.57 0.937 -0.805 -0.902 -1.587 -0.68 3.512 -2.756 0.036 -1.106 1.064 5.107 -0.789
72 L -1.494 -1.272 -0.93 1.53 -1.041 0.98 -0.781 -2.374 2.874 2.315 1.155 -1.093 0.442 -0.276 -2.989 -2.011 -1.417 -1.808 0.374 0.842
73 Q -1.066 0.759 -0.055 -0.511 -2.039 4.656 1.089 -1.576 3.875 -2.368 -2.145 0.91 -0.591 -2.545 -2.304 -0.938 -1.211 -2.111 -0.596 -2.023
74 T 0.059 -1.093 -0.084 -0.933 0.052 -1.068 -1.285 -1.147 -1.292 -0.507 -1.295 -0.762 -0.693 -1.699 -1.712 1.348 4.064 -2.304 -1.776 -0.036
75 G -0.716 -1.287 4.08 0.202 -1.633 -1.304 -1.582 4.197 -0.064 -3.015 -3.363 -0.956 -2.465 -2.584 -2.743 -0.588 -1.154 -2.753 -2.62 -2.77
76 K -0.888 2.032 -0.33 -0.784 -2.039 0.745 0.252 -1.404 -0.305 -2.184 -2.302 4.641 -1.285 -2.867 -1.748 -0.943 -1.144 -2.611 -1.85 -2.06
77 F -2.106 -2.701 -3.08 -3.474 -0.968 -3.458 -3.484 -3.096 -1.305 0.913 2.263 -3.063 0.936 5.623 -4.2 -3.134 -2.144 0.17 2.041 0.074
78 E -0.98 -0.183 -0.4 1.456 -2.473 1.285 4.633 -2.011 0.331 -2.826 -2.764 0.615 -1.815 -2.669 -1.943 -0.852 -1.362 -2.449 -1.969 -2.195
79 P -1.136 -2.345 -2.312 -2.085 -1.211 -2.411 -2.18 -2.272 -1.678 0.576 -0.926 -1.625 -1.016 2.027 5.59 -1.93 -1.474 -2.44 -0.584 -0.121
80 G 2.05 -2.098 -0.854 -1.501 -0.552 -1.935 -2.172 4.9 -1.447 -2.248 -2.622 -1.419 -2.0 -2.436 -2.338 -0.493 -1.391 -2.502 -2.667 -1.551
81 L -1.189 -1.669 -2.554 -2.933 -0.227 -1.378 -2.598 -2.776 -1.256 2.359 2.002 -1.685 5.489 0.366 -3.346 -2.23 -1.112 -1.497 -0.964 1.336
82 G -0.648 -1.658 -1.065 -1.675 -1.243 0.754 -1.694 4.019 -1.06 0.663 -0.95 -1.28 -0.775 2.105 -3.049 -1.549 -1.714 -1.56 -0.559 -0.484
83 L -1.843 -2.466 -3.247 -3.576 -0.565 -3.055 -3.425 -3.265 -1.791 1.474 3.349 -2.79 1.559 4.116 -3.921 -3.177 -1.882 -0.62 0.874 0.6
84 L -1.393 -2.517 -3.265 -3.487 -0.248 -2.911 -3.374 -3.317 -2.286 2.651 3.11 -2.648 1.552 2.353 -3.663 -3.026 -1.415 -1.419 -0.257 2.079
85 F -2.396 -2.958 -2.922 -3.376 -1.436 -3.926 -3.544 -2.936 -0.89 0.215 0.503 -3.366 0.14 6.608 -4.51 -3.092 -2.432 0.79 2.869 -0.569
86 F -2.118 -2.255 -2.341 -3.097 -1.639 -2.583 -2.803 -2.902 1.984 -0.322 -0.181 -2.493 -0.287 5.357 -3.867 -2.735 -2.294 1.498 5.279 -0.852
87 I -1.465 -2.988 -3.341 -3.311 -0.212 -3.168 -3.681 -3.524 -2.702 4.367 2.219 -2.706 1.372 0.268 -3.583 -3.151 -1.215 -2.15 -1.307 2.571
88 E -0.962 0.436 -0.274 0.669 -2.212 3.776 3.43 -1.766 0.526 -2.552 -2.386 0.901 -1.061 -2.839 -2.075 -0.834 -1.195 -2.346 -1.641 -2.017
89 G 0.381 -1.779 -0.217 -1.03 -0.763 -1.62 -1.828 4.703 -1.2 -2.085 -2.742 -1.205 -1.923 -2.344 -2.351 1.281 -0.598 -2.535 -2.578 -1.384
90 F -2.247 -2.827 -3.0 -3.425 -1.192 -3.682 -3.514 -3.015 -1.09 0.585 1.516 -3.211 0.565 6.158 -4.351 -3.113 -2.285 0.497 2.485 -0.229
91 F -1.941 -2.923 -3.111 -3.367 -0.81 -3.52 -3.587 -3.187 -1.57 2.661 1.619 -3.033 0.827 5.105 -4.053 -3.123 -1.839 -0.196 1.628 1.177
92 V 0.518 -2.166 -1.568 -2.071 -0.117 -2.155 -2.344 1.563 -1.866 2.157 0.063 -1.794 0.047 0.581 -2.74 0.001 -0.556 -2.138 -1.159 2.439
93 D -0.912 -0.646 0.297 3.397 -1.294 1.527 1.642 -1.437 -0.399 -1.64 -2.183 -0.153 -1.332 -2.422 -2.047 -0.301 1.947 -2.667 -2.1 -1.288
94 G -0.026 -1.074 0.175 2.23 -1.167 -0.327 1.772 2.596 -0.5 -2.602 -2.917 -0.417 -1.939 -2.492 -2.056 1.328 -0.486 -2.681 -2.35 -2.139
95 K -1.116 2.631 -0.666 -1.17 -1.672 1.824 -0.011 -1.812 -0.288 -1.019 0.24 3.306 -0.27 -1.829 -2.235 -1.283 -1.262 -2.329 -1.626 -1.247
96 F -0.478 -1.759 -0.929 -1.625 -0.612 -1.958 -1.905 -1.483 -0.847 -0.442 -0.455 -1.595 -0.379 4.757 -2.707 1.146 1.072 -0.405 1.391 -0.66
97 Y -0.912 -1.956 -1.884 -2.524 -0.699 -2.091 -2.376 -2.338 0.197 0.765 1.041 -1.939 0.275 3.293 -3.141 -0.369 -1.048 0.468 4.176 1.069
98 F -2.396 -2.958 -2.922 -3.376 -1.436 -3.926 -3.544 -2.936 -0.89 0.215 0.503 -3.366 0.14 6.608 -4.51 -3.092 -2.432 0.79 2.869 -0.569
99 L -1.574 -2.382 -3.407 -3.604 -0.212 -2.789 -3.427 -3.46 -2.438 2.618 3.841 -2.572 1.944 0.677 -3.649 -3.206 -1.551 -1.794 -1.155 1.421
100 L -1.662 -2.639 -3.301 -3.477 -0.383 -3.062 -3.519 -3.384 -2.182 3.018 3.05 -2.73 1.542 2.813 -3.755 -3.171 -1.574 -1.25 -0.003 1.588
101 L 0.637 -2.318 -2.946 -3.086 0.068 -2.503 -2.877 -2.312 -2.349 2.623 2.622 -2.204 1.273 0.056 -3.073 -2.032 -1.035 -2.095 -1.32 2.419
102 N -1.721 -0.476 5.769 1.22 -1.908 -0.588 -0.787 -0.216 0.907 -2.774 -3.213 -0.357 -2.223 -2.436 -2.649 -0.179 -0.513 -3.028 -2.13 -2.622
103 L -1.72 -2.355 -3.334 -3.628 -0.383 -2.873 -3.396 -3.353 -2.068 1.718 3.769 -2.662 1.826 2.903 -3.791 -3.198 -1.76 -1.115 0.046 0.831
104 L 0.877 -2.075 -2.179 -2.541 -0.091 -2.261 -2.523 -1.831 -1.8 1.905 2.113 -1.9 0.875 2.068 -2.781 -1.22 0.763 -1.527 -0.402 0.995
105 L -1.493 -2.224 -3.215 -3.457 -0.215 -2.446 -3.241 -3.31 -2.16 2.568 3.555 -2.372 3.082 0.618 -3.586 -2.983 -1.458 -1.732 -1.116 1.404
106 V -0.628 -2.739 -3.098 -3.231 0.124 -2.842 -3.196 -3.181 -2.907 3.656 1.149 -2.543 0.924 -0.24 -3.34 -2.586 -0.706 -2.38 -1.347 3.868
107 N -1.721 -0.476 5.769 1.22 -1.908 -0.588 -0.787 -0.216 0.907 -2.774 -3.213 -0.357 -2.223 -2.436 -2.649 -0.179 -0.513 -3.028 -2.13 -2.622
108 L -1.972 -2.581 -3.162 -3.525 -0.759 -3.249 -3.454 -3.179 -1.538 1.207 2.857 -2.923 1.264 4.967 -4.057 -3.155 -2.01 -0.198 1.516 0.349
109 L -1.226 -2.653 -3.292 -3.493 5.006 -2.956 -3.516 -3.188 -2.618 2.762 2.929 -2.679 1.403 0.193 -3.534 -2.819 -1.357 -2.119 -1.425 1.832
110 L 0.454 -1.686 -1.568 -2.149 0.005 -1.834 -2.18 -1.799 -1.806 0.961 2.548 -1.554 0.999 -0.218 -2.503 -0.428 1.985 -2.008 -1.432 0.587
111 V -0.548 -2.439 -2.853 -3.202 -0.001 -2.521 -2.888 -3.033 -1.304 2.7 0.684 -2.368 0.588 0.62 -3.272 -2.4 -0.754 -0.944 2.366 3.79
112 L -0.705 -1.627 1.56 -1.257 -0.568 -1.767 -2.1 1.592 -1.093 0.482 2.369 -1.501 0.701 -0.393 -2.892 -0.03 -0.876 -2.166 -1.659 -0.148
113 L -1.519 -2.669 -3.374 -3.454 -0.212 -2.972 -3.551 -3.492 -2.567 3.623 3.142 -2.638 1.672 0.48 -3.616 -3.179 -1.378 -1.967 -1.23 2.053
114 Y -1.827 -1.903 -2.36 -3.175 -1.477 -1.971 -2.562 -3.064 1.639 -0.165 0.743 -2.027 -0.042 2.992 -3.438 -2.607 -2.06 1.864 6.292 -0.572
115 L -1.783 -2.762 -3.215 -3.427 -0.565 -3.257 -3.549 -3.295 -1.894 2.865 2.499 -2.861 1.246 4.057 -3.884 -3.149 -1.689 -0.733 0.837 1.413
116 K -0.566 1.266 -0.505 -1.011 -1.238 0.175 -0.26 -1.39 -0.6 -0.933 0.2 3.654 -0.379 -1.737 -1.952 0.247 -0.737 -2.44 -1.709 -1.155
117 I -1.391 -2.683 -2.849 -3.226 4.93 -2.747 -3.269 -3.098 -0.22 3.075 0.588 -2.507 0.353 1.445 -3.457 -2.642 -1.48 0.026 3.905 1.519
118 N -1.049 -0.528 5.333 1.015 -1.486 -0.595 -0.758 -0.208 0.713 -2.624 -3.059 -0.355 -2.036 -2.359 -2.431 0.838 -0.212 -2.954 -2.076 -2.368
119 E -1.219 -0.392 2.409 2.521 -2.341 0.759 3.74 -1.435 0.364 -2.81 -2.943 0.278 -2.001 -2.656 -2.127 -0.717 -1.176 -2.686 -2.123 -2.364
120 E -0.674 -0.555 -0.139 2.302 -1.282 1.92 1.988 -1.513 -0.258 0.673 -1.245 -0.045 -0.732 -1.891 -2.22 0.354 -0.696 -2.562 -1.834 -0.348
121 S 0.238 -1.537 -0.88 -1.519 5.235 -1.395 -1.683 -1.238 -1.301 0.5 -0.166 -1.24 2.069 -1.108 -2.345 1.646 0.066 -2.409 -1.681 1.148
122 N -0.715 1.789 2.783 -0.392 -1.075 -0.641 -1.064 -1.079 0.503 -1.628 -1.934 -0.026 -1.24 -0.127 -2.358 0.691 1.194 -0.898 2.429 -1.339
123 G 0.725 -2.068 -0.858 1.711 -0.39 -1.876 -1.415 1.804 -1.671 1.653 -0.469 -1.551 -0.419 -1.332 -2.526 -0.938 0.434 -2.57 -2.015 1.523
124 S 0.549 -0.077 0.207 -0.512 -0.252 -0.401 -0.556 -0.55 -0.623 -1.609 -2.091 1.364 -1.117 -2.064 -1.605 2.595 1.767 -2.534 -1.807 -1.107
125 P -0.636 -2.192 -1.786 -1.89 -0.567 -2.144 -2.149 -2.039 -1.827 2.687 0.042 -1.548 -0.099 -1.095 3.978 -0.091 -0.701 -2.974 -1.854 1.14
126 R -1.583 3.838 3.947 0.209 -2.032 0.056 -0.629 -0.963 0.579 -2.648 -2.522 1.101 -1.641 -2.41 -2.632 -0.678 -0.896 -2.564 -1.903 -2.341
127 L -1.897 -2.506 -3.087 -3.45 -0.685 -3.175 -3.379 -3.104 -1.463 1.281 2.781 -2.848 1.339 4.875 -3.982 -3.081 -1.935 -0.123 1.591 0.424
128 S 0.656 -0.824 1.507 -0.243 -0.103 -0.71 -0.759 -0.353 -0.494 -1.633 -2.166 -0.426 -1.183 -1.964 -1.653 2.879 1.89 -2.568 -1.828 -1.088
129 L -1.105 -2.002 -1.955 -2.552 -0.698 -2.268 -2.507 -2.331 -0.359 0.612 2.077 -2.051 0.742 3.868 -3.263 -0.338 -1.182 0.09 3.152 -0.032
130 L -1.268 -2.519 -3.306 -3.463 -0.109 -2.829 -3.377 -3.38 -2.575 3.125 3.174 -2.569 1.655 0.424 -3.548 -3.012 -1.259 -1.968 -1.212 2.408
131 A 1.919 -1.798 -1.66 -2.161 5.214 -1.748 -1.989 -1.029 -0.109 -0.74 -1.163 -1.464 -0.845 0.606 -2.263 -0.433 0.944 -0.334 3.362 -0.263
132 L 1.602 -2.312 -2.681 -2.731 0.151 -2.362 -2.613 -1.644 -2.158 2.973 1.665 -1.956 0.838 -0.291 -2.725 -1.432 -0.895 -2.237 -1.436 2.207
133 I -0.736 -2.115 -1.633 -2.206 -0.188 -2.258 -2.477 -2.303 -1.817 2.513 0.476 -1.896 0.364 2.57 -2.808 -0.702 1.915 -1.435 -0.071 2.05
134 L -1.534 -2.541 -3.38 -3.507 -0.205 -2.889 -3.493 -3.472 -2.506 3.245 3.441 -2.604 1.794 0.57 -3.622 -3.183 -1.441 -1.888 -1.192 1.818
135 L -1.506 -2.077 -3.207 -3.51 -0.208 -2.333 -3.162 -3.274 -2.072 1.881 3.845 -2.317 3.239 0.715 -3.59 -2.969 -1.53 -1.639 -1.069 1.031
136 L -1.565 -2.387 -3.399 -3.59 -0.205 -2.79 -3.426 -3.454 -2.436 2.67 3.803 -2.568 1.939 0.676 -3.641 -3.198 -1.536 -1.795 -1.151 1.46
137 F -0.74 -1.822 -1.548 -2.137 -0.525 -1.951 -2.221 -1.899 -1.015 0.524 1.508 -1.781 2.435 4.115 -3.062 0.46 -0.776 -0.629 0.947 -0.048
138 S 0.604 -0.924 0.212 -0.578 0.045 -0.819 -0.904 -0.583 -0.852 -1.162 -1.799 -0.524 -0.954 -1.84 -1.606 2.604 2.828 -2.445 -1.783 -0.632
139 Y -1.86 -1.825 -2.173 -3.07 -1.799 -1.831 -2.411 -2.979 2.057 -0.851 -0.957 -1.921 -0.73 3.301 -3.381 -2.485 -2.137 2.261 6.753 -1.027
140 Y -1.86 -1.825 -2.173 -3.07 -1.799 -1.831 -2.411 -2.979 2.057 -0.851 -0.957 -1.921 -0.73 3.301 -3.381 -2.485 -2.137 2.261 6.753 -1.027
141 T -0.398 -1.702 -1.04 -1.745 0.068 -1.737 -2.04 -1.989 -1.942 2.152 0.096 -1.415 0.165 -0.929 -2.286 -0.271 3.212 -2.272 -1.578 2.058
142 F -2.269 -2.683 -2.745 -3.301 -1.493 -3.358 -3.269 -2.933 -0.004 0.043 0.277 -3.003 -0.002 6.166 -4.235 -2.949 -2.36 1.16 4.175 -0.643
143 S 1.923 -0.923 0.128 -0.532 0.157 -0.753 -0.737 -0.051 -0.643 -1.708 -2.144 -0.437 -1.169 -1.971 -1.523 3.02 0.728 -2.574 -1.803 -0.991
144 N -1.707 -0.462 5.741 1.234 -1.894 -0.574 -0.773 -0.202 0.921 -2.76 -3.199 -0.343 -2.209 -2.422 -2.635 -0.165 -0.499 -3.014 -2.116 -2.608
145 N -1.377 -1.079 3.446 -0.336 -1.346 -1.138 -1.467 -1.29 1.145 -1.317 -1.697 -0.987 -1.198 1.25 -2.687 -0.651 1.053 0.298 4.311 -1.22
146 I -1.456 -2.941 -3.33 -3.311 -0.198 -3.134 -3.654 -3.507 -2.675 4.27 2.326 -2.685 1.418 0.304 -3.572 -3.14 -1.216 -2.117 -1.285 2.537
147 Y -1.86 -1.825 -2.173 -3.07 -1.799 -1.831 -2.411 -2.979 2.057 -0.851 -0.957 -1.921 -0.73 3.301 -3.381 -2.485 -2.137 2.261 6.753 -1.027
148 V -0.686 -2.764 -3.106 -3.218 0.106 -2.868 -3.233 -3.201 -2.879 3.764 1.213 -2.548 0.968 -0.183 -3.348 -2.623 -0.732 -2.352 -1.332 3.756
149 W -2.697 -2.43 -3.214 -3.668 -2.382 -2.872 -3.016 -2.413 -1.182 -1.901 -1.698 -2.838 -1.328 1.081 -5.456 -3.402 -2.742 10.658 2.122 -2.275
150 R -1.582 5.597 -0.51 -1.611 -2.307 0.47 -0.608 -2.176 0.051 -2.659 -2.075 1.971 -1.271 -2.52 -2.752 -1.454 -1.501 -2.281 -1.82 -2.209
151 S 0.604 -0.924 0.212 -0.578 0.045 -0.819 -0.904 -0.583 -0.852 -1.162 -1.799 -0.524 -0.954 -1.84 -1.606 2.604 2.828 -2.445 -1.783 -0.632
152 I -0.911 -2.887 -3.172 -3.222 0.008 -2.992 -3.39 -3.305 -2.838 4.087 1.359 -2.606 1.056 -0.061 -3.414 -2.78 -0.856 -2.311 -1.332 3.474
153 Y -1.769 -2.51 -2.729 -3.189 -0.988 -2.695 -3.096 -3.174 0.32 2.659 0.597 -2.478 0.36 3.729 -3.644 -2.843 -1.734 0.811 4.614 1.181
154 A 2.471 -1.467 -0.795 -1.286 5.5 -1.327 -1.352 -0.24 -1.178 -1.24 -1.67 -0.962 -1.084 -1.969 -1.796 1.821 0.066 -2.675 -1.983 -0.52
155 L -1.88 -2.497 -3.198 -3.541 -0.627 -3.117 -3.422 -3.216 -1.673 1.384 3.146 -2.828 1.459 4.471 -3.96 -3.154 -1.919 -0.429 1.162 0.516
156 Y -1.86 -1.825 -2.173 -3.07 -1.799 -1.831 -2.411 -2.979 2.057 -0.851 -0.957 -1.921 -0.73 3.301 -3.381 -2.485 -2.137 2.261 6.753 -1.027
157 F -2.382 -2.944 -2.908 -3.362 -1.422 -3.912 -3.53 -2.922 -0.876 0.229 0.517 -3.352 0.154 6.587 -4.496 -3.078 -2.418 0.804 2.883 -0.555
158 L -1.806 -2.863 -3.161 -3.365 -0.627 -3.367 -3.573 -3.251 -1.792 2.998 2.02 -2.916 1.062 4.409 -3.916 -3.122 -1.684 -0.558 1.122 1.495
159 G 0.975 -2.456 -2.074 -2.452 -0.292 -2.552 -2.713 1.923 -1.76 1.986 0.135 -2.094 0.007 2.674 -2.955 -1.498 -1.193 -1.419 -0.092 1.769
160 L -1.153 -1.815 -2.251 -2.785 -0.145 -1.958 -2.667 -2.737 -1.854 1.544 3.213 -1.895 3.085 0.36 -3.089 -1.743 0.953 -1.722 -1.174 0.879
161 Y -1.467 -2.189 -2.513 -3.157 5.333 -2.243 -2.87 -2.729 0.466 0.029 0.208 -2.279 2.236 3.652 -3.525 -2.33 -1.784 0.821 4.597 -0.326
162 C -0.782 -3.103 -3.12 -3.318 7.229 -3.214 -3.644 -2.835 -2.893 3.039 0.641 -2.828 0.389 -0.678 -3.362 -2.335 -1.076 -2.653 -1.846 2.37
163 L -1.82 -1.796 -1.884 -2.757 -1.068 -1.994 -2.394 -2.83 4.016 0.602 2.178 -2.1 0.795 3.41 -3.544 -2.652 -1.998 0.122 3.395 -0.145
164 S 1.923 -0.923 0.128 -0.532 0.157 -0.753 -0.737 -0.051 -0.643 -1.708 -2.144 -0.437 -1.169 -1.971 -1.523 3.02 0.728 -2.574 -1.803 -0.991
165 K -1.134 0.701 0.256 -1.281 -1.145 -0.376 -0.848 -1.946 -0.917 2.373 -0.097 3.02 -0.042 -1.236 -2.396 -1.547 -1.08 -2.47 -1.641 0.865
166 N -0.409 -0.042 2.209 -0.459 -0.66 -0.447 -0.854 -1.012 -0.352 -0.653 -0.669 1.378 2.042 -1.444 -2.109 0.839 1.415 -2.301 -1.646 -0.661
167 K -0.745 1.546 -0.686 -1.119 -1.389 0.33 -0.15 -1.648 -0.662 -0.181 -1.31 4.026 -0.727 -2.185 -1.976 -1.16 -0.992 -2.563 -1.728 0.679
168 K -0.04 0.556 -0.259 -0.892 2.193 -0.185 -0.5 -1.017 0.06 -1.771 -2.01 2.557 -1.162 -0.487 -1.898 1.514 -0.204 -1.157 2.003 -1.493
169 R -1.256 2.205 -0.16 2.022 5.259 -0.349 -0.368 -1.709 3.934 -2.11 -2.223 1.613 -1.488 -2.158 -2.528 -1.327 -1.521 -2.552 -1.004 -1.978
170 K -1.165 2.955 -0.19 -0.968 -2.148 0.53 -0.043 -1.602 4.026 -2.365 -2.31 3.623 -1.279 -2.284 -2.107 -1.158 -1.401 -2.281 -0.737 -2.26
171 F -1.556 -2.766 -2.756 -3.143 -0.72 -3.315 -3.285 -2.918 -1.462 2.01 0.732 -2.873 0.442 5.284 -3.853 -2.578 -0.8 -0.084 1.818 1.724
172 I -0.911 -2.887 -3.172 -3.222 0.008 -2.992 -3.39 -3.305 -2.838 4.087 1.359 -2.606 1.056 -0.061 -3.414 -2.78 -0.856 -2.311 -1.332 3.474
173 F -2.382 -2.944 -2.908 -3.362 -1.422 -3.912 -3.53 -2.922 -0.876 0.229 0.517 -3.352 0.154 6.587 -4.496 -3.078 -2.418 0.804 2.883 -0.555
174 L -1.843 -2.674 -3.18 -3.452 -0.627 -3.24 -3.496 -3.234 -1.732 2.302 2.638 -2.872 1.267 4.44 -3.938 -3.138 -1.799 -0.493 1.142 1.047
175 V -0.096 -2.169 -1.55 -2.076 -0.059 -2.144 -2.376 1.261 -2.033 2.543 0.271 -1.817 0.236 -0.806 -2.791 0.077 -0.404 -2.432 -1.641 2.836
176 L -1.588 -2.234 -3.41 -3.668 -0.198 -2.688 -3.353 -3.43 -2.361 1.957 4.114 -2.525 2.085 0.785 -3.652 -3.206 -1.628 -1.698 -1.104 1.058
177 G 1.67 -1.494 -0.254 -0.95 -0.299 -1.327 -1.433 3.732 -1.026 -2.121 -2.513 -0.927 -1.661 -2.242 -1.976 1.724 -0.207 -2.531 -2.283 -1.456
178 F -1.286 -2.781 -3.037 -3.41 5.391 -3.274 -3.446 -2.87 -1.854 1.25 1.565 -2.937 0.601 4.31 -3.768 -2.623 -1.573 -0.681 1.019 1.464
179 L -1.211 -2.127 -2.402 -2.853 -0.141 -2.4 -2.911 -2.902 -2.227 2.483 3.155 -2.134 1.54 0.311 -3.136 -1.907 0.951 -1.9 -1.269 1.372
180 F -2.382 -2.944 -2.908 -3.362 -1.422 -3.912 -3.53 -2.922 -0.876 0.229 0.517 -3.352 0.154 6.587 -4.496 -3.078 -2.418 0.804 2.883 -0.555
181 H -1.755 -0.405 0.412 -1.009 -2.382 -0.213 -0.548 -1.745 8.081 -2.709 -2.643 -0.813 -1.309 -0.9 -2.797 -1.627 -2.274 -1.502 1.619 -3.083
182 Y -1.899 -2.099 -2.525 -3.238 -1.33 -2.314 -2.78 -3.052 1.092 0.161 1.174 -2.276 0.246 4.076 -3.628 -2.73 -2.08 1.512 5.578 -0.389
183 S 0.66 -0.907 0.243 -0.542 0.042 -0.793 -0.865 -0.525 -0.806 -1.251 -1.865 -0.5 -0.988 -1.858 -1.595 2.72 2.651 -2.464 -1.786 -0.712
184 F 1.27 -1.641 -0.932 -1.496 -0.314 -1.722 -1.633 -0.836 -0.792 -0.704 -0.722 -1.341 -0.544 4.159 -2.381 1.492 -0.299 -0.733 0.987 -0.688
185 L -1.215 -2.63 -3.279 -3.393 -0.093 -2.891 -3.408 -3.376 -2.63 3.488 2.802 -2.585 1.527 0.329 -3.521 -2.978 -1.169 -2.043 -1.239 2.655
186 L -0.993 -2.35 -3.229 -3.477 0.008 -2.666 -3.181 -3.251 -2.587 2.412 3.21 -2.489 1.632 0.354 -3.471 -2.824 -1.122 -1.97 -1.193 2.767
187 F -2.161 -2.443 -2.591 -3.241 -1.567 -2.894 -3.029 -2.945 0.664 -0.156 0.014 -2.692 -0.168 5.672 -3.997 -2.826 -2.302 1.477 5.064 -0.734
188 L -1.623 -2.356 -2.912 -3.316 -0.644 -2.536 -3.116 -3.307 -0.137 2.731 2.294 -2.375 1.077 1.751 -3.531 -2.924 -1.604 0.187 3.934 1.348
189 L 0.576 -2.543 -2.853 -3.142 6.742 -2.82 -3.1 -1.984 -2.029 0.557 1.882 -2.476 0.543 2.433 -3.157 -1.768 -1.426 -1.564 -0.329 0.204
190 L 0.779 -2.362 -2.859 -3.079 5.047 -2.52 -2.864 -2.102 -2.419 1.761 2.087 -2.244 0.878 -0.338 -2.988 -1.771 -0.97 -2.294 -1.533 2.344
191 Y -1.945 -1.988 -2.288 -3.121 -1.737 -2.094 -2.574 -2.974 1.728 -0.645 -0.658 -2.12 -0.567 4.175 -3.544 -2.58 -2.187 2.059 6.382 -0.947
192 Y -1.721 -2.155 -2.58 -3.2 -1.084 -2.241 -2.815 -3.174 0.986 1.885 1.147 -2.187 0.387 2.491 -3.469 -2.734 -1.801 1.235 5.48 0.668
193 L -1.445 -2.533 -3.002 -3.278 -0.444 -2.79 -3.258 -3.099 -1.75 2.633 1.913 -2.598 2.495 3.841 -3.733 -2.813 -1.427 -0.798 0.74 1.96
194 C 0.68 -2.954 -2.86 -3.065 8.038 -2.997 -3.326 -1.934 -2.594 2.104 0.001 -2.565 -0.168 -1.171 -2.998 -1.59 -1.144 -2.805 -2.144 1.031
195 K -0.872 3.278 -0.537 -1.241 -1.726 0.114 -0.479 -1.508 -0.339 -2.242 -2.146 2.882 -1.283 -1.619 -2.356 0.055 -0.968 5.428 -0.761 -2.015
196 F -1.31 1.094 -1.832 -2.523 -0.81 -1.806 -2.32 -2.623 -0.475 1.595 0.408 -1.053 0.141 3.372 -3.178 -1.751 0.515 -0.236 2.75 1.171
197 N -1.635 -1.242 4.076 -0.12 -0.996 -1.425 -1.732 -1.292 -0.201 1.33 1.588 -1.182 0.316 -0.654 -3.057 -1.2 -0.908 -2.436 -1.654 0.186
198 K -0.604 1.003 -0.258 -0.848 -1.577 0.118 -0.223 -1.287 3.397 -2.251 -2.437 3.205 -1.433 -2.393 2.032 0.212 -0.864 -2.623 -1.048 -2.091
199 L -0.695 -1.89 -0.978 1.362 -0.387 -1.829 -1.49 -1.906 -1.573 2.237 1.898 -1.577 0.718 -0.371 -2.718 0.305 -0.156 -2.306 -1.597 0.961
200 G 0.198 -0.37 1.985 -0.304 -0.838 -0.684 -0.892 2.856 -0.43 -2.424 -2.757 1.025 -1.726 -2.374 -2.028 1.762 -0.126 -2.636 -2.183 -1.997
201 K -1.054 1.322 -0.904 -1.34 -1.401 0.152 -0.388 -1.827 -0.701 -0.388 0.908 3.796 1.081 -1.358 -2.172 -1.388 -1.25 -2.301 -1.611 -0.816
202 L -1.329 -0.291 -1.585 -2.1 -0.933 -1.249 -1.626 -2.289 -1.13 0.347 1.644 1.617 0.48 3.526 -2.848 -1.601 0.385 -0.978 0.503 -0.2
203 G -0.067 -0.097 -0.499 -1.141 -0.841 -0.766 -1.048 2.224 -0.903 -0.716 -1.523 1.836 -1.01 0.922 -2.235 0.966 -0.52 -2.024 -1.017 0.007
204 F -1.0 -2.436 -2.157 -2.66 -0.633 -2.836 -2.761 -2.367 -1.293 1.135 0.345 -2.465 0.174 5.163 -3.514 -0.64 -1.107 -0.214 1.687 1.74
205 L -1.113 -2.708 -3.262 -3.366 -0.072 -2.925 -3.403 -3.364 -2.717 3.648 2.451 -2.606 1.366 0.184 -3.504 -2.919 -1.08 -2.146 -1.289 2.978
206 I -0.875 -2.586 -2.318 -2.617 -0.254 -2.709 -2.922 -2.623 -2.046 3.645 1.016 -2.292 0.744 2.29 -3.24 -0.703 -0.782 -1.636 -0.281 2.458
207 Y -1.494 -2.353 -2.771 -3.238 -0.734 -2.456 -2.993 -3.234 0.25 2.682 1.379 -2.322 0.641 1.927 -3.478 -2.779 -1.528 0.531 4.578 1.734
208 S 2.157 -1.213 -0.403 -0.974 0.226 -1.067 -1.075 -0.289 -0.991 -0.321 -1.386 -0.74 -0.786 -1.711 -1.735 2.414 0.407 -2.565 -1.754 0.722
209 F -1.675 -2.904 -3.085 -3.345 -0.678 -3.433 -3.504 -3.153 -1.688 2.68 1.331 -2.981 0.731 4.907 -3.959 -3.003 -1.642 -0.348 1.468 1.849
210 L -1.432 -2.636 -3.264 -3.449 -0.288 -3.008 -3.44 -3.338 -2.292 3.018 2.831 -2.698 1.435 2.524 -3.684 -3.047 -1.406 -1.403 -0.17 2.164
211 I -1.308 -2.709 -2.529 -2.877 -0.598 -2.813 -3.321 0.918 -1.828 3.235 1.093 -2.488 2.221 3.044 -3.591 -2.58 -1.489 -1.207 0.116 1.595
212 S 0.855 -0.86 0.343 -0.417 0.009 -0.711 -0.73 -0.323 -0.649 -1.672 -2.18 -0.423 -1.154 -1.959 -1.576 3.224 1.782 -2.565 -1.819 -1.09
213 L -1.527 -2.74 -3.191 -3.407 -0.438 -3.171 -3.466 -3.263 -2.035 2.888 2.32 -2.808 1.173 3.72 -3.791 -3.029 -1.498 -0.934 0.6 2.042
214 F -1.365 -2.591 -2.225 -2.664 -0.815 -3.011 -2.952 -2.478 -1.26 2.198 0.618 -2.546 0.336 5.191 -3.615 -0.751 -1.31 -0.187 1.687 0.775
215 I -1.187 -3.053 -2.72 -2.901 -0.362 -3.112 -3.579 0.855 -2.57 4.285 1.241 -2.578 0.876 -0.127 -3.46 -2.743 -1.252 -2.291 -1.559 2.41
216 S 0.254 -1.33 -0.562 -1.257 -0.188 -1.263 -1.394 -1.108 -0.376 0.197 0.393 -1.038 -0.126 0.104 -2.211 2.125 0.165 -1.111 1.996 0.747
217 N -1.55 -0.932 4.116 -0.056 -1.073 -1.112 -1.521 -1.202 -0.059 1.115 0.833 -0.469 1.852 -0.857 -2.954 -1.065 -0.851 -2.408 -1.651 0.026
218 L 0.073 -2.578 -2.934 -3.204 4.616 -2.939 -3.152 -2.358 -1.877 1.515 1.951 -2.58 0.75 3.61 -3.409 -2.172 -1.474 -1.027 0.486 1.164
219 L -1.564 -2.49 -3.404 -3.559 -0.221 -2.863 -3.48 -3.481 -2.493 3.025 3.621 -2.605 1.841 0.599 -3.646 -3.206 -1.498 -1.864 -1.191 1.653
220 Y 0.233 -1.545 2.571 -1.026 -0.953 -1.652 -1.879 -1.355 0.562 -0.07 -0.838 -1.443 -0.679 2.784 -2.937 -1.188 -1.136 0.08 3.776 0.554
221 F -1.603 -2.25 -2.114 -2.725 -1.461 -2.616 -2.635 -2.228 -0.272 -0.701 -0.538 -2.381 -0.539 4.747 -3.889 -0.743 -1.679 7.289 3.471 -1.165
222 L -1.256 -2.042 -3.051 -3.373 -0.151 -2.155 -3.014 -3.142 -1.999 2.002 3.343 -2.205 3.693 0.51 -3.504 -2.729 -1.307 -1.71 -1.092 1.769
223 P -0.823 -2.0 -1.92 -1.551 -1.444 -1.92 -1.609 -1.839 -1.594 -2.304 -2.737 -1.051 -2.39 -3.322 6.649 -1.439 -1.335 -4.536 -2.622 -2.149
224 S 0.312 -0.762 -0.054 0.18 -0.729 -0.077 1.96 -0.82 -0.386 -2.26 -2.56 -0.136 -1.562 -2.362 1.931 2.295 0.159 -2.783 -1.981 -1.698
225 Y -1.048 -1.696 -1.393 -2.205 -1.118 -1.743 -2.065 -2.144 1.102 -0.731 -0.888 -1.633 -0.651 3.487 -2.894 -0.16 0.518 1.267 5.431 -0.815
226 V 1.433 -2.407 -2.6 -2.768 -0.082 -2.579 -2.628 -1.662 -1.733 2.058 0.407 -2.158 0.258 3.51 -2.939 -1.483 -1.038 -1.107 0.501 2.239
227 S 0.639 -0.233 0.243 -0.482 -0.208 -0.464 -0.584 -0.478 -0.616 -1.698 -2.168 1.085 -1.16 -2.066 -1.605 2.844 1.619 -2.565 -1.824 -1.173
228 L -1.884 -2.4 -3.061 -3.499 -0.766 -2.895 -3.274 -3.215 -0.796 1.166 2.909 -2.687 1.247 4.23 -3.877 -3.074 -1.956 0.076 2.904 0.351
229 F -2.155 -2.746 -3.066 -3.469 -1.039 -3.529 -3.502 -3.082 -1.251 0.813 2.073 -3.114 0.825 5.799 -4.252 -3.137 -2.193 0.258 2.165 -0.019
230 V -0.269 -2.086 -1.897 -2.443 0.208 -2.151 -2.445 -2.461 -2.471 2.339 0.429 -1.906 0.432 -0.761 -2.735 -1.148 1.898 -2.399 -1.47 3.597
231 S 0.997 -0.812 0.426 -0.319 0.002 -0.641 -0.626 -0.177 -0.531 -1.982 -2.399 -0.356 -1.258 -2.014 -1.546 3.495 0.94 -2.62 -1.826 -1.363
232 G 0.019 -2.428 -0.511 -1.394 -1.391 -2.266 -2.693 5.875 -1.547 -3.286 -3.532 -1.722 -2.738 -2.749 -2.85 -1.073 -1.99 -2.511 -3.219 -2.935
233 G -0.383 -1.729 2.889 -0.384 -1.532 -1.684 -2.013 5.04 -0.616 -3.133 -3.44 -1.266 -2.584 -2.659 -2.794 -0.792 -1.489 -2.652 -2.867 -2.845
234 G -0.745 -0.532 1.706 0.628 -1.993 1.45 2.842 2.774 0.056 -2.879 -2.932 0.053 -1.898 -2.703 -2.315 -0.808 -1.349 -2.524 -2.216 -2.409
235 L -0.792 -1.353 -1.86 -2.262 -0.301 0.616 -1.626 -2.365 -1.466 1.447 2.901 -1.304 1.296 -0.039 -2.98 -0.514 -0.873 -2.008 -1.283 1.387
236 G 0.328 -1.176 1.958 1.803 -0.608 -1.025 -0.758 1.679 -0.626 -1.736 -2.335 -0.743 -1.531 -2.191 -2.014 1.433 1.735 -2.681 -2.185 -1.292
237 I -1.092 -2.842 -3.248 -3.306 -0.072 -3.006 -3.455 -3.377 -2.777 3.992 1.979 -2.635 1.227 0.086 -3.49 -2.908 -1.016 -2.228 -1.322 3.148
238 F -2.398 -2.96 -2.924 -3.378 -1.438 -3.928 -3.546 -2.938 -0.892 0.213 0.501 -3.368 0.138 6.612 -4.512 -3.094 -2.434 0.788 2.867 -0.571
239 L -1.206 -1.808 -2.388 -2.89 -0.177 -1.89 -2.703 -2.799 -1.773 1.573 3.194 -1.904 3.679 0.398 -3.187 -1.925 0.553 -1.678 -1.138 0.89
240 D -0.161 -0.99 0.351 2.837 -0.724 -0.449 1.216 -0.995 -0.64 -1.601 -2.211 -0.442 -1.405 -2.193 -1.851 1.465 2.074 -2.68 -2.1 -1.173
241 K 0.609 0.377 -1.077 -1.369 -0.775 2.393 -0.172 -1.501 -0.56 0.21 0.492 1.905 0.076 -1.48 -2.276 -1.056 -0.97 -2.313 -1.498 0.785
242 D -0.836 -0.983 0.752 4.65 -1.696 1.145 0.651 0.583 -0.406 -2.586 -3.053 -0.432 -1.997 -2.775 -2.205 0.453 -0.849 -3.082 -2.529 -2.415
243 N 0.052 -1.098 3.035 -0.123 -0.594 -1.054 -1.182 1.782 -0.351 -0.703 -1.882 -0.768 -1.234 -1.919 -2.246 1.672 0.021 -2.689 -2.003 0.244
244 D -1.327 -0.738 0.372 4.237 -2.458 0.511 3.55 -1.623 -0.042 -2.811 -3.086 0.048 -2.193 -2.804 -2.117 -0.924 -1.413 -2.897 -2.415 -2.495
245 A 0.999 -1.629 -1.098 -1.681 -0.077 -1.568 -1.748 -1.265 -0.609 1.467 -0.38 -1.282 -0.203 0.116 -2.272 0.913 1.107 -1.061 2.082 1.413
246 Y -1.799 -1.764 -2.112 -3.009 -1.738 -1.77 -2.35 -2.919 2.118 -0.79 -0.897 -1.86 -0.669 3.362 -3.32 -2.424 -2.076 2.322 6.627 -0.966
247 V -0.159 -1.693 -1.196 -1.88 0.246 -1.738 -2.024 -2.016 -2.054 1.852 0.128 -1.467 0.243 -0.916 -2.322 -0.406 2.731 -2.271 -1.475 2.765
248 I -1.364 -3.088 -3.249 -3.168 -0.137 -3.196 -3.674 -3.466 -2.698 4.486 1.69 -2.665 1.284 0.231 -3.491 -3.063 -1.062 -2.171 -1.272 2.873
249 L -1.431 -2.54 -3.359 -3.499 -0.174 -2.873 -3.453 -3.443 -2.544 3.201 3.346 -2.599 1.729 0.502 -3.601 -3.12 -1.374 -1.929 -1.209 2.07
250 K -1.085 3.633 -0.389 -1.014 -2.123 0.659 0.014 -1.62 -0.2 -2.325 -2.239 4.067 -1.288 -2.765 -2.02 -1.093 -1.252 -2.515 -1.848 -2.111
251 R -1.598 5.626 -0.526 -1.628 -2.323 0.454 -0.625 -2.192 0.035 -2.675 -2.092 1.955 -1.288 -2.536 -2.768 -1.47 -1.518 -2.298 -1.836 -2.226
252 L 0.246 -2.426 -3.004 -3.156 -0.219 -2.732 -3.066 -2.43 -2.003 2.551 2.754 -2.375 1.296 2.54 -3.304 -2.275 -1.406 -1.365 -0.158 1.323
253 I -1.26 -2.912 -3.288 -3.304 -0.135 -3.081 -3.559 -3.444 -2.741 4.183 2.082 -2.667 1.295 0.173 -3.53 -3.018 -1.104 -2.19 -1.313 2.891
254 I -1.441 -3.165 -3.327 -3.245 -0.214 -3.273 -3.751 -3.543 -2.775 4.683 1.613 -2.743 1.207 0.154 -3.569 -3.14 -1.139 -2.249 -1.349 2.796
255 G 1.331 -1.185 1.89 -0.405 -0.405 -1.068 -1.158 2.803 -0.56 -2.151 -2.558 -0.722 -1.64 -2.223 -1.971 1.978 0.008 -2.627 -2.159 -1.541
256 L -0.518 -2.419 -2.087 -2.645 -0.29 -2.543 -2.987 2.672 -2.304 1.699 1.838 -2.235 0.65 -0.474 -3.23 -2.101 -1.22 -2.224 -1.711 2.413
257 S 0.396 -1.088 -0.104 -0.862 -0.009 -1.027 -1.145 -0.834 -1.011 -0.493 0.204 -0.744 -0.279 -1.289 -1.842 2.348 2.328 -2.351 -1.689 -0.38
258 F -2.264 -2.842 -2.994 -3.422 -1.218 -3.708 -3.519 -3.009 -1.072 0.548 1.429 -3.228 0.523 6.209 -4.369 -3.113 -2.301 0.525 2.523 -0.264
259 L -1.122 -2.098 -2.598 -3.05 -0.094 -2.407 -2.927 -2.97 -2.301 1.892 3.395 -2.205 1.617 0.343 -3.226 -2.1 0.567 -1.89 -1.243 1.738
260 F -1.354 -2.558 -2.172 -2.63 -0.841 -2.991 -2.91 -2.426 -1.194 1.984 0.565 -2.529 0.292 5.298 -3.61 -0.682 -1.311 -0.107 1.786 0.632
261 I -1.489 -2.859 -3.356 -3.37 -0.214 -3.09 -3.631 -3.514 -2.65 4.096 2.625 -2.681 1.494 0.353 -3.598 -3.165 -1.281 -2.078 -1.278 2.372
262 L -1.605 -2.25 -3.426 -3.684 -0.214 -2.704 -3.369 -3.446 -2.377 1.941 4.139 -2.542 2.069 0.769 -3.668 -3.222 -1.644 -1.714 -1.12 1.042
263 L -1.601 -2.383 -3.18 -3.474 -0.405 -2.684 -3.293 -3.397 -1.186 2.705 3.23 -2.49 1.572 1.199 -3.601 -3.082 -1.577 -0.745 2.194 1.4
264 L -0.621 -1.733 -1.955 -2.412 -0.11 -1.528 -2.319 -2.28 -1.433 2.427 1.441 -1.609 4.377 -0.029 -2.994 -0.373 -0.612 -1.834 -1.168 1.938
265 I -0.729 -2.145 -2.011 -2.526 -0.422 -2.149 -2.49 -2.48 -0.187 2.663 0.387 -1.948 0.304 1.247 -3.038 -0.511 -0.785 -0.123 3.676 2.273
266 N -0.94 0.22 3.849 0.175 -1.543 -0.338 -0.642 -0.772 0.689 -2.143 -2.417 1.788 -1.566 -0.542 -2.304 0.442 -0.559 -1.262 2.002 -1.99
267 L -0.996 -2.389 -2.81 -2.756 -0.402 -2.533 -2.708 -2.815 -2.329 2.246 1.962 -2.046 0.748 -0.451 3.442 -2.389 -1.182 -2.63 -1.613 2.099
268 P -1.254 -1.048 1.839 3.017 -2.063 -0.237 2.182 -1.434 -0.264 -2.67 -3.027 -0.337 -2.286 -2.912 3.54 -0.959 -1.26 -3.348 -2.462 -2.436
269 S 0.097 0.345 0.019 0.251 -1.022 0.41 2.185 -0.92 -0.19 -2.261 -2.476 2.03 -1.419 -2.397 -1.709 1.857 -0.059 -2.563 -1.873 -1.759
270 Y -1.791 -1.756 -2.104 -3.001 -1.73 -1.762 -2.342 -2.91 2.126 -0.782 -0.888 -1.852 -0.661 3.37 -3.312 -2.416 -2.068 2.33 6.609 -0.958
271 K -1.043 1.126 -0.078 2.12 -2.223 0.73 2.413 -1.539 -0.14 -2.453 -2.599 3.387 -1.625 -2.825 -1.892 -0.928 -1.258 -2.689 -2.047 -2.219
272 L -0.36 -1.648 -1.25 -1.885 -0.186 -1.674 -1.988 -1.775 -1.321 0.955 1.227 -1.499 2.154 2.261 -2.655 0.668 1.012 -1.439 -0.225 1.214
273 N -1.558 -0.029 3.612 -0.165 -1.888 -0.576 -0.958 -1.204 1.192 -1.824 -2.032 1.397 -1.406 0.941 -2.644 -0.985 -1.132 0.056 4.022 -1.837
274 S 0.111 0.122 2.53 -0.042 -0.661 -0.301 -0.501 -0.508 -0.172 -1.908 -2.34 1.603 -1.344 -2.204 -1.8 2.019 1.098 -2.64 -1.87 -1.484
275 W -1.891 1.697 -1.57 -2.102 -2.264 1.073 -0.971 -2.075 -0.498 -2.117 -1.901 1.121 -1.178 -0.1 -3.558 -2.122 -1.968 8.975 0.957 -2.177
276 V -0.435 -1.306 3.298 -0.382 -0.421 -1.353 -1.533 -1.153 -0.575 1.149 -0.607 -1.119 -0.388 -1.325 -2.652 0.365 -0.2 -2.685 -1.703 2.34
277 L -1.605 -2.25 -3.426 -3.684 -0.214 -2.704 -3.369 -3.446 -2.377 1.941 4.139 -2.542 2.069 0.769 -3.668 -3.222 -1.644 -1.714 -1.12 1.042
278 Y -1.949 -1.984 -2.288 -3.128 -1.756 -2.079 -2.57 -2.987 1.75 -0.677 -0.699 -2.111 -0.595 4.097 -3.539 -2.583 -2.194 2.068 6.445 -0.967
279 K -1.116 1.477 3.015 -0.027 -2.001 0.403 -0.025 -0.996 0.113 -2.351 -2.549 3.828 -1.538 -2.733 -1.993 -0.694 -0.942 -2.732 -1.934 -2.22
280 L -1.531 -2.115 -3.252 -3.548 -0.217 -2.403 -3.205 -3.311 -2.131 1.884 3.909 -2.363 3.078 0.717 -3.611 -3.019 -1.558 -1.66 -1.085 1.025
281 S 0.355 -1.6 -0.672 -1.305 4.785 -1.504 -1.591 -1.094 -1.369 1.303 -0.617 -1.202 -0.365 -1.319 -2.22 2.046 0.231 -2.621 -1.797 1.226
282 L -1.579 -2.37 -3.411 -3.614 -0.214 -2.783 -3.423 -3.461 -2.434 2.557 3.875 -2.571 1.955 0.685 -3.653 -3.21 -1.563 -1.788 -1.153 1.383
283 F -1.634 -2.258 -2.304 -2.861 -0.774 -2.631 -2.92 -2.669 -1.18 0.707 1.519 -2.411 2.237 5.118 -3.605 -2.014 0.326 -0.095 1.661 0.091
284 F -2.014 -2.619 -3.139 -3.512 -0.823 -3.313 -3.465 -3.156 -1.468 1.119 2.693 -2.967 1.167 5.183 -4.102 -3.151 -2.052 -0.085 1.681 0.267
285 C 0.032 -2.354 -1.505 -2.126 8.758 -2.321 -2.518 -1.444 -2.02 -1.102 -1.451 -2.008 -1.174 -2.066 -2.634 0.937 -0.468 -3.075 -2.507 -0.711
286 I -0.915 -2.663 -2.351 -2.568 -0.18 -2.689 -3.007 -2.714 -2.304 4.264 1.268 -2.231 0.948 -0.084 -3.158 -0.694 -0.713 -2.3 -1.415 2.446
287 L -1.579 -2.37 -3.411 -3.614 -0.214 -2.783 -3.423 -3.461 -2.434 2.557 3.875 -2.571 1.955 0.685 -3.653 -3.21 -1.563 -1.788 -1.153 1.383
288 S 1.004 -0.805 0.433 -0.312 0.009 -0.634 -0.619 -0.17 -0.524 -1.975 -2.392 -0.349 -1.251 -2.007 -1.539 3.473 0.947 -2.613 -1.819 -1.356
289 I 0.463 -2.766 -2.975 -2.963 0.002 -2.808 -3.128 -2.471 -2.521 4.055 1.209 -2.342 0.904 -0.168 -3.112 -2.154 -0.932 -2.315 -1.415 2.825
290 A 1.631 -2.34 -2.555 -2.708 -0.048 -2.495 -2.553 -1.518 -1.696 1.976 0.617 -2.068 0.297 3.322 -2.846 -1.359 -1.037 -1.168 0.384 1.99
291 L -1.821 -2.445 -3.266 -3.589 -0.53 -3.02 -3.421 -3.284 -1.847 1.522 3.441 -2.766 1.612 3.913 -3.897 -3.183 -1.86 -0.715 0.724 0.645
292 C -0.173 -1.924 -1.362 -2.036 6.462 -1.881 -2.124 -1.659 -0.252 -0.049 -0.964 -1.686 -0.698 0.534 -2.655 0.836 -0.481 -0.554 3.161 0.711
293 D -1.621 -0.971 -0.452 2.87 -1.593 1.79 -0.085 -1.923 -0.343 -0.625 -0.387 -0.733 1.708 3.474 -2.954 -1.598 -1.545 -1.077 0.475 -1.057
294 N -1.724 -0.479 5.774 1.218 -1.91 -0.591 -0.789 -0.218 0.905 -2.776 -3.215 -0.36 -2.225 -2.438 -2.651 -0.182 -0.515 -3.03 -2.133 -2.624
295 W 1.172 -2.146 -2.691 -2.958 -1.129 -2.349 -2.423 -1.308 -1.221 -1.571 -1.611 -2.124 -1.216 0.446 -3.662 -1.686 -1.873 9.658 1.377 -1.36
296 Q -0.946 0.943 -0.157 -0.421 -1.975 5.1 1.328 -1.543 0.705 -2.304 -2.055 1.158 -0.467 -3.023 -2.215 -0.818 -1.039 -2.249 -1.349 -1.851
297 L -1.605 -2.25 -3.426 -3.684 -0.214 -2.704 -3.369 -3.446 -2.377 1.941 4.139 -2.542 2.069 0.769 -3.668 -3.222 -1.644 -1.714 -1.12 1.042
298 S 1.004 -0.805 0.433 -0.312 0.009 -0.634 -0.619 -0.17 -0.524 -1.975 -2.392 -0.349 -1.251 -2.007 -1.539 3.473 0.947 -2.613 -1.819 -1.356
299 W -2.713 -2.447 -3.23 -3.684 -2.398 -2.888 -3.033 -2.429 -1.198 -1.917 -1.714 -2.855 -1.344 1.065 -5.472 -3.419 -2.759 10.674 2.105 -2.291
300 R -1.598 5.626 -0.526 -1.628 -2.323 0.454 -0.625 -2.192 0.035 -2.675 -2.092 1.955 -1.288 -2.536 -2.768 -1.47 -1.518 -2.298 -1.836 -2.226
301 V -0.693 -2.628 -3.127 -3.296 0.102 -2.788 -3.179 -3.192 -2.835 3.339 1.808 -2.528 1.101 -0.101 -3.369 -2.63 -0.795 -2.283 -1.313 3.673
302 F -2.264 -2.842 -2.994 -3.422 -1.218 -3.708 -3.519 -3.009 -1.072 0.548 1.429 -3.228 0.523 6.209 -4.369 -3.113 -2.301 0.525 2.523 -0.264
303 V 1.907 -1.908 -1.809 -2.131 0.345 -1.856 -1.969 -1.162 -1.921 1.748 -0.007 -1.539 0.09 -1.037 -2.348 0.241 -0.235 -2.491 -1.551 3.005
304 P -0.9 -2.077 -1.997 -1.628 -1.521 -1.997 -1.686 -1.916 -1.671 -2.381 -2.814 -1.128 -2.467 -3.399 6.726 -1.516 -1.412 -4.613 -2.699 -2.226
305 A 4.066 -1.548 -1.726 -1.751 0.616 -1.384 -1.362 0.31 -1.275 -0.894 -1.385 -0.913 -0.937 -1.912 -1.539 0.391 -0.486 -2.504 -1.819 0.075
306 A 4.066 -1.548 -1.726 -1.751 0.616 -1.384 -1.362 0.31 -1.275 -0.894 -1.385 -0.913 -0.937 -1.912 -1.539 0.391 -0.486 -2.504 -1.819 0.075
307 I -0.91 -2.314 -2.154 -2.579 -0.067 -2.434 -2.831 -2.76 -2.362 3.374 1.68 -2.081 0.95 -0.18 -2.965 -1.575 1.486 -2.19 -1.412 2.44
308 L -1.605 -2.25 -3.426 -3.684 -0.214 -2.704 -3.369 -3.446 -2.377 1.941 4.139 -2.542 2.069 0.769 -3.668 -3.222 -1.644 -1.714 -1.12 1.042
309 G 0.026 -2.421 -0.504 -1.387 -1.384 -2.259 -2.686 5.869 -1.54 -3.279 -3.525 -1.715 -2.731 -2.742 -2.843 -1.066 -1.983 -2.504 -3.212 -2.928
310 T 0.151 -1.23 -0.295 -1.086 0.079 -1.195 -1.381 -1.205 -1.372 0.244 -0.95 -0.901 -0.483 -1.513 -1.873 1.443 3.407 -2.366 -1.715 1.082
311 A 2.517 -1.967 -2.184 -2.199 0.247 -1.894 -1.918 -0.877 -1.87 1.096 -0.437 -1.436 -0.316 -1.424 1.919 -0.648 -0.619 -2.716 -1.743 2.294
312 L -1.513 -2.717 -3.371 -3.434 -0.214 -3.003 -3.573 -3.499 -2.589 3.751 3.023 -2.651 1.627 0.447 -3.613 -3.177 -1.355 -1.996 -1.244 2.134
313 L -1.224 -2.692 -3.29 -3.387 -0.109 -2.935 -3.442 -3.397 -2.667 3.636 2.676 -2.612 1.465 0.28 -3.532 -2.99 -1.162 -2.087 -1.267 2.726
314 L -1.343 -2.415 -3.342 -3.542 -0.135 -2.774 -3.357 -3.392 -2.518 2.702 3.535 -2.557 1.786 0.526 -3.584 -3.061 -1.368 -1.89 -1.187 2.089
315 S 2.477 -1.034 -0.153 -0.733 0.256 -0.865 -0.848 0.026 -0.755 -1.526 -1.976 -0.523 -1.12 -1.958 -1.524 2.664 0.528 -2.558 -1.804 -0.745
316 N -1.112 -0.525 5.384 1.034 -1.528 -0.597 -0.763 -0.211 0.73 -2.641 -3.076 -0.358 -2.056 -2.369 -2.455 0.753 -0.243 -2.964 -2.083 -2.395
317 I 0.456 -2.006 1.18 -1.511 -0.219 -2.046 -2.313 -1.674 -1.465 3.256 0.54 -1.643 0.367 -0.62 -2.722 -1.091 0.799 -2.391 -1.585 1.732
318 K -0.411 2.833 -0.322 -1.065 -1.286 0.002 -0.52 -1.3 0.215 -1.989 -2.035 2.448 -1.189 -0.529 -2.109 1.031 -0.513 -1.105 2.036 -1.702
319 K -1.031 2.05 -0.217 -0.848 -2.102 0.606 0.111 -1.483 3.41 -2.279 -2.346 4.177 -1.293 -2.467 -1.921 -1.058 -1.305 -2.408 -0.993 -2.203
320 D -1.432 0.487 2.345 3.12 -2.182 -0.063 0.224 -1.144 3.79 -2.542 -2.841 2.355 -1.814 -2.366 -2.237 -0.914 -1.276 -2.685 -1.115 -2.561
321 D -1.568 2.06 3.165 3.554 -2.176 -0.203 0.162 -1.032 0.082 -2.643 -2.906 1.609 -2.008 -2.707 -2.38 -0.794 -1.104 -2.978 -2.317 -2.535
322 S -0.024 -1.47 1.619 -0.821 -0.267 -1.423 -1.553 -0.177 -0.947 1.947 -0.365 -1.115 -0.219 -1.129 -2.387 1.518 0.032 -2.546 -1.703 1.452
323 I -1.121 -2.806 -3.253 -3.318 -0.077 -2.988 -3.451 -3.378 -2.747 3.919 2.148 -2.626 1.287 0.137 -3.495 -2.924 -1.044 -2.19 -1.305 3.051
324 P -0.847 -2.511 -2.635 -2.483 -0.487 -2.528 -2.556 -2.65 -2.332 2.683 0.229 -1.916 0.05 -1.049 4.209 -2.175 -1.036 -3.056 -1.816 2.406
325 Y -1.91 -2.21 -2.695 -3.327 -1.154 -2.511 -2.944 -3.109 0.592 0.502 1.818 -2.421 0.583 4.188 -3.724 -2.846 -2.055 1.119 4.973 -0.151
326 L -1.149 -2.008 -2.199 -2.747 -0.53 -2.282 -2.639 -2.536 -0.714 1.024 2.823 -2.093 1.164 2.913 -3.289 -0.664 -1.221 -0.343 2.566 0.302
327 G -0.545 -2.203 -1.388 -2.123 -0.802 -2.174 -2.83 4.245 -1.678 0.057 1.58 -1.906 1.99 -0.729 -3.137 -1.719 -1.733 -2.059 -2.034 -0.515
328 L -1.137 -2.309 -3.056 -3.276 -0.107 -2.371 -3.126 -3.179 -2.21 3.068 2.607 -2.306 3.206 0.297 -3.463 -2.715 -1.123 -1.904 -1.173 2.492
329 V -0.746 -2.101 -1.894 -2.467 -0.107 -2.296 -2.575 -2.497 -1.999 2.022 1.327 -2.001 0.636 2.281 -2.911 -1.268 1.796 -1.518 -0.241 2.391
330 L -1.579 -2.37 -3.411 -3.614 -0.214 -2.783 -3.423 -3.461 -2.434 2.557 3.875 -2.571 1.955 0.685 -3.653 -3.21 -1.563 -1.788 -1.153 1.383
331 S 1.004 -0.805 0.433 -0.312 0.009 -0.634 -0.619 -0.17 -0.524 -1.975 -2.392 -0.349 -1.251 -2.007 -1.539 3.473 0.947 -2.613 -1.819 -1.356
332 T 0.198 -1.864 -1.325 -1.919 0.06 -1.888 -2.175 -1.902 -1.994 2.556 0.267 -1.532 0.254 -0.824 -2.376 -0.481 2.751 -2.297 -1.576 2.048
333 I -1.566 -3.133 -3.262 -3.264 -0.368 -3.363 -3.719 -3.444 -2.402 4.32 1.471 -2.828 1.07 2.502 -3.692 -3.133 -1.3 -1.537 -0.185 2.482
334 P -0.9 -2.077 -1.997 -1.628 -1.521 -1.997 -1.686 -1.916 -1.671 -2.381 -2.814 -1.128 -2.467 -3.399 6.726 -1.516 -1.412 -4.613 -2.699 -2.226
335 T 0.231 -1.046 0.003 -0.827 0.043 -0.996 -1.169 -0.969 -1.157 -0.699 -1.447 -0.693 -0.777 -1.748 -1.686 1.812 3.747 -2.353 -1.785 -0.213
336 L -1.715 -2.337 -3.068 -3.403 -0.534 -2.671 -3.253 -3.142 -1.629 1.826 2.904 -2.556 2.876 3.878 -3.816 -2.945 -1.708 -0.695 0.737 0.824
337 R -1.48 5.3 -0.496 -1.485 -2.279 0.499 -0.475 -2.06 -0.014 -2.597 -2.123 2.555 -1.288 -2.584 -2.591 -1.385 -1.459 -2.343 -1.838 -2.201
338 L -1.513 -2.717 -3.371 -3.434 -0.214 -3.003 -3.573 -3.499 -2.589 3.751 3.023 -2.651 1.627 0.447 -3.613 -3.177 -1.355 -1.996 -1.244 2.134
339 I -1.394 -2.832 -3.172 -3.187 -0.217 -2.828 -3.507 -3.389 -2.437 4.381 1.686 -2.522 2.593 0.193 -3.528 -2.954 -1.134 -2.098 -1.276 2.582
340 Y -1.61 -2.183 -2.021 -2.824 -1.645 -2.333 -2.722 1.071 1.116 -0.77 -0.733 -2.211 -0.69 4.332 -3.552 -2.366 -2.198 1.509 5.585 -1.117
341 L -1.669 -1.146 4.145 -0.105 -1.023 -1.359 -1.681 -1.26 -0.148 0.254 2.099 -1.147 0.468 -0.56 -3.065 -1.183 -0.97 -2.363 -1.633 -0.411
342 L -1.711 -2.346 -3.345 -3.636 -0.368 -2.858 -3.395 -3.364 -2.1 1.739 3.811 -2.652 1.849 2.749 -3.78 -3.203 -1.75 -1.171 -0.053 0.85
343 L -0.533 -1.836 -1.654 -2.17 -0.146 -1.974 -2.278 -2.039 -1.731 1.985 2.868 -1.716 1.262 0.074 -2.84 0.598 -0.542 -2.036 -1.348 0.913
344 I -1.231 -1.518 -1.772 -2.21 -0.718 0.656 -1.677 -2.638 -0.116 2.833 0.38 -1.3 0.344 0.955 -2.955 -1.689 0.579 -0.342 3.249 1.353
345 G 0.103 -2.344 -0.427 -1.31 -1.307 -2.182 -2.609 5.797 -1.463 -3.202 -3.447 -1.638 -2.654 -2.665 -2.766 -0.989 -1.906 -2.427 -3.135 -2.851
346 Q -0.869 1.02 -0.08 -0.344 -1.898 4.835 1.405 -1.466 0.783 -2.227 -1.978 1.235 -0.39 -2.945 -2.138 -0.741 -0.962 -2.171 -1.272 -1.774
347 L -1.486 -2.472 -2.625 -3.119 -0.696 -2.941 -3.306 1.015 -1.728 1.07 2.876 -2.615 1.169 3.808 -3.746 -2.744 -1.912 -0.789 0.603 0.248
348 G -0.614 -1.741 -0.458 -1.478 -1.424 -1.588 -1.975 4.282 4.847 0.15 -1.757 -1.539 -1.329 -1.526 -2.932 -1.472 -1.924 -2.136 -0.653 -1.041
349 H 1.595 -0.776 -0.088 -1.097 -0.787 -0.593 -0.79 -0.739 6.482 -1.945 -2.179 -0.776 -1.192 -1.334 -2.17 0.415 -0.986 -1.934 0.522 -1.525
350 P 0.784 -1.727 -1.341 -1.388 -0.768 -1.624 -1.457 -1.184 -1.42 -1.888 -2.375 -0.964 -1.866 -2.788 5.58 0.272 0.099 -3.694 -2.364 -1.455