#Seq2Logo.py -f /work3/idamei/wzy_ssn/run/1e-50/run/150/MSAs/0017_34.afa -o /work3/idamei/wzy_ssn/run/1e-50/run/150/logos/0017_34.logo
Last position-specific scoring matrix computed, values are in halfbits
A R N D C Q E G H I L K M F P S T W Y V
0 L -1.15 -1.453 -2.429 -2.883 -0.238 -1.121 -2.423 -2.653 -1.038 1.534 2.066 -1.522 5.94 0.398 -3.312 -2.086 -1.115 -1.376 -0.902 0.92
1 F -2.18 -2.458 -2.609 -3.262 -1.591 -2.904 -3.044 -2.967 0.66 -0.184 -0.016 -2.706 -0.195 5.679 -4.012 -2.844 -2.323 1.464 5.112 -0.759
2 I -1.007 -2.536 -3.017 -3.162 -0.073 -2.496 -3.184 -3.178 -2.351 3.766 1.527 -2.355 2.999 0.042 -3.416 -2.649 -0.943 -2.092 -1.25 3.055
3 L -1.675 -2.53 -3.332 -3.543 -0.368 -2.979 -3.479 -3.393 -2.189 2.655 3.389 -2.698 1.672 2.64 -3.759 -3.191 -1.63 -1.284 -0.123 1.363
4 L -1.148 -2.33 -2.452 -2.817 -0.336 -2.611 -2.938 -2.709 -1.911 2.699 2.718 -2.291 1.291 2.495 -3.358 -0.923 -1.099 -1.403 -0.192 1.329
5 L -1.351 -1.559 2.517 -1.21 -0.533 -1.715 -2.22 -1.986 -0.913 1.333 2.513 -1.602 2.318 -0.107 -3.237 -1.772 -1.041 -2.096 -1.386 1.288
6 V 1.033 -1.674 -1.068 -1.614 0.145 -1.615 -1.748 -1.239 -1.622 1.881 -0.146 -1.295 -0.01 -1.061 -2.233 1.128 1.222 -2.448 -1.604 2.19
7 F -0.725 -2.213 -1.587 -2.091 -0.53 -2.391 -2.409 -1.971 -1.29 2.411 0.437 -1.982 0.26 4.074 -3.061 0.556 -0.676 -0.825 0.862 0.955
8 P -0.978 -2.217 -2.162 -1.818 -1.296 -2.156 -1.914 -2.108 -1.813 0.306 -1.598 -1.318 -1.558 -2.536 6.294 -1.707 -1.376 -4.131 -2.466 -0.732
9 L -1.354 -2.069 -2.679 -3.133 -0.179 -2.43 -3.003 -3.048 -2.234 1.701 3.774 -2.233 1.799 0.516 -3.304 -2.241 0.425 -1.792 -1.211 0.925
10 L -1.808 -2.435 -3.285 -3.602 -0.508 -2.998 -3.423 -3.303 -1.892 1.553 3.512 -2.752 1.647 3.756 -3.883 -3.192 -1.847 -0.79 0.604 0.674
11 L -1.89 -2.661 -3.197 -3.492 -0.673 -3.252 -3.502 -3.24 -1.706 2.057 2.738 -2.898 1.262 4.578 -3.983 -3.162 -1.868 -0.445 1.204 0.862
12 F -1.282 -2.421 -2.268 -2.712 -0.65 -2.811 -2.897 -2.516 -1.418 1.998 1.773 -2.426 0.759 4.574 -3.519 -0.74 -1.258 -0.498 1.214 0.738
13 S 0.998 -0.811 0.428 -0.318 0.003 -0.639 -0.625 -0.176 -0.53 -1.981 -2.398 -0.354 -1.256 -2.013 -1.545 3.491 0.942 -2.619 -1.825 -1.362
14 L -1.271 -2.292 -2.572 -3.071 4.652 -2.664 -3.097 -2.798 -2.051 1.173 2.917 -2.406 1.212 2.435 -3.343 -2.034 0.396 -1.408 -0.287 0.536
15 F -1.714 -2.934 -3.111 -3.394 4.056 -3.448 -3.611 -3.08 -1.66 2.435 1.567 -3.007 0.712 4.59 -3.919 -2.926 -1.767 -0.465 1.44 1.041
16 W -2.719 -2.452 -3.236 -3.69 -2.404 -2.894 -3.038 -2.435 -1.204 -1.923 -1.72 -2.86 -1.35 1.059 -5.478 -3.424 -2.764 10.68 2.1 -2.297
17 G -1.216 -1.179 2.917 -0.476 -1.929 -1.159 -1.45 2.862 4.666 -2.719 -2.838 -1.149 -1.929 -1.113 -3.047 -1.159 -1.634 5.3 0.378 -2.749
18 R -1.368 4.657 -0.694 -1.569 -1.86 0.337 -0.602 -2.065 -0.178 -1.474 -1.019 2.564 1.5 -1.938 -2.586 -1.431 -1.377 -2.211 -1.688 -1.475
19 F -1.976 -2.891 -2.946 -3.366 -1.103 -3.689 -3.456 -2.962 -1.14 0.835 0.656 -3.208 0.27 6.168 -4.281 -2.981 -2.058 0.458 2.485 0.872
20 N 0.757 -0.862 3.884 2.169 -0.866 -0.76 -0.484 -0.246 0.095 -2.206 -2.687 -0.509 -1.784 -2.307 -2.099 1.353 -0.137 -2.906 -2.119 -1.739
21 F -1.099 -1.774 -1.226 -2.026 -0.841 -1.995 -2.097 -2.018 2.933 0.015 0.843 -1.841 0.127 4.496 -3.077 -0.191 0.536 -0.463 1.449 -0.463
22 G -0.581 1.985 1.815 -0.402 -1.553 2.377 -0.019 1.527 0.087 -2.48 -2.481 1.631 -1.307 -2.643 -2.251 0.327 -0.758 -2.506 -1.895 -2.097
23 S 0.09 -1.622 -0.793 -1.41 -0.145 -1.599 -1.715 -1.336 -1.306 2.043 0.463 -1.263 0.139 0.986 -2.333 1.639 1.017 -1.987 -0.92 0.832
24 K -1.004 2.726 -0.315 -0.79 -2.067 2.69 0.484 -1.552 0.05 -2.291 -2.208 3.704 -1.043 -2.865 -2.009 -0.985 -1.172 -2.467 -1.708 -2.031
25 V -0.548 0.152 -1.122 -1.562 -0.565 1.153 -0.711 -2.01 -1.107 1.241 -0.388 1.942 -0.069 -1.475 -2.37 -1.103 0.801 -2.439 -1.552 2.29
26 I 0.339 -2.701 -3.003 -3.03 0.012 -2.78 -3.119 -2.555 -2.546 3.849 1.518 -2.361 0.98 -0.128 -3.153 -2.217 -0.939 -2.286 -1.394 2.896
27 L -1.73 -2.822 -3.243 -3.409 -0.508 -3.258 -3.585 -3.342 -2.032 3.243 2.411 -2.844 1.246 3.669 -3.836 -3.157 -1.6 -0.948 0.551 1.671
28 R -0.182 4.218 -0.075 -0.987 -1.081 0.025 -0.628 -1.143 -0.201 -2.356 -2.224 1.161 -1.277 -2.3 -2.174 1.691 -0.191 -2.436 -1.834 -1.821
29 L -1.091 -2.32 -2.198 -2.657 -0.521 -2.66 -2.788 -2.454 -1.506 1.882 1.926 -2.315 0.822 4.159 -3.402 -0.558 -1.106 -0.715 0.917 1.117
30 L -1.354 -2.069 -2.679 -3.133 -0.179 -2.43 -3.003 -3.048 -2.234 1.701 3.774 -2.233 1.799 0.516 -3.304 -2.241 0.425 -1.792 -1.211 0.925
31 F -1.042 -2.466 -2.133 -2.63 4.593 -2.655 -2.833 -2.379 -0.727 2.088 0.268 -2.32 0.087 3.72 -3.31 -0.581 -1.146 -0.262 2.737 0.761
32 L -1.362 -2.633 -3.218 -3.428 -0.524 -2.894 -3.245 -3.025 -2.225 2.805 1.433 -2.663 0.696 0.387 -3.909 -2.975 -1.378 7.186 0.145 2.466
33 I -0.688 -2.433 -1.866 -2.341 -0.415 -2.539 -2.772 1.114 -1.841 2.822 0.966 -2.131 0.458 2.216 -3.144 -0.513 -0.92 -1.616 -0.394 1.808
34 W -1.512 -2.566 -2.565 -3.088 -1.13 -2.97 -3.152 1.029 -1.51 0.475 0.835 -2.682 0.031 3.629 -4.086 -2.688 -1.972 7.242 1.317 0.667
35 L -1.808 -2.435 -3.285 -3.602 -0.508 -2.998 -3.423 -3.303 -1.892 1.553 3.512 -2.752 1.647 3.756 -3.883 -3.192 -1.847 -0.79 0.604 0.674
36 S 0.288 -1.556 -0.651 -1.254 -0.019 -1.457 -1.542 -1.167 -1.322 2.229 -0.153 -1.14 -0.017 -0.989 -2.228 2.081 0.273 -2.485 -1.611 1.629
37 L -0.706 -1.949 -1.581 -2.167 -0.23 -2.118 -2.362 -2.158 -1.685 1.926 1.786 -1.806 0.738 2.277 -2.821 -0.066 1.342 -1.495 -0.282 1.271
38 L 0.992 -1.572 -1.046 -1.611 0.902 -1.625 -1.709 -1.073 -1.16 0.124 1.477 -1.315 0.33 2.139 -2.379 1.494 -0.243 -1.577 -0.353 -0.155
39 F -2.244 -2.995 -2.985 -3.364 -1.231 -3.829 -3.581 -3.024 -1.105 1.457 0.685 -3.274 0.314 6.22 -4.36 -3.107 -2.212 0.496 2.521 0.226
40 T 0.239 -1.171 -0.13 -0.913 -0.105 -1.141 -1.232 -0.933 -0.98 -0.73 -1.284 -0.832 -0.737 1.399 -1.887 2.065 2.858 -1.817 -0.689 -0.336
41 S 1.255 -1.687 -0.699 -1.311 4.689 -1.564 -1.666 1.657 -1.316 0.555 -1.172 -1.195 -0.831 -1.661 -2.157 1.701 -0.104 -2.619 -2.046 -0.097
42 F -2.25 -2.612 -2.708 -3.3 -1.543 -3.197 -3.198 -2.96 0.244 -0.052 0.158 -2.904 -0.086 6.016 -4.165 -2.924 -2.36 1.262 4.56 -0.699
43 Y -1.882 -1.847 -2.195 -3.092 -1.821 -1.853 -2.433 -3.001 2.035 -0.873 -0.98 -1.943 -0.752 3.279 -3.403 -2.507 -2.159 2.239 6.796 -1.049
44 L -1.334 -2.31 -2.723 -3.071 -0.183 -2.597 -3.131 -3.11 -2.353 2.895 3.203 -2.314 1.582 0.363 -3.313 -2.308 0.354 -1.933 -1.269 1.582
45 N -1.729 -0.484 5.785 1.212 -1.916 -0.596 -0.795 -0.224 0.899 -2.782 -3.221 -0.365 -2.231 -2.444 -2.657 -0.187 -0.521 -3.036 -2.138 -2.63
46 G 0.02 -2.427 -0.509 -1.392 -1.39 -2.265 -2.691 5.874 -1.546 -3.285 -3.53 -1.72 -2.736 -2.748 -2.849 -1.072 -1.989 -2.51 -3.218 -2.934
47 V -1.055 -1.343 2.616 -0.657 -0.782 -1.12 -0.304 -1.793 0.018 1.025 -0.06 -1.18 1.792 0.168 -2.959 -1.404 -0.863 -1.09 2.035 1.909
48 D -1.846 -1.657 1.129 5.934 -2.442 -0.941 0.981 -1.193 -0.606 -2.795 -3.561 -0.899 -2.767 -2.989 -2.359 -1.022 -1.482 -3.601 -3.113 -2.934
49 W -2.719 -2.452 -3.236 -3.69 -2.404 -2.894 -3.038 -2.435 -1.204 -1.923 -1.72 -2.86 -1.35 1.059 -5.478 -3.424 -2.764 10.68 2.1 -2.297
50 S 0.855 -0.859 0.344 -0.417 0.01 -0.711 -0.73 -0.324 -0.65 -1.666 -2.175 -0.423 -1.152 -1.957 -1.575 3.216 1.792 -2.563 -1.818 -1.085
51 I -0.91 -2.896 -3.187 -3.243 -0.003 -3.001 -3.396 -3.317 -2.864 4.089 1.322 -2.622 1.025 -0.095 -3.429 -2.786 -0.866 -2.338 -1.354 3.524
52 Y -1.882 -1.847 -2.195 -3.092 -1.821 -1.853 -2.433 -3.001 2.035 -0.873 -0.98 -1.943 -0.752 3.279 -3.403 -2.507 -2.159 2.239 6.796 -1.049
53 F -2.097 -2.281 -2.492 -3.215 -1.651 -2.583 -2.867 -2.976 1.097 -0.353 -0.245 -2.48 -0.334 5.205 -3.836 -2.75 -2.278 1.693 5.668 -0.834
54 L -0.586 -1.758 -1.713 -2.258 -0.153 -1.943 -2.279 -2.074 -1.714 1.236 3.28 -1.725 1.426 0.194 -2.881 0.536 -0.635 -1.953 -1.312 0.521
55 R -0.044 3.027 -0.026 -0.769 -1.026 0.125 -0.346 -0.966 -0.304 -2.221 -2.287 2.506 -1.277 -2.385 -1.901 1.746 -0.12 -2.528 -1.839 -1.779
56 F -2.274 -2.851 -2.997 -3.426 -1.231 -3.721 -3.525 -3.012 -1.071 0.531 1.402 -3.238 0.505 6.232 -4.379 -3.118 -2.311 0.529 2.53 -0.279
57 L -0.32 -1.928 -1.638 -2.132 -0.042 -1.986 -2.248 -2.015 -1.846 2.407 2.0 -1.724 1.097 -0.235 -2.786 0.605 -0.358 -2.211 -1.405 2.109
58 D -1.623 -0.967 3.104 3.743 -2.193 -0.339 1.709 -1.2 0.55 -2.427 -2.783 -0.486 -2.045 -0.7 -2.482 -0.879 -1.227 -1.442 1.839 -2.35
59 D -1.199 -1.066 2.088 3.979 -2.179 -0.195 2.269 1.643 -0.165 -2.877 -3.257 -0.4 -2.38 -2.775 -2.345 -0.847 -1.36 -2.967 -2.605 -2.66
60 D -1.763 -1.574 1.213 5.811 -2.358 -0.858 1.065 -1.109 -0.522 -2.711 -3.477 -0.815 -2.683 -2.905 -2.275 -0.938 -1.398 -3.517 -3.029 -2.85
61 N -1.645 -0.4 5.612 1.296 -1.832 -0.512 -0.711 -0.14 0.983 -2.698 -3.137 -0.281 -2.147 -2.36 -2.573 -0.104 -0.437 -2.952 -2.054 -2.546
62 G -0.682 -1.494 -0.352 1.838 -1.847 -0.673 1.614 3.788 -0.101 -2.617 -2.812 -0.832 -2.118 -0.719 -2.582 -1.173 -1.762 -1.216 1.784 -2.387
63 D 0.186 -1.508 0.045 2.882 -0.877 -1.24 -0.593 1.343 -0.298 -1.565 -2.112 -1.028 -1.494 -0.514 -2.199 0.511 1.326 -1.282 1.855 -1.255
64 P -1.192 -2.157 -2.598 -2.446 -0.786 -2.314 -2.379 -2.554 -1.997 0.535 2.273 -1.728 0.559 -0.67 4.842 -2.21 -1.493 -2.845 -1.812 -0.02
65 F -1.467 -2.213 -1.953 -2.615 -1.279 -2.55 -2.597 -2.352 0.331 -0.322 -0.177 -2.294 -0.276 5.437 -3.551 -0.642 -1.569 1.031 4.439 -0.812
66 L 0.138 -1.423 -0.519 -1.247 -0.221 -1.404 -1.591 1.509 -1.236 -0.148 1.247 -1.108 0.102 -0.933 -2.237 1.72 1.067 -2.268 -1.75 -0.38
67 S 1.279 -1.305 -0.474 -1.106 -0.129 -1.176 -1.255 -0.693 -0.265 0.611 -1.063 -0.888 -0.638 -0.118 -1.987 2.236 0.199 -1.155 1.994 -0.049
68 F -2.405 -2.967 -2.931 -3.385 -1.445 -3.935 -3.553 -2.945 -0.899 0.206 0.494 -3.375 0.131 6.622 -4.519 -3.101 -2.441 0.781 2.86 -0.578
69 E -0.99 -0.193 -0.409 1.447 -2.482 1.275 4.653 -2.02 0.322 -2.835 -2.774 0.606 -1.824 -2.679 -1.952 -0.862 -1.372 -2.458 -1.979 -2.205
70 F -1.545 -2.63 -2.643 -2.751 -1.15 -3.065 -2.816 -2.625 -1.338 0.37 -0.061 -2.428 -0.288 5.112 3.276 -2.457 -1.783 -0.41 1.6 0.609
71 G 0.019 -2.428 -0.511 -1.394 -1.391 -2.266 -2.693 5.875 -1.547 -3.286 -3.532 -1.722 -2.738 -2.749 -2.85 -1.073 -1.99 -2.511 -3.219 -2.935
72 F -2.405 -2.967 -2.931 -3.385 -1.445 -3.935 -3.553 -2.945 -0.899 0.206 0.494 -3.375 0.131 6.622 -4.519 -3.101 -2.441 0.781 2.86 -0.578
73 V -0.304 -2.557 -3.0 -3.235 0.269 -2.658 -2.964 -3.026 -2.986 2.959 0.874 -2.459 0.761 -0.469 -3.242 -2.355 -0.522 -2.458 -1.356 4.306
74 I -1.714 -2.574 -2.919 -3.282 -0.763 -2.791 -3.239 -3.281 -0.276 3.0 1.569 -2.542 0.782 3.116 -3.655 -2.954 -1.647 0.229 3.825 1.439
75 F -1.997 -2.734 -3.043 -3.402 -0.869 -3.402 -3.48 -3.117 -1.445 1.669 2.152 -2.991 0.932 5.317 -4.08 -3.034 -1.693 -0.047 1.776 0.535
76 F -2.155 -2.746 -3.066 -3.469 -1.039 -3.529 -3.502 -3.082 -1.251 0.813 2.073 -3.114 0.825 5.799 -4.252 -3.137 -2.193 0.258 2.165 -0.019
77 K -0.905 1.89 -0.313 -0.738 -2.039 1.926 0.423 -1.432 -0.146 -2.21 -2.274 4.358 -1.162 -2.898 -1.82 -0.934 -1.137 -2.565 -1.782 -2.039
78 L 1.626 -1.859 -1.589 -2.042 -0.124 -1.921 -2.114 1.497 -1.502 0.279 1.806 -1.559 0.423 1.066 -2.511 0.129 -0.859 -1.846 -0.994 0.008
79 L -1.564 -2.49 -3.404 -3.559 -0.221 -2.863 -3.48 -3.481 -2.493 3.025 3.621 -2.605 1.841 0.599 -3.646 -3.206 -1.498 -1.864 -1.191 1.653
80 L -1.612 -2.257 -3.433 -3.691 -0.221 -2.711 -3.376 -3.453 -2.384 1.934 4.15 -2.549 2.062 0.762 -3.675 -3.229 -1.651 -1.721 -1.127 1.035
81 F -2.171 -2.805 -2.866 -3.322 -1.282 -3.44 -3.391 -3.033 -0.413 1.358 0.523 -3.032 0.206 5.884 -4.185 -3.015 -2.178 0.783 3.632 0.167
82 L -1.172 -2.465 -3.294 -3.49 -0.08 -2.779 -3.313 -3.345 -2.598 2.839 3.217 -2.555 1.63 0.378 -3.536 -2.953 -1.223 -1.986 -1.223 2.572
83 S 1.468 -1.006 0.018 -0.697 0.11 -0.884 -0.941 -0.395 -0.877 -1.243 -1.831 -0.569 -1.011 -1.892 -1.605 2.572 2.335 -2.496 -1.812 -0.628
84 G -1.289 -1.99 1.501 1.443 -1.671 -2.014 -1.641 2.722 -0.07 -1.415 -1.412 -1.729 -1.287 3.617 -3.2 -1.53 -1.788 -0.319 2.63 -1.749
85 G -0.872 -1.518 3.16 3.016 -1.803 -1.31 -0.727 3.806 -0.369 -2.992 -3.443 -1.034 -2.584 -2.716 -2.653 -0.766 -1.344 -2.931 -2.825 -2.841
86 N -1.747 -0.627 5.437 2.552 -1.987 -0.645 -0.465 -0.345 0.725 -2.785 -3.269 -0.437 -2.303 -2.517 -2.614 -0.294 -0.641 -3.111 -2.26 -2.673
87 F -2.325 -2.778 -2.814 -3.342 -1.496 -3.529 -3.364 -2.954 -0.251 0.074 0.324 -3.122 0.02 6.324 -4.331 -3.009 -2.4 1.04 3.865 -0.641
88 G 0.019 -2.428 -0.511 -1.394 -1.391 -2.266 -2.693 5.875 -1.547 -3.286 -3.532 -1.722 -2.738 -2.749 -2.85 -1.073 -1.99 -2.511 -3.219 -2.935
89 L -1.026 -2.432 -2.151 -2.611 -0.32 -2.577 -3.047 0.958 -2.257 3.09 2.127 -2.191 0.98 -0.122 -3.156 -1.922 0.498 -2.126 -1.546 1.595
90 A 3.084 -1.207 -0.588 -1.044 0.356 -1.042 -1.028 0.087 -0.938 -1.305 -1.777 -0.664 -1.069 -1.955 -1.549 2.132 0.353 -2.553 -1.826 -0.46
91 I -1.448 -3.172 -3.334 -3.252 -0.221 -3.28 -3.758 -3.55 -2.782 4.7 1.606 -2.75 1.2 0.147 -3.576 -3.147 -1.146 -2.256 -1.356 2.789
92 L -1.925 -2.54 -3.207 -3.556 -0.684 -3.174 -3.451 -3.225 -1.653 1.315 3.088 -2.875 1.385 4.643 -4.007 -3.174 -1.964 -0.38 1.249 0.45
93 L -1.414 -2.526 -3.351 -3.591 4.635 -2.908 -3.513 -3.25 -2.493 2.301 3.456 -2.671 1.627 0.696 -3.611 -2.951 -1.545 -1.915 -1.224 1.19
94 F -2.125 -2.501 -2.763 -3.339 -1.331 -3.011 -3.164 -3.029 0.166 0.285 1.138 -2.776 0.301 5.509 -4.033 -2.936 -2.235 1.069 4.435 -0.4
95 Y -1.952 -1.984 -2.291 -3.133 -1.765 -2.074 -2.57 -2.995 1.758 -0.693 -0.718 -2.11 -0.609 4.062 -3.539 -2.586 -2.199 2.07 6.475 -0.978
96 L -1.624 -2.16 -2.981 -3.355 -0.487 -2.381 -3.105 -3.068 -1.54 1.476 2.945 -2.385 3.561 3.589 -3.747 -2.812 -1.642 -0.775 0.551 0.759
97 I -1.713 -2.979 -3.225 -3.343 -0.521 -3.368 -3.647 -3.352 -2.065 3.651 1.856 -2.887 1.071 3.712 -3.829 -3.144 -1.528 -0.975 0.581 1.939
98 C -0.361 -2.235 -1.628 -2.244 6.956 -2.271 -2.574 -2.003 -2.235 1.516 -0.278 -1.945 -0.24 -1.283 -2.646 -0.297 1.805 -2.648 -1.983 1.462
99 F -2.405 -2.967 -2.931 -3.385 -1.445 -3.935 -3.553 -2.945 -0.899 0.206 0.494 -3.375 0.131 6.622 -4.519 -3.101 -2.441 0.781 2.86 -0.578
100 G 0.013 -1.817 -0.893 -1.561 -0.313 -1.824 -1.954 1.366 -1.377 1.3 -0.419 -1.465 -0.305 1.946 -2.507 0.983 0.994 -1.705 -0.51 1.091
101 L -1.138 -2.205 -2.22 -2.659 -0.488 -2.39 -2.756 -2.492 -1.459 2.186 1.957 -2.176 2.372 3.676 -3.374 -0.685 -1.102 -0.881 0.595 0.949
102 L -1.612 -2.257 -3.433 -3.691 -0.221 -2.711 -3.376 -3.453 -2.384 1.934 4.15 -2.549 2.062 0.762 -3.675 -3.229 -1.651 -1.721 -1.127 1.035
103 S 0.076 -1.641 -0.718 -1.421 4.604 -1.553 -1.776 1.483 -1.052 -0.77 -0.692 -1.317 1.53 1.881 -2.469 1.588 -0.266 -1.704 -0.584 -0.818
104 L -1.83 -2.16 -2.774 -3.378 -0.983 -2.439 -2.956 -3.179 0.427 0.774 2.379 -2.369 0.877 3.454 -3.658 -2.881 -1.967 0.874 4.756 0.08
105 I -0.182 -2.071 1.123 -1.521 -0.454 -2.169 -2.333 -1.76 -1.221 3.053 0.514 -1.772 0.32 2.159 -2.973 -0.266 -0.736 -1.707 -0.371 1.447
106 L -1.588 -2.371 -3.419 -3.624 -0.221 -2.786 -3.428 -3.467 -2.438 2.531 3.898 -2.577 1.953 0.682 -3.661 -3.217 -1.574 -1.792 -1.159 1.361
107 K -1.2 0.147 1.516 -0.43 -1.56 -0.26 0.813 -1.632 0.249 -1.336 -1.486 1.947 -1.03 2.231 -2.393 -0.901 0.516 -0.684 2.352 -1.331
108 K -1.082 3.579 -0.393 -1.009 -2.126 0.656 0.018 -1.617 -0.212 -2.325 -2.249 4.111 -1.295 -2.777 -2.014 -1.093 -1.254 -2.526 -1.855 -2.115
109 Y -1.256 -1.101 -2.118 -2.698 -1.036 -1.673 -2.096 -2.713 0.53 0.83 -0.223 0.285 -0.17 3.216 -3.18 -2.256 -1.482 0.751 4.735 1.623
110 K -1.122 1.62 2.927 -0.074 -2.014 0.409 -0.03 -1.03 0.092 -2.357 -2.54 3.855 -1.533 -2.742 -2.001 -0.719 -0.963 -2.728 -1.937 -2.222
111 C -0.321 -2.637 -2.441 -2.828 6.378 -2.711 -3.066 -2.469 -2.613 2.69 0.413 -2.36 0.265 -0.82 -3.009 -1.589 0.7 -2.582 -1.792 2.424
112 N -1.731 -0.486 5.788 1.211 -1.917 -0.598 -0.796 -0.225 0.898 -2.783 -3.222 -0.367 -2.232 -2.445 -2.658 -0.189 -0.522 -3.037 -2.14 -2.631
113 E -1.149 -0.426 -0.957 0.394 -1.58 1.766 3.339 -2.282 -0.161 -0.515 1.155 0.102 0.025 -1.252 -2.392 -1.358 -1.399 -2.2 -1.62 -0.829
114 P -0.907 -2.084 -2.004 -1.635 -1.528 -2.004 -1.693 -1.923 -1.678 -2.388 -2.821 -1.135 -2.474 -3.406 6.733 -1.523 -1.419 -4.62 -2.706 -2.233
115 L -1.857 -2.377 -3.079 -3.51 -0.723 -2.857 -3.268 -3.234 -0.836 1.226 3.02 -2.66 1.313 4.018 -3.849 -3.079 -1.928 -0.002 2.827 0.406
116 F -2.405 -2.967 -2.931 -3.385 -1.445 -3.935 -3.553 -2.945 -0.899 0.206 0.494 -3.375 0.131 6.622 -4.519 -3.101 -2.441 0.781 2.86 -0.578
117 L -1.937 -2.73 -3.221 -3.472 -0.828 -3.216 -3.468 -3.131 -1.759 2.471 2.022 -2.879 0.897 3.789 -4.117 -3.201 -1.857 5.849 1.126 1.033
118 A 3.003 -1.482 -0.902 -1.357 0.228 -1.345 -1.411 1.929 -1.224 -1.178 -1.706 -0.922 -1.132 -1.996 -1.731 0.989 1.009 -2.488 -1.981 -0.38
119 C 1.524 -2.408 -2.172 -2.556 6.221 -2.51 -2.695 1.423 -1.785 -0.303 0.48 -2.087 -0.324 1.938 -2.796 -1.142 -1.344 0.303 -0.607 -0.298
120 L -1.518 -2.237 -3.253 -3.497 -0.224 -2.491 -3.268 -3.338 -2.199 2.487 3.657 -2.404 2.968 0.631 -3.607 -3.025 -1.493 -1.739 -1.125 1.346
121 L -1.432 -2.636 -3.264 -3.449 -0.288 -3.008 -3.44 -3.338 -2.292 3.018 2.831 -2.698 1.435 2.524 -3.684 -3.047 -1.406 -1.403 -0.17 2.164
122 L -1.541 -2.128 -3.267 -3.561 -0.224 -2.423 -3.22 -3.325 -2.149 1.88 3.93 -2.378 3.045 0.713 -3.621 -3.036 -1.569 -1.67 -1.094 1.019
123 V 0.852 -2.113 -2.094 -2.427 0.153 -2.149 -2.366 -1.842 -2.119 2.501 1.323 -1.848 0.671 -0.486 -2.733 -0.219 -0.46 -2.341 -1.447 2.889
124 F -1.935 -2.911 -3.013 -3.442 4.502 -3.668 -3.586 -2.897 -1.307 0.415 1.257 -3.215 0.366 5.753 -4.178 -2.88 -2.146 0.169 2.105 -0.272
125 G 0.019 -2.428 -0.511 -1.394 -1.391 -2.266 -2.693 5.875 -1.547 -3.286 -3.532 -1.722 -2.738 -2.749 -2.85 -1.073 -1.99 -2.511 -3.219 -2.935
126 Y -1.952 -1.984 -2.291 -3.133 -1.765 -2.074 -2.57 -2.995 1.758 -0.693 -0.718 -2.11 -0.609 4.062 -3.539 -2.586 -2.199 2.07 6.475 -0.978
127 N -0.282 -0.759 3.839 0.285 -0.654 -0.764 -0.915 -0.5 -0.019 -1.647 -2.253 -0.496 -1.406 -2.076 -2.04 1.56 2.124 -2.676 -1.942 -1.233
128 L -1.612 -2.257 -3.433 -3.691 -0.221 -2.711 -3.376 -3.453 -2.384 1.934 4.15 -2.549 2.062 0.762 -3.675 -3.229 -1.651 -1.721 -1.127 1.035
129 I -1.365 -3.046 -3.223 -3.268 -0.288 -3.265 -3.601 -3.377 -2.45 4.136 1.373 -2.786 1.008 2.392 -3.641 -3.014 -1.196 -1.596 -0.238 2.79
130 L -1.612 -2.257 -3.433 -3.691 -0.221 -2.711 -3.376 -3.453 -2.384 1.934 4.15 -2.549 2.062 0.762 -3.675 -3.229 -1.651 -1.721 -1.127 1.035
131 E -0.99 -0.193 -0.409 1.447 -2.482 1.275 4.653 -2.02 0.322 -2.835 -2.774 0.606 -1.824 -2.679 -1.952 -0.862 -1.372 -2.458 -1.979 -2.205
132 Q -0.953 0.936 -0.164 -0.428 -1.982 5.123 1.321 -1.55 0.698 -2.311 -2.062 1.151 -0.474 -3.03 -2.222 -0.825 -1.046 -2.256 -1.356 -1.858
133 L -1.612 -2.257 -3.433 -3.691 -0.221 -2.711 -3.376 -3.453 -2.384 1.934 4.15 -2.549 2.062 0.762 -3.675 -3.229 -1.651 -1.721 -1.127 1.035
134 R -1.605 5.638 -0.533 -1.635 -2.33 0.447 -0.632 -2.199 0.028 -2.682 -2.099 1.948 -1.295 -2.543 -2.775 -1.477 -1.525 -2.305 -1.843 -2.233
135 Q -0.953 0.936 -0.164 -0.428 -1.982 5.123 1.321 -1.55 0.698 -2.311 -2.062 1.151 -0.474 -3.03 -2.222 -0.825 -1.046 -2.256 -1.356 -1.858
136 F -2.081 -2.57 -2.943 -3.424 -1.084 -3.174 -3.316 -3.09 -0.529 0.707 1.976 -2.882 0.738 5.396 -4.08 -3.044 -2.154 0.566 3.393 -0.07
137 I -1.471 -3.022 -3.348 -3.31 -0.221 -3.192 -3.7 -3.536 -2.722 4.434 2.137 -2.72 1.34 0.243 -3.59 -3.159 -1.213 -2.173 -1.322 2.595
138 A 4.082 -1.555 -1.733 -1.758 0.609 -1.391 -1.369 0.303 -1.282 -0.901 -1.392 -0.92 -0.944 -1.919 -1.546 0.384 -0.493 -2.511 -1.826 0.068
139 C -0.518 -3.409 -3.035 -3.489 9.753 -3.529 -3.995 -2.234 -3.021 -0.803 -1.132 -3.184 -1.149 -2.098 -3.277 -1.741 -1.387 -3.306 -2.867 -0.48
140 I -1.092 -2.842 -3.248 -3.306 -0.072 -3.006 -3.455 -3.377 -2.777 3.992 1.979 -2.635 1.227 0.086 -3.49 -2.908 -1.016 -2.228 -1.322 3.148
141 I -1.448 -3.172 -3.334 -3.252 -0.221 -3.28 -3.758 -3.55 -2.782 4.7 1.606 -2.75 1.2 0.147 -3.576 -3.147 -1.146 -2.256 -1.356 2.789
142 V -0.756 -2.813 -3.143 -3.243 0.062 -2.917 -3.289 -3.246 -2.894 3.861 1.221 -2.584 0.964 -0.18 -3.385 -2.679 -0.782 -2.367 -1.356 3.73
143 F -2.405 -2.967 -2.931 -3.385 -1.445 -3.935 -3.553 -2.945 -0.899 0.206 0.494 -3.375 0.131 6.622 -4.519 -3.101 -2.441 0.781 2.86 -0.578
144 Y 0.244 -1.894 -2.225 -2.879 -0.976 -1.883 -2.322 -2.234 1.334 0.086 -0.68 -1.838 -0.506 2.549 -3.033 -1.855 -1.584 1.483 5.891 0.708
145 A 2.423 -1.651 -1.186 -1.575 0.097 -1.593 -1.586 -0.51 -1.149 0.843 -0.616 -1.183 -0.436 1.898 -2.063 1.257 -0.258 -1.739 -0.457 0.3
146 L -1.397 -2.421 -3.148 -3.402 -0.29 -2.692 -3.272 -3.228 -2.07 2.595 2.868 -2.531 2.488 2.537 -3.652 -2.909 -1.402 -1.317 -0.133 1.962
147 L -1.54 -2.614 -3.39 -3.494 -0.221 -2.941 -3.534 -3.494 -2.548 3.447 3.316 -2.633 1.723 0.514 -3.632 -3.194 -1.424 -1.938 -1.223 1.919
148 N -1.242 0.253 3.655 -0.102 4.451 -0.501 -0.875 -1.073 -0.097 -1.279 -0.437 2.077 -0.917 -1.901 -2.508 -0.858 -0.943 -2.756 -2.004 -1.426
149 Y -1.981 -2.187 -2.546 -3.254 -1.43 -2.439 -2.842 -3.046 1.028 0.023 0.861 -2.375 0.088 4.527 -3.722 -2.763 -2.157 1.521 5.572 -0.519
150 N -0.693 -1.003 3.676 0.288 4.512 -0.702 0.629 -0.958 -0.105 -0.661 -1.741 -0.687 -1.252 -1.991 -2.509 0.349 -0.463 -2.834 -2.034 0.233
151 K -1.313 0.444 1.532 -0.34 -1.98 1.499 1.12 -1.657 0.71 -1.775 -1.795 2.12 -1.091 1.444 -2.423 -1.17 -1.328 -0.468 3.005 -1.747
152 N -1.217 -1.187 3.674 2.101 -1.277 -1.213 -0.884 -0.964 -0.062 -0.94 0.043 -0.99 -0.698 1.864 -2.735 0.204 -0.719 -1.925 -0.614 -1.316
153 K -0.95 2.346 -0.247 -0.956 -2.02 1.631 -0.058 1.328 3.336 -2.489 -2.435 3.008 -1.327 -2.461 -2.236 -1.112 -1.44 -2.326 -1.092 -2.301
154 K -0.387 0.803 3.008 0.046 -1.271 0.041 -0.263 -0.66 0.035 -2.285 -2.57 2.825 -1.521 -2.484 -1.921 1.237 -0.236 -2.733 -1.927 -1.988
155 L -1.619 -2.355 -3.114 -3.45 -0.474 -2.632 -3.238 -3.375 -0.86 2.601 3.088 -2.458 1.47 1.369 -3.591 -3.047 -1.608 -0.456 2.795 1.309
156 P -0.957 -0.527 1.881 -0.967 -0.914 -1.117 -1.376 -1.712 -0.943 1.471 -0.613 1.154 -0.498 -1.558 2.504 -1.278 -0.353 -2.883 -1.854 1.393
157 G -0.702 2.58 1.531 -0.645 -1.87 -0.545 0.252 2.762 -0.334 -2.675 -2.581 0.165 -1.833 -1.695 -2.879 -1.186 -1.567 5.24 -1.109 -2.373
158 L -1.232 -0.926 -1.956 -2.515 -0.8 -1.508 -2.012 -2.532 -0.029 0.691 2.467 0.382 0.885 1.388 -3.016 -1.16 -1.362 -0.058 3.585 0.049
159 Y -1.798 -1.763 -2.111 -3.008 -1.737 -1.769 -2.349 -2.918 2.119 -0.789 -0.896 -1.859 -0.668 3.363 -3.319 -2.423 -2.075 2.323 6.624 -0.965
160 I -1.384 -2.966 -3.279 -3.384 4.625 -3.222 -3.689 -3.258 -2.544 3.629 2.115 -2.803 1.121 1.459 -3.609 -2.912 -1.361 -1.895 -0.84 1.983
161 L -1.714 0.808 -2.576 -3.002 -0.764 -2.381 -2.918 -3.091 -1.559 2.937 1.602 -1.48 0.805 3.635 -3.653 -2.741 -1.321 -0.974 0.547 1.372
162 L -1.27 -2.361 -2.223 -2.83 -1.039 -2.626 -3.071 2.575 -1.763 0.211 2.067 -2.366 0.441 0.223 -3.788 -2.475 -2.031 7.154 -0.073 -0.484
163 V -0.455 -2.487 -2.437 -2.844 4.701 -2.57 -2.903 -2.675 -2.694 2.711 0.564 -2.29 0.458 -0.696 -3.023 -1.69 0.819 -2.503 -1.589 3.346
164 I -1.454 -2.732 -2.529 -2.856 -0.476 -3.017 -3.241 -2.965 -1.929 3.488 1.037 -2.537 0.715 3.629 -3.447 -2.194 0.463 -1.023 0.536 1.832
165 I -1.215 -2.615 -2.673 -2.971 -0.255 -2.854 -3.193 -3.041 -2.237 3.414 1.759 -2.466 0.998 2.366 -3.372 -2.275 0.281 -1.53 -0.246 2.377
166 A 3.798 -1.436 -1.307 -1.503 0.53 -1.271 -1.251 0.239 -1.162 -1.033 -1.516 -0.832 -0.987 -1.932 -1.546 1.09 -0.239 -2.526 -1.826 -0.098
167 S 2.255 -1.005 -0.045 -0.663 0.189 -0.836 -0.82 -0.032 -0.726 -1.63 -2.074 -0.506 -1.165 -1.987 -1.546 2.893 0.598 -2.588 -1.826 -0.877
168 C -0.511 -2.297 -1.76 -2.383 7.422 -2.449 -2.682 -1.917 -1.877 -0.124 0.573 -2.131 -0.187 1.946 -2.879 -0.036 0.694 -1.858 -0.668 -0.227
169 F -2.189 -2.696 -2.854 -3.308 -1.239 -3.324 -3.362 -2.902 -0.919 0.437 0.778 -3.026 2.026 6.232 -4.313 -2.933 -2.211 0.555 2.543 -0.311
170 H -1.778 -0.428 0.389 -1.032 -2.405 -0.236 -0.571 -1.768 8.12 -2.732 -2.666 -0.836 -1.332 -0.924 -2.82 -1.65 -2.297 -1.525 1.596 -3.106
171 V 1.65 -2.301 -2.622 -2.738 0.301 -2.307 -2.5 -1.68 -2.356 2.665 0.621 -1.964 0.47 -0.683 -2.69 -1.355 -0.609 -2.431 -1.479 3.326
172 S 0.997 -0.812 0.426 -0.319 0.002 -0.641 -0.626 -0.177 -0.531 -1.982 -2.399 -0.356 -1.258 -2.014 -1.546 3.495 0.94 -2.62 -1.826 -1.363
173 A 3.482 -1.322 -0.936 -1.269 0.448 -1.156 -1.137 0.174 -1.047 -1.171 -1.646 -0.747 -1.03 -1.946 -1.546 1.656 -0.006 -2.542 -1.826 -0.274
174 L -1.402 -2.429 -3.363 -3.556 -0.161 -2.795 -3.387 -3.417 -2.513 2.745 3.585 -2.572 1.803 0.544 -3.605 -3.101 -1.409 -1.884 -1.191 1.973
175 V 0.604 -2.624 -2.909 -2.979 0.124 -2.671 -2.957 -2.408 -2.592 3.602 1.004 -2.292 0.78 -0.341 -3.054 -2.019 -0.768 -2.377 -1.419 3.337
176 I -1.033 -2.684 -3.092 -3.192 -0.075 -2.688 -3.294 -3.252 -2.51 3.966 1.49 -2.459 2.477 0.023 -3.439 -2.735 -0.949 -2.166 -1.287 3.141
177 L -1.51 -2.809 -3.275 -3.389 -0.327 -3.138 -3.553 -3.389 -2.332 3.582 2.456 -2.749 1.327 2.498 -3.696 -3.099 -1.387 -1.455 -0.193 2.22
178 P -0.907 -2.084 -2.004 -1.635 -1.528 -2.004 -1.693 -1.923 -1.678 -2.388 -2.821 -1.135 -2.474 -3.406 6.733 -1.523 -1.419 -4.62 -2.706 -2.233
179 A 2.826 -1.76 -1.754 -1.974 0.315 -1.647 -1.826 -0.595 -1.555 1.633 -0.09 -1.26 0.998 -1.105 -2.019 -0.187 0.848 -2.323 -1.638 0.966
180 I -1.503 -2.875 -3.178 -3.346 -0.438 -3.259 -3.519 -3.275 -2.082 3.329 1.825 -2.838 1.025 3.691 -3.776 -3.018 -1.424 -0.987 0.582 2.276
181 L 0.174 -2.187 -2.691 -3.022 -0.472 -2.327 -2.791 -2.311 -0.712 1.764 1.9 -2.162 2.311 3.279 -3.289 -2.098 -1.494 -0.265 2.61 0.776
182 L -1.612 -2.257 -3.433 -3.691 -0.221 -2.711 -3.376 -3.453 -2.384 1.934 4.15 -2.549 2.062 0.762 -3.675 -3.229 -1.651 -1.721 -1.127 1.035
183 C 0.572 -2.441 -2.802 -3.045 6.378 -2.451 -2.977 -2.104 -2.245 1.956 1.388 -2.253 2.156 -0.526 -3.042 -1.743 -1.071 -2.341 -1.666 1.696
184 K -0.349 1.521 1.843 0.06 -1.346 0.305 1.171 -0.932 -0.044 -2.324 -2.499 2.636 -1.473 -2.495 -1.897 1.168 -0.351 -2.628 -1.904 -1.947
185 I -1.69 -3.112 -3.213 -3.289 -0.521 -3.453 -3.698 -3.364 -2.108 3.963 1.329 -2.915 0.933 3.686 -3.815 -3.134 -1.46 -1.023 0.565 2.157
186 K -1.082 3.579 -0.393 -1.009 -2.126 0.656 0.018 -1.617 -0.212 -2.325 -2.249 4.111 -1.295 -2.777 -2.014 -1.093 -1.254 -2.526 -1.855 -2.115
187 N -1.131 1.564 4.967 0.747 -1.601 -0.429 -0.747 -0.43 0.616 -2.64 -2.908 0.102 -1.925 -2.393 -2.486 0.608 -0.375 -2.86 -2.049 -2.356
188 R -0.693 2.561 -0.359 2.246 -1.004 -0.547 0.291 -1.752 -0.783 0.247 -1.127 0.152 -0.766 -1.797 -2.527 -0.056 -0.727 -2.644 -1.92 1.36
189 K -1.057 0.054 1.766 1.684 -1.231 -0.592 -0.522 -1.338 -0.495 -1.227 -1.575 1.89 -1.094 1.69 -2.238 -0.489 1.683 -1.864 -0.623 -1.167
190 L -0.674 -0.936 -1.268 -1.856 -0.387 -1.479 -1.78 -2.026 -1.476 1.664 0.53 0.488 0.188 2.046 -2.555 -0.363 1.769 -1.622 -0.372 1.438
191 F -2.405 -2.967 -2.931 -3.385 -1.445 -3.935 -3.553 -2.945 -0.899 0.206 0.494 -3.375 0.131 6.622 -4.519 -3.101 -2.441 0.781 2.86 -0.578
192 I -0.516 -0.97 -1.157 -1.676 -0.393 -1.436 -1.71 -1.838 -1.44 2.681 0.225 0.532 0.187 0.965 -2.501 0.453 0.931 -2.007 -0.923 1.293
193 L 0.364 -2.412 -3.035 -3.146 -0.015 -2.614 -3.023 -2.491 -2.376 2.968 2.741 -2.29 1.352 0.151 -3.176 -2.226 -1.14 -2.073 -1.316 2.204
194 L 0.494 -2.218 -2.378 -2.685 0.023 -2.346 -2.696 -2.2 -2.23 2.809 2.114 -2.005 1.015 -0.154 -2.866 -1.505 0.667 -2.153 -1.406 2.131
195 T 0.382 -1.008 0.08 -0.732 0.03 -0.933 -1.067 -0.812 -1.036 -0.902 -1.606 -0.634 -0.865 -1.801 -1.665 2.21 3.412 -2.406 -1.798 -0.399
196 L -1.133 -2.58 -3.275 -3.427 -0.072 -2.847 -3.352 -3.351 -2.658 3.256 2.856 -2.578 1.498 0.279 -3.517 -2.93 -1.146 -2.066 -1.256 2.796
197 L -0.517 -1.961 -1.809 -2.297 -0.116 -2.097 -2.38 -2.158 -1.845 2.174 2.519 -1.835 1.12 0.624 -2.915 0.338 -0.553 -1.98 -1.104 1.709
198 S 1.244 -1.328 -0.517 -1.142 -0.097 -1.296 -1.311 -0.678 -0.892 -0.556 0.297 -0.978 -0.26 1.944 -2.071 2.245 0.151 -1.692 -0.432 -0.559
199 I 0.482 -2.661 -2.4 -2.677 -0.288 -2.76 -2.993 1.131 -2.035 3.059 0.623 -2.284 0.387 2.166 -3.137 -1.9 -1.196 -1.653 -0.419 2.109
200 I -0.67 -2.258 -1.784 -2.25 -0.214 -2.354 -2.547 -2.28 -1.852 3.104 0.681 -1.972 0.504 2.197 -2.93 -0.167 0.728 -1.64 -0.32 2.158
201 L -0.255 -1.846 -1.346 -1.967 -0.233 -1.924 -2.213 1.425 -1.693 1.018 2.227 -1.65 0.752 -0.385 -2.764 0.581 -0.587 -2.165 -1.597 1.121
202 F -1.841 -2.906 -3.153 -3.362 -0.684 -3.398 -3.589 -3.249 -1.755 3.048 1.795 -2.946 1.132 4.581 -3.954 -3.121 -1.711 -0.507 1.21 1.47
203 V 0.465 -2.682 -2.809 -3.045 4.639 -2.925 -3.036 -2.183 -1.96 2.064 0.428 -2.525 0.239 3.507 -3.257 -1.925 -1.174 -1.168 0.444 2.205
204 L -1.217 -2.706 -2.591 -3.038 3.014 -3.067 -3.355 0.941 -1.891 1.895 1.785 -2.678 0.675 3.606 -3.65 -2.552 -1.638 -1.009 0.448 1.315
205 F -1.748 -2.721 -2.519 -3.057 -1.129 -3.349 -3.376 0.952 -1.251 0.416 1.544 -2.894 0.442 5.495 -4.03 -2.733 -2.188 0.059 1.888 -0.354
206 L -1.388 -2.37 -3.12 -3.39 -0.291 -2.619 -3.231 -3.202 -2.017 2.479 2.877 -2.491 2.7 2.54 -3.644 -2.875 -1.401 -1.296 -0.124 1.909
207 F -1.271 -2.466 -2.267 -2.692 -0.646 -2.818 -2.913 -2.524 -1.433 2.301 1.489 -2.425 0.879 4.534 -3.511 -0.751 -1.223 -0.534 1.184 0.924
208 L 0.264 -2.245 -2.326 -2.717 -0.33 -2.546 -2.745 -2.132 -1.643 1.739 1.967 -2.168 0.797 3.625 -3.094 -1.572 0.447 -0.938 0.539 0.791
209 G 0.325 -1.613 -0.306 -1.077 -0.552 -1.506 -1.687 3.798 -1.16 -1.126 -0.371 -1.141 -0.918 -1.668 -2.301 1.666 -0.334 -2.437 -2.216 -1.271
210 A 1.714 -0.688 -1.02 -1.53 -0.337 -1.046 -1.29 0.638 -0.359 -0.675 0.164 0.729 -0.417 -0.104 -2.113 0.767 -0.582 -1.102 1.954 -0.554
211 G 0.952 -1.341 -0.535 -1.237 -0.744 -1.198 -1.319 1.57 3.324 -1.901 -2.199 -0.983 -1.456 -0.425 1.814 1.064 -0.618 -1.207 2.122 -1.523
212 L 0.435 -2.555 -2.994 -3.062 0.02 -2.682 -3.041 -2.478 -2.469 3.45 2.041 -2.31 1.11 -0.042 -3.136 -2.167 -0.995 -2.207 -1.367 2.682
213 L -1.309 -2.649 -3.139 -3.404 -0.349 -3.068 -3.339 -3.182 -2.059 2.474 2.24 -2.759 1.108 3.694 -3.732 -2.895 -1.377 -0.953 0.6 2.422
214 S 0.944 -0.971 1.65 -0.227 -0.389 -0.621 0.7 -0.786 -0.531 -0.775 0.036 -0.56 -0.512 -1.474 -2.012 1.333 1.116 -2.436 -1.77 -0.63
215 S 1.173 -0.96 -0.364 -0.961 -0.463 0.922 -0.801 1.682 -0.579 -1.555 -1.693 -0.578 -1.004 1.711 -2.097 1.786 -0.159 -1.751 -0.557 -1.212
216 L -1.637 -2.419 -3.38 -3.602 -0.293 -2.86 -3.44 -3.427 -2.3 2.454 3.732 -2.629 1.847 1.825 -3.713 -3.208 -1.622 -1.514 -0.596 1.281
217 A 3.22 -1.444 -1.146 -1.368 0.255 -1.288 -1.235 -0.032 -1.154 -1.285 -1.758 -0.818 -1.188 -2.111 1.964 1.243 -0.222 -2.758 -1.937 -0.443
218 G 0.675 -0.552 1.827 1.783 -1.205 2.207 -0.025 2.354 -0.145 -2.33 -2.569 -0.175 -1.497 -2.619 -2.257 -0.002 -0.907 -2.644 -2.123 -1.846
219 L 0.107 -2.254 -2.745 -3.084 -0.548 -2.535 -2.872 -2.286 -0.975 1.051 2.072 -2.319 2.08 4.258 -3.43 -2.158 -1.645 -0.227 2.122 0.351
220 N 0.741 -0.705 4.494 0.554 -0.832 -0.711 -0.823 -0.131 0.319 -2.214 -2.658 -0.436 -1.732 -2.244 -2.145 1.398 -0.043 -2.84 -2.006 -1.721
221 F -2.277 -2.854 -2.998 -3.427 -1.235 -3.725 -3.527 -3.013 -1.07 0.526 1.39 -3.242 0.499 6.24 -4.382 -3.119 -2.314 0.531 2.533 -0.285
222 V 1.658 -2.305 -2.617 -2.733 0.307 -2.306 -2.495 -1.677 -2.364 2.679 0.524 -1.963 0.444 -0.706 -2.685 -1.347 -0.595 -2.443 -1.483 3.365
223 F -1.994 -2.905 -2.941 -3.363 -1.129 -3.714 -3.461 -2.957 -1.12 0.799 0.551 -3.225 0.229 6.218 -4.298 -2.982 -2.076 0.489 2.525 0.838
224 A 1.49 1.716 1.567 -0.316 -0.769 -0.115 0.886 -0.782 -0.318 -1.626 -1.957 1.384 -1.26 -2.259 -1.962 -0.202 0.748 -2.519 -1.891 -1.017
225 K -0.897 2.023 -0.339 -0.793 -2.048 0.736 0.242 -1.413 -0.314 -2.194 -2.311 4.664 -1.295 -2.877 -1.758 -0.952 -1.153 -2.62 -1.86 -2.07
226 I -1.471 -3.022 -3.348 -3.31 -0.221 -3.192 -3.7 -3.536 -2.722 4.434 2.137 -2.72 1.34 0.243 -3.59 -3.159 -1.213 -2.173 -1.322 2.595
227 A 1.516 -1.192 2.867 1.814 -0.516 -1.104 -0.813 -0.457 -0.401 -0.935 -0.071 -0.833 -0.729 -1.586 -2.194 0.575 -0.492 -2.668 -1.949 -0.82
228 Y -2.0 -1.865 1.036 -1.992 -1.722 -2.06 -2.385 -2.389 1.284 -0.705 -0.671 -1.967 -0.626 4.451 -3.55 -2.173 -1.931 1.472 5.56 -1.078
229 Y -1.883 -1.848 -2.196 -3.093 -1.823 -1.854 -2.434 -3.003 2.034 -0.874 -0.981 -1.944 -0.753 3.277 -3.404 -2.508 -2.16 2.238 6.799 -1.05
230 L -1.564 -2.49 -3.404 -3.559 -0.221 -2.863 -3.48 -3.481 -2.493 3.025 3.621 -2.605 1.841 0.599 -3.646 -3.206 -1.498 -1.864 -1.191 1.653
231 E -0.427 0.171 0.222 2.092 -1.463 1.628 2.283 -1.183 2.961 -2.471 -2.613 0.179 -1.46 -2.3 -2.026 1.093 -0.549 -2.478 -1.255 -2.058
232 Q -0.648 0.648 -0.382 -0.758 -1.319 3.796 0.569 -1.479 0.106 -1.137 0.023 1.625 -0.117 -1.944 -2.204 0.164 -0.747 -2.27 -1.451 -1.184
233 N -0.67 -0.668 4.399 0.484 -1.247 -0.671 -0.837 -0.459 2.481 -2.323 -2.672 -0.502 -1.71 -1.03 -2.355 1.279 -0.199 -1.789 1.064 -2.083
234 P -0.766 -1.767 -1.473 -0.911 -1.626 -1.269 0.453 1.231 -1.276 -2.563 -2.906 -0.881 -2.407 -3.191 5.811 -1.352 -1.487 -3.834 -2.656 -2.319
235 I -0.799 -2.578 -2.527 -2.819 0.002 -2.661 -3.027 -2.954 -2.623 3.755 1.077 -2.297 0.842 -0.271 -3.125 -1.978 0.76 -2.326 -1.412 3.221
236 L -0.199 -1.569 -1.206 -1.117 -0.269 -1.164 0.36 -0.894 -1.368 1.899 0.943 -1.163 0.314 -0.775 -2.535 0.743 -0.336 -2.357 -1.573 1.969
237 L -1.34 -2.535 -3.339 -3.492 -0.146 -2.855 -3.415 -3.415 -2.574 3.143 3.264 -2.592 1.674 0.444 -3.581 -3.064 -1.316 -1.963 -1.223 2.281
238 K -0.742 0.802 2.984 0.074 -1.601 2.528 0.26 -0.866 0.35 -2.352 -2.477 2.33 -1.247 -2.652 -2.088 0.447 -0.549 -2.62 -1.775 -2.039
239 F -2.155 -2.746 -3.066 -3.469 -1.039 -3.529 -3.502 -3.082 -1.251 0.813 2.073 -3.114 0.825 5.799 -4.252 -3.137 -2.193 0.258 2.165 -0.019
240 G 0.019 -2.428 -0.511 -1.394 -1.391 -2.266 -2.693 5.875 -1.547 -3.286 -3.532 -1.722 -2.738 -2.749 -2.85 -1.073 -1.99 -2.511 -3.219 -2.935
241 W -2.23 -2.585 -3.168 -3.531 -1.464 -3.038 -3.245 -2.086 -1.489 1.075 0.827 -2.845 0.035 2.716 -4.645 -3.259 -2.248 9.036 1.579 -0.138
242 L -1.612 -2.257 -3.433 -3.691 -0.221 -2.711 -3.376 -3.453 -2.384 1.934 4.15 -2.549 2.062 0.762 -3.675 -3.229 -1.651 -1.721 -1.127 1.035
243 N -1.731 -0.486 5.788 1.211 -1.917 -0.598 -0.796 -0.225 0.898 -2.783 -3.222 -0.367 -2.232 -2.445 -2.658 -0.189 -0.522 -3.037 -2.14 -2.631
244 I -1.092 -2.842 -3.248 -3.306 -0.072 -3.006 -3.455 -3.377 -2.777 3.992 1.979 -2.635 1.227 0.086 -3.49 -2.908 -1.016 -2.228 -1.322 3.148
245 L -1.688 -2.467 -3.342 -3.579 -0.367 -2.936 -3.453 -3.388 -2.168 2.376 3.555 -2.682 1.736 2.642 -3.767 -3.199 -1.671 -1.261 -0.125 1.199
246 D -1.292 -1.692 0.619 5.039 -1.433 -1.168 0.379 -1.426 -0.968 -0.65 -2.012 -1.072 -1.594 -2.27 -2.373 -0.86 0.559 -3.188 -2.578 0.126
247 L 0.055 -2.418 -2.917 -3.203 -0.527 -2.906 -3.054 -2.352 -1.508 0.976 2.529 -2.544 1.026 4.577 -3.542 -2.308 -1.746 -0.443 1.209 0.302
248 L -1.614 -2.852 -3.3 -3.39 -0.367 -3.186 -3.615 -3.428 -2.32 3.716 2.49 -2.771 1.355 2.515 -3.722 -3.164 -1.442 -1.445 -0.193 2.041
249 F -2.246 -2.601 -2.701 -3.299 -1.548 -3.174 -3.187 -2.962 0.278 -0.064 0.144 -2.889 -0.096 5.992 -4.154 -2.919 -2.358 1.277 4.609 -0.705
250 V -0.704 -2.531 -2.504 -2.818 0.044 -2.613 -2.967 -2.915 -2.639 3.595 1.01 -2.275 0.802 -0.327 -3.099 -1.926 0.791 -2.344 -1.412 3.365
251 L 0.572 -2.277 -2.945 -3.136 0.124 -2.467 -2.832 -2.381 -2.431 2.251 2.573 -2.219 1.225 -0.023 -3.088 -2.042 -0.942 -2.134 -1.319 2.848
252 F 0.703 -2.475 -2.694 -2.977 -0.567 -2.926 -2.869 -1.931 -1.271 0.641 1.187 -2.484 0.371 5.184 -3.399 -1.898 -1.642 -0.154 1.688 0.548
253 Y -1.761 -1.936 -2.249 -3.12 2.748 -1.947 -2.522 -2.941 1.858 -0.869 -0.991 -2.017 -0.78 3.098 -3.395 -2.446 -2.098 2.056 6.593 -1.006
254 L -1.314 -2.67 -3.025 -3.334 4.598 -2.946 -3.374 -2.967 -1.899 2.223 1.637 -2.72 2.043 3.634 -3.695 -2.655 -1.457 -0.993 0.525 1.7
255 F -1.886 0.686 -2.439 -3.043 -1.084 -2.245 -2.746 -3.002 0.187 1.518 1.607 -1.52 0.595 4.329 -3.732 -2.755 -1.887 0.08 2.968 0.373
256 F -1.956 1.086 1.139 -1.813 -1.787 -1.565 -2.053 -2.284 1.003 -0.892 -0.792 -0.974 -0.694 4.202 -3.447 -2.019 -1.839 1.011 4.885 -1.221
257 R -0.52 2.611 1.568 -0.942 -0.778 -0.696 -1.211 -1.364 -0.516 0.412 0.359 0.159 -0.221 -1.271 -2.523 0.902 -0.396 -2.399 -1.691 0.215
258 Y 0.486 -0.177 1.388 -1.217 -1.157 -0.797 -1.186 -1.355 0.704 -0.061 -1.203 1.567 -0.848 1.013 -2.468 -1.089 -1.22 0.062 4.024 -0.588
259 S 0.782 -0.185 -0.532 -1.113 -0.55 1.167 -0.527 -1.068 2.026 -0.251 -1.286 1.033 -0.634 -0.933 -2.103 1.064 -0.316 -1.691 0.891 0.704
260 I -1.074 -0.522 -2.216 -2.614 -0.552 -2.571 -3.148 1.827 -2.18 3.805 0.852 -1.812 0.553 -0.422 -3.343 -2.432 -1.334 -2.312 -1.702 1.983
261 D -1.417 -0.237 2.216 4.044 -2.306 0.156 2.39 -1.249 -0.007 -2.711 -3.068 1.195 -2.153 -2.792 -2.189 -0.821 -1.233 -3.003 -2.405 -2.533
262 R -1.061 3.543 -1.0 -1.087 -1.358 0.053 0.802 -2.249 -0.57 0.651 -0.87 1.918 -0.545 -1.764 -2.579 -1.534 -1.171 -2.408 -1.716 1.123
263 N -1.131 0.513 3.716 0.11 -1.524 1.387 -0.263 -1.009 0.206 -0.794 -1.822 2.126 -1.082 -2.238 -2.379 -0.727 -0.762 -2.709 -1.817 0.063
264 G 0.756 -0.985 -0.885 -0.836 -0.837 1.091 0.768 1.42 -0.047 0.34 -1.146 -0.542 -0.419 -0.296 -2.337 0.181 -0.861 -1.106 1.939 -0.351
265 N 0.59 -0.211 2.85 0.095 -1.143 -0.251 0.875 -0.768 0.471 -1.937 -2.214 1.072 -1.453 -0.569 -2.147 0.475 -0.612 -1.261 1.916 -1.544
266 I -1.349 -3.073 -3.235 -3.153 -0.123 -3.182 -3.659 -3.452 -2.684 4.447 1.704 -2.651 1.299 0.245 -3.477 -3.049 -1.047 -2.157 -1.258 2.888
267 N -1.632 -0.387 5.584 1.309 -1.819 -0.499 -0.698 -0.127 0.996 -2.685 -3.124 -0.268 -2.134 -2.347 -2.56 -0.091 -0.424 -2.939 -2.041 -2.533
268 L 0.366 -1.981 -1.022 2.642 -0.454 -1.721 -1.082 -1.777 -1.522 1.742 1.175 -1.607 2.036 -0.667 -2.767 -1.512 -1.086 -2.402 -1.711 1.51
269 N -1.369 1.382 4.007 1.204 -1.613 -0.82 -1.03 1.547 0.068 -1.473 -0.307 -0.087 -1.033 -1.783 -2.789 -0.845 -1.054 -2.654 -2.105 -1.725
270 L -1.726 -2.4 -3.136 -3.489 -0.558 -2.786 -3.294 -3.321 -1.036 2.147 3.1 -2.583 1.434 2.926 -3.725 -3.085 -1.739 -0.377 2.488 0.991
271 L -1.649 -2.195 -3.221 -3.598 -0.402 -2.572 -3.222 -3.385 -1.181 1.665 3.785 -2.454 1.793 1.285 -3.635 -3.114 -1.719 -0.709 2.124 0.815
272 N 0.571 -1.309 2.697 -0.698 -0.294 -1.381 -1.632 -1.091 -0.778 0.495 0.525 -1.11 0.146 -1.126 -2.417 -0.388 1.666 -2.423 -1.693 1.083
273 R -1.605 5.638 -0.533 -1.635 -2.33 0.447 -0.632 -2.199 0.028 -2.682 -2.099 1.948 -1.295 -2.543 -2.775 -1.477 -1.525 -2.305 -1.843 -2.233
274 L -1.691 -2.542 -3.097 -3.351 -0.524 -2.844 -3.366 -3.202 -1.763 2.718 2.445 -2.635 2.571 3.753 -3.803 -2.979 -1.607 -0.825 0.635 1.339
275 I -1.448 -3.172 -3.334 -3.252 -0.221 -3.28 -3.758 -3.55 -2.782 4.7 1.606 -2.75 1.2 0.147 -3.576 -3.147 -1.146 -2.256 -1.356 2.789
276 F -2.325 -2.778 -2.814 -3.342 -1.496 -3.529 -3.364 -2.954 -0.251 0.074 0.324 -3.122 0.02 6.324 -4.331 -3.009 -2.4 1.04 3.865 -0.641
277 V -0.776 -2.546 -3.165 -3.361 0.069 -2.755 -3.181 -3.214 -2.773 3.052 2.31 -2.525 1.254 0.023 -3.407 -2.688 -0.892 -2.2 -1.289 3.468
278 G 0.019 -2.428 -0.511 -1.394 -1.391 -2.266 -2.693 5.875 -1.547 -3.286 -3.532 -1.722 -2.738 -2.749 -2.85 -1.073 -1.99 -2.511 -3.219 -2.935
279 A 3.128 -1.213 -0.607 -1.053 0.364 -1.045 -1.027 0.107 -0.936 -1.316 -1.782 -0.664 -1.075 -1.959 -1.546 2.13 0.21 -2.557 -1.826 -0.462
280 L -0.918 -2.375 -2.567 -2.922 -0.034 -2.558 -2.988 -2.965 -2.497 3.112 2.256 -2.265 1.179 -0.011 -3.171 -2.037 0.664 -2.146 -1.344 2.737
281 I -1.448 -3.172 -3.334 -3.252 -0.221 -3.28 -3.758 -3.55 -2.782 4.7 1.606 -2.75 1.2 0.147 -3.576 -3.147 -1.146 -2.256 -1.356 2.789
282 H -1.875 -0.861 -0.192 -1.51 -2.161 -0.755 -1.074 -2.064 7.243 -1.799 -1.7 -1.235 -0.99 2.504 -3.091 -1.933 -2.297 -0.245 3.296 -2.243
283 L -1.688 -2.467 -3.342 -3.579 -0.367 -2.936 -3.453 -3.388 -2.168 2.376 3.555 -2.682 1.736 2.642 -3.767 -3.199 -1.671 -1.261 -0.125 1.199
284 F -2.2 -2.672 -2.878 -3.383 -1.282 -3.346 -3.34 -3.021 -0.386 0.408 1.267 -2.999 0.401 5.897 -4.203 -3.026 -2.274 0.812 3.638 -0.342
285 S 0.997 -0.812 0.426 -0.319 0.002 -0.641 -0.626 -0.177 -0.531 -1.982 -2.399 -0.356 -1.258 -2.014 -1.546 3.495 0.94 -2.62 -1.826 -1.363
286 G 0.349 -1.842 -0.196 -1.027 -0.899 -1.676 -1.905 4.994 -1.203 -2.83 -3.143 -1.24 -2.209 -2.508 -2.394 1.151 -0.766 -2.543 -2.727 -2.368
287 S 1.503 -0.991 0.046 -0.665 0.108 -0.862 -0.907 -0.35 -0.838 -1.32 -1.887 -0.548 -1.04 -1.908 -1.596 2.677 2.148 -2.512 -1.814 -0.696
288 I -1.365 -3.046 -3.223 -3.268 -0.288 -3.265 -3.601 -3.377 -2.45 4.136 1.373 -2.786 1.008 2.392 -3.641 -3.014 -1.196 -1.596 -0.238 2.79
289 P -0.575 -1.653 -1.097 -1.386 -0.744 -1.619 -1.586 -1.687 -1.593 -1.303 -1.972 -1.015 -1.521 -2.522 5.23 -0.399 2.467 -3.367 -2.271 -0.962
290 F -2.277 -2.854 -2.998 -3.427 -1.235 -3.725 -3.527 -3.013 -1.07 0.526 1.39 -3.242 0.499 6.24 -4.382 -3.119 -2.314 0.531 2.533 -0.285
291 L -1.712 -2.349 -3.356 -3.645 -0.367 -2.857 -3.401 -3.375 -2.119 1.742 3.838 -2.653 1.853 2.683 -3.782 -3.211 -1.752 -1.202 -0.103 0.853
292 G 2.504 -1.778 -1.068 -1.553 0.016 -1.641 -1.751 3.021 -1.419 -0.384 -1.454 -1.216 -1.038 -1.87 -2.075 0.596 -0.567 -2.519 -2.08 0.682
293 R -1.605 5.638 -0.533 -1.635 -2.33 0.447 -0.632 -2.199 0.028 -2.682 -2.099 1.948 -1.295 -2.543 -2.775 -1.477 -1.525 -2.305 -1.843 -2.233
294 V -0.723 -2.403 -3.013 -3.245 0.067 -2.463 -3.034 -3.095 -2.505 3.016 1.878 -2.355 2.494 -0.041 -3.357 -2.527 -0.828 -2.139 -1.254 3.461
295 C 0.307 -1.464 -0.428 -1.177 6.375 -1.391 -1.525 -0.986 -1.344 -1.071 -1.608 -1.089 -1.026 -1.929 -2.012 1.929 2.147 -2.684 -2.072 -0.605
296 F -2.052 -2.34 -2.652 -3.296 -1.38 -2.711 -2.998 -3.038 0.629 0.157 1.003 -2.568 0.196 5.059 -3.874 -2.848 -2.196 1.304 5.059 -0.459
297 Y -1.952 -1.984 -2.291 -3.133 -1.765 -2.074 -2.57 -2.995 1.758 -0.693 -0.718 -2.11 -0.609 4.062 -3.539 -2.586 -2.199 2.07 6.475 -0.978
298 F -2.405 -2.967 -2.931 -3.385 -1.445 -3.935 -3.553 -2.945 -0.899 0.206 0.494 -3.375 0.131 6.622 -4.519 -3.101 -2.441 0.781 2.86 -0.578
299 Y -1.752 -2.169 -2.478 -3.137 -1.268 -2.195 -2.755 -3.149 1.273 1.977 0.02 -2.152 -0.049 2.672 -3.452 -2.677 -1.832 1.5 5.896 0.638
300 F -2.405 -2.967 -2.931 -3.385 -1.445 -3.935 -3.553 -2.945 -0.899 0.206 0.494 -3.375 0.131 6.622 -4.519 -3.101 -2.441 0.781 2.86 -0.578
301 I -0.902 -2.892 -3.186 -3.245 -0.001 -2.997 -3.391 -3.314 -2.868 4.077 1.315 -2.621 1.02 -0.101 -3.428 -2.781 -0.862 -2.341 -1.356 3.538
302 A 2.341 -2.136 -1.996 -2.237 0.177 -2.062 -2.216 1.552 -1.918 1.828 -0.17 -1.636 -0.14 -1.161 -2.38 -0.783 -0.764 -2.458 -1.766 2.191
303 I -1.234 -2.832 -3.198 -3.325 -0.226 -3.101 -3.451 -3.303 -2.416 3.599 1.878 -2.722 1.11 2.408 -3.614 -2.926 -1.182 -1.548 -0.215 2.83
304 Y -1.981 -2.187 -2.546 -3.254 -1.43 -2.439 -2.842 -3.046 1.028 0.023 0.861 -2.375 0.088 4.527 -3.722 -2.763 -2.157 1.521 5.572 -0.519
305 V -0.999 -2.487 -2.83 -3.199 -0.346 -2.555 -2.997 -3.159 -0.505 3.035 0.717 -2.378 0.552 1.273 -3.38 -2.606 -1.092 -0.197 3.583 3.028
306 F -2.171 -2.805 -2.866 -3.322 -1.282 -3.44 -3.391 -3.033 -0.413 1.358 0.523 -3.032 0.206 5.884 -4.185 -3.015 -2.178 0.783 3.632 0.167
307 S 0.478 -1.406 -0.32 -1.05 6.374 -1.302 -1.389 -0.803 -1.194 -1.32 -1.786 -1.005 -1.124 -1.983 -1.978 2.344 1.419 -2.741 -2.08 -0.834
308 L -1.397 -1.688 1.261 1.297 -0.783 -1.646 -1.584 -2.16 0.234 0.989 1.814 -1.622 2.168 0.478 -3.143 -1.877 -1.246 -1.09 1.83 1.06
309 S -0.304 -1.18 -1.03 -1.465 -0.619 0.804 -1.085 -1.633 -0.324 1.175 -0.671 -0.827 -0.372 -0.14 1.757 0.806 -0.417 -1.261 1.976 1.031
310 L 1.298 -2.072 -2.441 -2.425 -0.094 -2.121 -2.212 -1.608 -1.992 1.145 1.416 -1.652 0.352 -0.837 3.034 -1.337 -0.957 -2.63 -1.675 1.741
311 K -0.848 0.414 1.714 -0.756 4.819 -0.477 -0.828 0.551 -0.624 -2.08 -2.346 2.569 -1.67 -2.71 2.127 -1.004 -1.162 -3.034 -2.275 -1.881
312 K -1.099 0.086 1.856 1.584 -1.888 -0.259 1.004 1.403 -0.231 -2.019 -2.086 1.96 -1.529 1.614 -2.419 -0.892 -1.321 -1.905 -0.736 -2.071
313 K -0.58 0.1 1.536 -0.345 4.501 -0.257 0.826 -1.36 -0.529 -0.044 -1.428 1.959 -0.973 -2.005 -2.252 0.164 -0.668 -2.7 -1.954 -0.062
314 F -0.478 -1.67 1.426 -1.179 -1.007 -1.791 -1.935 1.386 -0.051 -0.994 -1.085 -1.484 -0.885 3.653 -2.822 0.126 0.37 -0.252 2.695 -1.108
315 S -0.415 1.165 -0.847 -1.464 -0.741 -1.198 -1.477 -1.475 -1.047 0.51 -1.148 -0.491 -0.797 -1.103 1.753 0.969 0.941 5.231 -0.849 -0.301
316 R -1.605 5.638 -0.533 -1.635 -2.33 0.447 -0.632 -2.199 0.028 -2.682 -2.099 1.948 -1.295 -2.543 -2.775 -1.477 -1.525 -2.305 -1.843 -2.233
317 L -1.442 -2.329 -2.829 -3.294 -0.642 -2.53 -3.013 -3.181 -0.081 2.189 1.855 -2.391 0.825 2.655 -3.535 -2.781 -1.53 0.336 4.064 1.749
318 F -1.586 -2.459 -2.914 -3.304 -0.652 -2.837 -3.191 -2.971 -1.391 1.39 1.794 -2.677 2.485 4.908 -3.894 -2.781 -1.655 -0.221 1.521 1.381
319 A 1.054 1.962 -0.483 -0.504 3.285 0.004 1.114 -0.929 -0.461 -1.89 -2.061 1.593 -1.277 -2.311 -1.931 0.989 -0.448 -2.556 -1.92 -1.306
320 L -1.258 -2.72 -3.293 -3.374 -0.119 -2.958 -3.469 -3.41 -2.661 3.729 2.641 -2.618 1.469 0.294 -3.535 -3.011 -1.17 -2.083 -1.264 2.682
321 K -1.233 3.604 1.93 -0.55 -2.102 0.467 -0.17 -1.383 0.05 -2.429 -2.354 3.439 -1.417 -2.673 -2.191 -0.952 -1.138 -2.56 -1.885 -2.197
322 S -0.217 -1.299 1.788 1.704 -0.544 -1.181 -0.88 -0.97 -0.701 0.827 0.343 -0.934 -0.284 -1.192 -2.291 1.644 -0.073 -2.588 -1.831 -0.129
323 F -1.564 -2.102 1.099 -1.789 -1.383 -2.301 -2.575 1.116 0.328 0.858 -0.367 -2.035 -0.446 3.994 -3.484 -2.014 -1.753 0.453 3.992 -0.25
324 N -1.599 1.782 4.378 0.295 -1.977 -0.334 -0.772 -0.896 0.847 -2.327 -2.49 1.312 -1.693 -0.638 -2.618 -0.704 -0.93 -1.326 1.898 -2.213
325 T 1.76 -1.439 -0.874 -1.502 0.252 -1.409 -1.598 -0.951 -1.593 0.335 -0.806 -1.06 -0.45 -1.519 -1.863 0.279 3.198 -2.355 -1.727 1.23
326 L -1.326 -2.331 -2.606 -3.093 -0.552 -2.577 -3.166 0.886 -1.125 1.995 2.972 -2.351 1.263 0.959 -3.49 -2.695 -1.685 -0.83 2.043 0.854
327 C -0.746 -2.854 -3.081 -3.363 6.358 -3.12 -3.45 -2.799 -2.452 2.201 1.338 -2.796 0.558 2.182 -3.478 -2.395 -1.229 -1.757 -0.456 2.223
328 L -1.26 -2.434 -3.229 -3.51 -0.211 -2.841 -3.276 -3.25 -2.265 2.095 3.135 -2.626 1.512 2.532 -3.646 -2.934 -1.369 -1.362 -0.148 2.282
329 A 2.2 -0.934 3.545 0.019 -0.3 -0.895 -0.97 0.011 -0.087 -1.743 -2.206 -0.569 -1.459 -2.134 -1.937 1.173 -0.15 -2.729 -1.943 -1.046
330 L 0.776 -2.306 -2.249 -2.612 -0.226 -2.426 -2.816 1.878 -2.049 2.073 2.312 -2.042 0.878 -0.243 -2.975 -1.72 -1.334 -2.117 -1.621 1.063
331 F -2.181 -2.462 -2.61 -3.261 -1.586 -2.914 -3.048 -2.964 0.645 -0.175 -0.005 -2.711 -0.187 5.692 -4.016 -2.845 -2.321 1.458 5.086 -0.754
332 F -1.883 -2.795 -3.008 -3.405 -0.94 -3.519 -3.436 -3.024 -1.304 1.061 1.433 -3.098 0.586 5.774 -4.171 -2.999 -1.964 0.211 2.155 1.021
333 F 0.36 -1.409 1.577 -0.829 -0.619 -1.499 -1.464 -0.856 -0.439 -1.005 -1.024 -1.166 -0.761 3.894 -2.476 1.658 -0.221 -0.945 0.748 -1.071
334 V -0.717 -2.447 -2.052 -2.546 -0.236 -2.56 -2.903 0.998 -2.222 2.806 0.991 -2.189 0.519 1.133 -3.101 -1.744 0.622 -1.938 -0.94 2.508
335 F -1.841 -2.6 -2.846 -3.276 -0.963 -3.076 -3.257 -2.902 -1.099 0.924 0.872 -2.856 2.33 5.768 -4.109 -2.811 -1.897 0.252 2.17 0.82
336 L -1.315 -2.291 -2.668 -3.032 -0.181 -2.572 -3.1 -3.078 -2.34 2.869 3.173 -2.289 1.559 0.341 -3.285 -2.237 0.482 -1.938 -1.277 1.565
337 V -0.703 -2.17 -2.406 -2.82 0.034 -2.214 -2.756 -2.792 -2.276 2.729 1.728 -2.075 2.408 -0.163 -3.082 -1.824 0.754 -2.112 -1.308 3.005
338 L 0.083 -2.371 -2.949 -3.223 -0.449 -2.831 -3.043 -2.379 -1.612 1.103 2.778 -2.493 1.166 4.188 -3.493 -2.315 -1.695 -0.632 0.922 0.414
339 N -1.523 -0.761 5.365 0.859 4.426 -0.873 -1.086 -0.44 0.574 -2.403 -2.814 -0.636 -2.05 -2.393 -2.739 -0.366 -0.631 -3.074 -2.233 -2.207
340 F -2.188 -2.662 -2.884 -3.387 -1.262 -3.328 -3.338 -3.028 -0.4 0.439 1.346 -2.987 0.437 5.851 -4.19 -3.028 -2.262 0.789 3.615 -0.313
341 A 1.678 -1.845 -1.463 -1.896 0.048 -1.858 -1.938 -1.101 -1.487 1.514 -0.156 -1.472 -0.099 1.983 -2.329 0.388 0.935 -1.692 -0.408 1.463
342 S 0.997 -0.812 0.426 -0.319 0.002 -0.641 -0.626 -0.177 -0.531 -1.982 -2.399 -0.356 -1.258 -2.014 -1.546 3.495 0.94 -2.62 -1.826 -1.363
343 Y -1.858 -1.866 -2.207 -3.098 -0.167 -1.873 -2.452 -2.99 1.999 -0.873 -0.983 -1.958 -0.758 3.242 -3.402 -2.496 -2.148 2.202 6.759 -1.041
344 F -2.405 -2.967 -2.931 -3.385 -1.445 -3.935 -3.553 -2.945 -0.899 0.206 0.494 -3.375 0.131 6.622 -4.519 -3.101 -2.441 0.781 2.86 -0.578
345 R -1.605 5.638 -0.533 -1.635 -2.33 0.447 -0.632 -2.199 0.028 -2.682 -2.099 1.948 -1.295 -2.543 -2.775 -1.477 -1.525 -2.305 -1.843 -2.233
346 N -1.667 -0.49 5.753 1.194 -1.878 -0.598 -0.794 -0.225 0.881 -2.77 -3.209 -0.366 -2.216 -2.439 -2.639 -0.084 -0.495 -3.031 -2.135 -2.609
347 P -0.962 -1.164 -0.658 1.855 -1.346 -0.362 1.913 -1.843 -0.717 -1.208 -1.256 -0.503 1.293 -2.024 3.426 -0.916 0.531 -2.834 -2.082 -1.182
348 N -0.899 -0.444 2.809 -0.32 -1.036 2.188 -0.413 -1.241 -0.03 0.794 0.395 -0.247 -0.073 -1.334 -2.566 0.159 -0.602 -2.421 -1.589 -0.197
349 A 4.082 -1.555 -1.733 -1.758 0.609 -1.391 -1.369 0.303 -1.282 -0.901 -1.392 -0.92 -0.944 -1.919 -1.546 0.384 -0.493 -2.511 -1.826 0.068
350 P -0.907 -2.084 -2.004 -1.635 -1.528 -2.004 -1.693 -1.923 -1.678 -2.388 -2.821 -1.135 -2.474 -3.406 6.733 -1.523 -1.419 -4.62 -2.706 -2.233
351 V -0.74 -2.805 -3.138 -3.242 0.069 -2.909 -3.278 -3.239 -2.897 3.836 1.211 -2.58 0.957 -0.189 -3.38 -2.668 -0.773 -2.37 -1.356 3.75
352 D -0.382 -0.964 0.572 3.867 -1.334 1.065 0.311 1.581 -0.467 -2.529 -2.94 -0.443 -1.857 -2.649 -2.144 1.104 -0.562 -2.92 -2.412 -2.242
353 F -2.405 -2.967 -2.931 -3.385 -1.445 -3.935 -3.553 -2.945 -0.899 0.206 0.494 -3.375 0.131 6.622 -4.519 -3.101 -2.441 0.781 2.86 -0.578
354 L -1.212 -1.932 -0.471 1.184 -1.001 -1.92 -1.608 -2.103 0.044 1.147 0.794 -1.748 0.047 2.854 -3.044 -0.442 -1.17 -0.005 3.55 0.079
355 N -1.229 -0.077 4.434 0.559 -1.556 2.335 -0.083 -0.704 0.596 -2.148 -2.479 0.099 -1.37 -2.466 -2.386 -0.216 0.851 -2.676 -1.843 -1.829
356 L -1.405 -1.885 -2.961 -3.318 -0.229 -1.921 -2.929 -3.083 -1.73 1.769 3.431 -2.064 4.36 0.611 -3.514 -2.684 -1.41 -1.569 -1.029 0.986
357 N -1.359 -0.672 4.475 2.429 -1.667 -0.353 1.047 -0.71 0.38 -2.276 -2.793 -0.336 -1.942 -2.418 -2.364 -0.243 0.797 -2.894 -2.179 -2.008
358 F -1.377 -2.497 -2.782 -3.246 -0.716 -2.741 -3.046 -3.079 -0.194 2.097 0.678 -2.543 0.368 3.906 -3.634 -2.708 -1.493 0.43 3.997 2.136
359 N -1.429 1.43 2.713 -0.719 4.422 1.041 -0.964 -1.566 0.854 -1.732 -1.819 -0.184 -1.198 0.503 -2.883 -1.206 -1.263 -0.319 3.505 -1.596
360 L -1.237 -2.026 -2.043 -2.614 -0.524 -2.278 -2.653 -2.461 -1.348 0.893 2.128 -2.095 2.347 4.053 -3.285 -1.02 0.476 -0.653 0.858 0.28
361 L 0.804 -1.724 -1.382 -1.788 -0.312 -1.796 -1.839 -1.294 -1.293 0.065 1.427 -1.401 0.226 2.07 1.75 0.864 -0.551 -1.733 -0.429 -0.253
362 N 0.454 -1.183 2.879 1.784 -1.115 -1.078 -0.853 -0.82 0.744 -1.722 -2.065 -0.9 -1.464 0.544 -2.423 0.354 -0.727 -0.373 3.49 -1.473
363 L -1.016 -2.352 -2.52 -2.939 -0.171 -2.623 -2.964 -2.888 -2.172 2.485 2.149 -2.334 1.047 2.357 -3.272 -2.033 0.584 -1.487 -0.23 2.432
364 F -2.325 -2.778 -2.814 -3.342 -1.496 -3.529 -3.364 -2.954 -0.251 0.074 0.324 -3.122 0.02 6.324 -4.331 -3.009 -2.4 1.04 3.865 -0.641
365 D -1.687 -1.103 2.885 3.259 -2.114 -0.61 1.105 -1.374 0.869 -2.107 -2.408 -0.715 -1.799 0.45 -2.638 -1.069 -1.334 -0.428 3.461 -2.102
366 D -1.239 -1.068 2.089 4.093 -2.201 -0.194 2.274 1.448 -0.163 -2.871 -3.263 -0.4 -2.387 -2.782 -2.34 -0.85 -1.357 -2.992 -2.612 -2.665
367 N -1.635 -0.39 5.59 1.306 -1.822 -0.502 -0.701 -0.13 0.993 -2.688 -3.127 -0.271 -2.137 -2.35 -2.563 -0.093 -0.427 -2.942 -2.044 -2.536
368 N -1.73 1.511 4.947 2.496 -2.051 -0.472 -0.413 -0.58 0.59 -2.771 -3.08 0.035 -2.152 -2.538 -2.626 -0.464 -0.783 -2.999 -2.226 -2.616
369 Y -1.417 0.277 -1.321 -0.824 -1.99 -0.445 1.635 -0.227 1.304 -1.548 -1.58 -0.571 -1.159 2.067 -2.843 -1.765 -1.858 0.997 5.229 -1.519
370 L -1.093 -2.319 -3.131 -3.368 -0.075 -2.477 -3.149 -3.214 -2.348 2.763 2.902 -2.38 2.741 0.315 -3.479 -2.765 -1.141 -1.932 -1.189 2.593
371 R -1.343 2.724 1.646 -0.889 -1.945 1.22 -0.721 1.306 3.389 -2.082 -1.87 0.352 -1.18 1.706 -2.877 -1.287 -1.55 -1.596 -0.034 -2.109
372 K -1.118 1.992 1.126 2.547 -1.785 0.183 1.326 -1.434 -0.251 -2.112 -2.407 2.302 -1.569 -2.585 -2.098 -0.672 0.573 -2.7 -2.11 -1.837
373 L -1.58 -2.134 0.813 -2.185 -0.41 -2.428 -2.921 -2.73 -1.704 2.788 3.124 -2.165 1.474 0.291 -3.479 -2.528 -1.316 -2.027 -1.318 1.404
374 A 4.082 -1.555 -1.733 -1.758 0.609 -1.391 -1.369 0.303 -1.282 -0.901 -1.392 -0.92 -0.944 -1.919 -1.546 0.384 -0.493 -2.511 -1.826 0.068
375 N -1.632 -0.387 5.584 1.309 -1.819 -0.499 -0.698 -0.127 0.996 -2.685 -3.124 -0.268 -2.134 -2.347 -2.56 -0.091 -0.424 -2.939 -2.041 -2.533
376 V -0.206 -2.459 -2.902 -3.137 0.367 -2.56 -2.866 -2.928 -2.887 3.057 0.973 -2.361 0.859 -0.371 -3.144 -2.257 -0.424 -2.36 -1.258 4.05
377 V -0.206 -2.459 -2.902 -3.137 0.367 -2.56 -2.866 -2.928 -2.887 3.057 0.973 -2.361 0.859 -0.371 -3.144 -2.257 -0.424 -2.36 -1.258 4.05
378 L -1.254 -0.783 1.417 -1.091 -1.036 1.563 -0.881 -1.89 2.21 1.013 0.596 -0.675 0.077 0.14 -2.748 -1.166 0.555 -0.989 2.137 0.07
379 D -1.321 -0.504 0.379 4.13 -2.389 1.727 3.148 -1.574 0.024 -2.738 -2.96 0.155 -1.925 -2.858 -2.159 -0.924 -1.369 -2.86 -2.299 -2.438
380 K -1.003 1.773 1.734 -0.407 -2.029 0.579 0.115 -1.21 -0.106 -2.271 -2.425 4.302 -1.411 -2.811 -1.87 -0.83 -1.054 -2.676 -1.898 -2.144
381 L 0.051 -2.138 -2.666 -3.122 -0.862 -2.375 -2.703 -2.248 -0.019 0.277 1.604 -2.21 0.393 3.13 -3.449 -2.187 -1.817 5.537 3.975 -0.194
382 L -1.506 -1.614 -2.262 -2.482 -0.966 0.487 -1.8 -2.74 -0.52 1.484 1.772 -1.476 0.624 2.619 1.589 -2.359 -1.607 -0.592 2.429 0.382
383 S 0.087 -0.346 0.218 1.903 -0.992 -0.247 1.119 1.615 -0.49 -2.396 -2.725 1.087 -1.702 -2.447 -1.902 1.77 -0.193 -2.7 -2.179 -1.961
384 G 2.01 -1.503 -0.7 -1.293 -0.131 -1.312 -1.547 2.907 -1.077 -1.058 -1.106 -1.011 1.406 -1.647 -2.063 1.28 -0.363 -2.348 -1.975 -0.718
385 L 0.44 -1.34 1.256 -0.766 -0.462 -0.967 0.385 -1.522 -0.854 1.428 1.022 -0.999 1.852 -0.752 -2.524 -0.858 0.688 -2.201 -1.562 0.563
386 Q -0.174 0.003 -0.27 -0.279 -0.953 3.206 1.488 -1.287 -0.017 -0.688 -1.561 0.348 -0.607 -2.178 -2.09 1.073 -0.297 -2.414 -1.568 0.288
387 G -1.227 -1.87 1.74 2.987 -1.529 -1.732 -0.938 2.649 -0.777 -1.08 -0.043 -1.482 -0.919 1.816 -2.947 -1.348 -1.588 -1.912 -0.867 -1.545
388 L -1.066 -1.369 -2.345 -2.799 -0.154 -1.037 -2.339 -2.569 -0.954 1.618 2.149 -1.438 5.537 0.482 -3.228 -2.002 -1.031 -1.292 -0.818 1.004
389 N -1.344 0.691 4.634 0.765 -1.879 -0.001 -0.326 -0.489 0.628 -2.492 -2.805 2.235 -1.804 -2.501 -2.245 -0.341 -0.636 -2.81 -1.962 -2.351
390 N 0.671 -1.17 3.739 -0.076 -0.837 -1.229 -1.447 1.961 -0.186 -1.024 0.056 -0.924 -0.758 -1.534 -2.527 -0.147 -0.767 -2.568 -2.004 -1.093
391 V -0.592 -1.991 -1.041 1.483 -0.221 -1.892 -1.496 -2.093 -1.859 2.267 0.741 -1.658 0.315 -0.771 -2.682 -0.526 1.019 -2.475 -1.66 2.422
392 R -1.335 2.952 -0.375 1.675 -1.867 1.602 1.306 -1.927 -0.189 -1.33 -0.087 1.748 -0.582 -1.919 -2.444 -1.314 -1.386 -2.421 -1.819 -1.478
393 Y -1.799 -1.764 -2.113 -3.009 -1.739 -1.771 -2.35 -2.919 2.118 -0.791 -0.897 -1.86 -0.669 3.361 -3.32 -2.424 -2.076 2.322 6.627 -0.966
394 L -1.528 -2.173 -3.35 -3.607 -0.137 -2.627 -3.293 -3.37 -2.301 2.018 4.016 -2.465 2.145 0.846 -3.592 -3.145 -1.568 -1.638 -1.043 1.119