#Seq2Logo.py -f /work3/idamei/wzy_ssn/run/1e-50/run/150/MSAs/0022_83.afa -o /work3/idamei/wzy_ssn/run/1e-50/run/150/logos/0022_83.logo
Last position-specific scoring matrix computed, values are in halfbits
A R N D C Q E G H I L K M F P S T W Y V
0 M -1.193 -1.496 -2.472 -2.926 -0.281 -1.164 -2.466 -2.696 -1.081 1.491 2.022 -1.565 6.123 0.355 -3.355 -2.129 -1.158 -1.419 -0.945 0.877
1 L -0.252 -2.234 0.245 -2.316 -0.591 -2.446 -2.777 -2.308 -0.8 2.523 1.882 -2.145 0.739 2.496 -3.332 -2.127 -1.406 -0.733 2.194 1.086
2 I -1.364 -2.807 -3.013 -2.866 -0.503 -2.903 -3.134 -3.111 -2.478 3.82 1.546 -2.304 0.784 -0.302 2.759 -2.727 -1.292 -2.606 -1.615 1.964
3 Y -1.915 -1.88 -2.228 -3.124 -1.854 -1.886 -2.466 -3.034 2.002 -0.906 -1.012 -1.975 -0.784 3.246 -3.435 -2.539 -2.192 2.206 6.86 -1.082
4 L -1.497 -2.361 0.402 -2.376 -0.459 -2.658 -3.037 -2.805 -1.755 2.957 2.447 -2.35 1.135 2.093 -3.569 -2.575 -1.299 -1.648 -0.459 1.945
5 L 0.22 -2.444 -2.353 -2.702 4.128 -2.626 -2.833 -2.101 -1.782 2.244 1.174 -2.253 0.891 3.119 -3.132 -0.915 -0.547 -1.308 0.128 1.137
6 I -1.315 -2.716 -3.224 -3.306 -0.194 -2.805 -3.443 -3.385 -2.506 3.984 2.214 -2.546 2.445 0.198 -3.552 -2.951 -1.174 -2.098 -1.292 2.621
7 F -2.359 -2.93 -3.002 -3.441 -1.349 -3.839 -3.569 -3.017 -1.032 0.371 1.053 -3.326 0.326 6.443 -4.468 -3.144 -2.396 0.602 2.637 -0.43
8 L 0.546 -2.043 -1.695 -2.139 -0.164 -2.126 -2.263 -1.699 -1.626 2.224 1.198 -1.774 0.471 2.202 -2.753 0.473 -0.201 -1.641 -0.357 1.566
9 L -0.685 -2.433 -2.043 -2.542 5.339 -2.531 -2.904 0.684 -2.05 2.086 1.604 -2.207 0.932 0.688 -3.143 -0.517 -1.035 -2.119 -1.304 0.989
10 L -1.664 -2.651 -3.369 -3.529 -0.369 -3.049 -3.553 -3.454 -2.323 3.136 3.219 -2.733 1.581 2.286 -3.756 -3.217 -1.574 -1.478 -0.369 1.62
11 L 1.515 -1.805 -1.75 -2.141 0.089 -1.853 -2.049 -1.307 -1.718 1.256 2.104 -1.55 0.73 -0.444 -2.493 0.524 -0.511 -2.23 -1.499 1.414
12 L -0.897 -2.334 -2.24 -2.682 -0.253 -2.546 -2.894 -2.711 -2.106 2.953 1.945 -2.188 0.928 1.998 -3.111 -1.685 1.306 -1.634 -0.493 1.778
13 L -1.749 -2.486 -1.86 -3.259 1.452 -2.97 -3.385 -3.173 -1.904 2.047 3.231 -2.692 1.449 3.376 -3.817 -3.022 -1.731 -1.055 0.289 0.902
14 A 2.421 -1.241 -0.399 -0.965 3.639 -1.083 -1.082 -0.156 -0.958 -1.49 -1.928 -0.738 -1.169 -2.02 -1.691 2.547 0.33 -2.666 -1.934 -0.749
15 L -1.706 -2.314 -3.055 -3.528 2.568 -2.67 -3.211 -3.234 -0.573 1.153 3.076 -2.541 1.252 2.819 -3.701 -2.963 -1.858 -0.046 3.347 0.396
16 L -1.423 -2.246 -2.439 -2.687 -0.736 -2.57 -2.706 -2.674 -1.736 0.676 2.322 -2.112 0.715 3.24 2.767 -2.058 0.065 -1.313 0.181 0.028
17 N -1.098 0.478 3.301 0.156 -1.679 -0.067 0.52 -1.065 -0.021 -2.172 -2.54 2.445 -1.685 -2.626 1.383 -0.531 0.482 -2.901 -2.072 -1.927
18 G -1.095 -2.254 -1.721 -2.198 -1.494 -2.359 -2.47 2.272 -0.025 -1.229 -1.23 -1.887 -1.164 3.52 2.932 -1.895 -1.93 0.122 3.547 -1.503
19 Y -1.8 -1.765 -2.114 -3.01 -1.74 -1.772 -2.351 -2.92 2.117 -0.792 -0.898 -1.861 -0.67 3.36 -3.321 -2.425 -2.077 2.321 6.629 -0.967
20 S 1.08 -0.729 0.509 -0.237 0.084 -0.558 -0.543 -0.094 -0.448 -1.899 -2.316 -0.273 -1.175 -1.931 -1.463 3.22 1.023 -2.537 -1.744 -1.28
21 N -1.426 -0.958 4.694 2.966 -1.725 -0.922 -0.513 -0.726 0.324 -1.633 -0.714 -0.736 -1.341 -1.682 -2.703 -0.649 -0.889 -2.719 -1.197 -1.876
22 Q -1.223 1.42 1.15 1.305 -1.796 2.626 0.037 0.938 2.974 -1.604 -0.475 0.4 -0.701 -1.914 -2.632 -1.202 -1.417 -2.347 -1.205 -1.747
23 N -1.638 -0.393 5.596 1.303 -1.825 -0.505 -0.704 -0.133 0.99 -2.691 -3.13 -0.274 -2.14 -2.353 -2.566 -0.096 -0.43 -2.945 -2.047 -2.539
24 K -0.954 2.52 -0.601 -1.123 3.866 0.403 -0.151 -1.609 -0.509 -2.076 -2.157 4.169 -1.309 -2.769 -2.032 -1.12 -1.251 -2.683 -1.988 -1.885
25 T -0.1 -1.081 -0.127 -1.002 0.133 -1.091 -1.366 -1.317 -1.401 -0.212 -1.045 -0.779 -0.52 -1.568 -1.675 0.717 4.209 -2.173 -1.695 0.241
26 K -0.814 2.106 -0.256 -0.71 -1.965 0.819 0.325 -1.33 -0.231 -2.111 -2.228 4.459 -1.212 -2.794 -1.675 -0.869 -1.07 -2.537 -1.777 -1.987
27 L -1.529 -2.174 -3.35 -3.608 -0.138 -2.628 -3.294 -3.371 -2.302 2.017 4.018 -2.466 2.144 0.845 -3.592 -3.146 -1.569 -1.638 -1.044 1.118
28 S 1.08 -0.729 0.509 -0.237 0.084 -0.558 -0.543 -0.094 -0.448 -1.899 -2.316 -0.273 -1.175 -1.931 -1.463 3.22 1.023 -2.537 -1.744 -1.28
29 N -1.648 -0.403 5.617 1.293 -1.834 -0.515 -0.713 -0.143 0.98 -2.7 -3.14 -0.284 -2.149 -2.362 -2.576 -0.106 -0.439 -2.954 -2.057 -2.548
30 K -1.204 1.614 -1.267 -1.769 -1.288 0.931 -0.851 -2.23 -0.325 0.958 -0.339 2.098 -0.243 1.84 -2.703 -1.656 -0.844 -1.06 1.662 0.72
31 L 0.315 -2.528 -2.984 -3.161 1.558 -2.768 -3.028 -2.345 -2.044 2.458 1.759 -2.434 0.738 2.071 -3.404 -2.22 -1.34 4.747 0.018 1.871
32 F -2.024 -2.463 -2.929 -3.446 -1.065 -2.949 -3.232 -3.155 -0.252 0.724 2.185 -2.739 0.781 4.901 -3.967 -3.027 -2.117 0.606 3.878 -0.03
33 Y -1.654 -0.107 1.089 -1.483 -1.807 -0.935 -1.339 -2.026 0.727 -1.03 -0.791 1.877 -0.762 3.441 -2.917 -1.736 -1.659 0.486 4.378 -1.333
34 A 2.069 -1.971 -1.845 -1.996 -0.201 -1.972 -1.899 -0.985 -1.444 0.232 -0.77 -1.464 -0.655 2.284 2.581 0.015 -0.784 -1.863 -0.357 0.849
35 I 0.707 -1.995 -1.354 -1.839 -0.181 -1.989 -2.116 -0.739 -1.572 2.675 0.174 -1.588 0.109 1.496 -2.546 0.809 0.644 -1.909 -0.756 1.189
36 L -0.777 -1.734 -2.078 -2.531 -0.192 -1.502 -2.391 -2.392 -1.399 2.36 1.527 -1.641 4.907 0.015 -3.099 -0.548 -0.752 -1.791 -1.167 1.702
37 I -0.728 -2.801 -2.7 -2.925 -0.397 -3.017 -3.268 -2.836 -2.105 3.799 1.061 -2.527 0.733 3.03 -3.393 -2.23 0.114 -1.359 0.08 1.979
38 F -1.6 -2.691 -2.61 -2.998 -0.636 -3.097 -3.262 -2.971 -1.747 2.804 1.387 -2.658 0.687 4.426 -3.624 -2.323 0.233 -0.659 1.025 1.385
39 L -1.653 -2.299 -3.475 -3.733 -0.263 -2.753 -3.418 -3.495 -2.426 1.892 4.213 -2.591 2.02 0.72 -3.717 -3.271 -1.693 -1.763 -1.169 0.993
40 F -1.213 -2.614 -2.004 -2.601 -1.014 -2.973 -3.121 2.3 -1.439 0.994 1.152 -2.519 0.166 4.543 -3.629 -1.582 -1.81 -0.578 1.033 -0.107
41 L -1.384 -2.598 -2.815 -3.136 -0.48 -2.797 -3.364 0.164 -2.08 2.996 2.408 -2.528 2.223 2.258 -3.629 -2.783 -1.529 -1.497 -0.41 1.56
42 F 0.082 -2.22 -2.722 -3.027 -0.451 -2.316 -2.847 -2.33 -1.388 1.688 1.582 -2.22 3.482 3.978 -3.427 -2.114 -1.45 -0.734 0.766 1.022
43 C 1.863 -2.446 -2.1 -2.466 8.394 -2.398 -2.563 -1.055 -2.123 -0.973 -1.357 -2.01 -1.138 -2.077 -2.499 0.035 -0.825 -3.015 -2.447 -0.419
44 A 3.579 -1.639 -1.612 -1.787 0.462 -1.502 -1.512 -0.101 -1.433 0.008 -1.032 -1.08 -0.684 -1.7 -1.787 0.668 -0.359 -2.555 -1.792 1.187
45 F -2.053 -2.541 -2.886 -3.327 -1.068 -2.983 -3.287 -2.953 -1.061 0.673 1.348 -2.826 2.92 5.792 -4.177 -2.89 -2.068 0.229 2.101 -0.072
46 R -1.647 5.71 -0.575 -1.676 -2.372 0.405 -0.673 -2.241 -0.014 -2.724 -2.14 1.906 -1.336 -2.585 -2.817 -1.519 -1.566 -2.347 -1.885 -2.274
47 G 0.973 -1.964 -0.424 -1.208 -0.837 -1.799 -2.031 5.007 -1.32 -2.69 -3.023 -1.34 -2.192 -2.532 -2.424 0.787 -0.99 -2.575 -2.756 -2.145
48 E -0.484 -1.224 1.289 0.892 -0.997 -0.562 1.58 0.972 -0.596 1.238 -1.043 -0.662 -0.798 -1.612 -2.39 0.654 -0.607 -2.591 -1.977 0.174
49 D -1.648 -1.55 1.466 3.913 -2.051 -0.998 1.046 -0.201 -0.041 -1.813 -1.957 -1.056 -1.642 2.564 -2.771 -1.143 -1.567 -1.09 1.772 -2.041
50 V -0.442 -2.655 -3.074 -3.279 0.182 -2.756 -3.076 -3.116 -3.006 3.171 0.915 -2.529 0.766 -0.443 -3.316 -2.467 -0.62 -2.479 -1.398 4.277
51 D -1.89 -1.701 1.086 5.994 -2.485 -0.985 0.938 -1.236 -0.649 -2.838 -3.604 -0.942 -2.81 -3.032 -2.402 -1.065 -1.525 -3.644 -3.156 -2.977
52 R -1.647 5.71 -0.575 -1.676 -2.372 0.405 -0.673 -2.241 -0.014 -2.724 -2.14 1.906 -1.336 -2.585 -2.817 -1.519 -1.566 -2.347 -1.885 -2.274
53 D -1.89 -1.701 1.086 5.994 -2.485 -0.985 0.938 -1.236 -0.649 -2.838 -3.604 -0.942 -2.81 -3.032 -2.402 -1.065 -1.525 -3.644 -3.156 -2.977
54 Y -1.904 -1.545 -1.504 -2.588 -1.972 -1.492 -1.995 -2.752 4.651 -1.204 -1.29 -1.728 -0.902 2.755 -3.319 -2.357 -2.229 1.742 6.347 -1.402
55 E 0.389 0.272 1.222 0.011 -1.223 2.105 1.88 -1.194 -0.088 -1.794 -2.093 1.668 -1.154 -2.478 -1.985 -0.351 1.091 -2.506 -1.826 -1.291
56 N -0.896 -0.846 4.195 0.243 -0.81 -0.913 -1.146 -0.795 -0.096 -1.32 -2.031 -0.645 -1.346 -2.063 -2.215 0.21 3.01 -2.662 -1.995 -0.953
57 Y -1.925 -1.89 -2.238 -3.135 -1.864 -1.896 -2.476 -3.045 1.992 -0.916 -1.023 -1.986 -0.795 3.236 -3.446 -2.55 -2.202 2.196 6.879 -1.092
58 I -1.222 -3.08 -3.305 -3.29 -0.158 -3.186 -3.622 -3.479 -2.863 4.508 1.432 -2.731 1.076 -0.008 -3.547 -3.012 -1.051 -2.337 -1.398 3.164
59 S -0.072 -0.949 2.375 -0.065 -0.545 -0.671 0.346 -0.835 -0.421 0.083 -1.466 -0.553 -0.526 -1.756 -2.051 1.893 1.597 -2.588 -1.864 -0.491
60 L -1.554 -2.812 -3.415 -3.461 -0.263 -3.081 -3.641 -3.553 -2.658 3.954 2.924 -2.709 1.534 0.367 -3.657 -3.222 -1.379 -2.072 -1.304 2.167
61 Y -1.709 -2.18 -2.56 -3.16 -1.117 -2.162 -2.812 -3.159 0.926 2.258 0.374 -2.156 1.596 2.36 -3.487 -2.679 -1.749 1.133 5.517 0.81
62 E -0.811 -1.278 1.232 1.39 -1.217 -0.779 1.25 0.791 -0.515 -1.381 -1.594 -0.826 -1.216 2.502 -2.464 0.111 1.179 -1.59 -0.298 -1.316
63 Y -1.686 -1.571 -1.902 -1.076 -1.569 -1.108 0.727 -2.877 1.167 -0.317 0.879 -1.389 -0.116 2.243 -3.147 -2.254 -1.925 1.121 5.506 -0.705
64 I 0.499 -2.052 -1.55 -1.973 -0.149 -2.052 -2.21 -1.649 -1.686 3.012 1.077 -1.672 0.496 0.756 -2.665 0.894 -0.41 -2.103 -1.087 1.415
65 I 1.09 -2.294 -2.214 -2.443 0.012 -2.302 -2.523 -1.792 -2.088 3.28 1.258 -1.906 0.657 -0.427 -2.765 -0.306 -0.668 -2.355 -1.517 2.224
66 N -1.302 -0.721 4.292 2.83 -1.88 -0.415 0.819 -0.713 2.901 -2.737 -3.126 -0.432 -2.111 -2.364 -2.449 0.221 -0.749 -2.881 -1.596 -2.571
67 G -0.61 -1.672 3.106 1.379 -1.675 -1.566 -1.496 4.641 -0.54 -3.118 -3.48 -1.207 -2.621 -2.719 -2.781 -0.815 -1.462 -2.798 -2.883 -2.882
68 L -1.489 -1.282 -1.614 -0.095 -1.368 0.534 0.7 -2.587 0.31 -0.125 1.46 -1.009 0.154 1.065 0.891 -2.018 -1.689 -0.157 3.733 -0.599
69 L -0.412 -1.33 -1.041 -1.508 -0.683 0.268 -1.312 -1.534 -0.944 -0.324 0.974 -1.046 -0.015 2.511 1.873 1.21 -0.521 -1.629 -0.197 -0.685
70 Y -1.905 -1.944 -2.352 -3.194 -1.652 -1.997 -2.573 -3.086 1.723 -0.458 0.195 -2.06 -0.339 3.178 -3.487 -2.623 -2.151 1.951 6.555 -0.794
71 P 1.113 -1.73 -1.427 -1.666 -0.409 -1.704 -1.717 -1.318 -1.639 -0.731 -0.302 -1.158 -0.827 -1.9 4.331 -0.441 1.881 -3.015 -2.086 -0.513
72 I -1.352 -3.146 -3.34 -3.292 -0.21 -3.253 -3.709 -3.535 -2.843 4.657 1.499 -2.761 1.117 0.049 -3.582 -3.099 -1.119 -2.317 -1.398 2.963
73 E -1.032 -0.234 -0.451 1.405 -2.524 1.234 4.741 -2.062 0.28 -2.877 -2.815 0.564 -1.866 -2.72 -1.994 -0.904 -1.413 -2.5 -2.02 -2.247
74 P -1.028 -2.24 -2.213 -1.877 -1.332 -2.19 -1.958 -2.156 -1.851 0.129 -1.202 -1.364 -1.489 -2.496 6.318 -1.759 -1.435 -4.122 -2.489 -0.885
75 T 0.2 -1.195 -0.072 -0.902 -0.122 -1.132 -1.312 1.008 -1.211 -0.971 -1.684 -0.813 -0.991 -1.893 -1.825 1.786 3.506 -2.427 -1.95 -0.487
76 F -2.447 -3.009 -2.973 -3.427 -1.487 -3.977 -3.595 -2.987 -0.941 0.164 0.452 -3.417 0.089 6.682 -4.561 -3.143 -2.483 0.739 2.818 -0.62
77 K -1.481 0.284 -1.163 -1.82 -1.752 -0.601 -1.061 -2.217 2.94 0.207 -0.966 2.495 -0.665 2.346 -2.706 -1.833 -1.687 0.095 3.971 -0.749
78 L -1.375 -2.696 -3.371 -3.477 -0.192 -2.973 -3.512 -3.474 -2.666 3.581 2.982 -2.662 1.523 0.325 -3.613 -3.104 -1.302 -2.073 -1.294 2.451
79 L -1.261 -2.649 -3.124 -3.323 -0.5 -2.916 -3.394 -3.118 -1.9 3.106 2.237 -2.647 2.372 3.501 -3.737 -2.889 -1.553 -1.03 0.397 1.524
80 S 0.832 -0.895 0.312 -0.447 -0.034 -0.744 -0.759 -0.346 -0.676 -1.751 -2.248 -0.456 -1.209 -2.008 -1.614 3.377 1.698 -2.614 -1.862 -1.165
81 F -1.996 -1.691 -2.579 -3.021 -1.424 -2.378 -2.661 -2.81 -0.403 1.524 0.217 -0.437 -0.065 4.098 -3.866 -2.803 -2.02 6.379 3.441 0.147
82 I -1.338 -3.001 -3.344 -3.343 -0.197 -3.161 -3.639 -3.509 -2.795 4.366 1.993 -2.728 1.232 0.122 -3.586 -3.087 -1.158 -2.249 -1.368 2.861
83 S 2.338 -1.057 -0.112 -0.723 0.156 -0.888 -0.871 -0.066 -0.778 -1.655 -2.1 -0.555 -1.202 -2.027 -1.588 2.965 0.538 -2.629 -1.868 -0.897
84 V -1.205 -0.837 1.925 -1.304 -0.98 -1.261 -1.652 -2.0 2.286 0.9 0.345 0.393 -0.124 0.479 -2.972 -1.679 -1.141 -0.75 2.875 1.68
85 N -0.652 -0.313 2.865 -0.67 -1.131 -0.921 -1.269 -1.338 -0.366 -0.46 0.641 1.267 -0.326 -0.728 -2.696 -0.974 0.241 4.359 -0.155 -0.543
86 L -0.98 -2.438 -3.172 -3.359 -0.145 -2.579 -3.235 -3.194 -2.386 3.13 2.794 -2.43 2.698 0.257 -3.5 -2.781 -1.206 -1.999 -1.254 2.478
87 L 0.968 -1.996 -1.794 -2.299 -0.189 -2.178 -2.327 -1.668 -1.581 0.864 1.012 -1.813 0.242 3.255 -2.682 -0.841 1.678 -1.18 0.254 1.025
88 G -0.405 -1.814 2.538 0.773 -1.558 -1.702 -1.75 4.958 -0.753 -3.134 -3.469 -1.306 -2.614 -2.714 -2.773 -0.623 -1.491 -2.73 -2.934 -2.855
89 G 0.952 -1.643 -0.187 0.983 -0.589 -1.457 -1.303 3.594 -1.214 -1.889 -2.436 -1.095 -1.702 -2.31 -2.154 0.988 1.337 -2.612 -2.438 -1.374
90 P -1.342 -2.042 -2.234 -2.51 -1.469 -2.024 -2.219 -2.593 0.732 -0.578 -1.284 -1.698 -1.097 1.71 4.08 -2.126 -1.709 0.622 5.123 -0.028
91 F -1.975 -2.195 -2.436 -2.343 -1.577 -2.133 -0.561 -2.867 0.225 0.127 -0.09 -2.192 -0.296 4.891 -3.822 -2.653 -2.131 4.838 4.349 -0.161
92 F -2.106 -2.725 -3.158 -3.535 -0.944 -3.445 -3.531 -3.177 -1.44 1.081 2.472 -3.068 0.986 5.473 -4.198 -3.191 -2.137 -0.009 1.815 0.176
93 I -1.124 -2.821 -3.29 -3.371 -0.107 -3.006 -3.464 -3.406 -2.798 3.888 2.17 -2.661 1.236 0.076 -3.532 -2.942 -1.074 -2.239 -1.35 3.13
94 F -2.447 -3.009 -2.973 -3.427 -1.487 -3.977 -3.595 -2.987 -0.941 0.164 0.452 -3.417 0.089 6.682 -4.561 -3.143 -2.483 0.739 2.818 -0.62
95 I -1.244 -2.933 -3.304 -3.401 3.865 -3.142 -3.612 -3.32 -2.725 3.767 2.09 -2.761 1.118 0.596 -3.576 -2.908 -1.231 -2.164 -1.234 2.55
96 I 0.942 -2.546 -2.865 -2.97 -0.033 -2.672 -2.899 -2.161 -2.239 3.085 1.347 -2.28 0.724 1.713 -3.076 -1.895 -1.006 -1.841 -0.62 2.68
97 F -2.135 -2.314 -2.528 -3.255 -1.698 -2.607 -2.9 -3.02 1.079 -0.407 -0.302 -2.51 -0.386 5.204 -3.868 -2.787 -2.318 1.664 5.762 -0.882
98 A 3.679 -1.817 -1.728 -1.893 4.01 -1.669 -1.704 1.527 -1.484 -1.099 -1.561 -1.198 -1.144 -2.052 -1.833 0.064 -0.735 -2.623 -2.073 -0.221
99 L 0.381 -2.369 -2.606 -2.973 -0.443 -2.701 -2.964 0.478 -1.754 0.989 2.547 -2.352 0.914 3.416 -3.335 -2.073 -1.616 -1.064 0.29 0.652
100 L -1.376 -2.762 -3.368 -3.448 -0.197 -3.016 -3.544 -3.485 -2.692 3.778 2.803 -2.677 1.467 0.287 -3.61 -3.107 -1.276 -2.108 -1.31 2.526
101 A 2.864 -1.362 -0.583 -1.098 0.137 -1.194 -1.212 1.792 -1.028 -1.57 -2.018 -0.804 -1.287 -2.091 -1.722 2.033 0.007 -2.596 -2.01 -0.755
102 I -1.379 -2.912 -3.294 -3.376 -0.278 -3.165 -3.572 -3.421 -2.53 3.903 2.08 -2.763 1.18 1.939 -3.659 -3.057 -1.264 -1.744 -0.541 2.673
103 Y -1.274 -1.827 -1.604 -2.408 -1.209 -1.923 -2.236 -2.336 1.634 -0.522 -0.202 -1.831 -0.426 3.838 -3.12 -0.505 0.015 1.131 5.282 -0.776
104 F -1.885 -2.522 -2.828 -3.403 3.662 -2.929 -3.215 -3.017 0.023 0.28 1.367 -2.737 0.299 4.8 -3.887 -2.816 -2.111 0.755 4.332 -0.324
105 K -0.939 1.981 -0.381 -0.835 -2.09 0.694 0.201 -1.455 -0.356 -2.236 -2.353 4.759 -1.336 -2.918 -1.8 -0.994 -1.195 -2.662 -1.901 -2.111
106 V 1.332 -2.137 -2.329 -2.636 -0.152 -2.145 -2.418 -1.745 -0.694 2.206 0.877 -1.864 0.322 0.686 -2.774 -0.927 -0.94 -0.718 2.801 2.0
107 K -1.152 1.34 2.098 -0.488 -1.952 0.21 -0.211 -1.284 -0.144 -1.968 -2.041 3.887 -1.298 0.874 -2.134 -0.802 -1.119 -2.135 -0.938 -1.999
108 F -0.248 -2.486 -2.686 -3.1 -0.816 -2.724 -2.934 -2.547 -0.13 1.858 0.288 -2.449 0.109 4.325 -3.497 -2.323 -1.641 0.481 4.06 1.29
109 I -1.489 -3.213 -3.375 -3.293 -0.263 -3.322 -3.799 -3.592 -2.824 4.799 1.564 -2.791 1.159 0.105 -3.617 -3.189 -1.187 -2.297 -1.398 2.748
110 K -1.221 2.471 1.133 -0.489 -1.843 2.131 0.967 -1.708 -0.048 -0.163 -1.19 2.586 -0.777 -2.2 -2.351 -1.153 -1.195 -2.488 -1.755 -0.999
111 K -1.294 1.567 -0.716 0.789 -1.708 0.949 -0.414 -1.971 0.396 -1.164 -0.334 2.249 -0.643 0.381 -2.512 -1.161 -0.982 -0.477 3.272 -1.329
112 W -1.311 -1.964 0.584 -1.856 0.326 -2.167 -2.277 -1.83 -0.413 0.287 -0.788 -1.937 -0.68 3.174 -3.527 -0.069 -1.227 7.391 2.572 -0.686
113 S 0.955 -0.854 0.384 -0.361 -0.04 -0.682 -0.668 -0.219 -0.573 -2.024 -2.441 -0.398 -1.299 -2.056 -1.588 3.622 0.898 -2.662 -1.868 -1.405
114 P -1.112 -1.888 -1.712 -1.724 -1.675 -1.797 -1.664 -2.04 2.463 -2.268 -2.602 -1.216 -2.163 -1.376 6.152 -1.662 -1.606 -2.427 1.292 -2.204
115 Y -1.859 -2.253 -2.516 -3.234 -1.465 -2.463 -2.823 -3.03 1.069 0.083 -0.287 -2.4 -0.326 4.624 -3.719 -2.699 -2.065 1.555 5.763 0.31
116 L -1.457 -2.47 -2.905 -2.854 -0.711 -2.716 -2.875 -2.915 -2.087 2.087 2.397 -2.184 0.829 1.736 3.467 -2.622 -1.581 -2.022 -0.749 0.756
117 L -1.447 -2.181 -3.051 -3.418 3.827 -2.322 -3.164 -3.048 -1.839 1.439 3.113 -2.359 3.76 2.06 -3.633 -2.703 -1.561 -1.401 -0.463 0.704
118 L -1.653 -2.299 -3.475 -3.733 -0.263 -2.753 -3.418 -3.495 -2.426 1.892 4.213 -2.591 2.02 0.72 -3.717 -3.271 -1.693 -1.763 -1.169 0.993
119 S 0.955 -0.854 0.384 -0.361 -0.04 -0.682 -0.668 -0.219 -0.573 -2.024 -2.441 -0.398 -1.299 -2.056 -1.588 3.622 0.898 -2.662 -1.868 -1.405
120 L -0.801 -2.475 -3.207 -3.451 0.041 -2.721 -3.164 -3.231 -2.772 2.55 2.671 -2.536 1.311 0.046 -3.449 -2.715 -0.964 -2.182 -1.304 3.468
121 L -1.62 -2.46 -3.455 -3.639 -0.263 -2.858 -3.49 -3.514 -2.501 2.753 3.844 -2.63 1.867 0.607 -3.697 -3.254 -1.585 -1.862 -1.213 1.44
122 V -0.648 -2.535 -3.152 -3.385 0.101 -2.727 -3.122 -3.181 -2.86 2.764 2.123 -2.53 1.114 -0.135 -3.394 -2.61 -0.823 -2.292 -1.339 3.818
123 Y -1.944 -2.024 -2.409 -3.218 -1.62 -2.128 -2.655 -3.081 1.549 -0.366 0.298 -2.158 -0.266 3.694 -3.567 -2.67 -2.173 1.846 6.344 -0.755
124 Y -2.072 -2.183 -2.44 -3.219 -1.746 -2.379 -2.769 -3.027 1.379 -0.548 -0.496 -2.346 -0.5 4.751 -3.737 -2.715 -2.284 1.831 6.138 -0.942
125 S 0.955 -0.854 0.384 -0.361 -0.04 -0.682 -0.668 -0.219 -0.573 -2.024 -2.441 -0.398 -1.299 -2.056 -1.588 3.622 0.898 -2.662 -1.868 -1.405
126 N -1.772 -0.527 5.868 1.169 -1.959 -0.639 -0.838 -0.267 0.856 -2.825 -3.264 -0.408 -2.274 -2.487 -2.7 -0.231 -0.564 -3.079 -2.181 -2.673
127 V -0.661 -2.215 -1.802 -2.338 -0.222 -2.359 -2.533 -2.328 -1.862 2.427 0.414 -2.019 0.311 2.808 -2.954 -0.433 1.303 -1.451 -0.006 2.441
128 Y -2.123 -2.287 -2.51 -3.248 -1.707 -2.56 -2.873 -3.021 1.142 -0.435 -0.34 -2.477 -0.408 5.119 -3.842 -2.773 -2.311 1.698 5.842 -0.894
129 L -1.939 -2.591 -3.26 -3.591 -0.692 -3.202 -3.5 -3.284 -1.748 1.516 3.137 -2.901 1.362 4.535 -4.022 -3.216 -1.963 -0.505 1.093 0.547
130 L -1.492 -2.328 -3.429 -3.684 -0.21 -2.748 -3.374 -3.449 -2.481 2.013 4.007 -2.581 1.913 0.618 -3.671 -3.171 -1.558 -1.829 -1.191 1.582
131 H -1.635 -0.141 0.245 -0.942 -2.357 1.944 -0.122 -1.765 7.598 -2.685 -2.576 -0.356 -1.181 -1.281 -2.732 -1.507 -2.042 -1.699 1.159 -2.851
132 E -1.345 -0.735 0.265 4.12 -2.508 0.537 3.741 -1.703 -0.057 -2.861 -3.106 0.052 -2.208 -2.841 -2.15 -0.967 -1.458 -2.905 -2.423 -2.517
133 L -1.356 -1.715 -2.636 -3.07 -0.379 -1.528 -2.675 -2.819 -1.213 1.441 2.323 -1.828 5.519 2.074 -3.502 -2.348 -1.335 -1.154 -0.281 0.774
134 T -0.225 -1.205 -0.251 -1.127 0.009 -1.216 -1.49 -1.441 -1.526 -0.337 -1.17 -0.903 -0.644 -1.693 -1.8 0.592 4.558 -2.297 -1.819 0.117
135 Q -0.995 0.895 -0.205 -0.469 -2.024 5.253 1.279 -1.592 0.657 -2.353 -2.103 1.109 -0.516 -3.071 -2.264 -0.867 -1.088 -2.297 -1.398 -1.9
136 I -1.489 -3.213 -3.375 -3.293 -0.263 -3.322 -3.799 -3.592 -2.824 4.799 1.564 -2.791 1.159 0.105 -3.617 -3.189 -1.187 -2.297 -1.398 2.748
137 R -1.647 5.71 -0.575 -1.676 -2.372 0.405 -0.673 -2.241 -0.014 -2.724 -2.14 1.906 -1.336 -2.585 -2.817 -1.519 -1.566 -2.347 -1.885 -2.274
138 I 1.614 -2.517 -2.738 -2.756 0.108 -2.509 -2.728 -1.77 -2.32 3.534 0.777 -2.064 0.566 -0.509 -2.793 -1.52 -0.849 -2.412 -1.531 2.666
139 G 1.432 -2.273 -0.759 -1.505 -0.907 -2.11 -2.417 5.369 -1.534 -2.668 -3.0 -1.584 -2.321 -2.605 -2.58 -0.759 -1.664 -2.553 -2.923 -2.076
140 V 0.55 -2.364 -2.965 -3.165 0.136 -2.522 -2.859 -2.471 -2.574 2.338 2.189 -2.282 1.033 -0.209 -3.121 -2.071 -0.855 -2.264 -1.38 3.353
141 A 3.942 -1.673 -1.626 -1.761 0.419 -1.509 -1.519 1.633 -1.349 -1.11 -1.589 -1.032 -1.123 -2.034 -1.695 0.225 -0.654 -2.553 -1.981 -0.167
142 G 0.456 -1.569 -0.341 -1.08 -0.33 -1.436 -1.554 3.033 -1.23 -0.329 -1.63 -1.102 -1.071 -1.849 -2.225 2.065 -0.013 -2.596 -2.107 0.834
143 A 3.346 -1.733 -1.41 -1.684 0.242 -1.584 -1.629 1.745 -1.387 0.284 -1.191 -1.127 -0.867 -1.765 -1.879 0.595 -0.554 -2.537 -1.956 0.13
144 I -1.505 -3.108 -3.385 -3.334 -0.263 -3.26 -3.759 -3.582 -2.781 4.61 1.969 -2.771 1.257 0.173 -3.627 -3.197 -1.234 -2.239 -1.374 2.613
145 G 0.8 -2.267 -1.09 -1.781 3.791 -2.167 -2.437 4.139 -1.788 -0.292 -1.561 -1.741 -1.25 -1.972 -2.683 -0.165 -1.061 -2.623 -2.463 0.855
146 F -2.029 -2.891 -3.077 -3.496 3.68 -3.648 -3.599 -3.0 -1.351 0.528 1.609 -3.213 0.504 5.774 -4.229 -2.998 -2.19 0.125 2.041 -0.209
147 Y -2.055 -2.251 -2.568 -3.283 -1.538 -2.514 -2.886 -3.068 1.021 -0.132 0.56 -2.441 -0.079 4.75 -3.792 -2.798 -2.234 1.54 5.683 -0.654
148 S 2.245 -1.04 -0.067 -0.691 0.14 -0.87 -0.854 -0.079 -0.76 -1.684 -2.127 -0.542 -1.21 -2.029 -1.588 3.025 0.57 -2.631 -1.868 -0.936
149 L -1.336 -2.377 -3.381 -3.624 -0.158 -2.755 -3.34 -3.407 -2.546 2.242 3.734 -2.577 1.782 0.498 -3.623 -3.072 -1.417 -1.909 -1.219 2.112
150 L -1.56 -2.205 -3.382 -3.639 -0.169 -2.659 -3.325 -3.402 -2.333 1.986 4.068 -2.497 2.113 0.814 -3.624 -3.177 -1.6 -1.67 -1.075 1.087
151 K -0.633 1.222 -0.263 -0.733 -1.489 2.686 0.331 -1.363 -0.16 -1.851 -1.782 3.343 -0.912 -2.604 -1.925 0.122 0.418 -2.5 -1.725 -1.59
152 Y -2.023 -1.915 -1.978 -2.906 -1.827 -2.015 -2.423 -2.882 3.371 -0.763 -0.732 -2.107 -0.62 4.29 -3.593 -2.571 -2.277 1.686 6.033 -1.124
153 L 0.767 -2.238 -3.035 -3.179 -0.077 -2.495 -2.927 -2.266 -2.212 2.147 3.395 -2.204 1.511 0.268 -3.137 -2.095 -1.359 -1.969 -1.325 1.127
154 I -0.963 -1.09 -2.395 -2.602 -0.362 -1.82 -2.264 -2.87 -2.184 3.608 0.842 0.883 0.65 -0.511 -3.055 -2.365 -0.971 -2.432 -1.492 2.995
155 E 0.105 1.223 2.215 1.836 -1.28 -0.119 1.356 -1.106 -0.231 -1.87 -2.276 1.132 -1.524 -2.405 -2.124 -0.357 1.209 -2.686 -2.082 -1.435
156 G 0.232 0.01 2.539 1.366 -1.499 -0.523 -0.279 2.659 -0.376 -2.452 -2.788 1.988 -1.936 -2.66 -2.275 -0.648 -0.892 -2.785 -2.368 -2.119
157 N -1.414 0.999 4.224 1.126 -2.125 0.181 1.566 -0.903 0.442 -2.692 -2.898 1.892 -1.925 -2.64 -2.333 -0.587 -0.917 -2.835 -2.091 -2.442
158 K -0.906 1.605 1.065 -0.86 -1.589 1.214 -0.243 -1.597 -0.384 0.831 -1.142 3.422 -0.671 -2.025 -2.238 -1.177 -1.118 -2.573 -1.774 -0.4
159 K -1.244 2.698 1.287 -1.128 -1.391 -0.158 -0.839 -1.778 -0.419 0.013 0.33 2.531 1.923 -1.356 -2.564 -1.084 -1.148 -2.301 -1.659 -0.653
160 K 0.519 1.356 -0.332 -0.767 -1.249 0.331 0.122 -0.987 -0.466 -2.048 -2.269 3.923 -1.301 -2.632 -1.741 0.676 -0.621 -2.648 -1.894 -1.684
161 F -2.227 -2.508 -2.656 -3.306 -1.632 -2.96 -3.094 -3.01 0.599 -0.221 -0.051 -2.757 -0.233 5.739 -4.062 -2.891 -2.367 1.412 5.138 -0.8
162 V -1.194 -2.752 -3.042 -3.363 3.814 -3.023 -3.336 -3.094 -1.466 2.564 1.256 -2.739 0.605 3.139 -3.633 -2.705 -1.347 -0.738 2.039 2.47
163 L -1.146 -2.284 -2.881 -3.222 -0.464 -2.417 -3.083 -3.019 -1.202 2.559 2.531 -2.317 2.932 2.304 -3.526 -2.6 -1.051 -0.783 1.813 1.234
164 L -1.596 -2.554 -2.962 -3.445 5.407 -2.813 -3.276 -2.935 -0.555 1.168 1.502 -2.662 0.768 2.774 -3.774 -2.714 -1.856 4.642 3.427 0.213
165 I -1.006 -2.967 -3.246 -3.287 -0.069 -3.073 -3.476 -3.384 -2.898 4.227 1.311 -2.679 1.001 -0.111 -3.488 -2.866 -0.937 -2.372 -1.398 3.485
166 L -1.413 -2.641 -2.69 -3.123 -0.679 -3.074 -3.312 0.221 -1.771 1.793 2.156 -2.709 0.841 4.192 -3.767 -2.434 -1.686 -0.745 0.827 1.295
167 L 0.175 -2.586 -3.067 -3.184 -0.177 -2.818 -3.155 -2.603 -2.266 3.135 2.345 -2.449 1.13 1.897 -3.33 -2.36 -1.253 -1.704 -0.56 2.158
168 A 4.016 -1.573 -1.582 -1.699 0.503 -1.409 -1.395 0.651 -1.287 -1.03 -1.515 -0.948 -1.035 -1.984 -1.614 0.606 -0.472 -2.558 -1.896 -0.079
169 S 0.31 -1.268 -0.502 -1.223 3.895 -1.116 -1.433 -1.069 -1.08 -0.372 -0.414 -0.958 2.541 -1.251 -2.105 1.967 1.866 -2.307 -1.704 -0.286
170 L -0.571 -1.799 -1.304 -1.986 3.886 -1.9 -2.233 -2.006 -1.891 1.33 1.76 -1.609 0.534 -0.616 -2.538 0.073 2.492 -2.244 -1.655 0.63
171 F -2.335 -3.029 -3.011 -3.413 -1.338 -3.904 -3.615 -3.042 -1.083 1.132 0.585 -3.348 0.215 6.411 -4.451 -3.148 -2.324 0.545 2.588 -0.043
172 H -1.82 -0.47 0.347 -1.074 -2.447 -0.278 -0.613 -1.81 8.189 -2.774 -2.708 -0.878 -1.374 -0.965 -2.862 -1.692 -2.339 -1.567 1.554 -3.148
173 F -1.975 -2.678 -2.838 -3.297 -1.155 -3.02 -3.264 -3.174 -0.001 2.307 0.512 -2.738 0.245 4.804 -3.9 -2.965 -1.955 0.744 4.341 0.769
174 S 0.649 -0.955 0.208 -0.57 -0.025 -0.832 -0.891 -0.534 -0.827 -1.407 -1.998 -0.54 -1.087 -1.942 -1.65 2.996 2.54 -2.547 -1.853 -0.859
175 A 2.091 -1.516 -1.869 -2.219 0.106 -1.302 -1.918 -1.094 -1.25 0.585 0.921 -1.259 4.263 -0.543 -2.375 -0.608 0.566 -1.915 -1.371 0.495
176 L 0.101 -2.503 -3.105 -3.29 3.904 -2.722 -3.151 -2.627 -2.529 2.496 2.662 -2.441 1.181 -0.035 -3.275 -2.298 -1.178 -2.206 -1.458 2.286
177 L 0.15 -2.524 -3.082 -3.215 0.007 -2.696 -3.083 -2.704 -2.579 3.103 2.34 -2.395 1.166 -0.034 -3.253 -2.34 -1.015 -2.215 -1.37 2.954
178 F -2.209 -2.742 -2.964 -3.401 -1.199 -3.408 -3.443 -3.003 -1.074 0.543 1.298 -3.082 1.792 6.123 -4.323 -3.036 -2.235 0.401 2.357 -0.235
179 L -1.932 -2.551 -3.272 -3.612 -0.673 -3.163 -3.485 -3.29 -1.764 1.345 3.268 -2.88 1.422 4.451 -4.012 -3.221 -1.971 -0.538 1.031 0.476
180 I -1.401 -2.945 -3.234 -3.358 -0.362 -3.244 -3.552 -3.348 -2.332 3.706 1.687 -2.825 0.998 3.015 -3.722 -3.018 -1.312 -1.367 0.083 2.646
181 L 1.812 -2.032 -2.261 -2.521 0.056 -2.141 -2.305 -1.383 -1.786 1.18 1.861 -1.804 0.627 1.643 -2.658 -0.481 -0.845 -1.777 -0.65 1.694
182 L -1.423 -2.246 -2.968 -2.95 -0.597 -2.522 -2.803 -2.945 -2.196 1.127 3.289 -2.089 1.237 -0.031 3.471 -2.646 -1.621 -2.372 -1.559 0.337
183 L 0.681 -1.218 0.381 -1.999 -0.338 -1.69 -2.097 -1.786 -1.456 1.62 2.59 -0.024 1.299 -0.23 -2.856 -1.593 -1.183 -2.154 -1.47 0.843
184 F -1.596 -2.398 -2.43 -2.929 -0.907 -2.838 -2.983 -2.611 -1.155 0.615 1.708 -2.57 1.882 5.401 -3.804 -1.177 -1.63 -0.045 1.777 -0.108
185 D -1.607 1.111 3.785 3.339 -2.117 -0.554 -0.131 -0.96 0.059 -2.713 -3.079 0.853 -2.223 -2.782 1.021 -0.774 -1.069 -3.23 -2.431 -2.613
186 K 0.43 1.844 -0.821 -1.455 -0.596 -0.568 -1.029 -1.444 -1.015 -0.167 -0.047 1.8 -0.388 -1.593 -1.297 0.148 1.382 -2.431 -1.752 0.44
187 K -1.227 1.722 3.174 1.473 -2.034 0.239 -0.278 0.971 0.074 -2.586 -2.766 2.59 -1.816 -2.428 -2.35 -0.814 -1.128 -2.6 -1.288 -2.425
188 K -0.357 1.922 2.105 -0.801 -1.158 -0.273 -0.756 -1.439 -0.489 0.056 -1.225 2.653 -0.785 -1.962 -2.399 -1.073 -0.899 -2.651 -1.815 1.204
189 I -1.236 -2.979 -3.315 -3.331 -0.158 -3.127 -3.584 -3.47 -2.82 4.298 1.854 -2.711 1.177 0.062 -3.557 -3.02 -1.096 -2.278 -1.374 3.048
190 S 0.661 -0.429 0.657 -0.422 -0.223 -0.556 -0.642 -0.428 -0.585 -1.839 -2.294 0.736 -1.251 -2.102 -1.653 3.108 1.41 -2.633 -1.874 -1.295
191 S -0.238 2.053 1.645 -0.587 -1.054 -0.336 -0.742 1.025 -0.375 -1.89 -1.416 1.783 -1.204 -2.159 -2.147 1.427 -0.042 -2.582 -1.987 -1.681
192 R -1.395 3.705 0.443 -1.154 -1.961 1.296 -0.323 -1.866 2.714 -1.643 -0.521 2.567 -0.721 -1.948 -2.522 -1.363 -1.432 -2.3 -1.196 -1.731
193 F -2.0 -2.017 -2.234 -2.277 -1.773 -1.887 -0.477 -2.909 1.028 -0.587 -0.487 -1.999 -0.511 4.893 -3.608 -2.529 -2.212 1.446 5.506 -0.996
194 I -1.268 -1.061 -2.467 -2.67 -0.489 -1.839 -2.337 -2.957 -2.082 3.523 1.917 0.875 0.979 -0.204 -3.137 -2.536 -1.212 -2.268 -1.443 2.188
195 L -1.563 -2.433 -2.695 -3.128 -0.567 -2.769 -3.148 -3.073 -1.243 2.363 2.396 -2.485 1.035 3.328 -3.541 -2.439 -0.062 -0.55 2.105 1.191
196 I -1.424 -2.291 0.767 -1.969 -0.628 -2.426 -2.775 -2.437 -1.357 3.275 0.916 -2.119 1.847 2.919 -3.413 -1.463 -0.735 -1.383 0.027 1.529
197 Y -1.542 -1.895 -1.987 -2.793 -1.426 -1.895 -2.399 -2.762 1.537 0.476 -0.687 -1.886 -0.542 2.77 -3.229 -1.471 -0.829 1.696 6.273 -0.337
198 F -1.263 -2.397 -2.221 -2.745 2.259 -2.702 -2.88 -0.686 -1.14 1.286 1.381 -2.392 0.348 3.827 -3.576 -0.801 -1.435 4.563 1.885 0.174
199 L -1.407 -2.677 -3.242 -3.418 3.844 -2.87 -3.503 -3.26 -2.377 3.265 2.583 -2.636 2.323 1.209 -3.622 -2.896 -1.401 -1.862 -0.948 1.805
200 L 0.716 -1.551 -1.042 -1.653 -0.004 -1.561 -1.768 -1.338 -1.514 0.863 1.542 -1.286 0.684 -0.712 -2.309 1.243 1.437 -2.266 -1.575 0.995
201 L -1.546 -2.572 -3.294 -3.462 -0.256 -2.899 -3.484 -3.456 -2.541 3.317 3.397 -2.606 1.678 0.46 -3.613 -3.046 -1.015 -1.965 -1.267 1.766
202 I -0.981 -2.652 -2.159 -2.592 -0.572 -2.842 -3.03 0.776 -1.828 2.957 0.758 -2.397 0.392 3.321 -3.397 -1.013 -1.176 -1.241 0.226 1.759
203 G 1.432 -2.066 -1.646 -2.164 -0.258 -2.115 -2.41 2.668 -1.782 0.481 1.539 -1.723 0.194 -0.07 -2.634 -0.975 0.131 -2.125 -1.609 0.309
204 A 2.224 -2.046 -2.109 -2.39 5.535 -2.073 -2.268 -0.363 -1.846 0.17 1.545 -1.708 0.217 -0.911 -2.441 -0.194 -0.885 -2.43 -1.833 0.137
205 Y -1.728 -2.034 -2.324 -3.178 3.956 -2.048 -2.62 -2.944 1.699 -0.908 -1.04 -2.106 -0.838 2.936 -3.431 -2.449 -2.1 1.893 6.534 -1.019
206 F -0.02 -2.743 -2.732 -3.044 5.239 -3.042 -3.205 -1.351 -1.881 1.948 1.102 -2.62 0.34 3.695 -3.414 -1.764 -1.442 -1.108 0.45 1.039
207 L -0.953 -2.184 -2.51 -2.957 5.272 -2.359 -2.925 -2.578 -2.086 1.36 3.065 -2.219 2.309 0.062 -3.267 -0.833 -1.137 -2.068 -1.479 0.612
208 Y -1.294 -2.032 -1.937 -2.621 -1.152 -2.074 -2.446 -2.545 0.944 1.427 -0.254 -1.957 -0.249 3.194 -3.232 -0.637 -1.375 1.142 5.448 0.193
209 Y -0.26 -1.559 -2.151 -2.689 -1.105 0.135 -1.876 -2.406 0.903 0.192 1.053 -1.529 0.127 2.627 -3.156 -2.04 -1.749 0.96 5.214 -0.305
210 F 0.08 -2.25 -2.44 -2.897 -0.715 -2.567 -2.756 -2.182 -0.879 0.647 1.506 -2.272 0.382 3.961 -3.369 -1.824 -0.12 4.616 2.508 0.026
211 N -1.089 0.268 4.175 0.264 -1.883 -0.395 -0.742 2.261 0.149 -2.723 -3.013 2.146 -2.044 -2.671 -2.433 -0.608 -0.995 -2.839 -2.275 -2.547
212 I -1.177 -3.042 -3.278 -3.293 -0.156 -3.167 -3.575 -3.435 -2.807 4.364 1.373 -2.73 1.032 0.561 -3.55 -2.969 -1.043 -2.213 -1.168 3.218
213 N -1.369 -1.012 4.514 3.466 -1.91 -0.875 -0.288 1.207 0.217 -2.829 -3.343 -0.674 -2.412 -2.646 -2.56 -0.122 -0.842 -3.154 -2.522 -2.709
214 L -1.636 -2.477 -3.063 -3.157 -0.674 -2.866 -3.106 -3.073 -1.972 1.738 2.9 -2.438 1.143 3.029 2.064 -2.86 -1.734 -1.364 0.03 0.622
215 L 0.445 -1.799 -1.677 -2.193 -0.047 -1.915 -2.196 -1.784 -1.8 1.272 2.594 -1.651 0.981 -0.222 -2.668 0.383 0.535 -2.131 -1.452 1.196
216 T -0.649 -0.428 2.635 -0.169 -0.684 -0.738 0.471 -1.289 -0.517 -0.198 -0.158 -0.62 -0.544 -1.51 -2.316 0.358 2.039 -2.496 -1.817 0.386
217 L -1.307 -2.625 -3.29 -3.485 -0.234 -2.963 -3.409 -3.353 -2.447 2.963 2.858 -2.686 1.396 2.008 -3.655 -3.005 -1.328 -1.635 -0.496 2.511
218 L -1.651 -2.732 -3.356 -3.501 -0.39 -3.113 -3.581 -3.452 -2.326 3.324 2.975 -2.768 1.467 2.475 -3.767 -3.204 -1.545 -1.455 -0.269 1.784
219 K -0.776 2.436 1.493 -0.249 -1.81 0.851 1.023 0.859 -0.1 -2.538 -2.561 2.691 -1.561 -2.681 -2.177 -0.016 -0.969 -2.598 -2.024 -2.2
220 Y -1.911 -1.333 -2.12 -2.857 -1.799 -1.799 -2.245 -2.828 1.37 -0.743 -0.728 -0.209 -0.625 4.228 -3.424 -2.461 -2.14 1.668 6.015 -1.067
221 I -1.588 -3.087 -3.342 -3.348 -0.364 -3.318 -3.738 -3.516 -2.531 4.352 1.887 -2.827 1.17 1.959 -3.709 -3.192 -1.342 -1.755 -0.555 2.397
222 P -1.151 -1.677 2.207 2.323 -1.794 -1.506 -0.872 0.848 -0.785 -2.667 -3.145 -1.01 -2.547 -3.081 4.882 -1.106 -1.319 -3.821 -2.746 -2.548
223 I -0.871 -2.843 -3.001 -3.122 -0.05 -2.929 -3.293 -3.179 -2.789 4.075 1.213 -2.555 0.932 -0.181 -3.387 -2.124 -0.83 -2.388 -1.412 3.471
224 G -0.159 -1.722 -0.106 2.205 -1.16 -1.451 -0.89 2.999 -1.104 -2.624 -3.064 -1.044 -2.244 -2.74 2.875 1.048 -0.727 -3.16 -2.683 -2.307
225 Y -1.55 -2.386 -2.745 -3.292 -0.916 -2.599 -2.988 -3.13 0.256 1.652 0.938 -2.469 0.32 3.739 -3.647 -2.754 -1.686 0.753 4.714 1.625
226 I -1.166 -2.997 -3.293 -3.31 -0.132 -3.124 -3.561 -3.447 -2.852 4.325 1.619 -2.706 1.106 -0.001 -3.535 -2.973 -1.04 -2.317 -1.386 3.204
227 Q -1.067 1.323 1.336 -0.345 -2.039 4.36 0.889 -1.415 0.487 -2.381 -2.251 2.232 -0.824 -2.964 -2.216 -0.835 -1.062 -2.439 -1.575 -2.019
228 E 0.339 -0.653 2.232 0.023 -1.207 0.985 1.435 -1.02 0.623 -1.943 -2.147 -0.272 -1.334 -0.119 -2.254 0.761 -0.626 -0.842 2.737 -1.554
229 K -0.939 1.981 -0.381 -0.835 -2.09 0.694 0.201 -1.455 -0.356 -2.236 -2.353 4.759 -1.336 -2.918 -1.8 -0.994 -1.195 -2.662 -1.901 -2.111
230 F -2.032 -2.284 -2.654 -3.326 -1.398 -2.583 -2.956 -3.099 0.773 0.127 1.14 -2.489 0.188 4.674 -3.814 -2.851 -2.192 1.329 5.358 -0.464
231 L -0.588 0.831 2.058 1.137 -0.938 0.563 -0.803 -1.378 -0.513 1.283 0.173 -0.402 -0.266 -1.325 -2.591 0.31 -0.323 -2.551 -1.795 0.053
232 L -1.397 -1.311 -0.943 2.231 -1.141 0.682 1.392 -2.361 -0.907 2.19 0.821 -0.841 1.612 -0.889 -2.812 -1.789 -1.332 -2.392 -1.717 0.687
233 Y -1.925 -1.89 -2.238 -3.135 -1.864 -1.896 -2.476 -3.045 1.992 -0.916 -1.023 -1.986 -0.795 3.236 -3.446 -2.55 -2.202 2.196 6.879 -1.092
234 I 0.204 1.191 0.922 -1.036 -0.843 0.741 -0.517 -1.468 -0.671 1.891 -0.502 1.226 -0.296 -1.442 -2.436 -0.168 -0.425 -2.492 -1.707 0.493
235 E -0.825 -0.518 1.427 1.426 -1.428 -0.261 1.427 -1.433 0.437 -1.449 -1.443 0.656 0.891 0.044 -2.365 0.447 -0.815 -0.813 2.732 -1.441
236 Q -0.778 1.928 -0.192 -0.594 -1.788 4.43 0.879 -1.463 0.4 -2.341 -2.163 1.742 -0.735 -2.887 -2.188 -0.003 -0.865 -2.372 -1.535 -1.901
237 G 0.19 -1.723 -0.78 -1.514 -0.153 -1.677 -1.898 2.037 -1.683 0.661 -0.841 -1.353 -0.538 -1.51 -2.332 0.75 2.093 -2.477 -1.921 1.843
238 Q 0.442 -0.32 2.12 -0.241 -1.252 2.507 1.048 -1.199 0.029 0.021 -1.254 0.202 -0.709 1.05 -2.455 -0.824 -1.043 -1.984 -0.794 -0.662
239 G -0.537 -0.955 2.411 1.504 -1.396 0.716 0.565 3.007 -0.309 -2.456 -2.825 -0.512 -1.871 -2.562 -2.375 0.218 0.336 -2.695 -2.361 -2.088
240 G 1.018 -1.42 3.119 2.456 -1.146 -1.254 -0.829 2.95 -0.406 -2.429 -2.898 -0.952 -2.148 -2.539 -2.399 -0.256 -1.025 -2.902 -2.542 -1.97
241 D -1.308 -1.412 -0.144 3.759 -1.542 -0.615 1.602 0.628 -0.724 -0.706 0.149 -0.857 2.228 -1.425 -2.637 -1.386 -1.487 -2.537 -2.139 -1.104
242 F -1.504 -2.564 -2.799 -3.247 -0.805 -2.82 -3.11 -3.108 -0.171 2.291 0.533 -2.592 0.326 4.1 -3.689 -2.769 -1.577 0.48 4.048 1.931
243 V -0.644 -1.53 -1.655 -1.595 -0.281 0.333 -0.038 -2.478 -1.628 2.542 0.267 -1.204 0.296 -0.919 -2.73 -1.318 1.287 -2.397 -1.535 2.829
244 P -0.272 0.974 1.079 1.078 -1.455 -0.414 -0.711 -1.289 -0.712 -2.371 -2.674 0.791 -1.96 -2.9 4.475 -0.105 -0.961 -3.446 -2.355 -2.077
245 V -0.442 -2.655 -3.074 -3.279 0.182 -2.756 -3.076 -3.116 -3.006 3.171 0.915 -2.529 0.766 -0.443 -3.316 -2.467 -0.62 -2.479 -1.398 4.277
246 N -1.772 -0.527 5.868 1.169 -1.959 -0.639 -0.838 -0.267 0.856 -2.825 -3.264 -0.408 -2.274 -2.487 -2.7 -0.231 -0.564 -3.079 -2.181 -2.673
247 V -0.778 -2.844 -3.179 -3.284 0.029 -2.948 -3.317 -3.279 -2.939 3.869 1.166 -2.621 0.914 -0.233 -3.421 -2.707 -0.813 -2.412 -1.398 3.813
248 F -2.234 -2.673 -2.716 -3.288 -1.47 -3.299 -3.26 -2.959 -0.101 0.028 0.383 -2.96 -0.013 6.093 -4.175 -2.84 -1.748 1.016 4.135 -0.632
249 S 0.955 -0.854 0.384 -0.361 -0.04 -0.682 -0.668 -0.219 -0.573 -2.024 -2.441 -0.398 -1.299 -2.056 -1.588 3.622 0.898 -2.662 -1.868 -1.405
250 V 1.531 -2.195 -2.308 -2.578 0.071 -2.279 -2.455 -1.639 -1.999 2.099 0.965 -1.914 0.407 1.561 -2.701 -1.154 0.381 -1.861 -0.676 2.414
251 L -1.226 -2.026 -2.396 -2.903 -0.365 -2.129 -2.779 -2.761 -1.596 1.435 2.214 -2.102 3.541 3.029 -3.353 -1.969 0.45 -1.091 0.157 1.398
252 Q -0.995 0.895 -0.205 -0.469 -2.024 5.253 1.279 -1.592 0.657 -2.353 -2.103 1.109 -0.516 -3.071 -2.264 -0.867 -1.088 -2.297 -1.398 -1.9
253 L -1.619 -2.452 -3.28 -3.549 -0.401 -2.789 -3.378 -3.442 -1.567 2.68 3.386 -2.581 1.586 1.39 -3.674 -3.145 -1.604 -1.036 1.569 1.46
254 L -1.336 -2.478 -2.653 -2.99 -0.445 -2.805 -3.116 -2.875 -1.934 2.773 2.662 -2.467 1.215 3.073 -3.525 -1.26 -1.277 -1.24 0.1 1.292
255 H -1.75 2.42 1.537 -0.859 -2.368 -0.114 -0.625 -1.689 7.043 -2.753 -2.61 0.357 -1.443 -1.434 -2.803 -1.452 -1.895 -1.877 0.737 -2.851
256 L -1.562 -2.766 -3.42 -3.483 -0.263 -3.052 -3.622 -3.548 -2.638 3.828 3.056 -2.699 1.578 0.398 -3.662 -3.226 -1.404 -2.045 -1.292 2.086
257 L 0.747 -2.43 -2.566 -2.88 1.316 -2.745 -2.889 -0.435 -1.613 1.347 1.821 -2.332 0.592 3.979 -3.237 -1.808 -1.1 -0.858 0.685 0.455
258 I -0.786 -3.066 -3.232 -3.265 3.881 -3.162 -3.578 -3.157 -2.832 4.186 1.206 -2.715 0.875 -0.2 -3.455 -2.716 -1.073 -2.429 -1.529 2.896
259 I -0.114 -2.205 -1.988 -2.411 -0.05 -2.274 -2.575 -2.285 -2.189 3.076 1.511 -1.938 0.759 -0.366 -2.851 -0.494 0.942 -2.295 -1.487 2.413
260 F -1.67 -2.739 -2.788 -3.149 -0.743 -3.076 -3.362 -1.583 -1.182 2.96 1.505 -2.691 0.714 3.97 -3.722 -2.726 -0.921 -0.361 2.333 1.318
261 L -1.822 -2.629 -3.141 -3.415 -0.752 -3.192 -3.373 -3.16 -1.705 1.517 2.642 -2.819 1.08 4.622 -0.8 -3.052 -1.884 -0.526 1.157 0.812
262 L 1.347 -1.796 -1.432 -1.871 0.048 -1.778 -1.927 -1.242 -1.631 1.92 1.319 -1.449 0.423 -0.675 -2.412 1.081 -0.286 -2.357 -1.572 1.527
263 F -1.65 -2.333 -2.886 -3.294 -0.694 -2.567 -3.128 -2.973 -1.33 1.252 1.868 -2.536 3.53 4.744 -3.889 -2.741 -1.69 -0.342 1.307 1.055
264 Y 0.252 -2.007 -1.144 -2.363 2.401 -2.025 -2.344 -1.994 -0.098 1.62 0.641 -1.827 0.106 1.118 -2.905 -0.388 -0.925 -0.173 3.739 1.512
265 Y -1.079 -1.593 0.856 -1.524 -1.181 -1.635 -1.856 -1.815 2.952 0.533 -0.707 -1.542 -0.551 3.275 -3.0 0.206 -1.052 0.285 4.097 -0.463
266 S 1.021 0.702 -0.611 -1.275 -0.258 -1.069 -1.294 -0.948 -0.497 0.616 -1.023 -0.543 -0.617 -0.533 -2.15 2.006 0.029 -1.543 1.309 0.64
267 R -0.716 3.134 0.288 1.018 -1.56 -0.047 -0.357 -1.378 0.049 -2.221 -2.26 2.303 -1.405 -1.129 -2.238 0.706 -0.743 -1.608 1.234 -1.949
268 K -0.771 2.784 -0.268 -0.952 -1.824 0.236 -0.113 0.789 2.635 -2.462 -2.459 3.299 -1.461 -2.486 -2.153 -0.156 -1.128 -2.456 -1.387 -2.23
269 F -1.897 -0.213 2.035 -1.287 -1.536 -1.671 -1.887 -1.944 -0.45 0.575 -0.276 0.584 -0.372 4.829 -3.385 -1.846 -1.6 -0.503 1.331 -0.518
270 K -0.63 1.375 0.435 0.042 -1.105 0.205 1.025 -1.518 -0.519 0.096 -0.02 1.704 -0.478 -1.609 -2.24 0.575 -0.026 -2.466 -1.79 -0.616
271 L -1.14 -1.644 1.866 -0.191 -1.06 -1.413 -0.026 0.755 -0.304 0.491 0.347 -1.406 -0.274 1.958 -3.079 -1.608 -1.269 -1.012 1.851 1.205
272 D -1.019 -1.314 2.768 4.076 -1.626 -1.004 0.006 -0.913 -0.365 -2.033 -2.961 -0.768 -2.204 -2.673 1.895 0.494 -0.733 -3.408 -2.573 -2.208
273 E 0.423 2.105 -0.428 1.637 -1.617 0.282 2.391 -0.871 0.529 -2.3 -2.421 1.36 -1.637 -2.582 0.097 -0.807 -0.82 -2.657 -1.975 -1.785
274 K -0.627 1.818 -0.374 0.593 -1.401 0.153 1.188 -1.468 -0.456 -1.451 -0.463 2.634 -0.826 -2.011 -0.782 0.507 -0.767 -2.564 -1.888 -1.484
275 L -1.373 -1.312 -1.767 -1.708 -0.985 -0.585 -0.042 -1.739 -0.488 1.149 0.962 -0.484 1.766 3.28 -3.062 -1.753 0.091 -0.474 2.258 0.202
276 V -1.156 -2.721 -3.093 -3.325 -0.299 -2.92 -3.296 -3.272 -1.628 3.338 1.509 -2.631 0.871 2.148 -3.567 -2.826 -1.18 -1.019 1.773 2.98
277 L -1.389 -2.41 -2.901 -3.206 -0.221 -2.704 -3.245 -3.226 -2.446 3.02 3.257 -2.422 1.562 0.342 -3.419 -2.516 0.07 -1.983 -1.301 1.709
278 L -1.248 -2.209 -2.63 -3.041 -0.3 -2.35 -2.967 -2.945 -1.893 2.292 2.434 -2.246 3.033 2.363 -3.407 -2.228 0.114 -1.385 -0.254 1.799
279 L 0.071 -2.346 -2.829 -3.072 2.536 -2.565 -2.982 -2.505 -2.315 2.492 2.96 -2.28 1.317 0.102 -3.206 -1.544 -1.143 -2.106 -1.399 1.756
280 K -1.067 3.205 -0.418 -0.984 -2.144 0.639 0.046 -1.596 -0.284 -2.327 -2.309 4.372 -1.336 -2.848 -1.976 -1.091 -1.265 -2.596 -1.898 -2.143
281 L -1.294 -2.867 -3.338 -3.441 3.866 -3.097 -3.615 -3.349 -2.74 3.668 2.468 -2.739 1.256 0.099 -3.58 -2.951 -1.282 -2.23 -1.444 2.356
282 Y -1.944 -2.024 -2.409 -3.218 -1.62 -2.128 -2.655 -3.081 1.549 -0.366 0.298 -2.158 -0.266 3.694 -3.567 -2.67 -2.173 1.846 6.344 -0.755
283 S 1.332 -1.099 -0.019 -0.694 0.007 -0.945 -0.956 -0.396 -0.826 0.018 -1.562 -0.632 -0.89 -1.734 -1.743 3.068 0.82 -2.603 -1.816 -0.427
284 L -1.706 -2.444 -3.411 -3.654 -0.364 -2.908 -3.471 -3.449 -2.273 2.242 3.802 -2.683 1.796 2.201 -3.781 -3.25 -1.707 -1.433 -0.433 1.109
285 G 1.657 -0.874 -0.302 -0.958 -0.405 -1.031 -1.184 3.149 -0.965 -2.098 -2.472 0.465 -1.599 -2.317 -1.944 1.857 -0.22 -2.607 -2.224 -1.461
286 P -1.12 -2.298 -2.238 -1.943 -1.401 -2.3 -2.034 -2.183 -1.722 -0.064 -1.544 -1.471 -1.537 0.886 6.146 -1.821 -1.519 -3.17 -1.307 -1.015
287 I -1.486 -2.99 -3.386 -3.376 -0.25 -3.182 -3.697 -3.558 -2.744 4.367 2.311 -2.742 1.343 0.226 -3.628 -3.182 -1.264 -2.187 -1.35 2.533
288 A 2.009 -1.56 -0.865 -1.487 6.315 -1.428 -1.52 -0.615 2.352 -1.375 -1.756 -1.191 -1.18 -1.92 -2.09 1.5 -0.288 -2.663 -1.48 -0.771
289 L -1.847 -2.337 -3.254 -3.636 -0.666 -2.771 -3.291 -3.277 -1.295 1.316 3.406 -2.625 1.446 2.479 -3.902 -3.196 -1.909 4.545 2.031 0.481
290 V -0.294 -2.642 -3.139 -3.27 0.012 -2.8 -3.19 -2.979 -2.73 3.393 2.012 -2.5 1.1 -0.087 -3.344 -2.53 -0.941 -2.28 -1.372 3.34
291 L 0.817 0.35 -2.557 -2.889 -0.258 -2.069 -2.528 -2.095 -1.763 1.728 2.413 -1.421 0.946 1.78 -3.07 -1.859 -1.287 -1.674 -0.6 1.437
292 F -2.185 -2.777 -3.115 -3.515 -1.062 -3.552 -3.541 -3.13 -1.312 0.799 2.156 -3.143 0.814 5.806 -4.281 -3.181 -2.223 0.188 2.084 -0.035
293 S 0.558 -1.132 -0.059 -0.778 -0.179 -1.049 -1.054 -0.619 -0.749 -1.049 -0.333 -0.76 -0.592 1.235 -1.945 3.045 0.502 -1.991 -0.826 -0.975
294 A 1.267 -1.454 1.176 1.056 -0.39 -1.357 -1.1 -0.762 -0.835 0.245 -1.175 -1.028 -0.855 1.158 -0.944 1.275 0.739 -2.124 -0.951 -0.3
295 V -0.749 -2.262 -2.471 -2.8 -0.088 -2.247 -2.797 -2.721 -2.141 3.159 1.746 -2.11 2.825 -0.092 -3.208 -1.004 -0.755 -2.138 -1.324 2.793
296 P -1.033 -2.102 -2.065 -1.793 -1.598 -2.03 -1.801 -2.056 -1.049 -2.238 -2.616 -1.248 -2.289 -1.575 6.478 -1.649 -1.527 -2.695 1.037 -2.132
297 G 2.307 -2.054 -1.573 -2.03 -0.184 -1.951 -2.151 3.042 -1.049 0.016 -1.167 -1.553 -0.903 -0.676 -2.401 -0.707 -1.063 -1.536 1.198 1.169
298 F -2.34 -2.914 -3.018 -3.452 -1.315 -3.805 -3.568 -3.033 -1.066 0.423 1.206 -3.306 0.386 6.378 -4.447 -3.15 -2.377 0.554 2.575 -0.382
299 A 2.981 -1.194 -0.491 -0.985 0.286 -1.026 -1.009 0.038 -0.917 -1.426 -1.887 -0.659 -1.132 -2.001 -1.581 2.411 0.277 -2.6 -1.861 -0.595
300 L -1.591 -2.566 -3.435 -3.572 -0.256 -2.923 -3.533 -3.52 -2.546 3.205 3.561 -2.649 1.767 0.536 -3.677 -3.236 -1.508 -1.923 -1.236 1.71
301 R -1.64 5.698 -0.568 -1.669 -2.365 0.412 -0.666 -2.234 -0.007 -2.717 -2.133 1.913 -1.329 -2.578 -2.81 -1.512 -1.559 -2.34 -1.878 -2.267
302 L -1.327 -2.406 -3.07 -3.313 -0.287 -2.52 -3.21 -3.19 -2.031 2.938 2.415 -2.43 3.215 2.137 -3.608 -2.796 -1.299 -1.475 -0.366 2.194
303 S 0.962 -0.847 0.391 -0.354 -0.033 -0.676 -0.661 -0.212 -0.566 -2.017 -2.434 -0.391 -1.292 -2.049 -1.581 3.601 0.905 -2.655 -1.861 -1.398
304 E -1.025 -0.227 -0.444 1.412 -2.517 1.241 4.726 -2.055 0.287 -2.87 -2.809 0.571 -1.859 -2.714 -1.987 -0.897 -1.407 -2.493 -2.014 -2.24
305 L -1.653 -2.405 -3.437 -3.662 -0.293 -2.842 -3.458 -3.478 -2.389 2.362 3.92 -2.632 1.889 1.33 -3.726 -3.25 -1.651 -1.664 -0.882 1.214
306 F -2.31 -2.841 -2.971 -3.435 -1.334 -3.65 -3.493 -3.036 -0.784 0.376 1.156 -3.208 0.348 6.252 -4.375 -3.114 -2.361 0.664 3.065 -0.405
307 S 1.665 -1.129 1.497 -0.541 -0.172 -1.017 -1.086 1.503 -0.683 -1.707 -2.204 -0.683 -1.365 -2.103 -1.834 2.22 1.143 -2.62 -2.016 -1.067
308 V -0.742 -2.762 -3.098 -3.29 -0.02 -2.942 -3.221 -3.16 -2.657 3.283 0.981 -2.646 0.768 1.872 -3.468 -2.626 -0.852 -1.857 -0.487 3.79
309 A 2.341 -1.848 -1.211 -1.699 4.126 -1.754 -1.89 2.51 -1.482 -0.9 -0.227 -1.344 -0.767 -1.672 -2.185 0.682 -0.673 -2.54 -2.128 -0.553
310 E -1.104 -0.202 -0.201 2.337 -2.452 1.936 4.228 -1.897 0.243 -2.802 -2.795 0.507 -1.759 -2.784 -2.059 -0.91 -1.381 -2.576 -2.041 -2.271
311 I -1.331 -3.131 -3.329 -3.285 -0.197 -3.239 -3.693 -3.522 -2.839 4.626 1.498 -2.751 1.12 0.05 -3.571 -3.083 -1.104 -2.312 -1.391 2.989
312 I -0.998 -2.844 -3.245 -3.326 -0.055 -2.994 -3.418 -3.359 -2.846 3.934 1.789 -2.646 1.118 -0.031 -3.487 -2.856 -0.969 -2.301 -1.364 3.389
313 L -1.451 -2.413 -3.406 -3.62 -0.197 -2.798 -3.402 -3.448 -2.523 2.515 3.758 -2.595 1.82 0.549 -3.648 -3.144 -1.479 -1.885 -1.211 1.848
314 L -1.682 -2.342 -3.436 -3.699 -0.312 -2.812 -3.427 -3.459 -2.32 1.919 4.05 -2.628 1.933 1.65 -3.749 -3.255 -1.715 -1.551 -0.723 0.976
315 P -0.942 -2.119 -2.039 -1.669 -1.563 -2.039 -1.728 -1.958 -1.713 -2.423 -2.856 -1.17 -2.509 -3.441 6.766 -1.558 -1.454 -4.655 -2.741 -2.267
316 L -1.277 -1.858 -2.215 -2.768 -0.7 -1.755 -2.534 -2.599 -0.116 1.507 1.075 -1.868 4.147 3.007 -3.361 -1.243 -1.288 0.06 3.377 0.551
317 L -1.554 -2.591 -3.348 -3.603 4.058 -3.02 -3.545 -3.279 -2.32 2.227 3.343 -2.759 1.508 2.197 -3.73 -3.031 -1.656 -1.526 -0.471 1.066
318 V 2.067 -2.157 -2.433 -2.505 0.237 -2.125 -2.218 -1.354 -2.184 1.735 -0.023 -1.732 0.011 -1.141 0.862 -1.055 -0.619 -2.657 -1.655 3.113
319 R -0.877 2.484 -0.875 -1.617 -1.277 -0.439 -1.023 -1.844 0.212 -0.919 0.133 1.876 -0.44 0.357 -2.5 0.116 -0.573 -0.577 2.998 -1.074
320 L -1.186 1.464 -0.891 -1.548 -1.343 1.962 -0.522 -2.057 2.967 -0.459 0.746 1.047 1.648 -0.142 -2.707 -0.955 -1.306 -1.12 1.798 -0.814
321 I -1.421 -3.21 -3.207 -3.367 5.715 -3.504 -3.796 -3.107 -2.322 3.46 0.901 -3.007 0.548 3.1 -3.721 -2.796 -1.479 -1.432 0.046 1.71
322 K -1.069 3.155 -0.392 -0.935 -2.131 1.679 0.199 -1.607 -0.147 -2.335 -2.273 4.075 -1.226 -2.856 -2.024 -1.071 -1.247 -2.546 -1.831 -2.112
323 Q -0.978 0.452 -0.518 -0.69 -1.91 4.572 0.838 -1.664 0.279 -2.363 -2.249 0.742 -0.849 -3.144 2.838 -1.001 -1.16 -2.673 -1.641 -1.972
324 K -0.852 1.152 -0.228 -1.275 -1.128 -0.218 -0.694 -0.897 -0.925 1.102 -0.827 3.269 -0.506 -1.767 -2.222 -1.098 0.38 -2.536 -1.782 0.771
325 K -1.109 0.968 1.686 -0.923 -1.41 0.04 -0.952 0.907 -0.435 -0.243 -0.827 2.143 1.235 1.343 -2.584 -1.128 -0.396 -1.855 -0.79 -0.88
326 L -1.253 -2.626 -3.055 -3.397 4.061 -3.02 -3.357 -3.051 -2.174 1.919 2.398 -2.738 1.019 3.191 -3.641 -2.635 -0.958 -1.241 0.168 1.962
327 A 3.133 -1.626 -1.398 -1.712 0.222 -1.45 -1.613 1.524 -1.29 -0.175 -0.783 -1.098 1.254 -1.544 -1.942 0.59 -0.531 -2.398 -1.835 0.213
328 K -1.45 1.573 -1.446 -2.05 -1.526 -0.628 -1.234 -2.404 0.435 0.616 0.285 2.27 -0.226 1.074 -2.756 -1.924 -1.586 0.023 3.981 -0.349
329 L -1.134 -2.149 -2.145 -2.655 -0.396 -2.451 -2.75 -2.551 -1.758 1.784 2.721 -2.158 1.133 2.974 -3.231 -0.722 0.294 -1.227 0.056 0.753
330 L 0.553 -1.966 -1.468 -2.03 -0.3 -2.056 -2.226 1.3 -1.532 0.681 1.413 -1.725 0.292 2.089 -2.763 0.468 -0.724 -1.64 -0.492 1.039
331 V -0.755 -2.742 -3.103 -3.302 -0.025 -2.933 -3.219 -3.162 -2.644 3.219 1.131 -2.644 0.804 1.885 -3.473 -2.635 -0.869 -1.842 -0.482 3.75
332 I -0.929 -2.923 -3.219 -3.279 -0.032 -3.028 -3.42 -3.345 -2.904 4.115 1.275 -2.654 0.982 -0.14 -3.461 -2.81 -0.892 -2.377 -1.391 3.581
333 L -1.3 -2.253 -2.496 -3.012 -0.421 -2.604 -3.092 0.227 -2.066 1.348 3.313 -2.346 1.379 1.992 -3.426 -2.288 -0.079 -1.51 -0.584 0.73
334 L -1.318 -2.558 -3.209 -3.441 -0.279 -2.798 -3.327 -3.385 -1.7 3.147 2.73 -2.563 1.331 0.755 -3.569 -2.976 -1.322 -1.24 1.462 2.442
335 C 1.343 -1.767 -0.897 -1.498 7.298 -1.66 -1.737 -0.78 -1.463 -1.334 -1.722 -1.332 -1.207 -2.075 -2.162 1.947 -0.05 -2.899 -2.241 -0.785
336 F 1.051 -2.27 -2.19 -2.604 4.075 -2.509 -2.595 -1.675 -1.573 0.442 0.716 -2.114 0.055 3.869 -2.911 -1.171 0.514 -0.96 0.631 0.692
337 I 0.459 -2.555 -2.35 -2.659 6.06 -2.599 -2.85 -1.999 -2.259 2.66 0.705 -2.217 0.272 0.064 -2.948 -0.524 -0.818 -2.418 -1.505 1.799
338 L -1.254 -2.189 -2.916 -3.159 -0.22 -2.071 -3.028 -3.102 -1.889 3.251 2.153 -2.135 4.369 0.255 -3.473 -2.607 -1.161 -1.825 -1.156 2.114
339 L -1.857 -2.513 -3.151 -3.517 -0.702 -2.979 -3.375 -3.297 -1.108 1.889 2.909 -2.734 1.26 3.932 -3.875 -3.131 -1.875 -0.239 2.456 0.75
340 L -1.311 -2.007 -2.186 -2.817 -0.864 -2.124 -2.581 -2.706 0.463 1.324 1.845 -2.02 0.577 2.29 -3.277 -0.964 -1.4 0.645 4.76 0.319
341 I -1.504 -2.494 0.353 -2.303 -0.404 -2.586 -3.117 -2.884 -1.904 4.029 1.819 -2.271 2.005 0.019 -3.481 -2.579 -1.152 -2.217 -1.4 2.166
342 N -1.771 -0.514 5.568 0.997 -2.002 -0.59 -0.805 -0.396 3.255 -2.812 -3.19 -0.45 -2.152 -2.265 -2.711 -0.354 -0.708 -2.859 -1.43 -2.715
343 L -1.531 -1.969 -2.899 -3.068 -0.398 -0.168 -2.505 -3.264 -2.017 2.953 3.309 -1.969 1.598 0.316 -3.506 -2.896 -1.469 -1.965 -1.258 1.49
344 Y -2.022 -2.082 -2.371 -3.191 -1.785 -2.209 -2.668 -3.033 1.598 -0.665 -0.661 -2.221 -0.595 4.328 -3.637 -2.659 -2.256 1.958 6.407 -0.991
345 H -1.414 -0.869 -0.213 -1.459 -1.927 -0.719 -1.064 -1.9 6.9 -2.015 -2.069 -1.111 -1.181 0.969 -2.86 -0.613 -1.761 0.087 4.233 -2.188
346 L -1.327 -1.617 2.672 -1.199 -0.557 -1.779 -2.242 -1.995 -0.968 1.357 2.388 -1.644 2.048 -0.238 -3.258 -1.774 -1.027 -2.206 -1.46 1.597
347 E -0.664 -0.523 1.489 0.192 -1.39 1.477 2.249 -0.681 0.289 -1.497 -0.58 -0.093 -0.836 -0.773 -2.298 0.616 -0.732 -1.501 1.288 -1.449
348 L -1.399 -2.475 -3.284 -3.461 -0.212 -2.691 -3.369 -3.387 -2.42 3.159 3.174 -2.517 2.548 0.403 -3.604 -3.015 -1.351 -1.943 -1.234 2.111
349 L -1.181 -2.468 -3.329 -3.544 -0.107 -2.789 -3.323 -3.369 -2.633 2.653 3.317 -2.583 1.602 0.34 -3.571 -2.972 -1.258 -2.018 -1.258 2.629
350 K -0.72 0.414 2.271 -0.593 -1.223 -0.413 -0.793 0.886 -0.488 -0.617 -0.38 2.577 -0.744 -1.834 -2.332 -0.104 -0.814 -2.61 -1.924 -0.089
351 G 1.215 -0.923 1.102 -0.199 -1.006 0.853 1.354 2.224 -0.438 -2.268 -2.534 -0.361 -1.684 -2.563 1.126 0.229 -0.887 -2.729 -2.191 -1.657
352 Y -1.973 -1.984 -2.304 -3.163 -1.824 -2.048 -2.57 -3.039 1.802 -0.788 -0.836 -2.101 -0.693 3.834 -3.54 -2.604 -2.229 2.079 6.653 -1.041
353 S 0.734 -0.89 1.356 -0.367 -0.637 -0.581 0.41 -0.784 3.455 -1.354 -0.572 -0.593 -0.817 -1.231 -2.1 1.845 -0.176 -2.108 -0.099 -1.216
354 L -1.599 -2.185 -2.995 -3.337 -0.422 -2.438 -3.131 -3.082 -1.6 1.832 2.98 -2.393 3.197 3.39 -3.703 -2.837 -1.595 -0.819 0.48 0.902
355 L -1.536 -2.182 -3.358 -3.615 -0.145 -2.635 -3.301 -3.378 -2.309 2.01 4.03 -2.473 2.137 0.838 -3.6 -3.154 -1.576 -1.646 -1.051 1.111
356 G -0.103 -1.685 1.814 -1.199 -0.796 -1.715 -2.023 1.894 -0.095 0.151 -1.085 -1.471 -0.82 0.263 -2.833 -1.048 0.127 2.813 2.616 1.067
357 F -1.275 -1.371 -1.878 -1.771 -0.927 -1.593 -0.287 -2.442 -1.158 2.043 1.004 -0.062 0.752 3.878 -3.155 -0.904 -1.291 -0.933 0.657 0.622