#Seq2Logo.py -f /work3/idamei/wzy_ssn/run/1e-50/run/150/MSAs/0024_1.afa -o /work3/idamei/wzy_ssn/run/1e-50/run/150/logos/0024_1.logo
Last position-specific scoring matrix computed, values are in halfbits
A R N D C Q E G H I L K M F P S T W Y V
0 M -1.232 -1.369 0.381 -2.126 -0.397 -1.093 -2.241 -2.324 -0.803 1.271 1.783 -1.412 5.779 0.182 -3.268 -1.858 -1.079 -1.534 -1.033 0.679
1 N -1.645 -0.4 5.612 1.296 -1.832 -0.512 -0.711 -0.14 0.983 -2.698 -3.137 -0.281 -2.147 -2.36 -2.573 -0.104 -0.437 -2.952 -2.054 -2.546
2 N -1.645 -0.4 5.612 1.296 -1.832 -0.512 -0.711 -0.14 0.983 -2.698 -3.137 -0.281 -2.147 -2.36 -2.573 -0.104 -0.437 -2.952 -2.054 -2.546
3 S 1.082 -0.727 0.511 -0.234 0.087 -0.555 -0.541 -0.092 -0.446 -1.897 -2.314 -0.271 -1.172 -1.929 -1.461 3.212 1.025 -2.535 -1.741 -1.278
4 D -1.763 -1.574 1.213 5.811 -2.358 -0.858 1.065 -1.109 -0.522 -2.711 -3.477 -0.815 -2.683 -2.905 -2.275 -0.938 -1.398 -3.517 -3.029 -2.85
5 T -0.098 -1.078 -0.124 -1.0 0.136 -1.089 -1.363 -1.314 -1.399 -0.21 -1.043 -0.776 -0.517 -1.566 -1.673 0.719 4.201 -2.17 -1.692 0.244
6 Y -1.798 -1.763 -2.111 -3.008 -1.737 -1.769 -2.349 -2.918 2.119 -0.789 -0.896 -1.859 -0.668 3.363 -3.319 -2.423 -2.075 2.323 6.624 -0.965
7 I -1.269 1.244 -1.719 -2.028 -0.999 -0.977 -1.496 -2.472 -1.403 2.732 0.709 1.998 0.237 -0.943 0.936 -2.017 -1.275 -2.516 -1.671 1.066
8 I 0.21 -1.705 -0.866 -1.43 -0.048 -1.618 -1.725 -1.339 -1.459 2.629 0.073 -1.286 0.119 -0.864 -2.351 1.838 0.13 -2.474 -1.599 1.757
9 G 1.576 -1.145 2.535 -0.24 -0.415 -1.066 -1.184 2.791 -0.367 -2.012 -2.431 -0.708 -1.622 -2.181 -2.005 1.124 -0.251 -2.58 -2.118 -1.379
10 G 0.238 -1.431 -0.318 -1.068 -0.698 -1.363 -1.45 2.597 -0.839 -2.159 -2.361 -1.063 -1.506 -0.923 -2.4 1.67 -0.178 6.69 -0.337 -1.834
11 T -0.085 -1.065 -0.111 -0.987 0.149 -1.075 -1.35 -1.301 -1.385 -0.196 -1.029 -0.763 -0.504 -1.553 -1.659 0.733 4.16 -2.157 -1.679 0.257
12 L 1.165 -2.244 -2.708 -2.803 0.213 -2.341 -2.631 -1.839 -2.197 2.75 1.945 -1.987 1.043 -0.129 -2.788 -1.582 -0.832 -2.137 -1.323 2.455
13 A 2.556 -1.292 -0.116 2.51 0.008 -0.992 -0.342 -0.049 -0.821 -1.458 -1.975 -0.681 -1.307 -2.095 -1.647 1.231 -0.167 -2.695 -2.017 -0.717
14 I -1.06 -1.918 1.148 1.142 -0.822 -1.896 -1.609 -1.884 -0.442 2.019 -0.082 -1.658 -0.139 2.224 -2.99 -0.432 -0.886 -0.903 2.09 1.314
15 S 1.196 -1.472 -0.495 -1.147 -0.164 -1.396 -1.423 1.455 -1.008 -0.416 -1.247 -1.055 -0.81 1.545 -2.124 2.009 0.053 -1.867 -0.688 0.386
16 V -1.014 -2.723 -3.016 -3.257 -0.243 -2.896 -3.224 -3.191 -1.585 3.316 0.953 -2.604 0.716 2.325 -3.512 -2.714 -1.064 -0.955 1.848 3.209
17 I -1.044 -2.857 -3.243 -3.306 -0.062 -3.008 -3.442 -3.368 -2.814 4.005 1.83 -2.641 1.162 0.022 -3.485 -2.88 -0.985 -2.27 -1.343 3.276
18 L -0.357 -2.374 -2.833 -3.128 -0.263 -2.593 -3.0 -2.664 -1.874 2.223 2.045 -2.383 2.179 3.178 -3.418 -2.289 -0.852 -1.14 0.261 2.124
19 L 1.113 -1.82 -2.208 -2.546 -0.007 -1.908 -2.33 -1.669 -1.71 1.143 2.939 -1.713 2.342 0.045 -2.763 -0.417 -0.922 -1.941 -1.328 0.618
20 S 1.866 -1.343 -0.325 -0.962 4.123 -1.189 -1.226 1.482 -1.008 -1.678 -2.091 -0.841 -1.315 -2.089 -1.834 2.382 0.212 -2.665 -2.069 -1.01
21 L 0.876 -2.169 -2.919 -3.117 -0.13 -2.475 -2.821 -2.08 -1.929 1.328 3.239 -2.182 1.4 2.119 -3.126 -1.954 -1.424 -1.465 -0.422 0.741
22 L -0.043 -2.258 -2.931 -3.21 -0.293 -2.53 -2.967 -2.511 -1.765 1.543 2.725 -2.343 2.334 3.239 -3.419 -2.311 -1.446 -1.051 0.284 1.337
23 I -0.068 -2.718 -2.971 -3.135 -0.375 -3.037 -3.2 -2.571 -1.893 2.935 1.485 -2.598 0.778 3.81 -3.481 -2.39 -1.376 -0.952 0.646 1.967
24 F -1.071 -1.823 0.823 -1.623 -1.133 -1.995 -2.093 -1.682 -0.28 0.216 -0.735 -1.757 -0.61 3.312 -3.288 0.252 -0.986 6.572 2.617 -0.32
25 L -0.818 -2.296 -2.413 -2.824 4.073 -2.42 -2.854 -2.547 -1.955 2.171 1.928 -2.233 2.101 1.923 -3.262 -0.892 -0.943 -1.663 -0.517 1.909
26 F 0.376 -2.275 -1.574 -2.16 -0.818 -2.42 -2.513 2.187 -0.764 0.583 -0.455 -1.998 -0.5 4.061 -3.048 -0.438 -1.339 -0.37 2.16 -0.285
27 L 2.287 -1.884 -2.111 -2.339 0.191 -1.932 -2.147 -1.063 -1.794 1.436 1.935 -1.555 0.653 -0.509 -2.344 -0.686 0.429 -2.184 -1.531 0.834
28 Y -1.897 -1.862 -2.21 -3.107 -1.837 -1.868 -2.448 -3.017 2.02 -0.888 -0.995 -1.958 -0.767 3.263 -3.418 -2.522 -2.174 2.224 6.826 -1.064
29 L 0.408 -2.303 -2.554 -2.913 4.094 -2.423 -2.785 -2.248 -1.387 2.007 1.613 -2.159 0.631 0.698 -3.005 -1.709 -0.153 -1.231 1.594 2.024
30 L -1.862 -2.023 -2.307 -2.971 -1.064 -2.241 -2.688 -2.85 2.7 1.391 1.579 -2.076 1.913 3.532 -3.788 -2.758 -1.918 4.847 2.662 0.279
31 V -0.576 -2.453 -2.498 -2.83 -0.08 -2.613 -2.863 -2.676 -2.246 2.945 1.426 -2.31 0.814 1.881 -3.232 -1.094 -0.627 -1.773 -0.482 3.078
32 S 0.204 -1.659 -0.947 -1.597 4.103 -1.587 -1.725 -1.369 -0.836 0.785 -0.662 -1.354 -0.378 -0.305 -2.394 1.645 0.029 -1.497 1.474 1.921
33 R -1.256 3.92 -0.631 -1.292 -1.889 1.443 -0.215 -1.941 -0.227 -0.135 -1.432 3.026 -0.808 -2.244 -2.39 -1.348 -1.303 -2.417 -1.747 -0.966
34 R -1.448 3.854 -0.721 -1.62 -1.897 0.005 -0.765 -2.147 2.952 -0.287 -1.359 2.254 -0.651 -0.633 -2.66 -1.606 -1.53 -1.265 1.689 -0.874
35 E -0.796 -0.673 -0.189 1.996 3.79 0.436 3.336 -1.66 2.873 -2.427 -2.57 -0.058 -1.717 -2.327 -2.168 -0.031 -1.108 -2.555 -1.436 -2.013
36 G -0.367 0.352 -0.447 -1.125 -1.679 -0.563 -1.035 4.369 -0.947 -2.763 -2.939 2.72 -2.02 -2.819 -2.327 -1.033 -1.602 -2.573 -2.549 -2.532
37 S 0.708 -0.366 0.271 -0.459 -0.174 -0.516 -0.607 -0.423 -0.611 -1.773 -2.232 0.827 -1.195 -2.068 -1.606 3.041 1.483 -2.591 -1.839 -1.228
38 Y -0.249 -2.196 -2.576 -3.073 -1.132 -2.277 -2.66 -2.371 0.515 1.404 -0.356 -2.155 -0.335 1.975 -3.489 -2.27 -1.785 6.688 4.86 0.363
39 L -1.107 -2.717 -3.198 -3.367 -0.155 -2.987 -3.361 -3.276 -2.493 3.296 2.13 -2.672 1.164 2.035 -3.574 -2.863 -1.129 -1.677 -0.428 2.999
40 N -1.745 -0.5 5.815 1.197 -1.931 -0.612 -0.81 -0.239 0.884 -2.797 -3.236 -0.381 -2.246 -2.459 -2.672 -0.203 -0.536 -3.051 -2.154 -2.645
41 I -1.231 -2.919 -3.199 -3.305 -0.398 -3.146 -3.449 -3.174 -2.332 3.728 1.072 -2.751 0.77 2.053 -3.737 -2.94 -1.26 4.653 0.028 2.717
42 L -0.152 -2.22 -2.976 -3.26 -0.354 -2.532 -3.008 -2.547 -1.715 1.333 3.087 -2.35 2.443 3.288 -3.468 -2.395 -1.596 -0.991 0.3 0.615
43 T -0.224 -1.434 -0.651 -1.458 0.087 -1.458 -1.737 -1.704 -1.77 0.791 -0.562 -1.162 -0.253 -1.358 -2.042 0.174 3.901 -2.313 -1.692 1.724
44 P -0.921 -2.098 -2.018 -1.649 -1.542 -2.018 -1.707 -1.937 -1.692 -2.402 -2.835 -1.149 -2.488 -3.42 6.747 -1.537 -1.433 -4.634 -2.72 -2.247
45 L 1.12 -1.791 -1.783 -2.294 -0.149 -1.819 -2.161 -1.587 -0.855 0.7 0.852 -1.604 1.697 2.083 -2.582 -0.827 1.297 -0.809 1.917 1.047
46 F -0.127 -2.476 -2.84 -3.161 -0.555 -2.818 -3.02 -2.509 -0.967 1.791 1.704 -2.498 0.692 4.161 -3.494 -2.341 -1.571 -0.178 2.554 1.318
47 L -1.541 -2.74 -3.247 -3.433 -0.402 -3.142 -3.5 -3.328 -2.161 3.086 2.533 -2.785 1.276 3.261 -3.767 -3.078 -1.487 -1.149 0.267 2.04
48 L -0.907 -2.013 -1.786 -2.362 -0.194 -2.104 -2.539 -2.47 -1.84 2.374 1.336 -1.866 1.972 1.845 -2.873 -1.182 2.005 -1.599 -0.503 1.748
49 G -0.478 -0.806 1.252 -0.836 -0.9 1.69 -0.808 2.265 -0.498 0.341 -0.832 -0.512 1.251 -1.621 -2.496 0.135 0.42 -2.327 -1.823 -0.417
50 V -0.78 -2.406 -3.064 -3.301 0.041 -2.508 -3.071 -3.136 -2.535 2.893 2.164 -2.392 2.388 0.01 -3.392 -2.588 -0.891 -2.127 -1.26 3.385
51 P -0.802 -2.135 -1.809 -1.621 -1.526 -2.046 -1.803 0.777 -1.678 -2.489 -2.906 -1.208 -2.516 -3.34 6.42 -1.483 -1.491 -4.308 -2.773 -2.317
52 A 1.902 -0.254 -0.892 -1.275 -0.235 1.807 -0.47 -0.868 -0.772 -0.299 -1.19 0.861 -0.57 -1.957 -1.927 -0.151 1.448 -2.414 -1.668 0.629
53 Y -1.908 0.536 -2.331 -3.078 -1.364 -1.973 -2.557 -2.994 0.679 0.113 1.309 -1.461 0.261 3.951 -3.609 -2.648 -2.035 1.016 4.939 -0.449
54 Y -2.005 -2.076 -2.358 -3.169 -1.748 -2.218 -2.662 -3.004 1.578 -0.611 -0.596 -2.22 -0.546 4.423 -3.631 -2.644 -2.234 1.958 6.302 -0.953
55 L -0.961 -2.598 -3.232 -3.397 -0.015 -2.828 -3.288 -3.298 -2.739 3.235 2.534 -2.57 1.342 0.124 -3.474 -2.82 -1.02 -2.16 -1.292 3.193
56 L -1.952 -2.565 -3.213 -3.565 -0.716 -3.206 -3.468 -3.231 -1.643 1.275 3.055 -2.901 1.342 4.736 -4.034 -3.186 -1.99 -0.355 1.294 0.412
57 P -0.967 -0.9 -1.027 0.438 -2.033 0.225 3.228 -1.991 -0.418 -2.642 -2.809 -0.057 -2.109 -2.994 4.578 -1.151 -1.407 -3.243 -2.294 -2.231
58 L -1.293 -2.475 -2.436 -2.626 -0.033 -2.607 -2.853 0.349 -1.683 1.888 1.102 -2.159 1.732 3.008 2.667 -2.336 -1.608 -1.423 0.037 0.571
59 F 0.031 -2.439 -2.824 -3.096 -0.35 -2.681 -2.966 -2.431 -1.658 1.965 1.434 -2.429 1.99 4.028 -3.44 -2.208 -1.328 -0.782 0.83 1.98
60 Y -0.25 -1.732 0.633 -2.059 -1.414 -1.791 -2.169 -2.005 1.456 -0.912 -1.013 -1.714 -0.81 3.376 -3.142 -1.744 -1.74 1.494 5.844 -0.996
61 L -1.022 -1.815 -1.284 0.927 -0.473 -1.475 0.057 -2.41 -1.642 2.262 1.542 -1.45 0.558 -0.558 -2.74 -1.335 1.266 -2.301 -1.623 1.543
62 Y 0.022 -0.972 -1.387 -2.167 -1.266 -1.292 -1.737 0.746 3.214 -0.816 -0.056 0.171 -0.54 1.601 -2.834 -1.642 -1.755 0.583 4.732 -0.986
63 L -0.137 -1.842 -2.248 -2.889 -0.593 -1.989 -2.463 -2.45 2.788 0.961 2.764 -1.976 1.062 1.253 -3.207 -2.228 -1.67 -0.319 3.162 0.291
64 F -1.079 -1.754 2.128 -1.096 -0.784 -1.971 -2.067 -1.65 -0.708 1.133 -0.198 -1.642 -0.23 3.818 -3.031 -0.29 0.529 -1.007 0.657 0.846
65 G -0.615 -1.786 -0.351 1.084 -1.273 -1.391 -0.178 3.857 2.551 -0.675 -0.409 -1.371 -0.993 -1.612 -2.83 -1.414 -1.668 -2.391 -1.616 -0.163
66 L -0.962 -1.548 2.239 1.207 -0.8 -1.473 -1.36 -1.249 -0.812 1.238 0.603 -1.247 1.509 -1.014 1.144 -0.289 -0.754 -2.618 -1.798 0.717
67 P -0.824 -0.756 -0.241 2.531 -1.66 1.67 1.119 -1.456 -0.477 -2.437 -2.72 -0.105 -1.781 -2.887 3.832 -0.065 -0.859 -1.169 -2.189 -2.159
68 A 0.956 -1.577 1.655 -1.222 -0.867 -1.599 -1.375 1.171 0.191 -0.718 0.011 -1.237 -0.577 2.265 -2.758 -1.056 -1.328 -0.287 3.169 -0.793
69 S 0.672 -1.07 0.117 -0.648 -0.299 -0.914 -0.972 1.395 -0.202 -1.963 -2.315 -0.639 -1.34 -0.746 -1.842 2.944 0.477 -1.481 1.411 -1.477
70 S -0.322 -1.136 1.541 1.5 -0.718 -0.767 0.565 -1.145 -0.688 -0.685 -1.752 -0.654 -1.188 -2.047 1.329 0.987 1.551 -2.819 -2.031 0.149
71 E -0.891 -0.094 -0.311 1.546 -2.383 1.374 4.428 -1.922 0.42 -2.736 -2.675 0.704 -1.726 -2.58 -1.854 -0.763 -1.273 -2.359 -1.88 -2.106
72 F -1.767 -2.536 -2.719 -3.218 -1.007 -2.948 -3.136 -2.994 -0.258 1.474 1.119 -2.68 0.411 4.948 -3.837 -2.486 -1.659 0.588 3.842 0.839
73 A 2.652 -1.201 -0.588 -0.687 -0.02 -0.787 0.4 1.553 -0.838 -1.635 -2.045 -0.6 -1.311 -2.125 -1.723 1.696 -0.128 -2.555 -1.983 -0.826
74 Y -1.71 -1.999 -2.293 -3.148 3.813 -2.013 -2.585 -2.921 1.742 -0.88 -1.011 -2.072 -0.808 2.979 -3.404 -2.426 -2.077 1.936 6.499 -0.995
75 L -0.698 -2.102 -2.083 -2.617 4.072 -2.27 -2.606 -2.31 -2.025 1.281 1.933 -2.056 0.804 -0.151 -3.097 -0.579 0.434 4.604 -0.825 1.702
76 Y -1.957 -2.251 -2.503 -3.196 -1.489 -2.43 -2.837 -3.064 1.148 0.911 -0.132 -2.353 -0.215 4.382 -3.681 -2.734 -2.089 1.589 5.776 -0.108
77 V 0.458 -2.607 -2.887 -3.037 0.017 -2.742 -2.951 -2.434 -2.351 3.073 0.829 -2.386 0.633 1.997 -3.175 -2.068 -0.865 -1.77 -0.408 3.294
78 Y -1.897 -1.862 -2.21 -3.107 -1.837 -1.868 -2.448 -3.017 2.02 -0.888 -0.995 -1.958 -0.767 3.263 -3.418 -2.522 -2.174 2.224 6.826 -1.064
79 L 1.43 -2.072 -1.933 -2.328 -0.014 -2.121 -2.403 1.12 -1.955 1.713 1.565 -1.748 0.494 -0.62 -2.6 -1.02 0.413 -2.24 -1.652 1.491
80 C -0.393 -2.39 -1.775 -2.444 8.15 -2.452 -2.801 -2.013 -2.424 0.075 -0.84 -2.138 -0.701 -1.734 -2.688 -0.775 2.017 -2.832 -2.285 0.798
81 Y -1.804 -1.992 -2.567 -3.293 -1.199 -2.127 -2.729 -3.159 1.146 0.374 1.833 -2.146 0.499 2.641 -3.506 -2.743 -1.994 1.398 5.746 -0.191
82 A 2.467 -1.651 -1.258 -1.658 0.248 -1.566 -1.675 -0.655 -1.514 1.505 -0.469 -1.158 -0.3 -1.304 -1.952 0.61 1.58 -2.424 -1.718 0.906
83 L 1.278 -1.74 -1.658 -2.146 0.151 -1.724 -2.082 -1.516 -1.799 1.373 1.065 -1.486 1.809 -0.7 -2.39 -0.592 1.868 -2.179 -1.498 1.903
84 E 0.35 -0.711 -0.87 -0.177 -1.352 1.19 2.247 -1.518 0.487 -1.876 -2.021 -0.18 -1.294 0.012 1.299 -0.023 -1.022 -0.696 2.934 -1.477
85 F 0.393 -1.854 0.855 -1.47 -0.505 -2.002 -2.016 -1.362 -0.907 1.116 -0.188 -1.642 -0.202 3.819 -2.827 0.494 -0.641 -1.002 0.669 0.882
86 L -0.136 -2.35 -3.077 -3.352 4.064 -2.653 -3.086 -2.527 -2.214 1.383 2.884 -2.433 1.17 0.441 -3.437 -2.343 -1.297 4.623 -0.68 1.258
87 A 1.511 -1.727 -1.181 -1.685 -0.053 -1.742 -1.734 -0.969 -1.206 0.484 -0.494 -1.393 -0.326 2.853 -2.358 1.287 -0.224 -1.423 0.079 1.382
88 F -2.223 -2.808 -3.049 -3.464 -1.139 -3.629 -3.527 -3.065 -1.183 0.675 1.793 -3.184 0.671 6.022 -4.323 -3.143 -2.26 0.369 2.321 -0.148
89 L -1.513 -2.159 -3.335 -3.592 -0.123 -2.613 -3.278 -3.355 -2.286 2.033 3.991 -2.45 2.16 0.861 -3.577 -3.131 -1.553 -1.623 -1.028 1.134
90 S 1.096 -0.713 0.525 -0.221 0.1 -0.542 -0.527 -0.078 -0.432 -1.884 -2.301 -0.257 -1.159 -1.916 -1.448 3.164 1.039 -2.521 -1.728 -1.265
91 A 3.85 -1.456 -1.634 -1.66 0.708 -1.292 -1.271 0.402 -1.183 -0.802 -1.294 -0.821 -0.846 -1.82 -1.448 0.482 -0.394 -2.412 -1.728 0.166
92 A 2.424 -1.939 -1.862 -2.106 0.189 -1.91 -1.964 -0.848 -1.571 1.494 -0.146 -1.513 0.054 1.531 -2.301 0.16 -0.534 -1.879 -0.645 1.816
93 L -1.337 -2.672 -3.12 -3.342 -0.421 -2.928 -3.361 -3.28 -1.414 3.302 2.152 -2.621 1.11 2.406 -3.618 -2.944 -1.409 -0.801 1.967 2.158
94 G 2.506 -1.88 -1.088 -1.592 -0.224 -1.787 -1.868 3.408 -1.249 -1.461 -1.732 -1.317 -1.323 1.208 -2.189 0.345 -0.899 -1.921 -1.035 -0.908
95 Y -1.951 -1.967 -2.283 -3.138 -1.792 -2.038 -2.553 -3.01 1.808 -0.746 -0.789 -2.086 -0.654 3.901 -3.523 -2.582 -2.204 2.094 6.576 -1.008
96 L -0.932 0.688 -1.376 -2.093 -0.553 -1.558 -2.043 -2.104 -1.148 0.42 1.502 -1.012 1.845 3.034 -2.866 -0.235 1.292 -1.131 0.176 0.009
97 F -1.978 1.956 -1.552 -2.514 -1.846 -1.388 -1.961 -2.648 3.163 -0.862 -0.605 -0.686 -0.557 4.353 -3.502 -2.327 -2.116 0.771 4.446 -1.252
98 P -0.143 -1.646 -1.079 -1.563 -0.236 -1.631 -1.716 -1.601 -1.618 0.606 0.265 -1.238 -0.218 -1.317 2.818 0.832 1.502 -2.722 -1.798 1.4
99 T 0.461 2.44 -0.725 -1.44 -0.564 0.998 -0.874 -1.5 -0.764 -0.553 0.115 0.257 -0.268 -1.555 -2.219 -0.335 2.25 -2.238 -1.667 -0.369
100 P -0.382 1.255 1.484 -0.761 -0.974 -0.729 -0.978 -1.202 -0.641 -0.886 -1.855 1.013 -1.274 -2.26 3.112 0.838 -0.423 -3.01 -2.016 -0.001
101 L -1.526 -2.172 -3.348 -3.606 -0.136 -2.626 -3.291 -3.368 -2.299 2.019 4.014 -2.464 2.147 0.847 -3.59 -3.144 -1.566 -1.636 -1.042 1.12
102 K 0.227 1.841 -0.738 -1.432 -0.944 -0.128 -0.749 -1.564 -0.857 0.573 0.165 2.827 -0.252 -1.528 -2.187 -0.933 0.325 -2.392 -1.707 -0.162
103 D -1.249 0.817 0.571 4.099 -2.155 0.101 0.718 -1.218 -0.373 -2.395 -2.785 2.886 -1.854 -2.849 -1.959 -0.903 -1.229 -2.985 -2.335 -2.386
104 T 0.551 -0.898 0.21 -0.593 0.11 -0.811 -0.924 -0.64 -0.884 -0.933 -1.61 -0.514 -0.827 -1.743 -1.566 2.229 3.032 -2.348 -1.718 -0.419
105 R -1.52 5.483 -0.448 -1.549 -2.245 0.532 -0.546 -2.114 0.113 -2.597 -2.013 2.033 -1.209 -2.458 -2.69 -1.392 -1.439 -2.22 -1.758 -2.147
106 P -1.1 -1.27 -1.286 0.77 -1.061 -1.63 -1.113 -2.21 -1.434 0.272 1.037 0.155 -0.088 1.495 3.485 -1.877 -1.418 -2.215 -0.846 0.424
107 L 0.182 -2.403 -2.96 -3.097 -0.016 -2.471 -2.986 -2.582 -2.306 3.186 2.158 -2.243 2.29 0.02 -3.2 -2.226 -1.021 -2.102 -1.311 2.609
108 R -1.174 4.171 1.321 -0.914 -1.556 -0.207 -0.978 -1.729 0.094 -1.365 -0.31 0.951 -0.702 -0.901 -2.722 -0.213 -1.025 -1.614 0.789 -1.333
109 L 0.241 -1.702 1.608 -1.313 -0.342 -1.783 -1.872 -1.534 -1.155 2.085 2.007 -1.502 0.713 -0.375 -2.799 -0.143 -0.726 -2.272 -1.53 0.871
110 P -1.154 1.579 -0.666 -0.884 -1.665 -0.246 0.665 -1.981 2.944 0.16 -1.474 1.71 -1.062 -1.978 3.097 -1.458 -1.394 -2.705 -1.214 -0.633
111 S 1.172 -1.308 -0.137 1.86 -0.394 -1.067 -0.473 -0.704 -0.987 -1.546 -2.131 -0.734 -1.432 -2.262 2.239 1.433 1.454 -2.917 -2.132 -1.024
112 V -0.22 -2.473 -2.916 -3.151 0.353 -2.574 -2.88 -2.942 -2.902 3.043 0.959 -2.375 0.845 -0.385 -3.158 -2.271 -0.438 -2.374 -1.272 4.089
113 G 0.118 -2.33 -0.412 -1.295 -1.292 -2.168 -2.594 5.783 -1.449 -3.188 -3.433 -1.623 -2.639 -2.651 -2.752 -0.975 -1.892 -2.412 -3.12 -2.837
114 F 0.055 0.733 0.481 0.872 -0.776 -1.491 -1.422 -1.664 -0.939 0.205 0.41 -0.546 -0.176 2.876 -2.805 -1.081 0.256 -1.394 0.025 0.547
115 F -2.32 -2.882 -2.846 -3.3 -1.36 -3.85 -3.468 -2.86 -0.814 0.291 0.579 -3.29 0.216 6.492 -4.434 -3.016 -2.356 0.866 2.945 -0.493
116 R 0.394 2.13 1.198 -0.597 -1.069 -0.369 0.366 1.032 -0.528 -1.634 -2.066 0.134 -1.439 -1.868 1.277 -0.5 1.012 -2.585 -1.986 -1.277
117 Y 0.057 -0.571 -1.784 -2.155 -1.025 -1.303 -1.679 -1.678 0.227 1.403 -0.531 0.975 -0.442 1.055 1.17 -1.522 -1.228 -0.057 3.931 0.245
118 N 0.825 -0.733 3.143 -0.02 -0.578 -0.712 -0.86 1.452 -0.226 -1.942 -2.423 -0.551 -1.546 -2.191 -2.038 1.666 0.983 -2.678 -2.054 -1.416
119 Y -1.419 -0.583 1.197 1.205 -1.668 0.717 -0.544 -1.824 1.058 -1.424 -1.674 0.393 -1.091 1.367 -2.651 -1.169 0.123 0.468 4.65 -1.382
120 D -0.69 0.811 1.512 2.447 -1.126 -1.047 -0.698 1.022 0.121 -0.959 -1.992 -0.514 -1.448 -2.198 0.722 0.111 0.575 -2.87 -2.146 -0.122
121 N -1.416 2.483 3.147 -0.426 -1.749 -0.321 -0.841 -1.332 -0.055 -1.114 -1.872 1.973 -1.262 -1.643 -2.725 -1.101 -1.08 4.581 -1.089 -0.314
122 F -1.875 -1.404 -2.377 -2.947 -1.316 -2.081 -2.459 -2.872 0.289 0.223 1.403 -0.199 0.327 4.471 -3.553 -2.628 -2.024 0.792 4.452 -0.406
123 L -1.057 -2.125 -1.967 -2.588 -0.541 -2.288 -2.716 0.483 -1.257 1.554 1.81 -2.043 0.569 0.464 -3.165 -1.663 0.984 4.458 1.602 1.077
124 F -1.091 -1.435 -1.751 -2.165 -0.775 -1.977 -2.149 -2.236 -1.37 1.68 0.81 -0.135 0.322 3.582 0.876 -0.643 0.173 -1.136 0.461 0.454
125 L -1.197 -1.892 -1.77 -2.391 -0.676 -2.113 -2.358 -2.444 2.266 0.614 2.209 -1.908 0.706 2.91 0.843 -1.433 0.674 -1.264 0.326 0.022
126 S 1.854 -1.153 -0.182 -0.801 0.09 -0.997 -1.001 -0.297 -0.868 0.049 -1.482 -0.666 -0.862 -1.719 -1.724 2.826 0.501 -2.587 -1.804 -0.309
127 L -1.921 -2.602 -3.268 -3.568 -0.736 -3.142 -3.458 -3.213 -1.801 1.877 2.819 -2.857 1.21 3.93 -4.063 -3.22 -1.914 4.523 0.974 0.756
128 L 0.978 -2.203 -2.804 -2.98 0.075 -2.275 -2.707 -2.101 -2.168 2.324 2.22 -2.062 2.137 0.076 -2.987 -1.799 -0.967 -2.083 -1.28 2.509
129 F -1.342 -2.178 0.592 -2.008 3.941 -2.569 -2.656 -2.097 -1.019 0.245 1.405 -2.237 0.305 4.577 -3.489 -0.769 -1.341 -0.573 1.158 -0.351
130 L -1.053 -1.993 -2.013 -2.61 -0.21 -2.265 -2.659 -2.623 -1.988 1.39 2.747 -2.011 1.142 1.857 -3.005 -1.429 1.763 -1.568 -0.558 1.281
131 G 0.628 -2.234 -1.622 -2.168 -0.322 -2.302 -2.444 2.183 -1.669 1.041 -0.143 -1.924 -0.231 2.522 -2.879 -0.368 -0.881 -1.536 -0.229 2.001
132 L -1.384 -2.683 -3.208 -3.428 -0.34 -3.074 -3.413 -3.27 -2.181 2.84 2.455 -2.753 1.223 3.238 -3.725 -2.98 -1.397 -1.167 0.265 2.337
133 A 2.994 -1.541 -0.83 -1.297 0.109 -1.375 -1.424 2.679 -1.158 -1.549 -1.994 -0.946 -1.349 -2.121 -1.803 1.285 -0.343 -2.55 -2.097 -0.715
134 F -1.004 -2.931 -2.622 -3.073 5.685 -3.254 -3.427 0.493 -1.966 1.613 0.189 -2.836 -0.018 3.841 -3.618 -2.334 -1.506 -1.044 0.572 1.679
135 L -0.165 -2.343 -2.92 -3.241 -0.487 -2.692 -3.018 -2.572 -1.052 1.567 2.61 -2.424 1.085 3.518 -3.463 -2.413 -1.633 -0.38 2.307 0.853
136 L -1.273 -2.179 -2.454 -2.896 -0.472 -2.457 -2.869 -2.669 -1.579 1.629 2.75 -2.273 2.336 3.531 -3.481 -1.068 -1.287 -0.924 0.463 0.713
137 Y -1.965 -2.137 -2.462 -3.176 -1.489 -2.301 -2.774 -2.957 1.05 -0.14 0.038 -2.304 1.469 4.746 -3.733 -2.653 -2.124 1.538 5.57 -0.616
138 L 0.278 -2.098 -2.429 -2.756 -0.049 -2.289 -2.651 -2.21 -2.08 2.139 2.989 -2.02 1.342 0.119 -3.012 -0.748 -0.928 -2.04 -1.334 1.638
139 P -0.921 -2.098 -2.018 -1.649 -1.542 -2.018 -1.707 -1.937 -1.692 -2.402 -2.835 -1.149 -2.488 -3.42 6.747 -1.537 -1.433 -4.634 -2.72 -2.247
140 V -0.912 -2.79 -3.205 -3.304 -0.007 -2.939 -3.353 -3.309 -2.836 3.808 1.763 -2.609 1.116 -0.043 -3.447 -2.79 -0.913 -2.291 -1.343 3.463
141 L -1.464 -1.978 -3.073 -3.41 -0.241 -2.093 -3.037 -3.176 -1.877 1.792 3.622 -2.179 4.02 0.631 -3.563 -2.81 -1.476 -1.616 -1.064 0.983
142 L -1.42 0.901 -2.205 -2.744 -0.792 -1.5 -2.156 -2.81 -0.768 1.281 2.132 0.317 1.747 2.263 -3.267 -2.397 -1.506 -0.745 1.955 1.056
143 E 0.248 -0.33 -0.544 1.21 -1.938 1.061 4.387 -1.663 0.168 -2.558 -2.597 0.457 -1.726 -2.598 -1.918 -0.708 -1.274 -2.478 -1.975 -1.858
144 F -2.356 -2.833 -2.854 -3.365 -1.499 -3.629 -3.419 -2.966 -0.397 0.09 0.349 -3.19 0.031 6.412 -4.386 -3.043 -2.423 0.97 3.67 -0.641
145 R 0.056 3.836 -0.618 -1.375 -1.693 0.08 -0.575 -1.558 2.807 -2.299 -2.201 2.359 -1.38 -2.398 1.261 -1.117 -1.377 -2.492 -1.271 -1.92
146 E 0.284 -0.488 -0.301 2.017 -1.768 1.573 3.408 0.95 -0.046 -2.538 -2.655 0.193 -1.712 -2.674 -2.077 -0.742 -1.308 -2.567 -2.117 -1.95
147 Y -1.802 -1.794 -1.609 0.48 -1.669 -1.664 -1.8 -2.713 1.586 -0.638 -0.611 -1.774 1.226 2.731 -3.272 -2.267 -1.958 1.666 6.142 -0.909
148 L -1.553 -2.635 -3.403 -3.505 -0.235 -2.96 -3.55 -3.509 -2.565 3.485 3.312 -2.649 1.703 0.496 -3.645 -3.207 -1.434 -1.956 -1.239 1.918
149 L -0.147 -1.995 0.369 -2.322 -0.385 -2.332 -2.711 -2.207 -1.507 1.243 3.232 -2.08 1.36 2.111 -3.311 -2.092 -1.439 -1.497 -0.441 0.521
150 D -0.345 -1.1 0.307 3.371 -0.907 -0.416 0.997 -1.072 -0.603 -1.193 -1.494 -0.57 0.95 -1.892 -2.068 1.344 0.791 -2.671 -2.077 -1.184
151 P -0.921 -2.098 -2.018 -1.649 -1.542 -2.018 -1.707 -1.937 -1.692 -2.402 -2.835 -1.149 -2.488 -3.42 6.747 -1.537 -1.433 -4.634 -2.72 -2.247
152 R -1.619 5.663 -0.547 -1.649 -2.344 0.433 -0.645 -2.213 0.014 -2.696 -2.113 1.934 -1.309 -2.557 -2.789 -1.491 -1.539 -2.319 -1.857 -2.247
153 R 0.162 3.169 -0.992 -1.104 -1.177 1.2 0.674 -1.8 -0.466 0.611 -0.959 1.512 -0.551 -1.844 -2.455 -1.218 -1.133 -2.397 -1.699 0.575
154 I -1.462 -3.186 -3.347 -3.266 -0.235 -3.294 -3.772 -3.564 -2.796 4.734 1.592 -2.764 1.186 0.133 -3.589 -3.161 -1.16 -2.27 -1.37 2.775
155 Y -1.897 -1.862 -2.21 -3.107 -1.837 -1.868 -2.448 -3.017 2.02 -0.888 -0.995 -1.958 -0.767 3.263 -3.418 -2.522 -2.174 2.224 6.826 -1.064
156 E -0.892 0.059 -0.393 1.048 -2.033 1.013 4.091 -1.886 0.087 -2.36 -2.5 1.361 -1.614 -2.579 -1.922 -0.675 0.225 -2.466 -1.956 -1.825
157 L -0.026 1.142 0.886 -1.545 -0.814 -0.883 -1.459 -1.732 2.671 0.269 1.841 0.634 1.868 -0.538 -2.787 -1.474 -1.302 -2.025 -0.926 -0.218
158 T -0.197 -1.177 -0.224 -1.099 0.037 -1.188 -1.463 -1.414 -1.498 -0.309 -1.142 -0.876 -0.617 -1.665 -1.772 0.62 4.485 -2.27 -1.791 0.145
159 R -1.619 5.663 -0.547 -1.649 -2.344 0.433 -0.645 -2.213 0.014 -2.696 -2.113 1.934 -1.309 -2.557 -2.789 -1.491 -1.539 -2.319 -1.857 -2.247
160 T 0.241 -1.176 -0.186 -0.978 0.046 -1.122 -1.282 -1.066 -1.261 -0.075 -1.164 -0.828 -0.618 -1.617 -1.828 1.812 3.339 -2.409 -1.757 0.737
161 G 0.005 -2.442 -0.525 -1.408 -1.405 -2.28 -2.707 5.888 -1.561 -3.3 -3.546 -1.736 -2.752 -2.763 -2.864 -1.087 -2.004 -2.525 -3.233 -2.949
162 F -2.118 -2.307 -2.514 -3.233 -1.663 -2.616 -2.893 -2.991 1.057 -0.358 -0.246 -2.509 -0.341 5.248 -3.861 -2.771 -2.296 1.665 5.66 -0.845
163 G 0.005 -2.442 -0.525 -1.408 -1.405 -2.28 -2.707 5.888 -1.561 -3.3 -3.546 -1.736 -2.752 -2.763 -2.864 -1.087 -2.004 -2.525 -3.233 -2.949
164 I -0.996 -2.221 -2.1 -2.672 -0.4 -2.206 -2.747 0.445 2.358 2.962 1.486 -2.136 2.035 -0.2 -3.318 -2.385 -1.245 -2.07 -0.907 2.34
165 Y -0.539 -0.984 1.204 -0.995 -1.08 0.584 -1.026 -1.306 0.801 -1.368 -1.464 -0.796 -0.906 2.52 -2.542 1.169 -0.527 0.244 4.104 -1.332
166 F -1.874 -2.377 -2.369 -3.001 -1.166 -2.834 -2.966 -2.801 -0.097 0.203 0.887 -2.558 0.18 5.378 -3.73 -2.27 -0.209 0.793 3.994 -0.365
167 F -2.084 -2.357 -2.641 -3.297 -1.447 -2.725 -2.999 -3.038 0.683 0.051 0.782 -2.583 0.084 5.152 -3.895 -2.849 -2.232 1.358 5.171 -0.546
168 L -0.365 -1.86 -1.346 -1.913 -0.251 -1.91 -2.144 0.749 -1.853 0.946 1.198 -1.557 0.223 -0.899 1.192 -0.101 1.422 -2.432 -1.748 1.548
169 S 0.873 -0.863 0.348 -0.409 -0.007 -0.709 -0.721 -0.304 -0.637 -1.752 -2.241 -0.422 -1.191 -1.985 -1.583 3.327 1.617 -2.591 -1.835 -1.163
170 A 1.521 -1.584 -0.98 -1.496 0.071 -1.522 -1.642 -0.933 -1.395 1.682 0.558 -1.168 0.071 -0.956 -2.126 1.422 0.935 -2.375 -1.64 0.734
171 L -0.877 -1.798 -1.833 -2.452 -0.087 -1.928 -2.467 -2.498 -1.952 1.463 2.629 -1.771 2.285 -0.047 -2.829 -1.198 1.992 -1.936 -1.34 1.42
172 F 0.587 -2.445 -2.804 -3.083 -0.573 -2.908 -2.948 -2.069 -1.381 0.661 1.989 -2.499 0.685 4.93 -3.45 -2.045 -1.74 -0.318 1.428 0.095
173 A 2.397 -1.404 0.937 -1.074 3.923 -1.329 -1.396 -0.347 -0.97 -0.847 -0.301 -0.981 -0.672 -1.618 -1.974 1.479 -0.163 -2.598 -1.892 -0.448
174 Y -1.43 -0.935 0.717 -1.571 -1.263 1.443 -1.112 -2.19 0.834 -0.317 0.831 -0.87 0.011 1.461 -2.931 -1.495 -0.003 0.378 4.44 -0.618
175 L -1.099 -2.209 -2.705 -3.063 -0.177 -2.497 -2.975 -2.902 -2.247 2.303 3.485 -2.277 1.633 0.383 -3.356 -1.249 -1.128 -1.946 -1.263 1.623
176 A 3.033 -1.752 -1.524 -1.826 0.129 -1.697 -1.735 1.341 -1.3 -0.586 -0.046 -1.262 -0.514 1.224 -2.053 0.426 -0.694 -1.917 -0.891 -0.213
177 L -1.04 -2.525 -2.57 -2.901 -0.319 -2.78 -3.023 -2.788 -2.013 2.937 1.882 -2.435 0.938 2.972 -3.425 -1.175 -1.033 -1.337 0.085 2.274
178 I -1.399 -2.904 -2.811 -2.985 -0.321 -3.067 -3.433 -3.215 -2.409 4.255 1.296 -2.574 0.94 1.846 -3.436 -2.48 0.153 -1.79 -0.588 2.364
179 L -1.198 -2.505 -2.728 -3.191 5.457 -2.876 -3.236 -2.807 -2.104 1.175 2.378 -2.596 0.885 2.934 -3.456 -2.163 -0.021 -1.341 -0.028 1.085
180 A 2.13 -1.973 -1.961 -2.239 -0.07 -1.979 -2.104 -1.064 -0.915 1.625 0.641 -1.601 0.091 1.86 -2.462 -0.08 -0.832 -1.046 1.689 0.712
181 L -1.802 -2.146 -2.698 -2.417 -0.869 -2.134 -0.668 -3.02 -1.273 0.982 2.551 -2.195 2.134 4.462 -3.722 -2.746 -1.874 -0.499 1.088 0.205
182 F -2.321 -2.734 -2.796 -3.352 -1.545 -3.41 -3.32 -2.985 -0.055 -0.008 0.225 -3.054 -0.054 6.232 -4.287 -3.001 -2.411 1.109 4.199 -0.695
183 T -0.225 -1.245 1.258 -0.861 3.867 -1.252 -1.49 -1.222 -1.176 -0.567 -1.381 -0.951 -0.853 -1.808 -1.976 0.865 3.7 -2.481 -1.934 -0.21
184 Y 0.223 1.297 -0.832 -1.091 -1.186 -0.333 0.376 -1.536 0.778 -1.487 -1.699 1.586 -1.088 0.565 -2.256 -0.049 0.257 -0.22 3.632 -1.199
185 K -0.309 2.387 -0.112 -0.708 -1.335 1.695 0.092 -1.118 -0.165 -2.224 -2.279 3.093 -1.164 -2.588 -1.893 1.113 -0.424 -2.531 -1.782 -1.853
186 K -1.243 2.156 -0.704 -1.199 -2.082 2.074 0.0 -1.781 0.165 -1.89 -1.987 3.255 -1.06 -0.83 -2.363 -1.324 -1.414 4.429 1.56 -1.881
187 G 0.067 -1.309 1.302 -0.702 -0.728 -1.214 -1.335 2.213 0.056 -1.969 -2.385 -0.884 -1.586 -0.979 1.109 1.718 0.78 -1.678 1.168 -1.595
188 K -1.175 2.345 -1.016 -1.686 -1.517 -0.575 -1.149 0.563 -0.795 0.049 -1.155 2.231 -0.828 1.245 -2.701 -1.373 -0.023 4.378 -0.368 -0.781
189 L -1.629 -2.457 -3.116 -3.327 -0.694 -2.886 -3.146 -3.033 -1.89 1.301 2.707 -2.566 1.053 3.152 0.684 -2.932 -1.749 4.459 0.5 1.014
190 L -1.16 -1.341 0.57 -1.802 -0.762 -1.889 -2.218 0.479 -1.272 1.374 1.345 -0.134 0.343 2.718 -3.094 -1.648 0.071 -1.418 -0.114 0.959
191 K 0.073 1.494 -0.381 -1.039 5.31 -0.378 -0.739 -1.041 -0.762 -1.848 -2.076 2.219 -1.276 -2.344 -2.018 1.647 -0.208 -2.732 -2.04 -1.442
192 I -1.442 -2.478 -2.342 -2.788 -0.574 -2.76 -3.016 -2.769 -1.841 2.801 1.229 -2.382 0.583 3.122 -3.423 -1.938 0.974 4.458 0.506 1.332
193 F 0.456 -2.256 -1.702 -2.185 -0.445 -2.389 -2.449 0.676 -1.441 1.791 0.121 -1.969 -0.026 3.62 -2.95 0.023 -0.782 -1.083 0.472 1.161
194 V 0.036 -2.652 -2.953 -3.128 -0.19 -2.89 -3.112 -2.61 -2.161 2.985 1.455 -2.512 0.794 2.925 -3.365 -2.297 -1.017 -1.384 0.07 2.679
195 V -0.661 -2.42 -2.41 -2.804 -0.19 -2.526 -2.782 -2.685 -1.438 2.829 0.696 -2.266 0.517 1.998 -3.227 -1.009 -0.756 -1.079 1.741 3.14
196 L 0.004 -2.248 -3.098 -3.324 -0.051 -2.544 -3.018 -2.689 -2.367 1.955 3.439 -2.326 1.59 0.316 -3.3 -2.296 -1.26 -1.962 -1.268 1.997
197 F 0.211 -2.416 -2.274 -2.646 -0.329 -2.653 -2.683 -2.1 -1.616 1.995 0.42 -2.273 0.263 4.109 -3.202 -0.695 -0.946 -0.86 0.859 2.226
198 N 1.603 -1.199 3.474 -0.278 -0.448 -1.224 -1.37 -0.475 -0.331 0.376 -0.113 -0.905 -0.585 -1.442 -2.327 0.336 -0.499 -2.622 -1.839 -0.204
199 A 1.829 -1.948 -1.7 -2.076 5.342 -1.933 -2.091 -1.041 -1.718 1.002 1.063 -1.574 0.113 -0.965 -2.38 0.622 -0.545 -2.477 -1.801 0.418
200 I 0.922 -2.544 -2.513 -2.732 -0.194 -2.645 -2.894 0.565 -2.068 2.945 1.24 -2.2 0.567 1.668 -3.038 -1.777 -1.179 -1.812 -0.706 1.941
201 L -1.694 -2.257 0.157 -2.546 -0.652 -2.72 -3.017 -2.763 -1.444 1.354 2.805 -2.457 1.158 3.859 -3.754 -2.641 -1.609 -0.866 0.643 1.067
202 L -0.041 -2.464 -2.691 -2.905 -0.125 -2.623 -3.036 -2.597 -2.354 3.475 2.377 -2.24 1.189 0.043 -3.122 -1.992 0.185 -2.133 -1.394 1.895
203 F -1.585 -2.164 -2.154 -2.831 -1.267 -2.434 -2.661 -2.602 0.572 -0.095 0.637 -2.269 -0.018 4.83 -3.557 -1.105 -1.711 1.112 4.914 -0.615
204 L -1.862 -2.518 -3.322 -3.607 -0.627 -3.023 -3.438 -3.263 -1.949 1.923 3.186 -2.777 1.412 3.215 -3.988 -3.241 -1.861 4.498 0.543 0.796
205 H -1.805 -0.455 0.362 -1.059 -2.432 -0.263 -0.598 -1.795 8.165 -2.759 -2.693 -0.863 -1.359 -0.95 -2.847 -1.677 -2.324 -1.552 1.569 -3.133
206 G -0.008 -2.455 -0.538 -1.42 -1.418 -2.293 -2.72 5.899 -1.574 -3.313 -3.558 -1.748 -2.764 -2.776 -2.877 -1.1 -2.017 -2.538 -3.246 -2.962
207 S 0.266 -0.869 3.13 0.037 -0.438 -0.804 -0.871 -0.408 -0.203 -1.067 -2.049 -0.541 -1.234 -1.954 -2.005 2.534 0.42 -2.746 -1.889 -0.151
208 K -0.924 1.996 -0.366 -0.82 -2.075 0.709 0.216 -1.44 -0.341 -2.221 -2.338 4.725 -1.321 -2.903 -1.785 -0.979 -1.18 -2.647 -1.886 -2.097
209 G 0.218 -2.049 -0.323 -1.169 -1.078 -1.884 -2.167 5.336 -1.338 -2.999 -3.292 -1.416 -2.399 -2.612 -2.563 0.625 -1.141 -2.56 -2.906 -2.569
210 P -0.962 0.054 -0.786 -0.873 -1.821 3.905 0.44 -1.719 -0.052 -2.368 -2.365 0.421 -1.136 -3.2 4.269 -1.108 -1.215 -3.003 -1.844 -2.027
211 L -1.06 -2.63 -3.206 -3.411 -0.131 -2.918 -3.307 -3.261 -2.509 2.968 2.382 -2.648 1.219 1.918 -3.568 -2.839 -1.132 -1.705 -0.498 3.036
212 L -1.761 -2.546 -3.172 -3.447 -0.56 -2.928 -3.412 -3.252 -1.809 2.421 2.781 -2.705 2.337 3.858 -3.863 -3.066 -1.711 -0.808 0.654 1.117
213 T -0.036 -1.067 1.377 -0.68 -0.29 -1.03 -1.217 -0.991 -0.37 -0.991 -1.629 -0.765 -0.961 -0.715 -1.928 1.656 3.119 -1.484 1.274 -0.577
214 L -1.287 -2.627 -3.184 -3.384 -0.264 -2.832 -3.344 -3.378 -1.707 3.425 2.424 -2.566 1.251 0.719 -3.544 -2.951 -1.26 -1.26 1.454 2.579
215 L 0.746 -2.42 -2.845 -3.053 -0.294 -2.741 -2.906 -2.108 -1.744 1.773 2.101 -2.364 0.85 3.733 -3.261 -1.982 -1.412 -0.95 0.574 1.343
216 L -1.448 -2.523 -3.218 -3.418 -0.297 -2.772 -3.368 -3.318 -2.214 3.044 2.855 -2.572 2.424 2.058 -3.66 -2.987 -1.4 -1.528 -0.445 2.023
217 L 0.794 -1.874 1.743 -1.492 -0.218 -1.978 -2.24 -1.546 -1.326 2.292 1.467 -1.666 0.527 -0.558 -2.865 -1.265 -0.845 -2.392 -1.563 2.002
218 L -1.611 -2.351 -2.843 -3.376 -0.935 -2.639 -3.003 -3.044 -0.086 1.023 1.406 -2.523 0.433 3.578 -3.801 -2.83 -1.769 4.767 4.163 1.379
219 L -0.197 -2.68 -3.019 -3.202 -0.403 -3.032 -3.229 -2.648 -1.901 2.756 1.886 -2.62 0.899 3.81 -3.534 -2.478 -1.451 -0.946 0.621 1.789
220 L -0.08 -2.405 -3.172 -3.317 -0.101 -2.677 -3.155 -2.771 -2.411 2.767 3.224 -2.394 1.539 0.308 -3.339 -2.513 -1.301 -2.0 -1.29 1.928
221 Y -2.058 -2.17 -2.426 -3.205 -1.73 -2.368 -2.756 -3.012 1.388 -0.53 -0.478 -2.334 -0.483 4.754 -3.725 -2.702 -2.269 1.843 6.107 -0.926
222 L -1.214 0.941 -1.223 -0.881 -1.37 1.744 1.324 0.439 -0.531 0.629 0.914 -0.167 0.074 1.352 -2.847 -1.688 -1.521 -1.748 -0.746 -0.307
223 V -0.402 1.771 -1.242 -1.909 -0.315 -1.303 -1.794 -2.009 -1.457 2.21 0.005 -0.501 0.072 -1.032 -2.657 0.309 0.645 -2.421 -1.605 2.298
224 Y -1.739 -1.999 -2.298 -3.157 3.582 -2.012 -2.585 -2.942 1.756 -0.894 -1.023 -2.074 -0.817 2.994 -3.418 -2.448 -2.099 1.951 6.556 -1.014
225 V -0.61 -2.567 -2.669 -2.961 0.084 -2.654 -2.995 -2.975 -2.763 3.441 0.946 -2.355 0.764 -0.393 -3.168 -2.074 0.474 -2.403 -1.422 3.714
226 L -1.006 2.098 -0.946 -0.455 -1.287 1.164 1.998 -2.113 -0.405 -0.406 1.343 0.309 0.124 -1.144 -2.551 -0.445 -1.13 -2.208 -1.619 -0.749
227 N -1.04 2.182 3.62 -0.068 -1.649 -0.51 -1.008 2.189 0.007 -2.443 -2.674 1.051 -1.83 -2.498 -2.537 -0.571 0.26 -2.672 -2.217 -2.143
228 R -1.337 4.738 -0.483 -1.306 -2.244 0.536 -0.288 -1.895 -0.127 -2.51 -2.206 3.343 -1.321 -2.695 -2.364 -1.289 -1.402 -2.45 -1.876 -2.195
229 K -1.121 2.315 -0.585 -1.207 -1.624 1.264 -0.22 -1.861 -0.501 0.989 -0.985 3.518 -0.547 -1.965 -2.247 -1.351 -1.205 -2.495 -1.725 -0.269
230 I -1.191 -2.752 -3.197 -3.277 -0.144 -2.823 -3.413 -3.354 -2.574 4.024 1.908 -2.549 2.254 0.104 -3.515 -2.884 -1.078 -2.162 -1.31 2.921
231 K 0.538 2.72 -0.358 -1.019 -1.174 0.011 -0.489 0.988 -0.492 -2.201 -2.299 2.845 -1.392 -2.523 -2.004 0.709 -0.68 -2.554 -1.984 -1.748
232 F -0.209 -2.644 -2.619 -2.971 -0.663 -3.025 -3.181 0.4 -1.619 1.961 1.679 -2.576 0.618 4.32 -3.555 -2.312 -1.724 -0.671 0.941 0.7
233 L -1.019 -0.627 -1.774 -2.25 -0.742 -1.253 -1.767 -2.197 -1.208 0.751 1.524 1.035 2.621 1.769 -3.012 -0.796 -1.114 4.43 -0.084 0.745
234 P -0.82 -0.196 -1.304 -1.577 -1.245 -1.009 -1.179 -1.803 -1.049 -0.623 -1.227 1.923 -0.973 2.386 3.565 -0.469 -1.079 -1.91 -0.281 -0.112
235 A 2.09 -1.984 -2.0 -2.297 -0.142 -2.134 -2.152 -1.029 -1.285 0.13 1.161 -1.727 0.182 3.64 -2.592 -0.104 -0.987 -1.011 0.52 -0.017
236 L -0.923 -2.22 -2.471 -2.902 -0.279 -2.433 -2.805 -2.659 -1.805 1.739 2.228 -2.265 2.115 3.058 -3.383 -1.074 -1.021 -1.207 0.172 2.171
237 I 0.159 -0.828 -2.195 -2.393 -0.386 -1.571 -1.993 -2.255 -1.869 3.191 1.281 1.141 0.657 -0.51 -2.805 -1.906 -1.069 -2.343 -1.51 2.058
238 L 0.466 -1.905 0.628 -1.641 3.85 -1.977 -2.127 -1.486 -1.369 1.46 0.604 -1.665 0.073 1.441 -2.743 0.375 -0.531 -1.991 -0.787 1.602
239 A 1.748 -1.97 -1.406 -1.864 -0.298 -2.023 -2.015 1.022 -1.174 0.532 -0.554 -1.587 -0.491 3.482 -2.515 0.609 -0.748 -1.139 0.383 -0.012
240 G 1.855 -1.957 -1.37 -1.882 -0.173 -1.914 -2.128 3.008 -1.629 0.073 0.764 -1.516 -0.219 -1.204 -2.435 -0.004 -0.904 -2.368 -1.979 0.555
241 V -0.527 -2.719 -2.104 -2.582 -0.329 -2.733 -3.123 2.694 -2.448 2.954 0.391 -2.325 0.229 -0.771 -3.241 -2.124 -1.121 -2.438 -1.828 2.86
242 A 3.883 -1.469 -1.648 -1.673 0.694 -1.306 -1.284 0.388 -1.197 -0.816 -1.307 -0.834 -0.859 -1.834 -1.461 0.469 -0.408 -2.426 -1.741 0.153
243 I -0.994 -2.429 -2.582 -2.846 -0.175 -2.488 -2.996 -2.854 -2.227 3.607 2.139 -2.234 2.231 0.074 -3.284 -1.161 -0.901 -2.122 -1.331 2.325
244 A 2.386 -1.59 -0.935 -1.43 0.037 -1.502 -1.521 1.279 -1.164 -0.458 -1.227 -1.115 -0.835 1.133 -2.028 1.453 -0.133 -2.003 -0.91 0.428
245 V 0.275 -2.503 -2.547 -2.911 -0.202 -2.709 -2.909 0.42 -2.061 1.838 1.067 -2.376 0.451 2.896 -3.257 -2.013 -1.109 -1.397 0.033 2.811
246 L -0.96 -2.644 -2.853 -3.14 -0.186 -2.831 -3.303 0.15 -2.595 3.176 2.317 -2.512 1.136 -0.028 -3.449 -2.669 -1.177 -2.192 -1.45 2.766
247 V -0.762 -2.633 -3.175 -3.352 0.055 -2.811 -3.216 -3.235 -2.843 3.253 2.008 -2.561 1.128 -0.084 -3.417 -2.688 -0.866 -2.283 -1.336 3.644
248 A 1.292 -1.722 -1.117 -1.708 -0.002 -1.702 -1.916 0.892 -1.666 1.143 0.353 -1.343 -0.095 -1.137 -2.235 0.327 1.995 -2.353 -1.77 1.115
249 A 2.068 -1.999 -1.871 -2.246 -0.137 -2.105 -2.224 0.969 -1.47 0.076 1.045 -1.688 0.059 2.725 -2.521 -0.75 0.167 -1.372 -0.104 0.054
250 L -1.438 -2.356 -2.652 -3.084 -0.477 -2.67 -3.079 -2.941 -1.731 1.935 2.29 -2.453 2.135 3.825 -3.559 -2.324 -0.026 -0.84 0.647 1.401
251 F 0.489 -2.652 -2.676 -3.006 -0.929 -3.244 -2.992 -1.969 -1.0 -0.012 0.175 -2.717 -0.083 6.055 -3.659 -2.019 -1.96 0.331 2.327 -0.465
252 A 2.611 -2.119 -2.345 -2.443 0.247 -2.111 -2.177 -0.953 -1.813 1.726 -0.005 -1.695 -0.007 1.388 -2.397 -0.776 -0.738 -1.947 -0.726 2.293
253 F 0.692 -1.955 -2.405 -2.86 -0.656 -1.987 -2.468 -1.97 0.154 0.295 0.974 -1.916 2.548 3.528 -3.12 -1.741 -1.558 0.441 4.055 -0.042
254 T -0.078 -1.251 -0.272 -1.096 -0.107 -1.263 -1.436 -1.248 -1.235 -0.531 -1.144 -0.947 -0.665 1.163 -1.923 1.337 3.753 -1.848 -0.844 -0.188
255 F 0.201 -1.833 -1.693 -2.22 -0.525 -1.862 -2.203 -1.686 -0.886 0.276 0.577 -1.742 3.234 4.316 -3.016 0.235 -0.908 -0.532 1.179 -0.128
256 T 0.561 0.931 0.986 -1.177 -0.468 -1.0 -1.4 0.852 -1.046 0.119 -1.107 0.594 -0.724 -1.757 -2.286 -0.376 1.785 -2.493 -1.884 1.154
257 G -0.544 -2.698 -1.512 -2.098 -0.669 -2.651 -3.098 3.916 -2.021 2.695 0.133 -2.112 -0.065 -0.874 -3.112 -1.85 -1.459 -2.302 -2.062 1.239
258 D -1.386 -0.936 -0.34 3.528 -1.226 0.45 -0.189 -1.682 -1.054 1.023 0.909 0.31 -0.05 -1.206 -2.715 -1.647 -1.322 -2.668 -1.964 0.627
259 G -1.146 -2.231 -0.258 3.006 -1.651 -2.062 -0.974 3.018 -0.922 -1.447 -1.45 -1.756 -1.378 3.567 -3.036 -1.515 -1.875 -1.076 0.398 -1.851
260 G 0.524 -0.667 -0.437 0.889 -1.173 -1.141 -1.111 3.629 -0.996 -2.084 -2.266 1.19 -1.689 0.904 -2.398 -0.065 -1.225 -2.085 -1.29 -1.887
261 D -1.018 -1.198 3.776 3.323 -1.473 -1.028 -0.395 1.099 -0.127 -1.373 -2.486 -0.827 -1.843 -2.325 -2.532 0.106 -0.725 -3.052 -2.391 -0.575
262 P 0.164 -1.737 -1.779 -1.372 -0.869 -1.446 -0.087 -1.809 -1.489 -0.635 0.544 -1.097 -0.576 -1.694 4.878 -1.169 0.11 -3.13 -2.095 -0.776
263 V -0.212 -2.465 -2.908 -3.143 0.362 -2.566 -2.872 -2.934 -2.893 3.051 0.967 -2.367 0.853 -0.377 -3.15 -2.262 -0.43 -2.366 -1.263 4.066
264 I -0.073 -2.608 -2.997 -3.105 -0.201 -2.709 -3.161 -2.683 -2.161 3.531 1.738 -2.398 2.112 1.863 -3.349 -2.386 -1.182 -1.689 -0.535 2.286
265 E 0.111 -0.489 -0.747 0.95 -1.729 0.828 4.133 -1.814 -0.021 -1.659 -0.674 0.25 -1.051 -2.041 -2.068 -0.895 -1.325 -2.408 -1.894 -1.416
266 A 2.145 -1.423 -1.415 -1.787 0.245 -1.308 -1.614 -0.677 -1.176 0.406 1.306 -1.095 2.343 -0.594 -2.108 0.657 -0.358 -2.036 -1.405 0.331
267 L 1.968 -1.94 -2.492 -2.62 0.3 -2.033 -2.271 -1.242 -1.917 1.481 2.214 -1.702 0.967 -0.247 -2.498 -1.062 -0.841 -2.092 -1.368 1.765
268 R -1.003 2.121 2.044 0.026 -1.421 1.846 1.477 -1.582 0.137 -0.31 -1.372 0.591 -0.738 -2.005 -2.468 -0.985 -0.9 -2.422 -1.649 0.568
269 N 0.331 -0.832 3.072 1.429 -0.728 0.605 -0.58 -0.8 -0.267 -0.745 -1.741 -0.536 -1.095 -2.039 -2.218 0.457 1.424 -2.704 -1.936 0.099
270 L -1.513 -2.159 -3.335 -3.592 -0.123 -2.613 -3.278 -3.355 -2.286 2.033 3.991 -2.45 2.16 0.861 -3.577 -3.131 -1.553 -1.623 -1.028 1.134
271 I -1.349 -3.073 -3.235 -3.153 -0.123 -3.182 -3.659 -3.451 -2.683 4.446 1.705 -2.651 1.299 0.246 -3.477 -3.049 -1.047 -2.157 -1.257 2.888
272 L -1.513 -2.159 -3.335 -3.592 -0.123 -2.613 -3.278 -3.355 -2.286 2.033 3.991 -2.45 2.16 0.861 -3.577 -3.131 -1.553 -1.623 -1.028 1.134
273 V -0.206 -2.459 -2.902 -3.137 0.368 -2.56 -2.866 -2.927 -2.887 3.057 0.973 -2.36 0.859 -0.371 -3.144 -2.256 -0.423 -2.359 -1.257 4.05
274 L -1.22 -2.074 -2.847 -3.13 -0.222 -1.918 -2.931 -3.035 -1.767 3.002 2.119 -2.047 4.709 0.251 -3.454 -2.522 -1.15 -1.773 -1.131 2.033
275 A 2.774 -1.149 -0.354 -0.893 0.236 -0.98 -0.963 -0.003 -0.871 -1.51 -1.966 -0.626 -1.161 -2.015 -1.588 2.629 0.368 -2.615 -1.868 -0.704
276 G -0.726 -1.053 2.557 0.04 -1.679 -0.572 1.1 2.861 2.751 -2.605 -2.798 -0.674 -1.935 -0.989 -2.558 -0.07 -1.164 -1.522 1.394 -2.36
277 Y -1.925 -1.89 -2.238 -3.135 -1.864 -1.896 -2.476 -3.045 1.992 -0.916 -1.023 -1.986 -0.795 3.236 -3.446 -2.55 -2.202 2.196 6.879 -1.092
278 S 2.285 -1.047 -0.086 -0.705 0.147 -0.878 -0.861 -0.073 -0.768 -1.672 -2.116 -0.548 -1.206 -2.028 -1.588 2.999 0.556 -2.63 -1.868 -0.919
279 D -1.89 -1.701 1.086 5.994 -2.485 -0.985 0.938 -1.236 -0.649 -2.838 -3.604 -0.942 -2.81 -3.032 -2.402 -1.065 -1.525 -3.644 -3.156 -2.977
280 Y -1.305 -1.704 -1.628 -2.492 -1.409 -1.687 -2.144 -2.449 1.613 -0.943 -1.146 -1.676 -0.824 2.739 -3.019 -0.696 -0.089 1.718 6.302 -0.979
281 T -0.236 -1.312 -0.427 -1.275 0.03 -1.328 -1.605 -1.562 -1.639 0.187 -0.907 -1.023 -0.483 -1.557 -1.912 0.409 4.32 -2.316 -1.776 0.931
282 R -1.647 5.71 -0.575 -1.676 -2.372 0.405 -0.673 -2.241 -0.014 -2.724 -2.14 1.906 -1.336 -2.585 -2.817 -1.519 -1.566 -2.347 -1.885 -2.274
283 N -1.772 -0.527 5.868 1.169 -1.959 -0.639 -0.838 -0.267 0.856 -2.825 -3.264 -0.408 -2.274 -2.487 -2.7 -0.231 -0.564 -3.079 -2.181 -2.673
284 A 3.109 -1.808 -1.522 -1.822 0.055 -1.763 -1.741 1.307 -1.191 -0.926 -1.165 -1.303 -0.895 2.437 -2.081 0.428 -0.747 -1.578 -0.271 -0.399
285 V 0.987 -1.719 0.298 -2.058 -0.039 -1.584 -2.193 -1.672 -1.346 1.578 0.886 -1.568 3.842 -0.48 -2.845 -1.334 -0.77 -2.091 -1.359 2.379
286 L -1.367 -1.33 -2.466 -2.899 -0.368 -1.874 -2.518 -2.905 -1.921 1.47 3.509 -0.267 2.489 0.307 -3.209 -2.241 -0.04 -1.85 -1.265 0.716
287 V -0.679 -2.518 -3.164 -3.4 0.089 -2.723 -3.129 -3.191 -2.84 2.702 2.261 -2.53 1.16 -0.094 -3.406 -2.632 -0.853 -2.267 -1.33 3.745
288 I 1.103 -2.738 -2.906 -2.862 -0.043 -2.748 -3.028 -2.117 -2.39 4.135 1.082 -2.239 0.774 -0.269 -2.99 -1.885 -1.018 -2.356 -1.503 2.294
289 D -0.944 -1.472 0.934 5.306 -1.711 -0.906 0.629 -0.971 -0.232 -2.628 -3.284 -0.806 -2.373 -2.756 -2.196 0.846 -0.764 -3.365 -2.728 -2.532
290 D -1.749 -1.56 1.227 5.791 -2.345 -0.844 1.078 -1.096 -0.508 -2.698 -3.464 -0.802 -2.67 -2.892 -2.262 -0.924 -1.385 -3.503 -3.016 -2.837
291 S 0.638 -0.92 1.53 -0.271 -0.298 -0.784 -0.77 -0.351 -0.488 -2.129 -2.549 -0.464 -1.478 -2.203 1.17 3.154 0.623 -2.842 -1.97 -1.579
292 N -1.173 1.942 3.339 2.498 -1.858 -0.541 -0.434 0.95 2.693 -2.755 -2.954 0.088 -1.998 -2.4 -2.559 0.002 -0.973 -2.751 -1.66 -2.564
293 F -1.84 0.609 -1.947 -2.434 -1.397 1.201 -1.502 -2.676 -0.255 0.032 1.219 -0.945 0.32 4.635 -3.548 -2.355 -1.9 -0.032 2.604 -0.567
294 P -0.865 -1.641 -0.172 3.33 -1.706 -1.077 0.701 0.721 -0.972 -2.635 -3.103 -0.852 -2.421 -3.014 4.186 -0.239 -1.192 -3.599 -2.743 -2.447
295 F -1.582 0.264 -2.124 -2.571 -1.152 -2.163 -2.427 -2.599 -0.76 -0.02 1.085 -1.435 0.044 4.046 2.313 -2.019 -0.229 -0.432 2.3 -0.531
296 Q -1.203 -0.065 -0.973 -0.987 -1.514 3.483 1.005 -2.113 0.636 -0.704 -0.372 0.139 2.735 0.155 -2.664 -1.404 -1.319 -0.615 2.734 -0.856
297 Y -2.065 -2.168 -2.43 -3.215 -1.751 -2.354 -2.754 -3.028 1.411 -0.564 -0.519 -2.328 -0.514 4.694 -3.723 -2.707 -2.28 1.849 6.178 -0.949
298 G -0.023 -2.47 -0.553 -1.435 -1.433 -2.308 -2.735 5.912 -1.589 -3.328 -3.573 -1.763 -2.779 -2.791 -2.892 -1.115 -2.032 -2.553 -3.261 -2.977
299 R -1.349 4.555 -0.64 -1.452 -2.005 0.48 -0.456 -1.992 -0.205 -1.803 -1.417 3.041 0.9 -2.227 -2.482 -1.381 -1.397 -2.339 -1.782 -1.728
300 L -1.637 -2.375 -3.465 -3.688 -0.263 -2.802 -3.452 -3.504 -2.462 2.334 4.043 -2.609 1.948 0.667 -3.707 -3.263 -1.641 -1.81 -1.19 1.214
301 L -0.948 -1.901 -1.747 -2.398 -0.199 -2.127 -2.502 -2.461 -1.924 1.218 2.43 -1.867 1.041 1.705 -2.847 -1.111 2.284 -1.632 -0.642 1.201
302 F -1.527 -2.056 -2.738 -3.171 -0.681 -2.048 -2.865 -2.793 -1.2 1.155 1.33 -2.206 4.527 3.778 -3.811 -2.534 -1.547 4.429 0.948 1.015
303 E -1.032 -0.234 -0.451 1.405 -2.524 1.234 4.741 -2.062 0.28 -2.877 -2.815 0.564 -1.866 -2.72 -1.994 -0.904 -1.413 -2.5 -2.02 -2.247
304 G 0.884 -0.962 1.452 1.225 -0.679 0.559 -0.56 2.253 -0.485 -2.273 -2.636 -0.516 -1.609 -2.387 -2.033 1.949 -0.123 -2.71 -2.173 -1.734
305 E -1.371 -0.374 3.591 1.238 -2.288 0.499 3.211 -1.218 2.881 -2.847 -2.973 0.097 -1.968 -2.416 -2.325 -0.69 -1.128 -2.604 -1.469 -2.486
306 V -0.989 -2.642 -3.11 -3.395 -0.207 -2.981 -3.23 -3.135 -2.274 2.333 1.806 -2.719 0.902 3.302 -3.633 -2.731 -1.142 -1.234 0.305 3.215
307 Y -1.924 -2.167 -2.387 -3.127 -1.451 -2.394 -2.777 -2.967 1.002 -0.165 0.47 -2.316 -0.123 4.525 -3.635 -2.494 -1.15 1.472 5.634 -0.623
308 A 2.13 -0.166 -0.321 -0.965 -0.135 -1.07 -1.179 2.345 -0.915 -1.882 -2.265 -0.59 -1.43 -2.177 -1.847 2.209 0.027 -2.594 -2.087 -1.154
309 R -1.569 4.999 -0.892 -1.651 -1.842 0.141 -0.243 -2.372 -0.249 -1.212 -0.05 1.404 1.153 -1.675 -2.893 -1.667 -1.529 -2.192 -1.713 -1.325
310 I -1.082 -2.57 -2.577 -2.855 -0.175 -2.706 -3.116 -2.979 -2.466 3.815 2.02 -2.33 1.104 -0.02 -3.246 -1.591 0.249 -2.221 -1.41 2.424
311 P -0.949 -2.126 -2.046 -1.676 -1.57 -2.046 -1.735 -1.965 -1.72 -2.43 -2.863 -1.177 -2.516 -3.448 6.773 -1.564 -1.461 -4.662 -2.748 -2.274
312 R -1.647 5.71 -0.575 -1.676 -2.372 0.405 -0.673 -2.241 -0.014 -2.724 -2.14 1.906 -1.336 -2.585 -2.817 -1.519 -1.566 -2.347 -1.885 -2.274
313 A 3.025 -1.982 -2.17 -2.247 0.189 -1.964 -1.805 -0.62 -1.479 0.451 -0.462 -1.544 -0.371 2.529 -2.261 -0.499 -0.83 -1.563 -0.157 1.447
314 L -1.65 -2.711 -3.382 -3.514 -0.359 -3.079 -3.587 -3.482 -2.395 3.383 3.109 -2.743 1.54 2.035 -3.745 -3.224 -1.535 -1.591 -0.519 1.763
315 Y -1.784 -1.859 -2.548 -3.181 -1.255 -1.789 -2.605 -2.768 0.468 0.103 0.439 -2.0 3.709 1.91 -3.782 -2.564 -1.873 6.874 4.582 -0.359
316 P -0.949 -2.102 -2.001 -1.667 -1.56 -2.021 -1.723 -1.96 -1.146 -2.41 -2.845 -1.172 -2.486 -3.402 6.732 -1.542 -1.321 -4.595 -2.668 -2.253
317 D -1.444 -1.44 1.878 5.096 -2.23 -0.744 1.299 0.963 -0.444 -2.866 -3.453 -0.764 -2.608 -2.896 -2.413 -0.724 -1.374 -3.309 -2.9 -2.825
318 K -0.939 1.981 -0.381 -0.835 -2.09 0.694 0.201 -1.455 -0.356 -2.236 -2.353 4.759 -1.336 -2.918 -1.8 -0.994 -1.195 -2.662 -1.901 -2.111
319 P -0.949 -2.126 -2.046 -1.676 -1.57 -2.046 -1.735 -1.965 -1.72 -2.43 -2.863 -1.177 -2.516 -3.448 6.773 -1.564 -1.461 -4.662 -2.748 -2.274
320 K -0.902 0.755 -0.689 0.145 -1.399 0.231 1.615 -1.843 -0.626 -0.512 -0.309 3.073 -0.607 -1.888 -2.115 -1.031 0.15 -2.503 -1.817 0.021
321 D -1.871 -1.344 3.318 5.288 -2.345 -0.9 0.537 -0.952 -0.169 -2.848 -3.521 -0.8 -2.668 -2.887 -2.494 -0.826 -1.244 -3.492 -2.87 -2.905
322 F -2.409 -2.901 -2.912 -3.413 -1.533 -3.726 -3.487 -3.006 -0.526 0.067 0.331 -3.267 0.005 6.512 -4.453 -3.098 -2.47 0.893 3.529 -0.674
323 G -0.037 -2.484 -0.566 -1.449 -1.447 -2.322 -2.748 5.925 -1.603 -3.342 -3.587 -1.777 -2.793 -2.805 -2.906 -1.129 -2.046 -2.567 -3.275 -2.991
324 A 2.077 -1.693 -1.557 -1.964 -0.262 -1.613 -1.755 -1.003 -0.061 -0.396 -1.181 -1.292 -0.841 0.56 0.92 0.13 0.343 -0.424 3.498 0.441
325 F -2.073 -2.678 -3.204 -3.576 -0.88 -3.37 -3.527 -3.221 -1.537 1.065 2.764 -3.026 1.113 5.239 -4.16 -3.214 -2.111 -0.157 1.604 0.212
326 Y -0.343 0.411 -1.942 -2.084 -1.303 -1.263 -0.347 -2.447 1.187 0.492 0.17 -1.047 -0.313 1.968 -3.051 -1.966 -1.744 0.88 5.247 -0.287
327 L -1.652 -2.385 -3.48 -3.704 -0.277 -2.814 -3.465 -3.518 -2.474 2.312 4.07 -2.622 1.938 0.656 -3.722 -3.277 -1.657 -1.822 -1.203 1.191
328 A 3.698 -1.629 -1.013 1.848 0.189 -1.36 -0.831 0.027 -1.202 -1.221 -1.739 -0.971 -1.257 -2.142 -1.734 0.118 -0.705 -2.737 -2.077 -0.349
329 K -1.227 2.624 -0.44 1.15 -2.029 0.429 1.582 -1.827 -0.334 -1.705 -0.736 3.23 -0.989 -2.262 -2.206 -1.237 -1.385 -2.567 -1.95 -1.763
330 V -0.785 1.438 -0.867 -0.978 -1.095 2.462 0.786 -1.999 -0.507 0.271 -0.985 1.728 -0.416 -1.947 -2.397 -1.121 0.232 -2.452 -1.631 1.486
331 F -2.309 -2.672 -2.767 -3.358 -1.599 -3.26 -3.258 -3.017 0.178 -0.107 0.105 -2.965 -0.14 6.09 -4.225 -2.983 -2.418 1.201 4.59 -0.755
332 F -2.208 -2.438 -2.045 0.052 -1.714 -2.726 -2.403 -2.809 0.492 -0.395 -0.257 -2.55 -0.406 5.492 -3.879 -2.682 -2.294 1.173 4.894 -0.956
333 P -0.641 -1.594 -1.386 -1.395 -1.43 0.107 -1.267 0.552 -1.293 -2.467 -2.814 -0.86 -2.175 -3.207 5.914 -0.393 -1.17 -3.909 -2.562 -2.217
334 D 0.688 -1.066 0.175 4.204 -1.661 -0.022 2.826 -1.161 -0.38 -2.414 -2.816 -0.305 -2.059 -2.709 -2.1 -0.712 -1.293 -2.982 -2.455 -1.939
335 A 2.232 -1.514 -1.045 -1.534 -0.261 -1.455 -1.463 -0.48 -1.022 -1.583 -1.871 -1.139 -1.219 -0.842 -2.256 1.668 -0.312 7.059 -0.202 -0.996
336 F -2.318 -2.61 -2.505 -3.151 -1.437 -3.268 -3.155 -2.913 2.264 0.198 0.934 -3.006 0.217 6.185 -4.29 -3.001 -2.402 0.413 2.499 -0.591
337 Y -1.81 0.475 -0.655 2.726 -2.138 -0.959 0.409 -2.293 1.149 -1.646 -1.8 -0.816 -1.384 1.749 -2.932 -1.823 -1.881 0.794 5.243 -1.719
338 R 0.762 3.241 2.227 2.156 -1.302 -0.396 -0.452 -0.903 -0.189 -2.292 -2.425 0.518 -1.649 -2.479 -2.352 0.094 -0.87 -2.757 -2.142 -1.784
339 D -1.762 -0.984 4.169 4.325 -2.251 -0.563 1.05 -0.825 0.194 -2.849 -3.381 -0.541 -2.476 -2.758 -2.506 -0.656 -1.053 -3.273 -2.581 -2.778
340 Q 0.296 0.312 -0.559 -0.968 -0.844 2.877 0.164 -1.419 -0.432 -0.651 -1.427 1.673 -0.609 -2.216 -2.062 -0.4 1.785 -2.418 -1.66 0.197
341 G -0.037 -2.484 -0.566 -1.449 -1.447 -2.322 -2.748 5.925 -1.603 -3.342 -3.587 -1.777 -2.793 -2.805 -2.906 -1.129 -2.046 -2.567 -3.275 -2.991
342 A 2.308 -1.619 -0.899 0.646 0.113 -1.448 -1.207 -0.642 -1.386 0.466 -0.929 -1.133 -0.599 -1.594 -2.049 1.281 -0.155 -2.665 -1.837 1.75
343 P -0.963 -2.14 -2.06 -1.69 -1.583 -2.059 -1.749 -1.979 -1.734 -2.444 -2.877 -1.19 -2.529 -3.462 6.786 -1.578 -1.475 -4.675 -2.762 -2.288
344 A 2.609 -1.298 1.207 2.111 -0.176 -1.068 -0.605 -0.156 -0.736 -1.66 -2.162 -0.755 -1.455 -2.216 -1.823 1.511 -0.217 -2.815 -2.106 -0.934
345 F -2.409 -2.901 -2.912 -3.413 -1.533 -3.726 -3.487 -3.006 -0.526 0.067 0.331 -3.267 0.005 6.512 -4.453 -3.098 -2.47 0.893 3.529 -0.674
346 G -0.164 -2.405 -0.372 0.714 -1.528 -2.173 -2.142 5.673 -1.503 -3.294 -3.59 -1.692 -2.796 -2.826 -2.858 -1.124 -1.996 -2.65 -3.265 -2.991
347 L -1.322 -2.29 -2.821 -3.227 -0.529 -2.283 -2.978 -3.171 -0.401 2.787 1.458 -2.255 2.727 1.333 -3.481 -2.669 -1.348 -0.181 3.578 2.152
348 G -0.037 -2.484 -0.566 -1.449 -1.447 -2.322 -2.748 5.925 -1.603 -3.342 -3.587 -1.777 -2.793 -2.805 -2.906 -1.129 -2.046 -2.567 -3.275 -2.991
349 E 0.199 -1.354 -1.084 1.236 -0.906 -0.447 2.324 0.439 -0.97 0.481 0.0 -0.753 -0.459 -1.492 -2.517 -1.297 -1.162 -2.533 -1.92 1.563
350 L -1.32 -1.029 -1.694 -2.109 -0.932 2.002 -1.1 -2.507 -0.419 0.577 1.606 -0.968 0.547 2.88 -3.104 -1.79 -0.069 -0.69 2.0 0.629
351 Y -2.054 -2.048 -2.399 -3.226 -1.887 -2.144 -2.634 -2.996 1.597 -0.882 -0.91 -2.187 -0.757 3.7 -3.694 -2.69 -2.293 4.974 6.442 -1.148
352 A 3.987 -1.572 -1.611 -1.746 0.507 -1.426 -1.432 0.128 -1.355 -0.896 -1.423 -0.97 -0.967 -1.949 -1.62 0.352 0.522 -2.542 -1.877 0.021
353 D -1.903 -1.714 1.073 6.012 -2.499 -0.998 0.924 -1.25 -0.663 -2.852 -3.618 -0.956 -2.824 -3.046 -2.416 -1.079 -1.539 -3.657 -3.17 -2.991
354 F -2.193 -2.983 -2.993 -3.427 -1.295 -3.848 -3.55 -3.008 -1.093 0.541 0.475 -3.334 0.138 6.45 -4.432 -3.081 -2.259 0.543 2.596 0.411
355 G -0.037 -2.484 -0.566 -1.449 -1.447 -2.322 -2.748 5.925 -1.603 -3.342 -3.587 -1.777 -2.793 -2.805 -2.906 -1.129 -2.046 -2.567 -3.275 -2.991
356 L -0.25 -2.394 -2.877 -3.092 -0.55 -2.669 -2.923 -2.601 -1.24 1.67 2.264 -2.327 0.82 3.025 0.589 -2.374 -1.555 -0.757 1.975 1.177
357 F -2.135 -2.734 -3.166 -3.552 -0.976 -3.466 -3.541 -3.182 -1.43 0.929 2.48 -3.09 0.962 5.545 -4.226 -3.205 -2.173 0.012 1.845 0.085
358 A 2.31 -1.389 -0.771 -1.344 0.222 -1.305 -1.411 -0.591 -1.37 -0.236 -1.199 -0.949 -0.724 -1.729 -1.799 1.242 2.537 -2.485 -1.818 0.704
359 I -1.227 -2.833 -2.934 -2.768 -0.525 -2.874 -3.026 -3.021 -2.508 3.821 0.78 -2.245 0.467 -0.591 3.241 -2.594 -1.209 -2.81 -1.722 2.259
360 V 0.951 -2.484 -2.731 -2.808 -0.057 -2.558 -2.685 -2.094 -2.263 2.612 0.491 -2.14 0.316 1.386 0.699 -1.762 -0.895 -2.104 -0.79 3.031
361 Y -2.09 -2.333 -2.881 -3.448 -1.437 -2.595 -3.01 -3.004 0.21 0.823 1.075 -2.525 0.1 2.919 -4.07 -3.031 -2.178 7.238 4.616 -0.206
362 L -1.334 -2.342 -2.779 -3.122 -0.347 -2.677 -3.113 -2.974 -2.114 2.442 3.37 -2.413 1.526 1.96 -3.502 -1.39 -1.315 -1.58 -0.567 1.153
363 V 1.118 -2.063 -1.939 -2.363 3.73 -2.057 -2.313 -1.629 -1.839 1.414 0.202 -1.802 1.464 1.304 -2.678 -0.257 0.443 -1.966 -0.822 2.295
364 I -0.157 -2.866 -3.077 -3.211 3.644 -3.101 -3.362 -2.69 -2.244 3.297 1.382 -2.664 0.717 2.76 -3.458 -2.426 -1.317 -1.521 -0.131 2.092
365 F 0.547 -1.718 -1.018 -1.644 -0.447 -1.796 -1.79 -1.219 -1.056 -0.282 -0.799 -1.472 -0.576 3.41 -2.589 1.471 0.619 4.25 0.635 0.249
366 G 1.655 -2.034 -1.234 -1.841 -0.717 -1.991 -2.154 3.46 -0.796 -1.661 -1.847 -1.592 -1.443 1.451 -2.637 -0.088 -1.276 4.248 1.575 -1.317
367 F 0.718 -2.351 -2.763 -3.034 -0.37 -2.551 -2.776 -2.064 -1.646 1.237 1.003 -2.308 1.645 3.572 -3.344 -1.926 -1.317 4.272 0.741 1.944
368 F -1.651 -2.838 -3.156 -3.441 -0.657 -3.362 -3.495 -3.206 -1.8 2.396 1.807 -2.972 0.83 4.762 -3.97 -3.036 -1.669 -0.502 1.255 1.905
369 K -0.986 2.634 0.326 -1.101 -1.612 0.035 -0.547 0.563 -0.554 -1.474 -0.637 3.33 -0.882 -2.149 -2.245 -1.017 0.037 -2.497 -1.939 -1.505
370 G -0.037 -2.484 -0.566 -1.449 -1.447 -2.322 -2.748 5.925 -1.603 -3.342 -3.587 -1.777 -2.793 -2.805 -2.906 -1.129 -2.046 -2.567 -3.275 -2.991
371 W -1.192 -2.547 -2.747 -3.156 -0.724 -2.71 -3.087 0.116 -1.903 1.923 0.297 -2.543 1.485 1.777 -3.873 -2.627 -1.472 7.087 0.446 2.317
372 L -1.163 -2.24 -2.792 -3.144 -0.208 -2.542 -3.035 -2.974 -2.291 2.239 3.589 -2.329 1.642 0.386 -3.411 -1.352 -1.197 -1.956 -1.281 1.589
373 A 2.823 -1.872 -1.934 -2.137 0.146 -1.871 -1.941 -0.679 -1.5 0.899 1.01 -1.456 0.103 1.307 -2.243 0.15 -0.741 -1.909 -0.837 0.443
374 K -1.201 3.747 -0.55 -1.321 -1.915 0.3 -0.38 -1.891 2.473 -1.322 -1.839 3.352 -1.093 -2.286 -2.36 -1.36 -1.361 -2.429 -1.319 -0.518
375 I -0.867 -1.824 -1.68 -2.328 -0.502 -1.754 -2.29 -2.352 -0.159 1.89 0.395 -1.675 2.456 1.065 -2.88 -0.49 1.09 -0.213 3.554 1.296
376 F -1.954 -2.607 -2.714 -3.21 -0.96 -3.256 -3.295 -2.943 -1.345 0.698 1.977 -2.865 0.694 5.57 -3.958 -2.562 -0.417 0.018 1.869 -0.035
377 V 0.628 -1.958 -1.557 -2.043 -0.052 -1.912 -2.086 -1.677 -1.221 2.314 0.083 -1.634 0.115 -0.156 -2.617 0.817 -0.286 -1.608 1.206 2.623
378 N -0.214 1.93 3.937 0.186 -1.505 -0.362 0.319 -0.954 2.692 -1.369 -2.133 0.064 -1.457 -2.078 -2.603 -0.708 -0.938 -2.63 -1.428 -0.476
379 R -1.24 3.623 -0.447 0.744 -1.746 0.083 -0.375 -1.859 -0.504 -0.282 -1.6 2.949 -1.041 -2.271 -2.343 -1.139 0.027 -2.562 -1.944 -1.031
380 L -0.554 -1.553 -1.966 -2.449 -0.288 -0.031 -2.015 -2.452 -1.732 1.159 3.153 -1.529 1.291 -0.021 -2.922 -1.476 1.299 -1.97 -1.369 0.578
381 K -1.094 2.258 1.177 -0.561 -2.098 2.73 0.389 -1.434 0.092 -2.373 -2.347 3.632 -1.17 -2.898 -2.091 -0.937 -1.147 -2.576 -1.79 -2.126
382 G -0.833 0.818 -1.063 0.186 -1.161 -0.266 1.296 1.663 -0.922 0.164 0.15 0.593 1.191 -1.417 -2.698 -1.53 -1.343 -2.371 -1.895 0.901
383 T -0.604 -1.132 2.215 -0.653 -0.429 -1.165 -1.443 -1.298 -0.45 -0.738 -1.464 -0.897 -0.918 -0.808 -2.086 0.251 3.803 -1.564 1.102 -0.36
384 K 0.146 1.998 -0.636 -1.079 -1.645 1.178 -0.195 0.701 -0.494 -2.252 -2.357 3.489 -1.422 -2.844 0.985 -0.944 -1.252 -2.721 -2.028 -1.921
385 N -0.489 -0.639 3.634 0.138 -1.213 -0.565 -0.727 -0.607 4.908 -2.509 -2.805 -0.539 -1.653 -1.861 -2.295 1.662 -0.264 -2.462 -0.557 -2.26
386 P 1.494 -2.122 -2.298 -2.194 -0.35 -2.02 -2.095 -1.478 -1.816 1.568 -0.261 -1.5 1.178 -1.413 4.061 -1.205 -1.035 -2.956 -1.92 1.078
387 G 0.921 -1.56 -0.695 -1.646 -1.236 -1.412 -1.739 3.392 4.855 -2.116 -2.316 -1.392 -1.608 -0.061 -2.697 -1.132 -1.808 -0.757 2.831 -1.85
388 D -1.678 0.322 -0.546 3.313 -1.658 -1.412 -0.709 -2.236 0.444 0.447 -1.125 -1.068 -0.949 1.06 -2.98 -1.872 -1.627 -0.011 4.182 0.21
389 F -2.409 -2.901 -2.912 -3.413 -1.533 -3.726 -3.487 -3.006 -0.526 0.067 0.331 -3.267 0.005 6.512 -4.453 -3.098 -2.47 0.893 3.529 -0.674
390 I -1.694 -2.957 -3.333 -3.426 -0.464 -3.3 -3.685 -3.464 -2.309 3.836 2.286 -2.861 1.21 2.924 -3.805 -3.213 -1.513 -1.371 -0.018 1.984
391 L -1.105 -2.023 -2.751 -2.918 -0.379 -1.986 -2.656 -2.824 -1.857 1.545 2.344 -1.915 3.896 -0.099 2.216 -2.354 -1.245 -2.119 -1.368 1.7
392 F -1.394 -2.731 -3.097 -3.437 -0.548 -3.237 -3.35 -3.117 -1.825 1.731 1.697 -2.914 0.746 4.742 -3.898 -2.883 -1.524 -0.521 1.255 2.419
393 L 2.377 -2.05 -2.563 -2.694 3.763 -2.143 -2.381 -1.151 -1.929 0.679 2.412 -1.788 0.74 -0.459 -2.543 -1.014 -1.102 -2.236 -1.614 0.454
394 F -2.409 -2.901 -2.912 -3.413 -1.533 -3.726 -3.487 -3.006 -0.526 0.067 0.331 -3.267 0.005 6.512 -4.453 -3.098 -2.47 0.893 3.529 -0.674
395 L -1.44 -2.713 -3.28 -3.633 6.264 -3.169 -3.621 -3.035 -2.249 1.052 2.927 -2.906 1.091 2.846 -3.748 -2.777 -1.758 -1.41 -0.173 0.374
396 I 1.566 -2.299 -2.221 -2.456 5.299 -2.216 -2.514 -1.459 -1.962 2.605 0.35 -1.872 1.505 -0.846 -2.661 -0.337 -0.793 -2.48 -1.759 1.248
397 G -0.432 -2.099 1.288 2.052 -1.658 -1.852 -1.48 5.106 -1.098 -3.198 -3.563 -1.465 -2.749 -2.818 -2.793 -1.027 -1.783 -2.783 -3.139 -2.962
398 I 0.802 -2.746 -2.966 -2.969 -0.013 -2.777 -3.07 -2.347 -2.534 4.003 1.048 -2.325 0.769 -0.308 -3.084 -2.041 -0.948 -2.394 -1.491 2.85
399 S -0.05 -0.932 2.941 0.089 -0.757 -0.677 0.315 -0.516 -0.254 -1.261 -2.184 -0.518 -1.42 -2.153 0.961 2.008 0.055 -2.889 -2.009 -0.338
400 L -1.125 -2.501 -3.32 -3.532 -0.096 -2.802 -3.317 -3.362 -2.678 2.714 3.179 -2.593 1.524 0.266 -3.562 -2.94 -1.211 -2.07 -1.284 2.827
401 L -1.701 -2.913 -3.338 -3.445 -0.464 -3.271 -3.667 -3.46 -2.293 3.715 2.438 -2.851 1.254 2.936 -3.81 -3.216 -1.536 -1.352 -0.011 1.906
402 P -0.963 -2.14 -2.06 -1.69 -1.583 -2.059 -1.749 -1.979 -1.734 -2.444 -2.877 -1.19 -2.529 -3.462 6.786 -1.578 -1.475 -4.675 -2.762 -2.288
403 I -1.122 -2.797 -3.243 -3.388 -0.175 -3.038 -3.416 -3.331 -2.6 3.513 2.0 -2.709 1.097 1.757 -3.594 -2.898 -1.128 -1.829 -0.619 3.13
404 G 0.359 -1.787 -0.189 -1.011 -0.86 -1.621 -1.818 4.809 -1.191 -2.797 -3.122 -1.203 -2.164 -2.515 -2.361 1.572 -0.618 -2.606 -2.688 -2.316
405 G 2.574 -1.874 -0.973 -1.486 -0.137 -1.711 -1.872 4.208 -1.327 -1.77 -2.184 -1.209 -1.62 -2.22 -2.041 -0.17 -1.061 -2.427 -2.355 -0.975
406 V 0.926 -1.908 -1.956 -2.449 -0.273 -1.82 -2.345 0.512 -0.965 0.873 0.415 -1.715 3.122 1.76 -2.831 -1.231 0.148 -1.006 1.556 1.459
407 G -0.152 -2.468 -0.738 -1.597 -1.318 -2.36 -2.804 5.661 -1.67 -2.242 -1.214 -1.843 -1.846 -2.24 -2.972 -1.27 -2.013 -2.485 -3.008 -2.303
408 W -2.558 -2.247 0.021 -2.7 -2.257 -2.617 -2.785 -2.287 -0.512 -1.664 -1.516 -2.529 -1.244 2.369 -4.817 -2.877 -2.446 9.848 2.923 -2.044
409 L -1.622 -2.23 -3.382 -3.663 -0.278 -2.58 -3.331 -3.426 -2.288 1.844 4.089 -2.495 2.752 0.675 -3.696 -3.16 -1.654 -1.744 -1.161 0.969
410 F -1.905 -2.708 -3.166 -3.534 -0.82 -3.364 -3.486 -3.183 -1.574 1.209 2.444 -3.016 0.981 5.22 -4.111 -3.125 -1.97 -0.191 1.596 0.912
411 P -1.136 -2.284 -2.31 -2.08 -1.422 -2.322 -2.083 -2.191 -1.702 -1.021 -1.756 -1.571 -1.633 0.868 5.89 -1.898 -1.556 4.036 -0.793 -0.417
412 E -0.976 -0.399 -0.625 1.173 -2.147 1.018 4.513 -2.154 0.081 -1.559 -2.23 0.373 -1.523 -2.447 -2.104 -1.025 -1.339 -2.514 -1.972 -0.508
413 H 0.722 -0.787 -0.064 -1.217 -1.143 -0.629 -0.904 -1.26 6.965 -1.812 -2.127 -0.911 -1.17 -1.263 -2.393 -0.723 0.812 -1.863 0.704 -1.553
414 L -1.44 -2.797 -3.335 -3.553 5.245 -3.152 -3.651 -3.22 -2.472 2.715 2.805 -2.835 1.217 1.81 -3.689 -2.914 -1.563 -1.774 -0.736 1.335
415 L -1.054 -2.231 -2.992 -3.32 -0.176 -2.312 -3.015 -3.077 -2.038 2.107 2.421 -2.323 3.509 1.828 -3.529 -2.608 -1.157 -1.566 -0.506 2.689
416 L -1.173 -2.604 -3.328 -3.493 -0.12 -2.879 -3.387 -3.396 -2.706 3.169 2.96 -2.624 1.46 0.233 -3.57 -2.975 -1.203 -2.11 -1.305 2.833
417 A 3.992 -1.679 -1.653 -1.779 0.419 -1.516 -1.523 1.529 -1.361 -1.108 -1.588 -1.039 -1.124 -2.041 -1.699 0.222 -0.657 -2.567 -1.984 -0.163
418 F -1.877 -2.754 -3.13 -3.408 -0.751 -3.182 -3.5 -3.218 -1.652 2.588 1.986 -2.873 2.027 4.716 -3.999 -3.078 -1.799 -0.472 1.22 1.126
419 L -1.458 -2.361 -3.001 -3.285 -0.418 -2.442 -3.177 -3.134 -1.785 2.738 2.201 -2.406 3.708 2.924 -3.68 -2.771 -1.411 -1.184 0.066 1.786
420 L -0.871 -2.549 -3.236 -3.45 0.001 -2.785 -3.23 -3.276 -2.79 2.838 2.594 -2.572 1.284 0.038 -3.478 -2.769 -0.998 -2.206 -1.326 3.431
421 Y -1.286 2.521 -1.211 -2.144 -1.548 -0.945 -1.627 -2.287 1.097 -1.33 -1.399 -0.177 -0.961 1.959 -2.9 -0.579 -0.057 0.86 5.214 -1.258
422 L -0.365 -2.776 -3.093 -3.234 -0.464 -3.099 -3.352 -2.781 -1.969 3.224 1.913 -2.668 1.134 3.639 -3.595 -2.615 -1.515 -1.061 0.451 1.59
423 A 2.341 -2.161 -2.409 -2.532 0.009 -2.163 -2.326 -1.142 -1.589 1.855 0.291 -1.794 1.483 2.588 -2.606 -0.996 -1.0 -1.495 -0.147 1.432
424 S 0.4 -1.235 -0.261 -0.964 -0.2 -1.182 -1.218 -0.803 -0.881 -0.632 0.538 -0.9 -0.243 1.198 -2.082 2.84 0.345 -1.984 -0.87 -0.743
425 R -1.506 5.458 -0.434 -1.536 -2.231 0.546 -0.533 -2.1 0.126 -2.584 -2.0 2.046 -1.196 -2.444 -2.676 -1.378 -1.426 -2.206 -1.744 -2.134
426 R -0.278 2.738 1.151 -0.829 3.479 -0.451 -0.879 -1.104 -0.475 -2.179 -2.309 1.143 -1.482 -2.433 0.926 1.509 -0.239 -2.807 -2.07 -1.753
427 L -0.025 -1.051 -2.293 -2.598 -0.512 -1.813 -2.135 -2.312 -1.644 1.838 1.24 0.749 0.591 2.971 -3.052 -2.006 -1.235 -1.379 0.079 2.091
428 G -0.299 0.886 -0.897 -1.597 2.053 -1.131 -1.606 3.328 -1.326 -0.193 -1.497 1.264 -1.097 -2.036 -2.614 -0.385 -1.087 -2.595 -2.24 0.897
429 F -0.173 -2.372 -2.497 -2.921 -0.509 -2.669 -2.873 -2.38 -1.499 1.196 1.155 -2.391 1.703 4.593 -3.411 -1.908 -0.067 -0.551 1.154 1.49
430 G 1.434 0.65 -0.538 -1.256 -0.368 -1.201 -1.457 2.248 -1.035 -1.427 -1.79 -0.586 -1.206 0.294 -2.103 1.191 1.431 -2.133 -1.36 -0.933
431 E 0.735 -0.215 -0.493 1.401 -1.21 1.613 1.509 -1.335 -0.483 0.011 -1.548 1.17 -1.006 -2.244 1.324 -0.875 -1.127 -2.748 -1.947 -0.656
432 R -1.232 2.864 -0.851 -1.824 -1.281 -0.477 -1.132 -1.912 4.525 0.262 0.182 1.124 -0.214 -1.128 -2.862 -1.809 -1.433 -2.112 -0.432 1.063
433 I -1.156 -1.477 -2.049 -2.474 -1.017 -1.881 -2.289 0.317 -0.108 2.121 -0.159 -0.039 -0.204 1.027 0.86 -2.185 -1.485 -0.201 3.777 1.306
434 R -1.192 4.2 1.205 -0.838 -1.616 1.227 -0.563 -1.773 -0.053 -1.529 -1.267 1.302 1.067 -2.021 -2.61 -0.996 0.214 -2.293 -1.733 -1.384
435 K -0.799 2.121 -0.24 -0.694 -1.95 0.835 0.341 -1.314 -0.215 -2.095 -2.212 4.418 -1.196 -2.778 -1.659 -0.853 -1.054 -2.521 -1.761 -1.971
436 N -1.632 -0.387 5.583 1.309 -1.819 -0.499 -0.697 -0.127 0.996 -2.685 -3.124 -0.268 -2.134 -2.347 -2.56 -0.09 -0.423 -2.939 -2.041 -2.533
437 D -1.749 -1.56 1.227 5.791 -2.345 -0.844 1.078 -1.096 -0.508 -2.698 -3.464 -0.802 -2.67 -2.892 -2.262 -0.924 -1.385 -3.503 -3.016 -2.837
438 G 0.118 -2.33 -0.412 -1.295 -1.292 -2.168 -2.594 5.783 -1.449 -3.188 -3.433 -1.623 -2.639 -2.651 -2.752 -0.975 -1.892 -2.412 -3.12 -2.837
439 C -0.42 -3.311 -2.937 -3.391 9.65 -3.431 -3.897 -2.136 -2.923 -0.704 -1.034 -3.086 -1.051 -2.0 -3.179 -1.642 -1.289 -3.207 -2.769 -0.382
440 F 0.18 -1.809 -1.114 1.138 -1.125 -1.501 0.312 -1.562 -0.785 -0.939 -0.906 -1.363 -0.854 4.256 1.274 -0.258 -1.245 -0.874 0.908 -1.124
441 V -0.707 0.861 -1.556 -1.96 -0.664 0.482 -1.44 -2.175 -1.185 1.664 -0.149 -0.677 -0.058 1.592 1.249 -0.51 -0.814 -1.954 -0.599 1.939
442 L 0.055 -1.823 -2.571 -2.702 -0.303 0.147 -2.123 -2.469 -1.77 2.921 2.573 -1.667 1.23 0.429 -3.138 -2.162 -1.272 -1.991 -1.169 1.491
443 R -1.051 3.53 -0.258 -0.826 -2.033 2.786 0.504 -1.618 0.252 -2.305 -2.072 2.917 -0.911 -2.726 -2.139 -0.988 -1.151 -2.306 -1.593 -1.966
444 L -1.257 -1.678 2.175 -1.079 -0.81 -1.807 -2.003 -1.832 -1.068 1.239 1.453 -1.402 0.184 -0.883 2.883 -1.302 0.386 -2.683 -1.802 0.199
445 R 0.243 3.336 1.42 1.256 -1.186 -0.398 -0.674 -1.222 -0.346 -1.358 -0.327 0.787 -0.8 -1.833 -2.449 0.043 -0.882 -2.522 -1.92 -1.297
446 T -0.085 -1.065 -0.111 -0.987 0.149 -1.075 -1.35 -1.301 -1.385 -0.196 -1.029 -0.763 -0.504 -1.553 -1.659 0.733 4.16 -2.157 -1.679 0.257
447 R -1.508 5.46 -0.436 -1.537 -2.233 0.544 -0.534 -2.101 0.125 -2.585 -2.001 2.045 -1.197 -2.445 -2.678 -1.38 -1.427 -2.207 -1.745 -2.135
448 R -1.508 5.46 -0.436 -1.537 -2.233 0.544 -0.534 -2.101 0.125 -2.585 -2.001 2.045 -1.197 -2.445 -2.678 -1.38 -1.427 -2.207 -1.745 -2.135
449 A 3.85 -1.456 -1.634 -1.66 0.708 -1.292 -1.271 0.402 -1.183 -0.802 -1.294 -0.821 -0.846 -1.82 -1.448 0.482 -0.394 -2.412 -1.728 0.166
450 P -1.14 -2.072 -2.534 -2.386 -0.704 -2.238 -2.316 -2.49 -1.912 0.614 2.262 -1.659 0.703 -0.53 4.718 -2.154 -1.435 -2.724 -1.712 -0.062
451 L -1.514 -2.16 -3.336 -3.593 -0.124 -2.614 -3.279 -3.356 -2.287 2.032 3.993 -2.451 2.159 0.859 -3.578 -3.132 -1.554 -1.624 -1.03 1.132
452 G 0.017 -1.63 -0.259 -1.138 -0.484 -1.571 -1.907 4.021 -1.418 -1.322 -1.989 -1.162 -1.38 -2.051 -2.155 0.002 2.497 -2.283 -2.312 -0.895
453 G 0.116 -2.331 -0.413 -1.296 -1.294 -2.169 -2.595 5.784 -1.45 -3.189 -3.434 -1.624 -2.64 -2.652 -2.753 -0.976 -1.893 -2.414 -3.122 -2.838
454 T 0.564 -0.885 0.223 -0.58 0.124 -0.797 -0.911 -0.627 -0.871 -0.919 -1.597 -0.5 -0.814 -1.73 -1.553 2.2 3.005 -2.334 -1.704 -0.406
455 A 2.509 -1.255 -0.774 -1.305 0.441 -1.183 -1.311 -0.327 -1.284 -0.485 -1.159 -0.793 -0.671 -1.685 -1.553 0.609 2.704 -2.283 -1.704 0.211
456 T -0.529 -1.208 -1.014 -1.749 0.007 -1.05 -1.798 -1.862 -1.155 0.858 0.986 -1.076 3.815 -0.352 -2.334 -0.32 2.606 -1.685 -1.21 0.661
457 F -1.88 3.616 -1.392 -2.282 -1.756 -0.884 -1.64 -2.451 -0.301 -0.794 -0.423 0.469 -0.397 4.601 -3.42 -2.079 -1.849 -0.27 1.474 -1.191
458 P -1.242 -1.766 0.065 4.012 -1.852 -1.327 0.039 -1.438 -0.996 -2.488 -3.07 -0.918 -2.52 -3.093 4.765 -1.165 -1.354 -3.969 -2.806 -2.465
459 G -0.525 -2.679 -1.492 -2.078 -0.65 -2.632 -3.079 3.899 -2.002 2.647 0.153 -2.093 -0.046 -0.855 -3.093 -1.83 -1.44 -2.283 -2.042 1.259
460 D 0.009 -1.107 0.896 4.131 -0.872 -0.69 0.384 -0.544 -0.471 -2.263 -2.825 -0.518 -1.818 -2.364 -1.827 1.793 0.073 -2.972 -2.302 -1.946
461 N -1.239 -0.238 3.937 1.429 -2.088 0.586 2.881 -0.888 0.721 -2.712 -2.892 0.258 -1.924 -2.462 -2.186 -0.408 -0.818 -2.636 -1.961 -2.313
462 A 2.509 -1.255 -0.774 -1.305 0.441 -1.183 -1.311 -0.327 -1.284 -0.485 -1.159 -0.793 -0.671 -1.685 -1.553 0.609 2.704 -2.283 -1.704 0.211
463 K -0.801 0.199 1.872 -0.676 -1.457 -0.496 -0.849 0.955 -0.521 -1.67 -1.673 2.276 0.846 -2.275 2.727 -0.413 -0.875 -2.853 -2.094 -1.701
464 I -1.362 -3.086 -3.248 -3.166 -0.136 -3.195 -3.672 -3.465 -2.697 4.483 1.691 -2.664 1.286 0.232 -3.49 -3.062 -1.06 -2.17 -1.271 2.875
465 N -1.645 -0.4 5.612 1.296 -1.832 -0.512 -0.711 -0.14 0.983 -2.698 -3.137 -0.281 -2.147 -2.36 -2.573 -0.104 -0.437 -2.952 -2.054 -2.546
466 K -0.812 2.108 -0.254 -0.708 -1.963 0.821 0.328 -1.328 -0.229 -2.109 -2.226 4.453 -1.209 -2.791 -1.673 -0.867 -1.068 -2.535 -1.774 -1.984
467 L -1.526 -2.172 -3.348 -3.606 -0.136 -2.626 -3.291 -3.368 -2.299 2.019 4.014 -2.464 2.147 0.847 -3.59 -3.144 -1.566 -1.636 -1.042 1.12
468 Y -1.798 -1.763 -2.111 -3.008 -1.737 -1.769 -2.349 -2.918 2.119 -0.789 -0.896 -1.859 -0.668 3.363 -3.319 -2.423 -2.075 2.323 6.624 -0.965
469 G 0.104 -2.343 -0.426 -1.308 -1.306 -2.181 -2.608 5.796 -1.462 -3.201 -3.446 -1.636 -2.652 -2.664 -2.765 -0.988 -1.905 -2.426 -3.134 -2.85
470 G 0.104 -2.343 -0.426 -1.308 -1.306 -2.181 -2.608 5.796 -1.462 -3.201 -3.446 -1.636 -2.652 -2.664 -2.765 -0.988 -1.905 -2.426 -3.134 -2.85
471 N -1.645 -0.4 5.612 1.296 -1.832 -0.512 -0.711 -0.14 0.983 -2.698 -3.137 -0.281 -2.147 -2.36 -2.573 -0.104 -0.437 -2.952 -2.054 -2.546
472 A 3.883 -1.469 -1.648 -1.673 0.694 -1.306 -1.284 0.388 -1.197 -0.816 -1.307 -0.834 -0.859 -1.834 -1.461 0.469 -0.408 -2.426 -1.741 0.153
473 A 3.883 -1.469 -1.648 -1.673 0.694 -1.306 -1.284 0.388 -1.197 -0.816 -1.307 -0.834 -0.859 -1.834 -1.461 0.469 -0.408 -2.426 -1.741 0.153
474 V -0.219 -2.472 -2.915 -3.15 0.354 -2.573 -2.879 -2.941 -2.9 3.044 0.96 -2.374 0.846 -0.384 -3.157 -2.27 -0.437 -2.373 -1.271 4.086
475 L -1.526 -2.172 -3.348 -3.606 -0.136 -2.626 -3.291 -3.368 -2.299 2.019 4.014 -2.464 2.147 0.847 -3.59 -3.144 -1.566 -1.636 -1.042 1.12
476 F -2.32 -2.882 -2.846 -3.3 -1.36 -3.85 -3.468 -2.86 -0.814 0.291 0.579 -3.29 0.216 6.492 -4.434 -3.016 -2.356 0.866 2.945 -0.493
477 G 0.104 -2.343 -0.426 -1.308 -1.306 -2.181 -2.608 5.796 -1.462 -3.201 -3.446 -1.636 -2.652 -2.664 -2.765 -0.988 -1.905 -2.426 -3.134 -2.85
478 S 1.082 -0.727 0.511 -0.234 0.087 -0.555 -0.541 -0.092 -0.446 -1.897 -2.314 -0.271 -1.172 -1.929 -1.461 3.212 1.025 -2.535 -1.741 -1.278
479 K -0.668 -0.016 1.809 0.682 -1.081 -0.823 -0.799 0.946 -0.614 -0.707 -1.508 1.411 -1.066 1.144 -2.405 0.121 0.543 -2.072 -0.962 -0.026
480 K 1.129 0.304 -1.487 -1.801 -0.507 -0.704 -1.096 -1.469 -1.298 1.264 0.372 2.487 -0.043 -1.3 -2.278 -1.062 -0.938 -2.473 -1.667 1.478