#Seq2Logo.py -f /work3/idamei/wzy_ssn/run/1e-50/run/150/MSAs/0026_110.afa -o /work3/idamei/wzy_ssn/run/1e-50/run/150/logos/0026_110.logo
Last position-specific scoring matrix computed, values are in halfbits
A R N D C Q E G H I L K M F P S T W Y V
0 M -1.258 -1.561 -2.538 -2.992 -0.346 -1.229 -2.531 -2.761 -1.146 1.425 1.957 -1.63 6.376 0.29 -3.42 -2.194 -1.224 -1.484 -1.01 0.811
1 L -0.713 -1.766 -1.575 -1.432 -0.538 -1.42 0.344 -0.05 -1.553 1.777 2.135 -1.431 0.624 -0.51 -2.844 0.089 -0.262 -2.273 -1.654 1.044
2 F -1.221 -2.169 0.101 -2.085 -0.986 -2.38 -2.574 -0.035 -0.498 1.314 0.978 -2.083 0.089 3.901 -3.363 -0.339 -1.306 -0.282 2.828 0.052
3 L -1.663 -2.383 -0.265 -2.714 -0.551 -2.742 -3.161 -2.957 -1.858 2.603 3.131 -2.458 1.32 2.394 -3.673 -2.292 -1.509 -1.539 -0.391 1.125
4 A 3.856 -1.458 -1.637 -1.662 0.705 -1.295 -1.273 0.399 -1.186 -0.805 -1.296 -0.823 -0.848 -1.823 -1.45 0.48 -0.397 -2.415 -1.73 0.164
5 L -1.584 -2.394 -2.58 -3.076 -0.845 -2.742 -3.022 -2.875 -0.665 1.561 2.221 -2.495 0.782 4.17 -3.666 -1.395 -1.619 -0.0 3.16 0.408
6 L -0.446 -2.441 -3.335 -3.513 -0.223 -2.769 -3.302 -3.04 -2.488 2.502 3.659 -2.524 1.621 0.365 -3.522 -2.792 -1.492 -1.999 -1.327 1.637
7 L -1.871 -2.503 -3.425 -3.73 -0.55 -3.04 -3.521 -3.444 -2.103 1.534 3.807 -2.814 1.636 3.38 -3.944 -3.309 -1.911 -1.081 0.191 0.65
8 L -0.153 -2.425 -2.381 -2.796 3.462 -2.667 -2.932 -2.395 -1.978 2.247 1.669 -2.295 0.627 2.861 -3.154 -1.658 0.805 -1.414 -0.081 1.242
9 I -1.436 -2.849 -3.354 -3.417 -0.279 -2.986 -3.584 -3.51 -2.655 4.149 2.352 -2.68 2.136 0.15 -3.651 -3.098 -1.284 -2.188 -1.378 2.55
10 G 0.15 -1.809 -1.355 -1.242 -0.657 -1.391 0.494 1.43 -1.386 1.397 0.227 -1.35 -0.252 1.33 -2.684 -0.518 0.84 -1.95 -0.982 0.832
11 L -1.4 -2.334 -2.791 -2.103 -0.507 -1.969 0.045 -3.308 -2.106 3.605 2.338 -2.002 1.073 -0.077 -3.382 -2.741 -1.352 -2.244 -1.475 2.176
12 L -0.353 -2.624 -2.79 -3.136 3.138 -2.959 -3.174 -2.64 -1.984 2.058 1.763 -2.597 0.642 3.717 -3.477 -2.176 -0.274 -1.119 0.41 1.658
13 L 0.923 -2.29 -2.952 -3.117 -0.173 -2.567 -2.896 -2.128 -1.999 1.904 3.033 -2.24 1.267 2.099 -3.159 -1.993 -1.418 -1.549 -0.479 0.93
14 L -1.82 -2.456 -3.463 -3.753 -0.475 -2.965 -3.508 -3.482 -2.227 1.635 3.984 -2.761 1.746 2.723 -3.889 -3.318 -1.859 -1.309 -0.21 0.746
15 L -0.472 -2.532 -2.872 -3.211 3.136 -2.893 -3.221 -2.718 -2.036 1.98 2.676 -2.56 1.012 3.2 -3.49 -2.281 -0.364 -1.273 0.06 0.809
16 F -1.491 -2.826 -3.063 -3.264 3.074 -3.122 -3.362 -3.063 -1.939 2.532 1.172 -2.75 1.585 4.016 0.013 -2.779 -1.581 -1.041 0.608 1.774
17 L -1.674 -2.735 -3.3 -3.569 -0.571 -3.22 -3.525 -3.345 -2.056 2.352 2.737 -2.903 1.163 4.005 -3.932 -3.145 -1.697 -0.918 0.62 1.785
18 A 1.951 -1.391 0.651 -1.178 3.232 -1.283 -1.45 -0.656 -0.668 -0.986 -1.28 -1.01 0.69 -0.979 -2.061 1.563 1.22 -1.846 0.719 -0.547
19 Y -2.109 -2.264 -2.573 -3.321 -1.673 -2.483 -2.883 -3.123 1.141 -0.344 0.237 -2.437 -0.286 4.647 -3.809 -2.821 -2.305 1.605 6.021 -0.814
20 L -1.34 -0.273 -1.588 -2.855 3.099 -2.447 -2.957 -2.913 -1.48 2.984 1.829 -1.872 0.731 1.607 -3.477 -1.755 -1.319 -1.381 1.147 1.661
21 L -0.327 -2.375 -2.685 -3.021 -0.421 -2.622 -2.972 -2.564 -1.842 2.115 2.503 -2.367 1.945 3.209 -3.436 -1.294 -1.32 -1.235 0.118 1.315
22 F -0.521 -1.781 0.53 -1.445 3.069 -1.929 -1.943 -1.445 -0.917 -0.581 -0.024 -1.602 -0.445 4.069 -2.796 1.469 0.352 -1.008 0.648 -0.817
23 N -1.253 -0.06 2.915 2.222 -2.111 1.185 1.858 0.837 0.016 -1.842 -2.701 1.501 -1.808 -2.7 -2.394 -0.874 -1.227 -2.854 -2.255 -2.132
24 R -1.423 4.626 0.477 -1.244 -2.278 1.073 -0.511 0.106 2.219 -2.733 -2.401 2.194 -1.456 -2.582 -2.675 -1.362 -1.561 -2.432 -1.561 -2.404
25 D -1.955 -1.766 1.021 6.081 -2.55 -1.05 0.872 -1.302 -0.714 -2.903 -3.67 -1.007 -2.876 -3.098 -2.467 -1.13 -1.591 -3.709 -3.221 -3.042
26 I -1.502 -2.904 -3.334 -3.403 -0.345 -3.058 -3.613 -3.494 -2.543 4.164 2.128 -2.726 2.071 1.267 -3.697 -3.112 -1.333 -1.952 -0.93 2.445
27 L -0.543 -2.412 -3.027 -3.281 -0.481 -2.579 -3.166 -2.818 -1.786 2.466 2.455 -2.44 3.259 3.254 -3.615 -2.583 -1.567 -1.14 0.166 1.092
28 S 1.729 0.701 -0.245 -0.591 -0.415 1.432 0.467 -0.541 -0.452 -1.953 -2.215 0.003 -1.209 -2.306 -1.844 2.406 0.059 -2.614 -1.873 -1.253
29 P -1.015 -2.192 -2.112 -1.742 -1.635 -2.111 -1.8 -2.03 -1.786 -2.496 -2.928 -1.242 -2.581 -3.514 6.833 -1.63 -1.526 -4.727 -2.814 -2.34
30 S 0.816 -1.325 -0.193 0.677 -0.441 -1.176 -0.944 -0.726 -0.922 -1.727 -2.104 -0.821 -1.387 0.433 1.956 2.591 0.849 -2.502 -1.339 -1.328
31 V -0.6 -2.635 -2.809 -3.159 3.27 -2.782 -3.071 -2.945 -2.733 2.545 0.74 -2.531 0.493 1.135 -3.312 -2.154 0.16 -2.174 -0.938 3.853
32 L -1.083 -2.387 -2.874 -3.189 -0.163 -2.486 -3.103 -3.137 -2.407 2.962 2.444 -2.349 2.747 0.019 -3.404 -2.412 -0.046 -2.115 -1.355 2.738
33 L -1.267 -1.869 -2.692 -3.14 -0.424 -1.697 -2.734 -2.908 -1.026 1.525 1.854 -1.949 5.312 1.819 -3.513 -2.394 -1.304 -0.945 1.318 1.609
34 C -0.496 -2.218 -1.793 -2.388 6.452 -2.201 -2.573 -2.109 -1.555 1.461 0.06 -1.982 1.149 -0.503 -2.86 0.073 0.927 -1.875 0.714 1.415
35 I 1.622 -2.125 -0.075 -2.073 -0.1 -2.155 -2.366 -1.471 -1.753 2.801 1.358 -1.772 0.468 -0.61 -2.723 -0.514 -0.832 -2.426 -1.634 1.663
36 L 0.175 -1.845 -1.924 -2.445 -0.275 -1.626 -2.407 1.239 -1.516 1.216 0.924 -1.679 4.628 -0.466 -3.015 -0.77 -0.941 -1.993 -1.476 1.796
37 F -2.432 -2.885 -2.921 -3.449 -1.603 -3.637 -3.471 -3.061 -0.358 -0.033 0.217 -3.229 -0.088 6.463 -4.438 -3.116 -2.507 0.932 3.883 -0.748
38 I -0.396 -2.872 -3.2 -3.294 -0.326 -3.106 -3.417 -2.975 -2.384 3.716 1.804 -2.686 0.938 2.444 -3.554 -2.693 -1.317 -1.651 -0.344 2.452
39 I -1.307 -2.879 -3.391 -3.464 -0.216 -3.09 -3.577 -3.512 -2.821 3.982 2.435 -2.739 1.263 0.1 -3.633 -3.085 -1.225 -2.253 -1.401 2.894
40 S 1.197 -1.189 -0.009 -0.724 3.227 -1.027 -1.044 0.941 -0.875 -1.969 -2.377 -0.717 -1.417 -2.167 -1.826 3.267 0.487 -2.755 -2.079 -1.353
41 T 0.264 -1.81 -1.128 -1.771 -0.074 -1.81 -2.062 -1.766 -1.893 2.4 -0.082 -1.456 -0.023 -1.072 -2.339 0.192 3.134 -2.419 -1.733 1.518
42 L 0.039 -2.121 -1.997 -2.523 -0.106 -2.268 -2.567 -2.306 -2.157 1.913 1.626 -1.972 0.596 1.195 -2.857 -1.211 1.923 -1.956 -0.926 2.376
43 F 0.278 -2.66 -2.467 -2.862 3.025 -3.106 -2.966 -2.043 -1.245 0.642 0.047 -2.625 -0.171 5.587 -3.55 -1.043 -1.643 -0.146 1.77 -0.21
44 A 4.148 -1.617 -1.659 -1.773 0.464 -1.46 -1.449 0.133 -1.366 -1.016 -1.52 -1.003 -1.049 -2.02 -1.661 0.522 -0.043 -2.613 -1.932 -0.077
45 L -0.995 -2.31 -2.492 -2.944 3.184 -2.473 -2.927 -2.794 -1.735 2.271 2.492 -2.262 1.327 0.291 -3.261 -1.166 -0.039 -1.579 0.884 1.924
46 L -1.443 -2.544 -3.075 -3.297 -0.552 -2.768 -3.191 -3.199 -1.602 2.496 2.257 -2.516 1.891 2.639 0.049 -2.847 -1.503 -1.069 1.458 1.974
47 N -1.838 -0.593 5.988 1.103 -2.024 -0.705 -0.903 -0.333 0.79 -2.891 -3.33 -0.474 -2.339 -2.552 -2.766 -0.296 -0.629 -3.144 -2.247 -2.738
48 I -0.174 -0.305 -2.626 -2.943 -0.369 -2.425 -2.846 -2.7 -1.617 3.371 0.679 -1.822 0.477 1.496 -3.295 -1.833 -1.084 -1.452 1.158 2.768
49 K -1.212 1.373 2.706 1.082 -1.951 0.541 0.547 -1.292 0.273 -2.281 -2.413 2.485 -1.57 -0.39 -2.369 -0.248 -1.044 -1.682 1.29 -2.143
50 N 0.008 -0.98 4.563 0.249 -0.919 -1.025 -1.189 -0.623 0.001 -0.734 -1.912 -0.768 -1.344 -2.025 -2.489 0.702 0.501 -2.894 -2.028 0.384
51 W -2.828 -2.561 -3.344 -3.798 -2.512 -3.002 -3.147 -2.544 -1.312 -2.032 -1.828 -2.969 -1.458 0.95 -5.586 -3.533 -2.873 10.782 1.991 -2.406
52 G -1.048 -0.396 3.107 1.285 -1.862 -0.407 0.986 2.312 2.189 -2.631 -2.955 1.091 -2.037 -2.531 -2.469 -0.739 -0.147 -2.727 -1.883 -2.385
53 I -1.349 -3.033 -3.042 -3.136 -0.27 -3.128 -3.563 -3.4 -2.788 4.65 1.321 -2.652 0.965 -0.099 -3.484 -2.69 -0.06 -2.377 -1.491 2.746
54 D -1.769 -1.069 2.434 4.568 -2.401 -0.51 1.555 -1.351 2.283 -2.699 -3.124 -0.312 -2.294 -1.597 -2.53 -1.068 -1.472 -2.248 0.659 -2.691
55 Y -1.964 -2.261 -2.706 -3.372 -1.328 -2.452 -2.95 -3.229 0.826 0.875 1.408 -2.4 0.26 3.655 -3.718 -2.882 -2.104 1.211 5.621 -0.083
56 S 1.243 -0.586 1.115 -0.332 -0.588 1.426 0.493 -0.567 2.14 -2.096 -2.38 -0.215 -1.291 -2.207 -1.918 2.385 0.03 -2.58 -1.464 -1.49
57 F -0.372 -2.215 0.112 0.114 -1.011 -1.603 -2.031 0.042 -1.342 1.303 0.276 -1.867 -0.301 3.127 2.062 -1.842 -1.51 -1.595 -0.04 0.593
58 K -1.068 1.446 1.7 -0.142 -1.702 0.18 1.68 -1.578 -0.263 -0.923 -0.309 2.734 -0.837 -1.985 -2.29 -0.359 -1.068 -2.595 -1.916 -1.36
59 T 2.134 -1.476 -0.842 -1.45 0.121 -1.419 -1.575 -0.821 -1.516 0.331 -1.072 -1.049 -0.68 -1.691 -1.873 0.726 3.267 -2.471 -1.872 0.238
60 F -0.299 -2.427 -1.943 -2.531 -0.864 -2.602 -2.823 1.17 -0.77 1.704 -0.115 -2.221 -0.235 3.852 -3.234 -1.642 0.484 -0.292 2.804 0.351
61 L -0.015 -1.889 -2.424 -2.795 -0.577 -0.368 -2.304 -0.244 -1.254 1.22 1.89 -1.831 2.444 1.58 -3.33 -2.094 -1.455 3.687 1.007 1.328
62 I -1.63 -2.88 -3.37 -3.466 -0.418 -3.092 -3.638 -3.587 -2.024 4.111 2.527 -2.734 1.273 0.585 -3.698 -3.227 -1.453 -1.549 0.932 2.1
63 I -1.378 -2.524 -2.621 -2.949 -0.361 -2.624 -3.174 -3.076 -2.207 3.671 1.891 -2.352 2.422 1.474 -3.377 -2.209 0.662 -1.826 -0.821 1.827
64 L -1.179 -2.436 -2.376 -2.809 -0.433 -2.658 -3.06 -0.297 -2.157 2.837 2.644 -2.321 1.068 1.477 -3.35 -1.237 -0.158 -1.834 -0.9 1.244
65 L -0.083 -1.645 -0.976 -1.602 -0.247 -1.671 -1.796 -1.449 -1.368 1.057 1.658 -1.394 0.378 1.123 -2.533 2.053 -0.13 -2.018 -0.974 0.707
66 G -0.088 -2.536 -0.618 -1.501 -1.498 -2.374 -2.8 5.969 -1.654 -3.394 -3.639 -1.829 -2.845 -2.856 -2.958 -1.18 -2.097 -2.618 -3.326 -3.042
67 I -0.437 -2.69 -2.867 -3.105 -0.456 -2.929 -3.214 -2.759 -2.157 3.297 1.598 -2.539 0.733 2.453 -3.501 -2.327 -0.231 3.641 -0.055 1.876
68 L -0.48 -2.524 -3.18 -3.383 -0.366 -2.797 -3.273 -2.927 -2.137 2.648 2.874 -2.551 2.128 2.552 -3.586 -2.69 -1.508 -1.459 -0.275 1.627
69 V -0.186 -2.148 -1.755 -2.271 3.275 -2.136 -2.368 -2.113 -2.194 2.283 0.209 -1.885 0.643 -0.918 -2.806 0.501 0.509 -2.584 -1.663 3.226
70 F 0.001 -2.737 -2.778 -3.176 -1.175 -3.335 -3.145 -2.304 -0.71 -0.104 0.092 -2.867 -0.165 6.175 -3.889 -2.34 -2.158 0.525 3.093 -0.614
71 I -0.789 -2.418 -2.137 -2.565 -0.287 -2.552 -2.762 -2.525 -2.056 3.058 1.085 -2.204 0.559 2.305 -3.166 -0.306 0.178 -1.725 -0.396 2.504
72 I 0.682 -2.356 -2.21 -2.533 3.207 -2.404 -2.644 -1.939 -1.933 2.799 1.112 -2.056 1.154 1.593 -2.965 -0.147 -0.85 -1.943 -0.8 1.616
73 A 1.677 -2.054 -1.752 -1.984 -0.221 -1.984 -2.03 0.423 -1.863 1.166 -0.755 -1.493 -0.628 -1.648 2.793 -0.202 0.194 -2.904 -2.014 1.653
74 E -0.889 -1.151 1.697 1.312 -1.46 -0.332 2.413 1.363 -0.479 0.026 -0.65 -0.583 -1.008 -1.847 -2.55 -0.4 -1.126 -2.653 -2.139 -0.122
75 L -1.42 -2.172 -0.198 -2.507 3.098 -2.212 -2.853 -2.741 -0.883 2.595 1.788 -2.104 2.74 0.626 -3.366 -2.138 -0.209 -1.015 2.175 1.095
76 L -0.518 -2.455 -2.785 -3.124 -0.513 -2.728 -3.115 -2.736 -1.689 2.359 2.348 -2.452 1.907 3.462 -3.496 -2.289 -0.343 -0.979 0.849 0.994
77 I -0.024 -2.231 -1.891 -2.396 -0.394 -2.269 -2.607 -0.027 -1.408 2.618 0.848 -1.959 1.119 1.444 -2.955 -0.671 0.782 -1.378 1.117 1.496
78 R -1.148 3.019 2.184 -0.807 -1.578 -0.298 -0.864 -1.531 2.232 -1.343 -1.872 1.788 -1.215 -0.555 -2.565 -0.302 0.013 -1.933 0.413 -0.589
79 L -1.144 0.267 0.122 -2.049 -0.893 -1.583 -2.052 -2.346 -0.166 1.65 0.928 -0.118 0.137 1.234 -3.085 -0.763 -1.135 -0.484 3.332 1.319
80 L -0.042 -1.19 -1.797 -2.147 -0.639 -1.755 -1.972 -1.985 -1.515 1.988 0.895 0.538 0.17 2.458 0.291 -0.164 -0.976 -1.718 -0.332 1.052
81 C -1.119 -1.917 -1.382 -2.286 6.639 -1.852 -2.241 -2.345 4.947 1.968 -0.103 -1.988 -0.102 -0.736 -3.129 -2.024 -1.49 -2.193 -0.189 0.774
82 K -0.818 2.101 -0.26 -0.714 -1.97 0.815 0.321 -1.334 -0.235 -2.115 -2.232 4.47 -1.216 -2.798 -1.679 -0.873 -1.074 -2.541 -1.781 -1.991
83 I 0.109 -1.675 -0.798 -1.346 -0.025 -1.586 -1.704 -1.314 -1.36 2.789 0.331 -1.229 0.308 -0.653 -2.304 1.531 0.164 -2.35 -1.499 1.486
84 L -1.176 -1.105 -0.82 -2.074 -1.097 -1.658 -1.924 -2.203 0.521 1.276 0.243 0.534 -0.21 2.524 0.215 -0.569 -1.249 3.77 2.334 0.565
85 G -0.234 1.964 -1.254 0.038 2.932 -1.17 -1.547 1.251 -0.449 -0.686 0.101 0.569 0.226 0.516 -2.915 -1.624 -1.616 -1.114 2.122 -0.542
86 K 0.648 0.931 2.115 -0.672 -1.188 -0.666 -0.603 0.558 -0.573 -0.586 -1.99 1.719 -1.447 -2.378 1.875 -0.133 -0.937 -2.935 -2.161 -1.155
87 K -0.929 1.237 -0.872 -1.429 -1.101 1.395 -0.658 -1.92 -0.673 0.377 -0.676 2.24 -0.471 0.724 -2.398 -0.706 1.374 -1.874 -0.158 0.283
88 K -0.978 2.49 -1.185 -1.745 -1.026 -0.238 -0.868 -2.143 -0.908 0.603 0.926 2.659 0.189 -1.153 -2.496 -1.625 -1.131 -2.283 -1.55 1.051
89 F -1.746 -0.302 2.004 -0.906 -1.786 -0.957 -1.2 -1.631 4.007 -1.084 -0.949 1.029 -0.732 4.136 -3.01 -1.527 -1.616 -0.628 1.445 -1.562
90 I -1.352 -3.076 -3.237 -3.156 -0.125 -3.184 -3.662 -3.454 -2.686 4.453 1.702 -2.653 1.296 0.243 -3.479 -3.051 -1.049 -2.159 -1.26 2.885
91 Q -0.857 1.032 -0.067 -0.332 -1.886 4.791 1.417 -1.454 0.795 -2.215 -1.966 1.247 -0.378 -2.933 -2.126 -0.729 -0.95 -2.159 -1.26 -1.762
92 G -0.215 3.244 -0.263 -1.188 -1.312 -0.567 -1.247 3.534 -0.586 -2.7 -2.616 0.526 -1.738 -2.464 -2.469 0.438 -0.932 -2.405 -2.272 -2.237
93 L -1.072 -0.38 1.909 -0.93 -0.692 -1.003 -1.399 -1.685 -0.843 1.591 1.116 1.099 0.302 -0.814 -2.523 -0.935 1.078 -2.303 -1.587 0.572
94 D -1.324 -1.341 2.396 3.671 -1.143 -1.146 -0.273 -1.277 -0.586 -0.603 0.392 -0.987 -0.543 -1.427 -2.455 -0.666 1.018 -2.702 -2.108 -0.895
95 V 0.486 -1.487 -0.738 -1.356 0.206 -1.409 -1.497 -1.196 -1.437 1.505 -0.254 -1.153 -0.008 -1.072 -2.204 1.666 0.368 -2.471 -1.514 2.543
96 D -1.752 -1.563 1.224 5.795 -2.347 -0.847 1.075 -1.098 -0.511 -2.7 -3.466 -0.804 -2.672 -2.894 -2.264 -0.927 -1.388 -3.506 -3.018 -2.839
97 K -1.304 1.45 -1.041 -1.223 -1.755 0.759 0.567 -2.196 2.558 -0.893 -0.582 2.084 -0.758 -0.133 0.373 -1.636 -1.552 -0.964 2.696 -0.41
98 Y -1.575 -2.352 -2.627 -3.089 -0.83 -2.398 -2.938 -3.181 0.614 2.919 0.676 -2.236 0.468 2.2 -3.406 -2.728 -1.526 0.872 4.811 1.548
99 G -0.816 -0.919 1.631 -0.26 -1.281 1.359 1.498 1.925 -0.497 -0.103 -0.565 -0.507 -0.79 -1.861 -2.607 -0.77 -0.068 -2.54 -2.013 0.192
100 P -1.132 -0.33 2.087 -0.576 -1.871 0.692 -0.325 0.817 -0.417 -2.508 -2.694 1.209 -1.878 -2.222 3.55 -1.144 -1.329 4.28 -1.428 -2.353
101 N -1.634 -0.389 5.587 1.307 -1.82 -0.501 -0.699 -0.129 0.994 -2.686 -3.126 -0.27 -2.135 -2.348 -2.562 -0.092 -0.425 -2.94 -2.043 -2.534
102 I -1.333 -1.689 2.818 -0.883 -0.784 -1.782 -2.109 -1.831 -0.023 2.487 0.139 -1.542 0.052 0.453 -3.119 -1.594 -0.908 -0.982 2.261 1.787
103 C -1.076 0.763 0.506 -1.123 4.761 -0.778 0.193 -2.03 1.979 0.455 -0.193 1.076 -0.572 -1.577 -0.248 -1.366 -0.093 -2.614 -1.519 0.295
104 V -0.956 0.397 0.59 0.383 -0.986 1.062 -0.983 -1.913 -0.188 0.361 -0.884 -0.67 -0.545 1.355 -2.749 -0.416 0.815 -1.002 2.3 1.11
105 D -0.547 -0.79 -0.006 3.312 -1.52 -0.465 1.497 -1.436 1.545 -0.637 -2.161 0.596 -1.573 -2.037 0.501 0.305 -0.325 -2.715 -1.021 -1.346
106 L -1.663 -1.849 0.383 2.21 -1.068 -1.751 -0.467 -2.411 -0.927 1.204 2.062 -1.344 0.456 1.479 -3.215 -2.128 -1.55 -1.463 1.072 0.663
107 K -0.867 2.665 -0.623 -0.688 -1.593 1.529 1.226 -1.784 -0.384 -1.424 -1.959 2.321 -1.165 -2.521 0.501 -0.301 0.007 -2.65 -1.92 -0.555
108 L -0.207 1.59 -1.605 -1.343 -1.063 -0.653 0.676 -2.158 -1.125 0.369 1.02 1.183 -0.109 -1.332 1.798 -1.626 -1.339 -2.602 -1.83 0.67
109 I -1.575 -2.072 -3.001 -3.174 -0.519 -2.532 -3.093 -3.354 -1.792 3.842 2.344 -0.809 1.469 0.463 -3.513 -2.973 -1.441 -1.56 0.92 1.885
110 E -1.081 0.442 0.639 0.904 -1.339 0.576 1.526 -1.927 -0.322 0.783 -0.562 -0.373 -0.699 -0.945 0.385 -0.46 -0.03 -1.915 0.711 -0.134
111 I -1.161 -2.871 -3.067 -3.124 -0.267 -2.982 -3.33 -3.27 -2.754 4.052 1.459 -2.538 0.862 -0.251 0.108 -2.671 -0.525 -2.485 -1.538 2.969
112 D 0.089 0.774 1.238 3.098 -1.382 1.37 0.096 -1.003 -0.376 -2.394 -2.699 0.694 -1.703 -2.728 0.526 0.914 -0.678 -3.023 -2.253 -2.025
113 P -0.292 1.636 0.912 -1.32 -1.392 -0.838 -1.245 -1.655 1.636 -1.563 -1.759 1.175 -1.266 1.192 1.819 -1.005 0.623 -1.091 2.319 -1.405
114 W -1.472 -1.719 -2.166 -2.679 -1.32 -2.171 -2.405 -2.295 -1.001 1.045 -0.678 -0.647 -0.571 1.785 -3.713 -0.837 -0.857 8.403 2.122 0.359
115 K -0.158 0.945 -1.108 -1.492 -1.314 -0.206 -0.649 -1.751 -0.92 0.968 -0.886 3.749 -0.589 0.56 -2.28 -1.36 -1.23 -2.233 -1.129 0.371
116 L -1.498 -2.541 -0.44 -2.753 -0.384 -2.701 -3.261 -3.12 -2.175 3.734 2.488 -2.434 2.092 0.092 -3.59 -2.792 -1.284 -2.19 -1.41 2.18
117 I 0.555 -2.484 -2.317 -0.272 -0.517 -2.515 -2.441 -2.254 -1.028 2.863 1.059 -2.205 0.385 2.102 -3.168 -2.019 -1.372 -0.855 2.393 1.602
118 L -0.051 -2.198 -2.037 -2.545 -0.517 -2.359 -2.616 -0.004 -1.223 1.328 1.83 -2.08 0.925 2.9 -3.161 -0.275 -1.126 -0.955 1.53 1.014
119 V -0.157 -2.461 -2.087 -2.591 -0.002 -2.492 -2.831 2.203 -2.49 2.3 0.309 -2.193 0.267 -0.83 -3.076 -1.914 -0.762 -2.408 -1.658 3.398
120 I -1.384 -3.108 -3.27 -3.188 -0.158 -3.217 -3.694 -3.487 -2.719 4.541 1.669 -2.686 1.264 0.21 -3.512 -3.084 -1.082 -2.192 -1.293 2.853
121 L 0.575 -2.22 -2.672 -2.995 -0.1 -2.375 -2.774 -2.318 -2.141 1.686 2.423 -2.162 1.911 1.388 -3.113 -1.811 -0.05 -1.837 -0.826 2.329
122 I -0.233 -2.842 -3.226 -3.275 -0.139 -2.973 -3.369 -3.008 -2.739 3.998 1.866 -2.585 1.031 -0.103 -3.415 -2.628 -1.105 -2.343 -1.46 2.979
123 L 0.565 -2.352 -2.483 -2.784 3.223 -2.423 -2.814 -2.192 -2.142 2.728 1.805 -2.128 1.744 0.584 -3.024 -1.221 0.061 -2.112 -1.239 1.669
124 L -1.726 -2.8 -3.294 -3.547 -0.613 -3.288 -3.565 -3.35 -2.023 2.588 2.544 -2.939 1.095 4.156 -3.957 -3.164 -1.717 -0.859 0.721 1.724
125 N -1.449 -0.903 4.0 3.071 2.77 0.531 1.037 0.592 0.085 -2.699 -3.061 -0.516 -2.175 -2.735 -2.619 -0.756 -1.121 -3.103 -2.479 -2.492
126 L 0.292 -2.55 -3.065 -3.226 -0.35 -2.764 -3.15 -2.597 -1.674 3.052 2.533 -2.425 1.07 1.763 -3.361 -2.385 -1.457 -1.268 1.197 1.432
127 L -1.127 -2.712 -3.005 -3.303 -0.324 -2.976 -3.377 -0.454 -2.48 2.862 2.322 -2.67 1.018 1.884 -3.62 -2.8 -1.324 -1.79 -0.658 2.762
128 I -0.777 -2.175 -1.805 -2.336 -0.14 -2.186 -2.593 -2.519 -2.212 3.244 0.67 -1.895 1.572 -0.586 -2.827 -0.925 2.26 -2.333 -1.571 2.414
129 L -0.175 -2.317 -2.541 -2.885 -0.15 -2.425 -2.905 -2.641 -2.312 2.97 2.294 -2.17 1.958 -0.126 -3.126 -1.85 0.743 -2.174 -1.447 2.169
130 F -0.597 -2.529 -2.79 -3.214 -0.874 -2.835 -3.069 -2.738 -0.421 1.72 1.269 -2.564 0.378 4.392 -3.648 -2.28 -1.754 0.254 3.746 0.964
131 L -2.0 -2.591 -3.391 -3.697 -0.797 -3.109 -3.495 -3.288 -1.948 1.639 3.154 -2.874 1.23 3.382 -4.146 -3.33 -2.01 5.444 0.659 0.526
132 Y -1.97 -1.983 -2.376 -3.239 -1.781 -2.015 -2.6 -3.14 1.76 -0.661 -0.134 -2.091 -0.538 3.048 -3.53 -2.661 -2.228 1.972 6.798 -0.947
133 F -0.676 1.263 -2.092 -2.727 -1.375 -1.693 -2.196 -2.502 0.168 0.445 0.276 -0.025 -0.22 4.089 -3.364 -2.206 -1.894 0.395 4.146 -0.423
134 K -1.207 2.95 -0.722 -1.324 -1.671 1.709 -0.274 -1.937 0.422 -1.175 0.097 3.109 -0.472 -1.939 -2.378 -1.239 -0.196 -2.412 -1.657 -1.306
135 E -0.75 -0.002 -0.237 1.757 -2.018 0.76 3.878 -1.638 -0.04 -2.705 -2.803 1.559 -1.819 -2.728 -1.996 0.381 -0.992 -2.68 -2.113 -2.201
136 I -0.226 -2.844 -3.152 -3.193 -0.152 -2.868 -3.335 -2.97 -2.632 4.216 1.252 -2.52 1.864 -0.174 -3.392 -2.563 -1.056 -2.349 -1.459 3.003
137 R -1.304 2.603 0.368 -1.729 -1.353 0.441 -1.203 -2.303 1.141 0.791 -0.804 1.068 -0.51 0.047 -2.949 -1.779 -1.323 -0.908 2.732 1.316
138 R -0.239 3.489 0.914 -0.941 -1.42 0.88 -0.53 -1.297 0.041 -2.275 -2.245 1.841 -1.327 -1.48 -2.318 1.021 -0.659 -1.849 0.721 -1.871
139 L -1.431 -2.736 -3.436 -3.552 -0.253 -3.021 -3.562 -3.532 -2.724 3.563 3.085 -2.72 1.474 0.269 -3.678 -3.163 -1.371 -2.128 -1.355 2.438
140 A 2.732 -1.792 -1.586 -1.925 0.273 -1.704 -1.779 -0.747 -1.722 0.837 -0.619 -1.342 -0.387 -1.46 -2.126 0.674 0.509 -2.597 -1.767 2.277
141 G 1.666 -1.855 -1.083 -1.673 -0.318 -1.8 -1.992 2.964 -1.509 -0.252 0.805 -1.416 -0.366 -1.32 -2.405 0.881 -0.396 -2.439 -2.07 -0.492
142 L -0.887 -1.325 -1.494 -1.956 -0.8 1.189 -1.36 -2.123 -0.519 1.335 0.821 -1.178 0.247 3.126 -3.0 0.033 -0.939 -0.732 1.964 0.851
143 G 1.814 -1.861 -0.151 0.346 -0.676 -1.707 -1.652 3.481 0.562 -1.543 -0.972 -1.373 -1.31 -1.132 -2.438 0.038 -1.168 -1.855 0.624 -1.246
144 G -0.287 -2.286 0.893 0.53 -1.597 -2.105 -2.156 5.57 -1.32 -3.317 -3.618 -1.644 -2.808 -2.85 -2.906 -1.104 -1.926 -2.719 -3.227 -3.02
145 L -1.055 -1.358 -2.335 -2.789 -0.143 -1.026 -2.328 -2.558 -0.943 1.628 2.16 -1.427 5.48 0.493 -3.217 -1.991 -1.021 -1.281 -0.807 1.015
146 T -0.087 -1.067 -0.114 -0.989 0.147 -1.078 -1.353 -1.304 -1.388 -0.199 -1.032 -0.766 -0.507 -1.555 -1.662 0.73 4.168 -2.159 -1.681 0.255
147 Y -0.683 0.323 1.675 -0.128 -1.143 -1.143 -1.348 -1.399 0.688 -1.301 -0.695 -0.795 -0.922 1.001 -2.626 1.289 -0.62 -0.003 4.251 -1.332
148 S -0.394 -1.738 -0.805 0.288 -0.451 -1.691 -1.607 -1.046 -1.014 1.269 0.144 -1.422 -0.22 1.221 -2.516 1.186 1.541 -1.501 1.065 0.849
149 W -2.102 -1.223 3.754 -0.223 -2.069 -1.442 -1.623 -1.042 0.115 -2.24 -2.294 -1.271 -1.676 -0.11 -3.655 -1.294 -1.349 8.626 0.778 -2.378
150 D -1.235 -0.371 -0.432 2.748 -1.569 -0.475 1.02 -1.799 -0.811 -0.893 0.331 1.279 -0.622 -1.72 2.512 -1.369 -1.376 -2.869 -2.097 -1.269
151 G 0.504 -2.139 -0.745 -1.522 -0.963 -2.089 -2.291 4.538 -1.367 -1.967 -2.153 -1.629 -1.716 1.773 -2.702 0.341 -0.146 -1.849 -1.037 -1.774
152 Y -1.786 -1.751 -2.1 -2.996 -1.726 -1.758 -2.337 -2.906 2.131 -0.778 -0.884 -1.847 -0.656 3.374 -3.307 -2.411 -2.063 2.335 6.599 -0.953
153 S 1.09 -1.091 -0.215 1.749 -0.603 0.372 0.398 -0.822 -0.686 -1.352 -0.775 -0.633 -0.922 0.557 -2.097 2.008 -0.211 -2.287 -1.248 -1.15
154 N -0.656 -0.912 4.661 0.503 -1.382 -0.932 -1.11 2.389 0.221 -2.752 -3.153 -0.649 -2.156 -2.47 -2.493 0.971 -0.435 -2.899 -2.315 -2.441
155 L -1.508 -2.559 -3.191 -3.411 -0.41 -2.679 -3.362 -3.389 -1.739 3.413 2.526 -2.527 2.779 1.158 -3.657 -2.99 -1.428 -1.341 1.078 2.019
156 T -0.12 -1.1 -0.147 -1.022 0.114 -1.111 -1.386 -1.337 -1.421 -0.232 -1.065 -0.799 -0.54 -1.588 -1.695 0.697 4.268 -2.192 -1.714 0.222
157 D -1.785 -1.596 1.191 5.844 -2.38 -0.88 1.042 -1.131 -0.544 -2.733 -3.499 -0.837 -2.705 -2.927 -2.297 -0.96 -1.42 -3.539 -3.051 -2.872
158 L -1.548 -2.194 -3.37 -3.628 -0.158 -2.648 -3.313 -3.39 -2.321 1.997 4.05 -2.486 2.125 0.825 -3.612 -3.166 -1.588 -1.658 -1.064 1.098
159 L -1.606 -1.305 -2.137 -2.468 -0.967 1.608 -1.537 -2.707 -0.857 1.212 1.609 -1.292 3.575 3.718 -3.485 -2.3 -1.608 -0.894 0.546 0.249
160 W -0.086 -1.272 -1.329 -1.913 -1.06 0.94 -1.294 -1.662 1.875 -0.535 -1.381 -1.174 -0.833 -0.454 -3.078 0.02 -0.032 7.864 0.405 0.458
161 F 0.936 -1.213 1.875 -0.948 -1.085 -1.19 -0.271 -1.283 3.461 -0.73 -1.167 -0.596 -0.9 3.005 -2.781 -1.112 -1.36 -0.946 1.838 -0.181
162 Y -2.026 -2.329 -2.591 -3.283 -1.562 -2.485 -2.915 -3.169 1.086 1.115 -0.222 -2.416 -0.298 4.218 -3.742 -2.819 -2.154 1.495 5.968 -0.114
163 R -1.6 5.494 -0.612 -1.606 -2.395 0.383 -0.597 -2.18 -0.126 -2.715 -2.235 2.529 -1.402 -2.696 -2.713 -1.503 -1.576 -2.455 -1.953 -2.316
164 N -1.441 2.509 3.414 -0.306 -1.726 -0.545 -0.097 0.322 0.305 -1.202 -1.557 0.061 0.516 -0.792 -2.904 -1.146 -1.201 -1.557 1.451 -0.577
165 L 0.486 -1.886 1.218 -1.723 -0.415 -1.939 -2.232 -1.71 -0.902 1.694 0.899 -1.715 1.389 1.397 -2.957 -0.515 -0.859 -1.437 1.135 1.836
166 Y -1.787 -1.752 -2.1 -2.997 -1.726 -1.758 -2.338 -2.907 2.13 -0.778 -0.885 -1.848 -0.657 3.374 -3.308 -2.412 -2.064 2.334 6.601 -0.954
167 G 0.115 -2.332 -0.415 -1.298 -1.295 -2.17 -2.597 5.785 -1.451 -3.19 -3.435 -1.626 -2.642 -2.653 -2.754 -0.977 -1.894 -2.415 -3.123 -2.839
168 G 0.115 -2.332 -0.415 -1.298 -1.295 -2.17 -2.597 5.785 -1.451 -3.19 -3.435 -1.626 -2.642 -2.653 -2.754 -0.977 -1.894 -2.415 -3.123 -2.839
169 L -1.515 -2.161 -3.337 -3.595 -0.125 -2.615 -3.28 -3.357 -2.288 2.03 3.996 -2.453 2.158 0.858 -3.579 -3.133 -1.555 -1.625 -1.031 1.131
170 T 0.526 -1.732 -0.725 -1.48 -0.279 -1.688 -1.941 2.4 -1.668 0.52 -1.132 -1.318 -0.796 -1.704 -2.253 0.372 2.915 -2.475 -2.085 0.621
171 I -1.067 -2.956 -3.197 -3.198 -0.041 -3.062 -3.489 -3.36 -2.782 4.257 1.489 -2.625 1.146 0.054 -3.439 -2.878 -0.927 -2.255 -1.306 3.237
172 N 0.976 -0.942 4.075 2.992 -1.092 -0.815 -0.3 -0.237 0.177 -2.139 -2.662 -0.576 -1.912 -2.376 -2.219 -0.162 -0.677 -2.972 -2.217 -1.69
173 S 1.022 -0.658 0.664 -0.597 -0.385 0.532 -0.635 -0.51 -0.201 -1.94 -2.272 0.101 -1.256 -1.208 -1.849 2.978 0.356 -1.864 0.854 -1.395
174 Y -1.801 -1.806 -2.279 -2.501 -1.508 -1.594 -0.717 -3.049 1.27 -0.183 0.842 -1.79 1.27 2.514 -3.394 -2.503 -2.019 1.377 5.996 -0.594
175 A 1.581 -0.242 -0.352 -0.017 -0.661 2.269 1.992 -0.689 -0.082 -1.9 -2.094 0.249 -1.067 -2.357 -1.785 1.144 -0.331 -2.441 -1.72 -1.184
176 G -0.293 -1.471 2.19 -0.636 -1.201 -1.411 -1.68 3.612 0.23 -2.274 -2.541 -1.12 -1.815 -0.097 -2.58 0.553 -0.858 -0.807 2.556 -2.053
177 E -0.104 -0.044 0.857 0.171 -1.757 1.192 2.724 0.379 2.309 -1.877 -0.997 1.451 -1.157 -2.139 -2.285 -0.992 -1.385 -2.471 -1.525 -1.734
178 G 0.263 -1.956 0.426 2.658 -0.994 -1.689 -1.076 3.4 -1.311 -0.847 -2.071 -1.395 -1.619 -2.251 -2.567 -0.207 -0.057 -2.853 -2.592 0.284
179 E -0.91 -1.417 0.5 0.943 -0.899 -0.697 1.884 -2.092 -0.977 1.786 0.21 -0.905 -0.209 -1.231 -2.641 -0.551 0.085 -2.569 -1.831 1.552
180 A 3.855 -1.458 -1.636 -1.661 0.706 -1.294 -1.272 0.4 -1.185 -0.804 -1.295 -0.823 -0.848 -1.822 -1.449 0.481 -0.396 -2.414 -1.73 0.165
181 E 1.192 -1.292 0.005 -0.111 -0.628 -0.589 1.865 -1.459 -0.866 0.733 0.699 -0.784 1.162 -1.17 -2.423 -0.305 -0.94 -2.409 -1.753 0.593
182 G -0.281 0.291 0.848 -0.796 -0.767 -0.992 -0.257 2.268 -0.906 -0.151 -1.319 -0.654 0.64 -1.802 -2.366 1.0 1.571 -2.484 -2.082 -0.686
183 L -1.085 -2.602 -2.913 -3.24 -0.242 -2.875 -3.207 -3.134 -2.411 2.726 2.06 -2.59 0.945 2.416 -3.507 -2.468 -0.084 -1.632 -0.326 2.98
184 N -0.293 0.476 3.574 -0.016 -1.123 -0.897 -1.088 1.759 -0.165 -2.604 -2.931 -0.42 -1.956 -2.493 0.474 1.752 -0.255 -2.937 -2.272 -2.203
185 G 1.057 -1.915 -0.785 -1.421 -0.698 -1.807 -1.972 3.858 -1.535 -1.92 -2.45 -1.313 -1.834 -2.482 1.871 0.134 1.362 -2.787 -2.57 -1.404
186 L -0.932 -1.048 -1.844 -2.333 -0.508 -1.594 -2.045 -2.351 -1.67 1.536 2.272 0.535 1.787 0.478 -2.954 -0.48 0.029 1.962 -1.013 1.234
187 I -1.351 -2.682 -3.265 -3.388 -0.256 -2.767 -3.438 -3.414 -2.51 3.849 2.355 -2.565 2.794 0.143 -3.615 -2.973 -1.249 -2.128 -1.345 2.578
188 N -0.11 2.253 3.987 -0.006 -1.249 -0.61 -1.023 0.054 0.03 -2.148 -2.473 0.089 -1.665 -2.373 -2.439 0.407 0.995 -2.76 -2.105 -1.718
189 Q -1.338 -0.528 -1.395 -1.381 -1.292 3.274 0.509 -2.431 -0.194 1.294 0.814 -0.322 0.243 1.451 -2.941 -1.811 -1.406 -1.295 1.24 0.526
190 L -1.849 -2.412 -3.23 -3.582 -0.631 -2.801 -3.374 -3.284 -1.786 1.367 3.312 -2.686 2.882 3.899 -3.941 -3.108 -1.875 -0.832 0.562 0.532
191 L -0.592 -2.199 -2.1 -2.586 -0.13 -2.334 -2.697 -2.568 -2.304 2.676 2.119 -2.042 0.882 -0.297 -2.976 -0.917 1.45 -2.262 -1.511 2.331
192 K -1.206 3.748 -0.505 -1.135 -2.24 0.542 -0.108 -1.742 -0.311 -2.444 -2.351 4.248 -1.402 -2.876 -2.143 -1.212 -1.37 -2.626 -1.962 -2.226
193 I -1.615 -2.797 -3.038 -3.264 -0.521 -3.047 -3.473 -3.281 -2.126 3.593 1.886 -2.707 1.919 3.218 -3.719 -2.804 -0.639 -1.287 0.113 1.855
194 V -0.42 -2.307 -2.022 -2.522 3.276 -2.352 -2.631 -2.459 -2.483 2.588 0.338 -2.069 0.289 -0.85 -2.899 -0.634 1.409 -2.559 -1.659 3.351
195 D -0.267 -0.631 0.992 3.128 -1.537 -0.529 1.243 -1.47 -0.363 -1.325 -2.153 1.021 -1.594 -1.472 0.472 -0.936 -0.127 -2.177 0.572 -0.547
196 A 2.852 -1.998 -1.704 -2.011 0.111 -1.889 -1.989 1.733 -1.744 0.978 -0.764 -1.467 -0.579 -1.557 -2.238 0.076 -0.684 -2.595 -1.945 1.704
197 T 0.437 -1.691 -0.911 -1.585 3.195 -1.721 -1.84 -1.347 -1.384 0.449 -0.011 -1.388 -0.349 2.024 -2.362 1.393 2.131 -1.791 -0.582 -0.049
198 G 2.285 -2.093 -0.972 -1.602 -0.52 -1.947 -2.165 4.613 -1.552 -2.057 -2.497 -1.453 -1.903 -2.448 -2.344 -0.441 -0.2 -2.599 -2.642 -1.36
199 Y -2.095 -2.253 -2.58 -3.326 -1.645 -2.467 -2.881 -3.132 1.131 -0.295 0.389 -2.425 -0.231 4.551 -3.796 -2.823 -2.29 1.583 6.008 -0.774
200 V -0.97 -2.905 -3.286 -3.38 -0.087 -3.038 -3.439 -3.393 -2.952 3.957 1.534 -2.702 0.97 -0.18 -3.528 -2.86 -0.973 -2.413 -1.446 3.646
201 F 0.597 -2.204 -1.749 -2.286 3.052 -2.435 -2.374 -1.588 -0.731 -0.555 -0.496 -2.058 -0.517 4.996 -3.069 0.501 -1.097 -0.167 2.421 -0.754
202 L 1.242 -2.098 -1.725 -2.231 -0.289 -2.089 -2.475 2.195 -1.852 1.453 1.385 -1.752 1.395 -0.807 -2.702 -1.043 0.683 -2.27 -1.844 0.486
203 F -2.277 -2.541 -2.7 -3.364 -1.708 -2.965 -3.127 -3.077 0.618 -0.316 -0.156 -2.781 -0.323 5.721 -4.095 -2.939 -2.425 1.389 5.324 -0.878
204 I 0.133 -2.177 -1.713 -2.199 -0.095 -2.19 -2.46 -2.121 -2.164 3.26 0.442 -1.815 0.334 -0.73 -2.683 -0.342 2.019 -2.434 -1.643 2.251
205 F -1.92 -2.792 -2.949 -3.377 -0.99 -3.398 -3.545 -0.421 -1.589 1.335 2.305 -2.997 0.791 5.167 -4.108 -3.048 -2.127 -0.308 1.432 0.218
206 I -1.484 -2.648 -3.176 -3.284 -0.333 -2.6 -3.418 -3.382 -2.285 4.168 1.936 -2.461 3.653 0.156 -3.617 -2.935 -1.278 -2.062 -1.318 2.178
207 N -1.621 1.585 4.537 0.126 2.816 0.483 -0.973 -1.041 0.501 -1.914 -1.906 -0.129 0.404 -1.272 -2.879 -0.831 -0.987 -2.002 0.67 -1.878
208 N -1.778 -0.571 5.797 1.121 -2.061 -0.522 0.183 -0.43 0.753 -2.894 -3.295 -0.392 -2.308 -2.568 -2.709 -0.339 -0.682 -3.099 -2.235 -2.706
209 L -1.314 -0.15 -2.34 -2.898 -0.777 -2.164 -2.676 -2.815 -0.554 1.901 1.333 -1.732 1.561 3.069 -3.46 -1.353 -1.364 -0.278 3.146 1.496
210 L -1.435 -2.866 -3.318 -3.479 -0.385 -3.193 -3.552 -3.406 -2.414 3.42 2.25 -2.837 1.096 2.811 -3.77 -3.076 -1.399 -1.487 -0.129 2.585
211 I 0.702 -1.894 -1.308 0.284 3.111 -1.578 -0.394 -1.647 -0.701 2.033 -0.427 -1.439 -0.38 -0.055 -2.587 0.18 0.141 -1.285 2.077 0.607
212 K 0.19 1.667 -0.436 -1.102 -1.287 -0.047 -0.475 -1.277 2.272 -1.9 -2.123 3.16 -1.261 -1.312 -2.044 0.495 0.202 -1.76 1.026 -1.592
213 K -0.694 2.169 1.197 1.898 -1.624 -0.044 0.851 -0.791 2.15 -2.554 -2.694 1.861 -1.694 -2.486 -2.205 1.005 -0.719 -2.704 -1.685 -2.239
214 E -0.894 -0.097 -0.313 1.543 -2.386 1.372 4.434 -1.924 0.418 -2.739 -2.678 0.702 -1.728 -2.583 -1.856 -0.766 -1.276 -2.362 -1.883 -2.109
215 N -1.635 -0.39 5.589 1.307 -1.821 -0.502 -0.7 -0.129 0.994 -2.687 -3.126 -0.27 -2.136 -2.349 -2.562 -0.093 -0.426 -2.941 -2.043 -2.535
216 K -0.07 -0.108 -0.628 0.659 -1.174 -0.664 -0.788 -1.68 3.853 0.825 -1.05 1.822 -0.693 -0.59 -2.418 -1.161 0.006 -1.518 1.503 0.008
217 R -0.128 2.921 0.873 0.64 -1.722 0.851 -0.36 0.387 -0.374 -2.455 -2.505 2.464 -1.602 -2.783 0.478 -0.493 -1.184 -2.791 -2.146 -2.093
218 I -1.399 2.021 -1.702 -2.346 -1.006 0.009 -1.811 -2.606 -0.843 1.871 0.444 -0.539 0.038 1.38 -3.174 -1.764 0.59 3.684 1.321 0.97
219 L -1.523 -2.168 -3.344 -3.602 -0.132 -2.622 -3.288 -3.365 -2.296 2.023 4.008 -2.46 2.15 0.851 -3.586 -3.14 -1.563 -1.632 -1.038 1.124
220 R -1.141 4.259 -0.345 -1.094 -2.097 0.684 -0.073 -1.69 -0.049 -2.339 -2.114 3.484 -1.206 -2.616 -2.133 -1.114 -1.244 -2.369 -1.762 -2.061
221 V -0.216 -2.468 -2.911 -3.146 0.358 -2.569 -2.876 -2.937 -2.897 3.048 0.963 -2.37 0.85 -0.38 -3.153 -2.266 -0.433 -2.369 -1.267 4.076
222 L -0.796 -2.314 -3.12 -3.365 0.123 -2.596 -3.074 -3.143 -2.581 2.58 2.87 -2.415 1.573 0.3 -3.362 -2.67 -0.943 -1.977 -1.15 2.962
223 K -0.535 1.635 -0.539 -1.089 3.043 0.905 -0.377 -1.348 -0.552 -2.119 -2.23 3.032 -1.317 -2.141 -0.705 0.779 -0.725 3.661 -1.381 -1.84
224 K -0.848 3.242 -0.608 -1.26 -1.563 1.206 -0.398 -1.687 -0.394 -1.31 -1.689 2.835 -0.991 0.375 -2.371 0.149 -0.951 -2.176 -1.143 -0.572
225 N -1.79 0.507 3.947 2.711 -1.981 0.354 -0.485 -1.201 0.509 -0.674 -2.116 -0.472 -1.56 -0.63 -2.823 -1.007 -1.165 -1.492 2.007 -1.547
226 L -1.145 -2.224 -2.6 -2.975 3.108 -0.613 -2.637 -0.353 -1.503 2.093 1.884 -2.16 0.68 1.908 -3.49 -2.507 -1.434 -1.284 1.23 2.091
227 L -0.921 0.28 -1.915 -2.064 -0.794 -1.371 -0.655 -0.207 -1.088 1.509 2.21 -0.064 1.703 0.058 -3.048 -1.919 -0.302 -1.512 0.848 0.416
228 L -1.785 -1.992 -0.285 -2.778 -0.916 -2.167 -2.796 -2.962 0.138 0.843 2.794 -2.143 1.9 1.708 -3.574 -2.648 -1.785 0.22 4.306 0.144
229 L -0.312 -2.476 -3.207 -3.41 3.212 -2.681 -3.252 -2.882 -2.441 2.533 3.063 -2.479 2.173 0.117 -3.447 -2.561 -1.366 -2.111 -1.424 1.87
230 I -0.948 -2.984 -3.316 -3.355 -0.162 -3.113 -3.533 -3.379 -2.889 4.257 1.618 -2.719 1.022 -0.1 -3.547 -2.913 -1.076 -2.382 -1.452 3.275
231 P -1.286 -2.182 -0.098 -1.788 -1.319 -2.249 -2.129 -2.19 -1.587 0.103 0.257 -1.555 -0.822 0.57 5.6 -1.879 -1.524 -3.059 -1.489 -0.839
232 I -0.126 -2.79 -3.159 -3.261 -0.108 -2.932 -3.268 -2.924 -2.675 3.658 1.555 -2.575 0.884 0.826 -3.397 -2.52 -1.035 -2.172 -1.087 3.277
233 L 0.51 -2.502 -2.517 -2.869 -0.433 -2.654 -2.961 0.834 -1.863 1.979 1.352 -2.327 1.547 3.068 -3.299 -1.986 -1.412 -1.35 -0.009 1.716
234 L -1.648 -2.468 -3.435 -3.635 -0.33 -2.778 -3.48 -3.516 -2.449 2.814 3.759 -2.61 2.49 0.508 -3.734 -3.221 -1.603 -1.908 -1.265 1.397
235 F -0.89 -2.008 -1.371 -2.059 -0.986 -2.229 -2.221 -1.868 -0.299 -0.574 -0.517 -1.92 -0.49 5.089 -3.101 0.922 0.057 0.203 3.262 -0.891
236 I 0.578 -2.474 -2.576 -2.785 -0.175 -2.513 -2.84 -2.244 -2.115 3.377 1.287 -2.183 1.716 1.305 -3.108 -1.015 -0.952 -1.978 -0.884 2.289
237 L -0.256 -2.286 -2.591 -2.953 -0.407 -2.379 -2.849 -2.597 -1.088 2.657 2.2 -2.183 1.867 1.187 -3.27 -1.244 -1.21 -0.929 2.259 1.575
238 P -1.102 0.396 -1.012 -1.236 -1.8 2.597 -0.157 -1.872 -0.182 -1.775 -1.717 2.318 0.597 -1.593 3.506 -1.336 -1.362 -2.09 0.718 -1.733
239 T 0.569 -1.602 0.659 -1.26 3.219 -1.567 -1.746 0.461 -1.416 0.219 -1.082 -1.26 -0.717 -1.682 -2.285 1.1 2.165 -2.637 -1.973 1.425
240 L -1.224 -2.369 -2.611 -3.0 -0.325 -2.641 -3.051 -2.933 -2.223 2.636 3.009 -2.36 1.282 1.57 -3.388 -1.317 -0.119 -1.785 -0.802 1.615
241 L -1.647 -2.324 -3.133 -3.43 -0.48 -2.466 -3.256 -3.252 -1.862 2.429 2.965 -2.448 3.841 2.627 -3.759 -2.933 -1.599 -1.292 -0.19 1.126
242 G 0.407 0.374 -0.716 -1.465 -0.663 -1.294 -1.675 2.877 -1.312 -0.938 0.065 0.165 -0.71 -1.675 -2.383 0.516 1.448 -2.444 -2.136 -0.883
243 G 1.649 -2.051 -0.674 -1.39 -0.735 -1.886 -2.101 4.891 -1.43 -2.512 -2.873 -1.413 -2.132 -2.548 -2.422 0.519 -1.132 -2.634 -2.749 -1.88
244 G -0.184 -2.344 0.798 -1.214 -1.533 -2.217 -2.615 5.78 -1.392 -3.355 -3.616 -1.708 -2.806 -2.834 -2.943 -1.107 -1.964 -2.653 -3.234 -3.02
245 R -1.712 5.817 -0.64 -1.742 -2.437 0.34 -0.739 -2.306 -0.08 -2.79 -2.206 1.84 -1.402 -2.65 -2.882 -1.584 -1.632 -2.412 -1.95 -2.34
246 Q -0.854 -0.633 0.631 -1.154 -1.074 2.666 -0.563 0.184 -0.199 -0.455 -0.03 -0.439 -0.321 1.02 -2.647 -0.296 0.79 -1.424 1.103 -0.014
247 D -1.18 -0.924 1.259 3.668 -1.813 1.388 1.487 0.341 -0.425 -2.327 -2.778 -0.389 -1.881 -2.796 0.468 -0.751 0.655 -3.028 -2.442 -2.055
248 L -1.426 -2.768 -3.432 -3.537 -0.253 -3.04 -3.575 -3.536 -2.739 3.671 2.985 -2.727 1.443 0.247 -3.674 -3.16 -1.354 -2.147 -1.363 2.488
249 L -1.613 -2.4 -3.354 -3.573 -0.331 -2.632 -3.4 -3.451 -2.331 2.795 3.617 -2.525 3.052 0.482 -3.707 -3.126 -1.563 -1.881 -1.248 1.39
250 K 0.465 3.176 -0.776 -1.312 -1.662 1.729 -0.212 -1.447 -0.327 -2.184 -2.136 3.08 -1.223 -2.252 -2.3 -1.043 -1.319 3.513 -1.345 -1.779
251 L -1.701 -2.302 -3.354 -3.636 -0.443 -2.576 -3.327 -3.356 -2.186 2.016 3.711 -2.519 3.027 0.588 -3.816 -3.15 -1.702 3.609 -0.823 0.943
252 L -1.272 -2.642 -2.957 -3.277 -0.428 -2.875 -3.357 -0.441 -2.23 2.746 2.321 -2.625 1.95 2.466 -3.672 -2.804 -1.442 -1.541 -0.342 2.284
253 A 1.52 -1.98 -1.488 -1.929 3.263 -1.938 -2.016 -1.215 -1.661 1.752 -0.298 -1.581 -0.221 0.86 -2.471 1.173 -0.338 -2.233 -1.105 1.785
254 A 2.538 -1.773 -1.266 -1.737 -0.15 -1.695 -1.814 1.757 -1.244 -0.859 -1.005 -1.324 0.736 1.92 -2.232 0.683 0.223 -1.774 -0.659 -0.509
255 A 2.269 -1.931 -1.998 -2.329 3.256 -1.909 -2.123 -1.088 -1.151 0.25 0.822 -1.621 1.237 1.28 -2.493 -0.039 -0.585 -1.424 1.094 0.666
256 L -0.335 -2.576 -3.123 -3.327 -0.26 -2.79 -3.208 -2.893 -2.26 2.783 2.268 -2.543 1.913 2.35 -3.515 -2.571 -1.282 -1.602 -0.365 2.558
257 V -1.152 -2.933 -3.259 -3.4 -0.254 -3.161 -3.479 -3.353 -2.602 3.675 1.435 -2.8 0.868 2.292 -3.66 -2.917 -1.152 -1.756 -0.4 3.302
258 L -0.347 -1.593 -2.283 -2.617 -0.636 0.726 -1.86 -2.571 -0.397 2.304 1.044 -1.462 2.779 0.74 -3.179 -2.092 -1.297 -0.646 2.933 1.685
259 Y -0.264 -1.73 -1.416 -2.095 -0.635 -1.677 -2.069 -1.949 0.142 1.165 0.346 -1.542 1.502 1.187 -2.737 0.517 0.802 -0.002 4.111 0.198
260 Y -1.944 -1.87 -0.151 -2.613 0.469 -1.889 -2.426 -2.8 1.806 -1.077 -1.2 -1.939 -0.95 2.939 -3.455 -2.372 -2.108 1.903 6.746 -1.228
261 I -1.385 -2.921 -3.242 -3.332 -0.343 -2.978 -3.532 -3.477 -2.055 4.346 1.434 -2.658 1.863 0.354 -3.611 -3.015 -1.228 -1.678 0.811 2.769
262 L -1.464 -1.751 -2.411 -2.775 2.939 0.55 -2.127 -2.923 -1.257 1.852 2.729 -1.736 1.038 1.582 -3.371 -2.303 -0.403 -1.296 1.074 0.683
263 W -1.388 -1.292 -1.837 -1.894 2.74 1.547 -0.209 -2.268 -0.71 0.237 -0.245 -1.155 -0.468 0.502 -3.445 -1.15 -1.533 7.69 1.282 0.004
264 H -1.308 0.454 0.883 -0.852 -1.868 1.937 0.093 -1.729 5.417 -1.279 -1.603 2.145 0.633 -1.716 -2.522 -1.335 -1.474 -2.18 -0.216 -0.746
265 R -0.332 3.653 -0.792 -1.487 -1.734 2.525 -0.347 -1.835 0.459 -2.024 -1.851 0.836 -1.006 0.222 -2.657 -0.552 -1.293 -0.857 2.648 -1.701
266 K -1.107 2.131 -0.719 -1.229 -1.925 0.731 -0.318 0.08 -0.553 -0.597 -1.687 3.972 -1.071 0.215 -2.257 -1.322 -1.41 -2.258 -1.275 -1.381
267 N -0.848 0.18 2.884 -0.833 -0.818 -1.347 -1.679 -1.528 -0.131 0.454 -0.17 -0.958 -0.465 -0.193 -2.835 0.115 -0.036 -1.375 1.959 1.602
268 G -0.338 -2.132 1.617 -0.993 -1.587 -2.033 -2.368 5.396 -0.154 -3.263 -3.543 -1.564 -2.732 -2.804 -0.375 -1.077 -1.831 -2.743 -2.946 -2.966
269 W -2.666 -1.925 -3.032 -3.486 -2.49 -2.557 -2.768 -2.466 -1.246 -2.052 -1.867 -1.036 -1.457 0.801 -5.123 -3.286 -2.735 10.587 1.841 -2.393
270 N -1.106 2.201 3.647 2.362 -1.803 -0.497 -0.468 0.547 0.013 -2.743 -2.959 0.799 -2.026 -2.646 -2.51 0.397 -0.809 -2.948 -2.328 -2.483
271 Q -0.89 1.0 -0.1 -0.364 -1.919 4.91 1.384 -1.487 0.762 -2.248 -1.998 1.214 -0.411 -2.966 -2.159 -0.762 -0.983 -2.192 -1.293 -1.795
272 K -1.234 2.796 0.633 -1.132 -1.945 0.032 -0.546 0.1 -0.454 -1.694 -0.883 3.582 -1.015 0.282 -2.405 -1.322 -1.437 -2.227 -1.292 -1.816
273 V -0.752 -0.742 1.724 -1.036 -0.835 1.032 -1.026 -1.678 1.971 1.002 -0.787 0.128 -0.43 -0.814 -2.663 -0.065 0.182 -1.857 0.853 1.733
274 I -1.537 -1.586 -2.988 -3.181 -0.5 -2.501 -3.12 -3.348 -1.789 3.878 2.136 -1.117 1.948 0.408 -3.529 -2.936 -1.398 -1.594 0.817 2.014
275 S 0.574 -0.623 1.239 -0.384 -0.302 -0.674 -0.743 -0.45 -0.575 -1.952 -2.411 0.395 -1.36 -2.166 -1.751 3.292 1.34 -2.721 -1.954 -1.406
276 G -1.175 -1.551 -1.403 -2.161 -1.266 -1.825 -2.195 1.907 3.056 0.893 0.212 -0.551 0.968 1.992 -3.336 -1.116 -1.682 5.218 0.313 -0.396
277 K -1.061 2.373 -0.503 -0.99 -2.12 0.559 0.032 -1.604 -0.437 -1.679 -2.228 4.714 -1.318 -2.848 -1.956 -1.129 -1.286 -2.699 -1.956 -1.921
278 Y -1.772 -2.023 -0.252 -2.629 -1.325 -2.07 -2.624 -2.797 0.881 0.778 0.0 -2.082 1.941 3.438 -3.569 -2.426 -1.803 1.056 5.441 0.419
279 L -1.637 -2.743 -3.35 -3.472 -0.4 -2.955 -3.575 -3.489 -2.395 3.749 2.753 -2.69 2.423 1.585 -3.747 -3.163 -1.486 -1.779 -0.79 1.879
280 K -0.064 1.496 -0.753 -1.472 -1.104 -0.572 -1.055 0.168 2.42 -0.118 -1.058 2.065 0.705 0.535 -2.41 -0.308 0.641 -2.033 -0.778 -0.727
281 L -1.358 1.449 -1.522 -0.101 -1.138 -1.219 -1.558 -0.265 -1.422 2.183 0.866 1.414 0.084 -0.807 -3.057 -2.114 -1.481 3.352 -1.325 0.993
282 G 1.139 -2.279 -0.964 -1.672 -0.826 -2.164 -2.461 4.85 -1.648 -0.515 -0.981 -1.681 -1.388 -2.004 -2.697 -0.332 -1.447 -2.551 -2.641 -1.12
283 L -1.675 -2.739 -2.968 -3.298 -0.623 -3.173 -3.427 -3.197 -1.964 2.719 2.205 -2.794 0.94 4.131 -3.789 -2.732 -0.463 -0.884 0.698 1.525
284 L 0.553 -2.224 -2.327 -2.698 -0.187 -2.34 -2.637 -2.126 -1.921 2.031 1.699 -2.074 1.638 2.207 -3.037 -0.85 -0.006 -1.656 -0.434 2.096
285 G 0.428 -2.32 -1.483 -2.052 3.006 -2.283 -2.558 2.642 -1.952 2.12 0.245 -1.87 -0.221 -1.153 -2.81 -0.002 -0.198 -2.534 -2.066 1.073
286 L -0.584 -2.669 -3.221 -3.422 -0.443 -3.05 -3.373 -2.971 -2.128 2.648 2.718 -2.708 1.155 3.319 -3.676 -2.779 -1.58 -1.227 0.163 1.673
287 L 0.205 -2.58 -2.923 -2.974 -0.551 -2.828 -2.973 -2.433 -1.97 2.455 1.989 -2.338 0.671 2.975 1.508 -2.252 -1.539 -1.518 -0.084 0.951
288 I 0.384 -2.75 -2.936 -3.093 3.062 -2.9 -3.174 -2.477 -2.285 3.288 1.176 -2.498 0.882 2.202 -3.297 -2.128 -0.823 -1.778 -0.496 2.287
289 G 0.223 -2.551 -1.522 -2.174 -0.736 -2.53 -2.928 4.286 -2.046 1.286 0.484 -2.078 -0.405 -1.277 -3.083 -1.627 -1.584 -2.462 -2.306 1.011
290 I -0.615 -2.832 -3.17 -3.286 -0.471 -3.052 -3.443 -2.988 -2.125 3.679 1.836 -2.678 1.849 3.08 -3.645 -2.758 -1.484 -1.358 0.022 1.767
291 P -1.026 -2.401 -2.583 -2.432 -0.876 -2.48 -2.408 -2.543 -2.106 0.809 0.572 -1.843 -0.35 0.633 5.088 -2.13 -1.358 -2.88 -1.374 1.558
292 A 2.318 -1.791 -1.246 -1.755 -0.115 -1.738 -1.905 2.298 -1.533 -0.48 0.727 -1.347 -0.359 -1.359 -2.242 0.569 0.444 -2.435 -1.995 -0.343
293 F -2.515 -3.077 -3.041 -3.495 -1.555 -4.045 -3.663 -3.055 -1.009 0.096 0.384 -3.485 0.021 6.777 -4.629 -3.211 -2.551 0.671 2.75 -0.688
294 Y -2.075 -2.058 -2.41 -3.258 -1.941 -2.126 -2.644 -3.068 1.66 -0.956 -1.007 -2.185 -0.83 3.521 -3.679 -2.708 -2.325 4.462 6.679 -1.194
295 Y -1.854 -2.314 -2.554 -3.243 -1.351 -2.558 -2.997 -0.521 0.541 0.119 1.5 -2.448 0.21 4.041 -3.752 -2.773 -2.183 0.996 5.19 -0.478
296 L 0.932 -1.705 -1.159 -1.754 -0.254 -1.628 -1.952 1.37 -1.438 0.729 1.242 -1.386 2.099 -0.85 -2.495 1.095 0.302 -2.269 -1.749 0.075
297 L -1.261 -0.182 -1.729 -2.209 -0.762 -1.054 -1.609 -2.463 -1.515 0.727 2.735 2.071 1.772 -0.4 -2.785 -1.725 0.434 -2.139 -1.523 0.115
298 F -0.718 -1.199 2.537 -0.604 -1.511 -1.277 0.343 -1.611 -0.318 -0.979 -0.924 -0.233 -0.858 4.554 -3.08 -1.277 -0.402 -0.789 0.97 -1.248
299 L -1.508 -2.437 -3.381 -3.649 -0.33 -2.779 -3.392 -3.425 -2.377 2.11 3.644 -2.635 2.317 1.608 -3.748 -3.115 -1.565 -1.692 -0.78 1.843
300 L 1.248 -2.373 -2.804 -2.962 -0.009 -2.487 -2.785 -2.065 -2.35 2.616 2.252 -2.159 0.902 -0.287 -2.998 -1.449 -1.011 -2.309 -1.514 2.48
301 G -0.183 -0.433 -0.636 -1.532 -1.565 -2.121 -2.634 5.807 -1.543 -3.368 -3.541 -1.416 -2.746 -2.859 -2.969 -1.22 -2.082 -2.621 -3.234 -3.009
302 I -1.351 -3.075 -3.237 -3.155 -0.124 -3.183 -3.661 -3.453 -2.685 4.451 1.703 -2.653 1.297 0.244 -3.479 -3.05 -1.049 -2.159 -1.259 2.886
303 R -1.772 5.665 -0.76 -1.841 -2.389 0.179 -0.872 -2.364 -0.146 -2.511 -1.971 1.668 -1.305 0.087 -2.981 -1.679 -1.698 -2.102 -1.308 -2.22
304 S 0.623 -0.815 0.87 -0.533 -0.43 -0.73 0.208 0.102 -0.831 -1.024 -1.858 0.23 -1.149 -2.056 -1.961 2.004 2.084 -2.637 -1.985 -0.149
305 T 0.037 -1.195 -0.161 -0.997 -0.085 -1.154 -1.343 -1.166 -1.338 -0.757 -1.52 -0.85 -0.876 -1.861 -1.827 1.766 4.164 -2.466 -1.913 -0.277
306 T 0.395 -0.641 0.868 -0.61 -0.445 0.372 0.054 -1.082 -0.819 -1.169 -1.789 0.325 -1.043 -2.101 -1.913 1.294 3.237 -2.539 -1.923 -0.673
307 R -1.359 4.863 -0.655 0.223 -1.854 0.002 0.122 -2.166 -0.376 -1.383 -0.845 1.198 -0.971 -2.139 -2.793 -0.775 -1.342 -2.491 -1.954 -0.706
308 T -0.166 -1.272 1.046 1.545 -0.53 -1.14 -0.911 -0.224 -1.01 -1.388 -2.078 -0.844 -1.356 -2.187 0.389 1.674 2.994 -2.789 -2.166 -0.961
309 L -1.86 -2.68 -3.193 -3.489 -0.732 -3.054 -3.483 -3.277 -1.759 2.396 2.367 -2.828 2.524 4.437 -4.0 -3.098 -1.816 -0.686 0.906 1.096
310 F -2.308 -2.87 -2.834 -3.288 -1.348 -3.838 -3.456 -2.849 -0.802 0.303 0.591 -3.278 0.227 6.473 -4.422 -3.005 -2.345 0.878 2.957 -0.481
311 A 0.0 0.0 0.0 0.0 0.0 0.0 0.0 0.0 0.0 0.0 0.0 0.0 0.0 0.0 0.0 0.0 0.0 0.0 0.0 0.0
312 A 0.0 0.0 0.0 0.0 0.0 0.0 0.0 0.0 0.0 0.0 0.0 0.0 0.0 0.0 0.0 0.0 0.0 0.0 0.0 0.0
313 A 0.0 0.0 0.0 0.0 0.0 0.0 0.0 0.0 0.0 0.0 0.0 0.0 0.0 0.0 0.0 0.0 0.0 0.0 0.0 0.0
314 A 0.0 0.0 0.0 0.0 0.0 0.0 0.0 0.0 0.0 0.0 0.0 0.0 0.0 0.0 0.0 0.0 0.0 0.0 0.0 0.0
315 A 0.0 0.0 0.0 0.0 0.0 0.0 0.0 0.0 0.0 0.0 0.0 0.0 0.0 0.0 0.0 0.0 0.0 0.0 0.0 0.0
316 A 0.0 0.0 0.0 0.0 0.0 0.0 0.0 0.0 0.0 0.0 0.0 0.0 0.0 0.0 0.0 0.0 0.0 0.0 0.0 0.0
317 A 0.0 0.0 0.0 0.0 0.0 0.0 0.0 0.0 0.0 0.0 0.0 0.0 0.0 0.0 0.0 0.0 0.0 0.0 0.0 0.0
318 A 0.0 0.0 0.0 0.0 0.0 0.0 0.0 0.0 0.0 0.0 0.0 0.0 0.0 0.0 0.0 0.0 0.0 0.0 0.0 0.0
319 A 0.0 0.0 0.0 0.0 0.0 0.0 0.0 0.0 0.0 0.0 0.0 0.0 0.0 0.0 0.0 0.0 0.0 0.0 0.0 0.0
320 L -1.515 -2.16 -3.337 -3.594 -0.124 -2.614 -3.28 -3.357 -2.288 2.031 3.994 -2.452 2.158 0.859 -3.579 -3.132 -1.555 -1.625 -1.03 1.132
321 F -1.922 -2.836 -3.184 -3.494 -0.853 -3.335 -3.555 -3.25 -1.668 2.258 1.892 -3.003 1.696 5.077 -4.108 -3.129 -1.896 -0.396 1.367 1.19
322 E -1.011 -0.635 -0.066 3.152 -1.849 1.653 3.193 -1.722 -0.234 -1.711 -2.393 -0.018 -1.565 -2.594 -2.232 -0.281 -0.162 -2.796 -2.185 -0.823
323 Y -0.769 -1.606 -1.222 -2.038 -1.244 -1.541 -1.863 -1.919 1.324 -1.301 -1.478 -1.472 -1.025 2.275 -2.81 1.097 -0.923 1.267 6.004 -1.268
324 I 0.19 -2.744 -2.771 -2.909 -0.113 -2.779 -3.07 -2.597 -2.578 4.057 0.963 -2.369 0.704 -0.379 -3.195 -1.299 -0.861 -2.475 -1.548 3.038
325 S 1.045 -1.062 0.055 -0.692 -0.068 -0.932 -0.978 -0.526 -0.909 -1.515 -2.083 -0.631 -1.183 -2.037 -1.721 3.148 2.357 -2.641 -1.937 -0.928
326 T 0.009 1.223 0.859 1.427 -0.711 0.213 -0.792 -1.362 -0.878 -0.161 -1.509 -0.319 -0.974 -2.007 -2.206 0.288 2.849 -2.608 -2.015 -0.459
327 Y -2.007 -1.972 -2.32 -3.216 -1.946 -1.978 -2.558 -3.126 1.91 -0.998 -1.104 -2.067 -0.876 3.154 -3.527 -2.631 -2.284 2.114 7.027 -1.174
328 L 0.806 -2.387 -3.042 -3.169 -0.139 -2.531 -2.994 -2.362 -2.285 2.783 2.86 -2.259 2.012 0.028 -3.197 -2.129 -1.289 -2.127 -1.426 1.7
329 G 0.549 -2.359 -0.627 -1.458 -1.236 -2.196 -2.537 5.648 -1.579 -3.093 -3.383 -1.683 -2.597 -2.762 -2.775 -0.357 -1.704 -2.641 -3.127 -2.631
330 G 0.173 -2.055 -0.37 -1.209 -1.098 -1.89 -2.145 5.26 -1.381 -3.024 -3.328 -1.438 -2.414 -2.671 -2.588 1.061 -1.061 -2.661 -2.926 -2.578
331 S 0.463 -1.32 -0.161 -0.786 -0.524 -1.163 -1.137 1.532 -0.967 -2.32 -2.725 -0.766 -1.746 -2.457 2.723 2.928 0.204 -3.032 -2.255 -1.805
332 I -1.577 -3.054 -3.307 -3.341 -0.424 -3.104 -3.677 -3.572 -2.102 4.678 1.406 -2.723 1.849 0.371 -3.671 -3.149 -1.321 -1.72 0.716 2.438
333 Q -0.187 0.182 -0.761 -0.806 2.603 4.523 1.117 -1.739 0.028 -0.224 -1.434 0.447 -0.493 -2.45 -2.459 -1.083 -1.141 -2.475 -1.618 -0.149
334 L -1.807 -1.436 -1.272 -2.349 -1.107 -1.489 -1.937 -2.717 6.017 0.565 2.855 -1.797 0.898 0.018 -3.393 -2.554 -2.04 -1.757 0.258 -0.258
335 F -2.362 -2.943 -3.142 -3.563 -1.296 -3.786 -3.643 -3.158 -1.249 0.495 1.639 -3.325 0.481 6.273 -4.464 -3.248 -2.399 0.325 2.3 -0.322
336 N -1.13 -0.925 4.694 3.22 -1.674 -0.812 -0.336 -0.552 0.22 -2.742 -3.249 -0.612 -2.262 -2.606 -2.467 0.939 -0.497 -3.205 -2.411 -2.537
337 Q -1.253 0.134 -0.721 0.635 -1.63 3.826 1.482 -2.036 -0.097 -0.778 0.73 0.888 1.13 -1.668 -2.566 -1.372 -1.352 -2.318 -1.587 -1.038
338 Y -2.098 -2.151 -2.444 -3.269 -1.871 -2.27 -2.737 -3.115 1.543 -0.762 -0.764 -2.287 -0.689 4.275 -3.706 -2.734 -2.334 1.891 6.575 -1.079
339 I -1.131 -3.006 -3.343 -3.395 -0.165 -3.137 -3.559 -3.475 -2.947 4.251 1.562 -2.757 0.998 -0.129 -3.585 -2.976 -1.065 -2.41 -1.464 3.42
340 E -0.287 1.183 0.557 -0.335 -1.552 2.321 1.844 -1.678 -0.192 -0.138 -1.298 1.956 0.637 -2.124 -2.32 -0.997 -0.49 -2.488 -1.791 -0.858
341 N -1.386 -0.96 4.316 3.384 -2.029 -0.566 1.108 0.547 0.156 -2.888 -3.331 -0.545 -2.39 -2.724 -2.534 -0.06 -0.925 -3.155 -2.512 -2.694
342 P -0.867 -2.11 -1.899 -1.656 -1.528 -2.02 -1.737 -1.9 -1.715 -2.485 -2.916 -1.203 -2.504 -3.42 6.671 -0.765 -1.323 -4.568 -2.766 -2.293
343 I -0.711 -2.336 -2.115 -2.363 -0.371 -2.365 -2.519 -2.432 -2.221 2.86 0.897 -1.921 0.293 -0.812 2.397 -0.372 0.087 -2.74 -1.752 2.335
344 D -0.851 0.252 -0.426 1.836 -1.406 0.36 1.001 0.523 1.728 -1.449 -0.313 -0.482 -1.005 -1.939 1.552 0.085 -0.161 -2.732 -1.78 -1.533
345 A 2.485 -2.027 -2.276 -2.342 0.436 -1.966 -2.08 -0.881 -1.922 2.179 0.206 -1.559 0.196 -0.902 -2.246 -0.674 -0.539 -2.386 -1.518 2.494
346 K -0.812 2.108 -0.254 -0.708 -1.963 0.821 0.328 -1.328 -0.229 -2.109 -2.226 4.453 -1.209 -2.791 -1.673 -0.867 -1.068 -2.535 -1.774 -1.984
347 P 0.3 0.725 -1.769 -1.912 -0.828 -1.228 -1.472 -1.852 -1.53 0.291 -1.109 1.126 -0.879 -2.068 4.099 -1.426 -1.078 -3.174 -2.043 1.562
348 S 0.66 1.257 0.76 -0.791 2.92 -0.852 -0.161 1.129 -0.817 -1.897 -2.252 -0.322 -1.526 -2.358 0.407 1.349 1.01 -2.77 -2.207 -1.37
349 E -0.904 1.622 1.271 1.448 -1.535 -0.174 1.561 -1.57 -0.445 -0.308 -1.83 1.329 -1.301 -2.262 0.34 0.166 -0.903 -2.842 -2.1 -0.345
350 V -1.169 -1.993 -2.139 -2.355 -0.613 -1.821 -0.893 -2.928 3.055 2.126 1.298 -1.97 1.55 1.46 -3.359 -2.44 -1.336 -1.332 1.355 2.624
351 F -1.842 -2.654 -2.737 -3.117 -1.333 -3.119 -3.082 -2.661 -1.387 0.677 0.388 -2.749 -0.167 4.754 -0.36 -1.699 -1.913 6.974 1.689 0.183
352 G 0.406 -2.519 -0.804 -1.631 -1.343 -2.405 -2.758 5.634 -1.609 -2.818 -2.992 -1.866 -2.432 0.036 -2.95 -1.169 -2.019 -2.274 -2.192 -2.548
353 E 0.644 -0.551 0.803 1.479 -1.354 0.819 2.379 0.349 -0.067 -2.298 -2.526 0.541 -1.651 -1.645 -2.147 0.633 -0.857 -2.045 0.419 -1.792
354 E -1.113 -0.316 -0.533 1.324 -2.605 1.152 4.902 -2.144 0.198 -2.958 -2.897 0.482 -1.948 -2.802 -2.076 -0.985 -1.495 -2.582 -2.102 -2.328
355 T 0.314 -1.115 -0.014 -0.82 -0.096 -1.032 -1.152 -0.878 -1.115 -1.1 -1.786 -0.734 -1.019 -1.941 -1.779 2.562 3.499 -2.546 -1.924 -0.59
356 L -2.075 -2.687 -3.314 -3.669 -0.847 -3.337 -3.58 -3.331 -1.726 1.136 3.108 -3.025 1.2 4.942 -4.159 -3.293 -2.114 -0.42 1.251 0.275
357 V 0.089 -1.992 -1.783 -2.199 -0.401 -2.001 -2.17 -2.053 -1.151 0.877 0.066 -1.65 -0.278 -0.233 2.442 -0.511 1.282 -1.53 1.831 2.103
358 G 0.609 -1.994 0.518 -1.191 -1.126 -1.873 -1.987 4.241 -1.306 -2.702 -3.067 -1.338 -2.353 -2.797 2.904 0.233 -1.205 -3.042 -2.807 -2.258
359 I -1.115 -2.933 -3.342 -3.42 -0.155 -3.088 -3.519 -3.459 -2.924 4.049 1.831 -2.738 1.053 -0.097 -3.584 -2.963 -1.078 -2.377 -1.45 3.401
360 L -1.612 -1.484 -0.257 -2.479 -0.937 -1.789 -2.364 -2.774 1.979 1.296 2.232 -0.637 1.935 1.139 -3.381 -2.434 -1.638 -0.336 3.516 0.756
361 N -0.918 0.025 3.715 1.248 -1.493 0.654 0.422 -0.896 0.042 -2.232 -2.636 1.622 -1.669 -2.55 -2.238 0.576 0.869 -2.86 -2.108 -1.919
362 L -1.154 -2.528 -2.39 -2.811 -0.493 -2.692 -3.062 -0.497 -2.008 2.954 1.666 -2.378 1.642 2.666 -3.419 -1.321 -0.236 -1.521 -0.256 1.77
363 L -1.793 -2.434 -3.511 -3.788 -0.429 -2.919 -3.514 -3.531 -2.35 1.7 4.145 -2.733 1.818 2.031 -3.86 -3.342 -1.833 -1.531 -0.61 0.807
364 G -0.201 1.135 2.265 0.569 -1.627 -1.043 -1.261 2.62 3.28 -2.476 -2.641 -0.586 -1.861 -0.789 -2.755 -0.399 -1.377 -1.407 1.922 -2.251
365 K -0.264 2.089 1.122 0.735 -1.775 0.928 0.809 -1.372 -0.244 -2.166 -2.21 2.974 -1.402 0.049 -2.238 -0.328 -1.12 -2.362 -1.365 -1.943
366 L -1.609 -2.393 -3.398 -3.663 -0.354 -2.722 -3.404 -3.453 -2.339 2.141 3.813 -2.602 2.626 1.319 -3.76 -3.162 -1.635 -1.721 -0.919 1.418
367 G -0.306 -2.202 0.727 -0.606 -1.618 -2.05 -2.34 5.57 1.518 -3.327 -3.573 -1.659 -2.718 -2.703 -2.948 -1.164 -2.003 -2.61 -2.589 -3.049
368 L -1.927 -2.679 -3.36 -3.66 -0.69 -3.24 -3.579 -3.394 -1.952 1.877 3.222 -2.941 1.317 4.244 -4.037 -3.281 -1.938 -0.778 0.747 0.85
369 V -0.509 -1.906 -1.132 -0.01 -0.368 -1.833 -1.867 -0.096 -1.792 1.642 0.344 -1.554 1.096 -1.101 0.137 0.168 1.812 -2.546 -1.844 1.697
370 N -1.486 -0.988 4.085 3.192 -1.852 -0.61 1.06 -0.988 0.015 -2.437 -2.978 -0.567 -2.17 -2.659 0.193 -0.524 0.654 -3.173 -2.438 -2.21
371 I -1.351 -3.075 -3.237 -3.155 -0.124 -3.183 -3.661 -3.453 -2.685 4.451 1.703 -2.653 1.297 0.244 -3.479 -3.05 -1.049 -2.159 -1.259 2.886
372 A 3.855 -1.458 -1.636 -1.661 0.706 -1.294 -1.272 0.4 -1.185 -0.804 -1.295 -0.823 -0.848 -1.822 -1.449 0.481 -0.396 -2.414 -1.73 0.165
373 S 1.094 -0.715 0.523 -0.223 0.098 -0.544 -0.529 -0.08 -0.434 -1.885 -2.302 -0.259 -1.161 -1.917 -1.449 3.17 1.037 -2.523 -1.73 -1.266
374 F -2.308 -2.87 -2.834 -3.288 -1.348 -3.838 -3.456 -2.849 -0.802 0.303 0.591 -3.278 0.227 6.473 -4.422 -3.005 -2.345 0.878 2.957 -0.481
375 Y 0.254 -2.05 -2.14 -2.654 -1.025 -2.113 -2.379 -2.104 0.611 0.326 0.042 -1.902 -0.381 3.229 0.069 -0.998 -1.535 0.78 5.062 -0.352
376 N -0.529 0.858 3.124 -0.258 -1.04 0.336 -0.852 -0.954 1.975 -1.464 -2.192 -0.27 -1.373 -2.167 0.244 1.359 0.836 -2.758 -1.624 -0.635
377 S 0.06 1.477 1.481 -0.781 -0.769 -0.738 -0.192 -1.349 -0.738 0.661 -0.391 0.476 -0.605 -1.616 -2.347 0.746 1.406 -2.548 -1.879 -0.233
378 T -0.558 1.329 1.568 -0.885 -0.824 -0.875 -1.228 -1.351 -0.489 -0.294 -1.6 0.431 -1.065 -1.246 0.276 0.955 2.263 -2.007 0.486 -0.689
379 I -1.362 -3.086 -3.248 -3.166 -0.136 -3.195 -3.672 -3.465 -2.697 4.483 1.691 -2.664 1.286 0.232 -3.49 -3.062 -1.06 -2.17 -1.271 2.875
380 V -0.726 0.26 -1.707 -2.215 -0.717 -1.454 -1.847 -2.307 -0.587 1.634 -0.335 0.577 -0.234 0.228 0.048 -0.361 -0.879 -0.998 2.74 2.301
381 H -1.689 -0.618 2.932 -0.468 -2.263 0.45 -0.762 0.186 6.812 -2.712 -2.778 -0.765 -1.62 -0.93 -2.896 -1.288 -1.762 -1.553 1.731 -2.833
382 L -1.714 -2.171 -3.034 -3.501 -0.443 -2.48 -3.154 -3.383 1.217 1.638 4.051 -2.457 2.443 0.536 -3.714 -3.142 -1.774 -1.809 -0.967 0.763
383 E -1.113 -0.316 -0.533 1.324 -2.605 1.152 4.902 -2.144 0.198 -2.958 -2.897 0.482 -1.948 -2.802 -2.076 -0.985 -1.495 -2.582 -2.102 -2.328
384 F -2.361 -2.809 -3.015 -3.491 -1.455 -3.463 -3.466 -3.048 -0.812 0.183 0.825 -3.148 1.244 6.114 -4.459 -3.136 -2.408 3.835 3.03 -0.556
385 R -1.728 5.842 -0.656 -1.758 -2.453 0.323 -0.755 -2.322 -0.096 -2.806 -2.222 1.824 -1.418 -2.666 -2.898 -1.6 -1.648 -2.428 -1.966 -2.356
386 R -1.363 2.142 -1.059 -1.671 -1.534 2.061 -0.706 -2.217 1.95 -0.56 -0.388 0.722 -0.496 1.877 0.054 -1.49 -0.07 -1.309 1.261 -0.447
387 S 0.832 -0.843 0.345 -0.422 0.047 -0.704 -0.737 -0.348 -0.663 -1.521 -2.061 -0.415 -1.079 -1.902 -1.552 3.007 2.035 -2.508 -1.781 -0.952
388 P -0.072 -1.543 -0.899 -1.074 -0.871 -1.422 -1.239 -1.165 -1.191 -2.194 -2.621 -0.799 -1.957 -2.812 5.595 1.083 -0.351 -3.737 -2.33 -1.86
389 L -1.533 -1.815 1.728 -1.784 -0.557 -2.099 -2.55 -2.376 -1.45 1.1 3.377 -1.89 1.219 0.007 -3.279 -1.818 0.458 -2.116 -1.493 0.382
390 N -1.635 -0.39 5.589 1.307 -1.821 -0.502 -0.7 -0.129 0.994 -2.687 -3.126 -0.27 -2.136 -2.349 -2.562 -0.093 -0.426 -2.941 -2.043 -2.535
391 G -0.119 -2.381 -0.645 -1.516 -1.429 -2.23 -2.618 5.629 -1.193 -3.089 -3.331 -1.751 -2.576 -1.78 -2.903 -0.502 -1.822 -1.969 0.058 -2.776
392 I -1.154 -2.977 -3.258 -3.359 -0.243 -3.074 -3.495 -3.451 -2.27 4.219 1.138 -2.716 0.841 0.185 -3.571 -2.938 -1.093 -1.826 0.701 3.363
393 T -0.339 -1.576 -0.728 -1.537 -0.452 -1.508 -1.905 1.925 -1.086 -0.431 -0.129 -1.28 1.725 -0.764 -2.382 0.582 2.84 -1.711 0.504 -0.387
394 L -1.322 -1.481 -2.379 -2.329 -0.706 -0.251 -0.774 -2.986 -0.934 2.683 1.712 -0.463 1.945 0.42 -3.252 -2.435 -1.365 -1.179 1.936 1.914
395 G 0.173 -2.055 -0.37 -1.209 -1.098 -1.89 -2.145 5.26 -1.381 -3.024 -3.328 -1.438 -2.414 -2.671 -2.588 1.061 -1.061 -2.661 -2.926 -2.578
396 N -1.854 -0.609 6.016 1.087 -2.041 -0.721 -0.92 -0.349 0.774 -2.907 -3.346 -0.49 -2.356 -2.569 -2.782 -0.312 -0.646 -3.161 -2.263 -2.755
397 V -0.674 -2.822 -3.203 -3.363 0.031 -2.925 -3.267 -3.272 -3.057 3.537 0.952 -2.652 0.754 -0.426 -3.445 -2.657 -0.789 -2.53 -1.479 4.213
398 Y -2.007 -1.972 -2.32 -3.216 -1.946 -1.978 -2.558 -3.126 1.91 -0.998 -1.104 -2.067 -0.876 3.154 -3.527 -2.631 -2.284 2.114 7.027 -1.174
399 T -0.034 -1.281 -0.22 -1.066 -0.154 -1.245 -1.459 0.297 -1.407 -0.798 -1.562 -0.929 -0.938 -1.898 -1.897 1.442 4.128 -2.46 -1.982 -0.327
400 F 1.517 -2.571 -2.624 -2.896 -0.758 -3.002 -2.803 -1.622 -1.137 -0.22 -0.098 -2.488 -0.288 5.774 -3.354 -1.638 -1.805 -0.032 1.903 -0.484
401 F -2.369 -2.97 -3.054 -3.499 -1.405 -3.744 -3.593 -3.136 -0.868 0.862 0.869 -3.287 0.205 6.304 -4.434 -3.195 -2.393 0.552 3.061 -0.235
402 R -1.728 5.842 -0.656 -1.758 -2.453 0.323 -0.755 -2.322 -0.096 -2.806 -2.222 1.824 -1.418 -2.666 -2.898 -1.6 -1.648 -2.428 -1.966 -2.356
403 R -1.616 5.672 -0.635 -1.72 -2.231 0.245 -0.8 -2.265 -0.17 -2.583 -2.151 1.71 -1.37 -2.602 -2.823 -1.412 -0.453 -2.425 -1.962 -2.132
404 P -1.302 -2.132 -2.187 -2.14 -1.74 -2.08 -2.028 -2.343 -0.076 -1.948 -2.235 -1.488 -1.942 0.364 5.802 -1.919 -1.754 -0.705 3.872 -1.932
405 L -1.926 -2.306 -2.923 -3.484 -1.134 -2.501 -3.057 -3.27 0.271 1.519 2.105 -2.441 0.586 1.986 -3.796 -3.022 -2.012 4.844 4.913 0.307
406 H -1.512 -0.369 1.915 -0.645 -2.191 1.337 -0.406 -1.503 7.32 -2.754 -2.751 -0.538 -1.423 -1.468 -2.746 -0.604 -1.656 -1.948 0.777 -2.847
407 D -1.971 -1.782 1.005 6.101 -2.567 -1.066 0.856 -1.318 -0.73 -2.92 -3.686 -1.024 -2.892 -3.114 -2.484 -1.146 -1.607 -3.725 -3.238 -3.059
408 F -1.128 -2.898 -2.913 -3.357 -1.408 -3.644 -3.401 -2.719 -0.741 -0.034 0.207 -3.161 -0.098 6.476 -4.259 -2.794 -2.379 0.653 3.174 -0.684
409 G -0.105 -2.552 -0.634 -1.517 -1.514 -2.39 -2.816 5.983 -1.671 -3.41 -3.655 -1.845 -2.861 -2.873 -2.974 -1.197 -2.114 -2.634 -3.342 -3.059
410 L -1.538 -2.49 -3.275 -3.484 -0.521 -2.791 -3.264 -3.311 -1.897 2.263 3.162 -2.55 1.26 0.576 -0.233 -3.047 -1.61 3.338 0.92 1.689
411 V -0.175 -2.443 -2.674 -2.559 -0.325 -2.354 -1.227 -0.473 -2.203 2.597 1.661 -2.214 0.663 1.467 -3.308 -2.288 -1.197 -1.968 -0.858 2.857
412 G -0.111 -2.554 -0.669 -1.546 -1.468 -2.397 -2.822 5.925 -1.694 -2.98 -3.446 -1.859 -2.722 -2.801 -2.981 -1.218 -2.074 -2.633 -3.288 -2.36
413 M -1.112 -1.842 -2.703 -3.093 -0.259 -1.583 -2.711 -2.893 -1.532 2.105 1.724 -1.867 5.735 0.114 -3.439 -2.316 -1.121 -1.725 -1.133 2.092
414 Y -1.357 -2.457 -2.669 -3.339 6.045 -2.498 -3.021 -2.946 0.621 0.677 -0.601 -2.446 -0.563 1.94 -3.485 -2.435 -1.761 0.812 5.456 0.861
415 L -0.328 -2.715 -2.966 -3.186 -0.294 -2.888 -3.296 -0.542 -2.452 3.286 2.078 -2.546 1.255 1.259 -3.465 -2.543 -1.292 -1.987 -0.977 2.523
416 F -2.087 -2.784 -3.05 -3.483 2.682 -3.342 -3.511 -3.039 -1.291 0.503 1.406 -3.075 2.19 5.839 -4.262 -2.99 -2.187 0.065 1.95 -0.222
417 V 0.356 -1.164 -1.2 -1.632 -0.31 1.496 -1.073 -1.69 -1.297 0.983 -0.59 -0.863 -0.248 -1.558 0.195 0.464 0.967 -2.64 -1.702 2.487
418 F 0.971 -2.184 -1.958 -2.42 -0.546 -2.298 -2.454 0.051 -1.034 0.81 0.547 -1.983 1.119 3.851 -3.014 -0.168 -1.154 -0.698 1.75 0.541
419 L 1.128 -2.571 -2.913 -3.099 4.423 -2.784 -3.004 -2.03 -2.087 1.913 1.825 -2.404 0.558 2.591 -3.175 -1.84 -1.364 -1.625 -0.333 1.342
420 V -0.821 -2.68 -2.93 -3.241 2.992 -2.861 -3.202 -3.071 -2.711 2.827 1.461 -2.59 0.72 1.102 -3.407 -2.347 -0.051 -2.14 -0.994 3.495
421 G 2.418 -1.878 -1.057 -1.587 -0.243 -1.752 -1.883 3.254 -1.454 -0.249 -0.743 -1.32 -1.012 -1.829 -2.235 0.905 -0.732 -2.582 -2.226 -0.533
422 L 0.53 -2.528 -3.039 -3.264 2.928 -2.784 -3.057 -2.371 -2.174 1.771 2.144 -2.486 0.734 2.198 -3.393 -2.183 -1.372 3.316 -0.241 2.017
423 F -2.107 -2.959 -3.193 -3.533 -1.1 -3.618 -3.607 -3.179 -1.521 1.81 1.366 -3.191 0.472 5.533 -4.326 -3.213 -2.101 3.655 1.836 0.857
424 F -2.33 -2.733 -2.87 -3.418 -1.541 -3.298 -3.353 -3.06 -0.205 0.018 0.283 -3.029 1.114 6.185 -4.313 -3.032 -2.409 0.907 4.086 -0.661
425 A 2.667 -1.27 1.51 -0.851 -0.17 -1.154 -1.228 0.904 1.725 -1.625 -2.093 -0.852 -1.371 -2.079 -1.94 1.514 0.446 -2.631 -1.658 -0.901
426 L -0.774 -2.542 -2.79 -3.23 -1.064 -2.764 -3.104 -1.065 -0.383 2.037 1.018 -2.528 0.186 3.197 -3.751 -2.642 -1.913 5.265 3.837 0.502
427 L -1.515 -2.148 -2.341 -2.974 -1.077 -2.281 -2.799 -0.475 -0.072 0.3 1.711 -2.223 2.16 3.196 -3.612 -1.485 -1.755 3.757 4.068 -0.296
428 Y -1.846 -1.811 -2.159 -3.055 -1.785 -1.817 -2.397 -2.965 2.071 -0.837 -0.943 -1.906 -0.715 3.315 -3.366 -2.47 -2.123 2.275 6.724 -1.013
429 Y -2.037 -2.03 -2.361 -3.234 -1.921 -2.072 -2.616 -3.123 1.793 -0.917 -0.986 -2.139 -0.813 3.578 -3.586 -2.665 -2.3 2.042 6.884 -1.142
430 L 0.494 1.274 0.376 -1.003 -1.012 -0.725 0.493 1.167 1.7 -0.502 0.6 0.357 -0.435 -1.423 -2.608 -0.519 -1.21 -2.407 -1.565 -0.143
431 K -0.691 1.748 0.652 -0.964 -1.39 0.039 -0.413 -1.481 -0.613 -0.731 -1.708 3.739 -1.04 -2.341 -2.141 0.123 -0.805 -2.722 -1.913 0.384
432 I -1.499 -3.019 -3.41 -3.459 -0.348 -3.251 -3.697 -3.553 -2.689 4.212 2.175 -2.836 1.163 1.405 -3.729 -3.185 -1.346 -1.983 -0.9 2.593
433 R -1.397 4.704 -0.57 -1.359 -2.327 0.454 -0.34 -1.952 -0.24 -2.582 -2.313 3.596 -1.418 -2.808 -2.409 -1.359 -1.479 -2.562 -1.974 -2.284
434 G -0.851 0.966 -1.074 -1.815 -1.143 -0.968 -1.468 1.293 1.822 -0.199 0.189 1.513 -0.467 -0.309 -2.713 -0.733 -0.271 -1.292 1.919 0.461
435 K -0.211 0.67 0.477 -1.017 -1.479 -0.291 0.111 -1.545 0.78 -1.433 -1.423 2.689 0.5 1.21 -2.38 -0.152 -1.126 -0.839 2.686 -1.424
436 S -0.618 1.118 0.764 0.487 2.665 1.538 -0.521 0.21 -0.529 -1.162 -1.828 1.15 -1.13 0.177 -2.406 0.696 0.351 -2.339 -1.38 -1.042
437 L 0.708 0.32 1.246 0.253 -0.782 0.022 -1.183 -1.482 -0.658 0.057 0.272 0.116 -0.403 -0.88 0.142 -1.055 -0.112 -2.003 0.528 0.881
438 N -0.871 -1.28 3.809 -0.17 -0.562 -1.388 -1.622 -1.239 -0.375 1.388 -0.441 -1.167 -0.304 -1.232 -2.876 -1.014 -0.462 -2.673 -1.662 2.422
439 N -0.383 -0.864 2.933 -0.393 -0.824 -1.057 -1.278 1.354 -0.539 -1.178 -0.158 0.117 -0.86 -1.725 -2.356 1.403 1.073 -2.64 -2.05 -1.193
440 F -1.511 -0.069 2.083 0.445 -1.665 -0.042 -1.187 -1.004 1.992 -0.303 -1.193 -0.022 -0.958 3.302 -0.014 -0.756 -1.384 -1.026 1.628 -1.196
441 K -0.968 1.812 1.004 -1.011 -1.533 -0.072 -0.553 -1.088 1.817 -0.783 -0.774 3.412 -0.843 -2.013 -2.323 -0.539 -1.08 -2.585 -1.528 -0.008
442 L -0.644 -0.872 -0.736 -1.505 -0.707 0.079 -1.257 -1.685 2.974 -0.307 1.157 -0.044 -0.004 -0.824 -2.52 0.794 1.636 3.237 -0.689 -0.545
443 D -0.26 0.147 1.989 4.06 -1.405 -0.942 -0.094 -1.091 1.813 -1.588 -2.472 -0.665 -1.783 -2.347 -2.4 0.327 0.013 -3.024 -1.998 -0.817
444 F -1.293 -0.368 -2.172 -2.781 -0.977 -2.222 -2.696 -0.473 -0.258 1.899 0.153 -1.794 1.135 3.319 -3.461 -1.386 -1.474 0.007 3.738 1.297
445 W -0.299 1.187 1.456 -1.215 -1.416 -1.011 -1.364 -1.398 4.061 -1.723 -1.007 -0.646 -1.091 -0.385 -2.922 0.441 -1.105 6.13 1.507 -1.745
446 L -0.834 -2.05 -1.661 -2.276 -0.159 -2.155 -2.521 -2.474 -2.221 2.606 1.539 -1.839 0.588 -0.558 -2.743 -0.971 2.8 -2.295 -1.609 1.916
447 I -1.504 -2.87 -3.394 -3.452 -0.312 -3.028 -3.628 -3.55 -2.671 4.173 2.489 -2.711 2.08 0.173 -3.684 -3.156 -1.341 -2.187 -1.39 2.411
448 V -0.129 -0.524 -2.919 -3.182 2.978 -2.538 -3.007 -2.829 -2.555 3.092 1.449 -1.99 0.701 -0.473 -3.321 -2.356 -1.024 -2.466 -1.58 3.251
449 Y -1.989 -1.996 -2.383 -3.25 -1.815 -2.025 -2.608 -3.152 1.765 -0.715 -0.242 -2.102 -0.593 3.047 -3.544 -2.672 -2.249 1.976 6.852 -0.989
450 S 2.083 -1.391 -0.303 -0.956 -0.184 -1.223 -1.264 2.539 -1.02 -1.998 -2.418 -0.858 -1.544 -2.251 -1.897 2.607 0.06 -2.693 -2.19 -1.283
451 Y 0.757 -1.857 -1.991 -2.668 -1.176 -1.824 -2.201 -1.944 1.344 -1.033 -1.208 -1.746 -0.919 2.664 -2.955 -0.86 -1.605 1.432 6.178 -0.936
452 L -1.553 -2.616 -2.888 -3.257 -0.648 -3.063 -3.286 -3.029 -1.842 2.041 2.56 -2.735 1.0 4.264 -3.804 -1.744 -1.572 -0.822 0.77 1.302
453 F -1.678 -2.441 -2.373 -2.97 -1.113 -2.839 -2.96 -2.752 -0.388 0.511 0.996 -2.559 0.151 5.218 -3.724 -1.406 -0.597 0.433 3.708 0.129
454 Y -2.037 -2.03 -2.361 -3.234 -1.921 -2.072 -2.616 -3.123 1.793 -0.917 -0.986 -2.139 -0.813 3.578 -3.586 -2.665 -2.3 2.042 6.884 -1.142
455 W -2.116 -2.407 -2.755 -3.194 2.479 -2.659 -2.778 -2.464 1.46 -1.352 -1.709 -2.535 -1.383 0.302 1.173 -2.911 -2.37 9.725 1.308 -0.909
456 I -1.45 -3.081 -3.434 -3.431 -0.289 -3.247 -3.733 -3.601 -2.866 4.516 2.041 -2.813 1.174 0.062 -3.676 -3.188 -1.262 -2.317 -1.446 2.764
457 F -1.783 -2.915 -3.061 -3.28 -0.906 -3.324 -3.424 -3.13 -1.671 2.576 0.76 -2.892 1.412 5.028 -0.312 -2.954 -1.775 -0.508 1.325 1.523
458 L -1.213 -2.15 -2.446 -2.948 2.856 -2.342 -2.85 -2.665 -1.367 1.009 2.934 -2.227 2.562 2.469 -3.429 -0.688 -1.314 -1.06 1.234 0.315
459 S 1.224 -0.877 0.97 -0.661 -0.336 0.297 -0.793 -0.56 1.816 -1.534 -1.755 -0.538 0.48 -1.874 -1.937 2.657 0.827 -2.533 -1.493 -1.112
460 S 0.953 -1.277 -0.201 -0.831 -0.36 -1.147 -1.107 0.418 -0.885 -1.922 -2.243 -0.78 -1.428 0.218 1.696 3.032 0.288 -2.515 -1.415 -1.465
461 I -1.603 -3.139 -3.365 -3.359 -0.409 -3.244 -3.764 -3.568 -2.606 4.69 1.456 -2.813 1.874 1.373 -3.732 -3.189 -1.333 -2.004 -0.911 2.448
462 D -1.415 -1.15 0.92 3.627 -1.924 -0.091 3.033 -1.89 -0.448 0.434 -1.694 -0.453 -1.366 -2.154 -2.487 -1.273 -1.38 -2.913 -2.293 -0.155
463 Q -1.375 0.134 1.192 3.353 -2.237 4.307 0.996 -1.458 0.241 -2.606 -2.645 0.439 -1.241 -3.101 -2.414 -0.964 -1.262 -2.785 -1.974 -2.324
464 V 0.479 -1.495 -0.746 -1.364 0.198 -1.417 -1.505 -1.204 -1.445 1.497 -0.261 -1.16 -0.016 -1.08 -2.212 1.688 0.36 -2.478 -1.522 2.56
465 Y -1.911 -0.299 -2.365 -3.166 2.547 -2.095 -2.661 -3.039 1.217 0.099 -0.699 -1.813 -0.637 3.602 -3.602 -2.602 -2.145 1.464 6.094 -0.675
466 S 0.172 -1.366 -0.369 -1.104 -0.531 -1.316 -1.332 -0.948 -0.249 -1.376 -1.522 -1.045 -0.99 2.842 -2.247 2.831 0.345 -0.783 2.355 -1.245
467 F -2.323 -2.885 -2.849 -3.303 -1.363 -3.853 -3.471 -2.863 -0.817 0.288 0.576 -3.293 0.213 6.496 -4.437 -3.019 -2.359 0.863 2.942 -0.496
468 I -1.085 -1.897 -2.197 -2.594 -0.596 -2.245 -2.591 -2.553 -1.627 2.799 0.741 -0.781 2.193 3.419 -3.321 -0.604 -1.065 -1.248 0.249 1.798
469 G 1.07 -1.322 2.538 -0.559 -0.544 -1.288 -1.472 2.206 -0.77 -1.584 -2.188 -0.946 -1.5 -2.212 -2.174 0.842 2.253 -2.67 -2.219 -1.056
470 I -1.405 0.005 -2.133 -2.653 -0.741 -1.653 -2.399 -2.792 -0.808 2.637 0.841 -0.353 3.462 1.614 -3.224 -2.015 0.164 -0.892 2.118 1.052
471 I -1.242 -3.028 -3.336 -3.404 -0.253 -3.205 -3.591 -3.465 -2.773 4.166 1.539 -2.807 0.963 1.287 -3.653 -3.018 -1.162 -2.079 -0.924 3.203
472 S 0.75 -0.977 0.23 -0.528 -0.116 -0.826 -0.84 -0.428 -0.758 -1.832 -2.33 -0.538 -1.291 -2.09 -1.695 3.591 1.715 -2.695 -1.944 -1.246
473 L -0.278 -2.65 -3.246 -3.383 -0.116 -2.852 -3.277 -3.023 -2.713 3.245 2.547 -2.56 1.179 -0.026 -3.442 -2.636 -1.148 -2.266 -1.427 3.007
474 G -0.735 -2.092 1.356 -1.339 -1.532 -2.123 -2.403 4.175 -0.309 -1.986 -2.039 -1.758 -1.709 2.557 -3.132 -0.669 -1.683 -0.706 2.5 -2.082
475 T 0.06 -1.594 -0.977 -1.78 2.916 -1.616 -1.94 -1.755 -0.618 -0.37 -0.334 -1.361 -0.537 0.099 -2.292 -0.172 3.58 -0.864 2.711 -0.132
476 L -0.338 -2.566 -2.997 -3.274 -0.285 -2.825 -3.243 -0.539 -2.422 2.499 2.789 -2.531 1.137 1.341 -3.484 -2.565 -1.38 -1.903 -0.944 2.305
477 I -1.13 -2.53 -2.732 -3.048 -0.202 -2.648 -3.157 -3.124 -2.529 3.514 2.099 -2.382 1.884 -0.103 -3.336 -2.246 0.586 -2.237 -1.448 2.659
478 F -0.271 -1.222 0.356 -0.95 -1.041 0.921 0.551 -0.001 -0.705 0.026 -0.911 -0.906 -0.662 3.171 -2.679 -0.85 1.585 -1.342 0.078 -0.53
479 L -1.497 -2.89 -3.417 -3.512 -0.34 -3.167 -3.637 -3.532 -2.643 3.845 2.61 -2.806 1.277 1.452 -3.736 -3.18 -1.395 -1.922 -0.876 2.465
480 I 0.492 -2.734 -2.848 -3.011 -0.116 -2.793 -3.117 -0.38 -2.617 3.577 1.171 -2.402 0.65 -0.455 -3.211 -2.16 -1.03 -2.454 -1.607 3.086
481 L -1.528 -2.714 -3.454 -3.576 -0.301 -2.995 -3.582 -3.557 -2.669 3.545 3.221 -2.716 1.777 0.311 -3.713 -3.209 -1.448 -2.095 -1.353 2.167
482 L -0.552 -2.635 -3.111 -3.365 -0.479 -2.956 -3.276 -2.891 -1.961 2.319 2.14 -2.679 1.778 3.84 -3.691 -2.662 -1.522 -1.025 0.503 2.003
483 Y -1.467 -1.149 -1.96 -2.641 -1.387 -1.612 -2.08 -2.652 0.899 -0.149 0.468 0.307 -0.254 2.776 -3.188 -1.308 -1.666 0.997 5.53 -0.008
484 L -1.503 -2.742 -3.37 -3.615 3.478 -3.138 -3.577 -3.336 -2.396 2.495 2.966 -2.854 1.23 2.622 -3.798 -3.046 -1.596 -1.529 -0.306 1.805
485 L -0.893 -2.201 -2.642 -2.618 2.926 -2.02 -1.196 -0.558 -2.113 1.794 2.08 -2.088 2.966 -0.307 -3.354 -2.351 -1.193 -2.201 -1.522 2.677
486 Y 0.971 -1.97 -1.788 -2.382 -0.779 -1.994 -2.233 0.052 0.307 -0.34 -0.179 -1.777 -0.529 2.908 -2.875 -0.122 -1.232 0.389 4.563 0.057
487 F -1.871 -1.511 -1.774 -0.337 -1.478 -0.409 -1.788 -2.653 1.94 1.486 0.249 -0.579 -0.17 3.006 -3.515 -2.402 -1.436 5.215 3.327 -0.004
488 F -1.973 -2.881 -3.081 -3.465 -1.043 -3.481 -3.514 -3.123 -1.399 1.376 1.074 -3.123 1.426 5.835 -4.246 -3.058 -2.016 0.035 1.959 1.126
489 L -1.506 -2.376 -2.936 -3.407 -0.715 -2.525 -3.085 -3.274 -0.285 2.083 1.971 -2.446 1.663 2.34 -3.636 -2.846 -1.604 0.083 4.087 1.877
490 W -1.188 -2.353 -2.273 -2.771 -0.841 -2.576 -2.736 -2.386 -1.693 1.559 0.358 -2.329 -0.068 2.274 -3.649 -0.57 -0.236 7.526 0.68 1.516
491 K -1.08 1.252 2.042 0.68 3.288 1.364 -0.334 0.936 1.946 -2.448 -2.581 2.465 -1.615 -2.661 -2.45 -0.805 -1.28 -2.748 -1.796 -2.236
492 V -0.241 -2.494 -2.937 -3.172 0.332 -2.595 -2.901 -2.963 -2.923 3.022 0.938 -2.396 0.824 -0.406 -3.179 -2.292 -0.459 -2.395 -1.293 4.145
493 Q -0.89 1.0 -0.1 -0.364 -1.919 4.91 1.384 -1.487 0.762 -2.248 -1.998 1.214 -0.411 -2.966 -2.159 -0.762 -0.983 -2.192 -1.293 -1.795
494 F -1.328 -1.307 0.006 -0.112 -0.86 -1.824 -1.91 -2.368 -1.318 1.706 0.386 0.273 1.369 3.324 -3.168 -1.817 0.048 -1.342 0.164 1.625
495 G -0.321 0.663 -0.342 -0.996 -1.619 -0.309 -0.785 4.033 -0.783 -2.607 -2.776 2.791 -1.845 -2.73 -2.171 -0.93 -1.46 -2.483 -2.378 -2.388
496 K -0.801 2.119 -0.243 -0.697 -1.952 0.832 0.338 -1.317 -0.218 -2.098 -2.215 4.425 -1.198 -2.78 -1.662 -0.856 -1.057 -2.524 -1.763 -1.974
497 S 1.093 -0.716 0.522 -0.223 0.098 -0.545 -0.53 -0.081 -0.435 -1.886 -2.303 -0.26 -1.161 -1.918 -1.45 3.173 1.036 -2.524 -1.73 -1.267
498 K -0.801 2.119 -0.243 -0.697 -1.952 0.832 0.338 -1.317 -0.218 -2.098 -2.215 4.425 -1.198 -2.78 -1.662 -0.856 -1.057 -2.524 -1.763 -1.974
499 R -0.8 3.667 -1.429 -2.244 -0.666 -0.625 -1.487 -2.501 -1.021 1.422 -0.163 0.596 -0.006 -1.242 -2.917 -1.801 -0.898 -2.299 -1.507 2.409
500 D -0.824 2.721 0.049 2.927 -1.587 -0.325 0.589 -1.417 -0.545 -2.408 -2.629 0.963 -1.782 -2.667 0.377 0.758 0.105 -2.939 -2.309 -2.069
501 F -0.796 -2.19 -2.732 -3.057 -1.131 -3.003 -2.998 -2.628 -1.27 1.751 0.408 -0.979 0.114 5.719 -3.842 -2.59 -1.992 -0.061 1.869 0.297
502 K -1.076 1.855 1.84 -0.697 -1.786 -0.02 -0.481 -1.403 3.095 -2.163 -2.34 3.086 -1.43 -1.397 -2.268 -0.215 -0.017 -1.835 0.989 -1.996
503 R -1.381 3.064 2.143 -0.815 -1.819 -0.365 -0.905 -1.644 -0.357 -0.285 -1.795 1.971 -1.322 -2.371 2.567 -1.258 -1.237 -2.927 -2.073 -1.219
504 G -0.697 0.011 -0.881 0.403 -1.397 -2.078 -2.181 4.511 -1.47 -0.159 -0.525 -1.396 -1.151 0.839 -3.124 -1.602 -1.93 -2.106 -1.591 -1.188
505 K -0.963 1.799 -0.772 -1.314 -1.478 1.001 -0.477 0.373 -0.721 -0.538 -0.151 3.326 -0.575 -1.96 -2.299 -1.166 -0.017 -2.495 -1.874 -0.69
506 E -0.905 -0.107 -0.324 1.532 -2.397 1.361 4.46 -1.935 0.407 -2.75 -2.688 0.691 -1.739 -2.593 -1.867 -0.777 -1.286 -2.373 -1.893 -2.12
507 W -2.635 -2.368 -3.152 -3.606 -2.32 -2.81 -2.954 -2.351 -1.12 -1.839 -1.636 -2.776 -1.266 1.143 -5.394 -3.34 -2.68 10.596 2.184 -2.213
508 R -1.52 5.483 -0.448 -1.549 -2.245 0.532 -0.546 -2.114 0.113 -2.597 -2.013 2.033 -1.209 -2.458 -2.69 -1.392 -1.439 -2.22 -1.758 -2.147
509 Y -1.798 -1.763 -2.111 -3.008 -1.737 -1.769 -2.349 -2.918 2.119 -0.789 -0.896 -1.859 -0.668 3.363 -3.319 -2.423 -2.075 2.323 6.624 -0.965
510 F -2.32 -2.882 -2.846 -3.3 -1.36 -3.85 -3.468 -2.86 -0.814 0.291 0.579 -3.29 0.216 6.492 -4.434 -3.016 -2.356 0.866 2.945 -0.493
511 F -2.32 -2.882 -2.846 -3.3 -1.36 -3.85 -3.468 -2.86 -0.814 0.291 0.579 -3.29 0.216 6.492 -4.434 -3.016 -2.356 0.866 2.945 -0.493
512 E -0.905 -0.107 -0.324 1.532 -2.397 1.361 4.46 -1.935 0.407 -2.75 -2.688 0.691 -1.739 -2.593 -1.867 -0.777 -1.286 -2.373 -1.893 -2.12
513 E -0.905 -0.107 -0.324 1.532 -2.397 1.361 4.46 -1.935 0.407 -2.75 -2.688 0.691 -1.739 -2.593 -1.867 -0.777 -1.286 -2.373 -1.893 -2.12
514 F -2.32 -2.882 -2.846 -3.3 -1.36 -3.85 -3.468 -2.86 -0.814 0.291 0.579 -3.29 0.216 6.492 -4.434 -3.016 -2.356 0.866 2.945 -0.493
515 T -0.098 -1.078 -0.124 -1.0 0.136 -1.089 -1.363 -1.314 -1.399 -0.21 -1.043 -0.776 -0.517 -1.566 -1.673 0.719 4.201 -2.17 -1.692 0.244
516 S 1.082 -0.727 0.511 -0.234 0.087 -0.555 -0.541 -0.092 -0.446 -1.897 -2.314 -0.271 -1.172 -1.929 -1.461 3.212 1.025 -2.535 -1.741 -1.278
517 F -2.32 -2.882 -2.846 -3.3 -1.36 -3.85 -3.468 -2.86 -0.814 0.291 0.579 -3.29 0.216 6.492 -4.434 -3.016 -2.356 0.866 2.945 -0.493
518 T -0.098 -1.078 -0.124 -1.0 0.136 -1.089 -1.363 -1.314 -1.399 -0.21 -1.043 -0.776 -0.517 -1.566 -1.673 0.719 4.201 -2.17 -1.692 0.244
519 H -1.693 -0.343 0.474 -0.947 -2.32 -0.151 -0.486 -1.683 7.972 -2.647 -2.581 -0.751 -1.247 -0.838 -2.735 -1.565 -2.212 -1.44 1.681 -3.021
520 R -1.52 5.483 -0.448 -1.549 -2.245 0.532 -0.546 -2.114 0.113 -2.597 -2.013 2.033 -1.209 -2.458 -2.69 -1.392 -1.439 -2.22 -1.758 -2.147
521 V -0.219 -2.472 -2.915 -3.15 0.354 -2.573 -2.879 -2.941 -2.9 3.044 0.96 -2.374 0.846 -0.384 -3.157 -2.27 -0.437 -2.373 -1.271 4.086
522 Q -0.868 1.022 -0.078 -0.342 -1.897 4.831 1.406 -1.465 0.784 -2.226 -1.976 1.236 -0.389 -2.944 -2.137 -0.74 -0.961 -2.17 -1.271 -1.773
523 L -1.448 -1.735 -2.681 -2.994 -0.409 -2.292 -2.829 -3.117 -2.263 2.961 3.115 -0.514 1.369 0.142 -3.324 -2.474 -0.103 -2.084 -1.399 1.413
524 I 0.504 -1.575 -1.696 -2.076 -0.201 0.489 -1.658 -1.978 -1.365 2.645 0.234 -1.275 0.258 -0.549 -2.629 -1.067 1.336 -1.947 0.041 2.191
525 I -1.85 -3.013 -3.233 -3.404 -0.681 -3.479 -3.678 -3.341 -1.92 3.405 1.745 -2.995 0.925 4.383 -3.965 -3.189 -1.694 -0.707 0.972 1.623
526 K -0.832 1.048 -0.959 -1.381 -1.236 -0.101 -0.58 -0.378 -0.948 1.184 -0.761 3.574 -0.457 -1.766 -2.225 -1.398 -1.095 -2.544 -1.762 0.972
527 L -0.955 1.425 1.565 -1.248 -0.673 -1.269 -1.767 -1.785 -0.861 1.88 1.591 -0.56 0.508 -0.579 -2.864 -0.065 -0.726 -2.271 -1.554 0.635
528 S 0.13 1.793 -0.114 -0.708 -0.798 1.455 -0.321 -0.897 -0.33 -2.202 -2.345 0.36 -1.272 -2.446 2.208 1.986 0.032 -2.736 -1.863 -1.702
529 D -1.827 -1.638 1.149 5.906 -2.422 -0.922 1.001 -1.173 -0.586 -2.775 -3.541 -0.879 -2.747 -2.969 -2.339 -1.002 -1.462 -3.581 -3.093 -2.914
530 N -0.2 -0.99 3.288 0.013 -0.712 -0.975 -1.158 1.953 -0.278 -1.778 -2.361 -0.675 -1.537 -2.149 -2.133 1.243 1.888 -2.62 -2.103 -1.366
531 S 0.157 -0.547 2.079 0.608 -0.859 0.121 2.172 -0.647 0.023 -2.344 -2.628 -0.013 -1.562 -2.272 -1.82 2.198 0.165 -2.624 -1.917 -1.781
532 I -0.547 -2.299 -1.643 -0.787 -0.178 -2.247 -2.283 -2.196 -1.994 3.667 0.799 -1.879 0.598 -0.426 -2.876 0.274 -0.45 -2.422 -1.531 2.369
533 K -0.742 0.449 -0.906 -1.397 -1.044 0.82 -0.703 0.527 -0.953 0.737 0.052 2.668 -0.266 -1.582 -2.337 -0.841 0.194 -2.443 -1.771 0.53
534 T -0.088 -1.069 -0.115 -0.99 0.146 -1.079 -1.354 -1.305 -1.389 -0.2 -1.033 -0.767 -0.508 -1.556 -1.663 0.729 4.172 -2.161 -1.682 0.253
535 L -1.346 2.603 -1.289 -0.698 -1.235 -0.045 1.653 -2.522 -0.556 0.155 1.902 0.37 0.557 -0.671 -2.747 -1.771 -1.463 -2.024 -1.495 -0.361
536 R -0.838 2.269 1.589 -0.657 -1.295 0.607 0.121 0.21 -0.406 -0.04 -0.629 1.261 -0.772 -1.867 -2.471 0.178 0.056 -2.525 -1.91 -0.835
537 E -1.355 1.999 0.465 0.908 -1.681 -0.07 2.317 -0.201 -0.449 -0.824 0.705 0.309 1.195 -1.457 -2.717 -1.495 -1.526 -2.39 -1.917 -1.131
538 R -1.358 3.397 1.483 -0.512 -2.059 0.216 1.0 -1.724 -0.158 -2.197 -2.143 2.794 -1.413 0.072 -2.426 -1.071 -0.298 -2.275 -1.349 -1.996