#Seq2Logo.py -f /work3/idamei/wzy_ssn/run/1e-50/run/150/MSAs/0029_65.afa -o /work3/idamei/wzy_ssn/run/1e-50/run/150/logos/0029_65.logo
Last position-specific scoring matrix computed, values are in halfbits
A R N D C Q E G H I L K M F P S T W Y V
0 L -1.055 -1.358 -2.335 -2.789 -0.143 -1.026 -2.328 -2.558 -0.943 1.628 2.16 -1.428 5.482 0.493 -3.217 -1.992 -1.021 -1.281 -0.807 1.014
1 F -1.508 0.452 -1.34 -1.794 -1.615 -0.779 -1.089 -2.033 -0.516 -0.581 -0.399 2.447 -0.353 4.762 -2.811 -1.805 -1.673 -0.249 1.596 -1.085
2 I -1.35 -3.074 -3.236 -3.154 -0.123 -3.183 -3.66 -3.452 -2.684 4.449 1.704 -2.652 1.298 0.245 -3.478 -3.05 -1.048 -2.158 -1.258 2.887
3 L -1.514 -2.16 -3.336 -3.593 -0.123 -2.613 -3.279 -3.356 -2.287 2.032 3.993 -2.451 2.159 0.86 -3.578 -3.132 -1.554 -1.624 -1.029 1.133
4 Y -1.786 -1.751 -2.099 -2.995 -1.725 -1.757 -2.337 -2.905 2.131 -0.777 -0.883 -1.846 -0.655 3.375 -3.306 -2.41 -2.063 2.335 6.597 -0.953
5 Y -1.786 -1.751 -2.099 -2.995 -1.725 -1.757 -2.337 -2.905 2.131 -0.777 -0.883 -1.846 -0.655 3.375 -3.306 -2.41 -2.063 2.335 6.597 -0.953
6 S 1.095 -0.714 0.524 -0.222 0.099 -0.543 -0.528 -0.079 -0.433 -1.885 -2.302 -0.258 -1.16 -1.916 -1.449 3.167 1.038 -2.522 -1.729 -1.266
7 L -1.514 -2.16 -3.336 -3.593 -0.123 -2.613 -3.279 -3.356 -2.287 2.032 3.993 -2.451 2.159 0.86 -3.578 -3.132 -1.554 -1.624 -1.029 1.133
8 L -1.514 -2.16 -3.336 -3.593 -0.123 -2.613 -3.279 -3.356 -2.287 2.032 3.993 -2.451 2.159 0.86 -3.578 -3.132 -1.554 -1.624 -1.029 1.133
9 N -1.633 -0.388 5.585 1.308 -1.819 -0.5 -0.698 -0.128 0.995 -2.686 -3.125 -0.269 -2.134 -2.347 -2.561 -0.091 -0.424 -2.939 -2.042 -2.534
10 N -1.633 -0.388 5.585 1.308 -1.819 -0.5 -0.698 -0.128 0.995 -2.686 -3.125 -0.269 -2.134 -2.347 -2.561 -0.091 -0.424 -2.939 -2.042 -2.534
11 N -1.633 -0.388 5.585 1.308 -1.819 -0.5 -0.698 -0.128 0.995 -2.686 -3.125 -0.269 -2.134 -2.347 -2.561 -0.091 -0.424 -2.939 -2.042 -2.534
12 M -1.177 -1.48 -2.457 -2.911 -0.265 -1.148 -2.45 -2.68 -1.065 1.506 2.038 -1.549 6.058 0.371 -3.339 -2.113 -1.143 -1.403 -0.929 0.892
13 L -1.472 -2.152 -3.14 -3.394 -0.356 -2.686 -3.167 -3.267 -2.185 2.412 3.217 -1.653 1.516 2.359 -3.625 -2.989 -1.505 -1.439 -0.297 1.784
14 K -1.108 2.735 1.546 -0.571 -2.096 0.532 -0.007 -1.354 -0.11 -2.353 -2.405 4.112 -1.423 -2.797 -2.01 -0.937 -1.14 -2.648 -1.917 -2.183
15 I 0.259 -2.598 -2.948 -3.002 -0.068 -2.576 -3.08 -2.562 -2.324 3.891 1.388 -2.271 2.298 -0.098 -3.188 -2.214 -1.002 -2.2 -1.371 2.615
16 Q -0.868 1.022 -0.078 -0.342 -1.897 4.831 1.406 -1.465 0.784 -2.226 -1.976 1.236 -0.389 -2.944 -2.137 -0.74 -0.961 -2.17 -1.271 -1.773
17 T -0.098 -1.078 -0.124 -1.0 0.136 -1.089 -1.363 -1.314 -1.399 -0.21 -1.043 -0.776 -0.517 -1.566 -1.673 0.719 4.201 -2.17 -1.692 0.244
18 R -1.52 5.483 -0.448 -1.549 -2.245 0.532 -0.546 -2.114 0.113 -2.597 -2.013 2.033 -1.209 -2.458 -2.69 -1.392 -1.439 -2.22 -1.758 -2.147
19 L -1.526 -2.172 -3.348 -3.606 -0.136 -2.626 -3.291 -3.368 -2.299 2.019 4.014 -2.464 2.147 0.847 -3.59 -3.144 -1.566 -1.636 -1.042 1.12
20 D -1.763 -1.574 1.213 5.811 -2.358 -0.858 1.065 -1.109 -0.522 -2.711 -3.477 -0.815 -2.683 -2.905 -2.275 -0.938 -1.398 -3.517 -3.029 -2.85
21 F -2.32 -2.882 -2.846 -3.3 -1.36 -3.85 -3.468 -2.86 -0.814 0.291 0.579 -3.29 0.216 6.492 -4.434 -3.016 -2.356 0.866 2.945 -0.493
22 L -1.526 -2.172 -3.348 -3.606 -0.136 -2.626 -3.291 -3.368 -2.299 2.019 4.014 -2.464 2.147 0.847 -3.59 -3.144 -1.566 -1.636 -1.042 1.12
23 K -1.132 2.211 0.173 1.788 -2.2 0.619 2.108 -1.612 -0.149 -2.459 -2.538 3.222 -1.599 -2.788 -2.03 -0.971 -0.989 -2.667 -2.048 -2.193
24 F -0.037 0.694 -1.95 -2.539 -0.944 -2.214 -2.424 -2.044 -0.949 0.181 -0.074 -1.378 -0.198 5.24 -3.293 -1.565 0.141 -0.16 1.686 -0.35
25 D -1.522 -1.045 0.616 4.953 -2.484 0.071 2.957 -1.503 -0.249 -2.837 -3.267 -0.266 -2.404 -2.896 -2.227 -0.988 -1.467 -3.145 -2.661 -2.665
26 N -1.336 0.641 3.58 2.061 -2.121 0.178 1.168 -0.969 0.22 -2.581 -2.854 2.642 -1.876 -2.722 -2.193 -0.665 -0.987 -2.885 -2.138 -2.414
27 L -1.638 -2.283 -3.46 -3.717 -0.247 -2.737 -3.403 -3.48 -2.411 1.908 4.19 -2.575 2.035 0.736 -3.702 -3.255 -1.678 -1.747 -1.153 1.009
28 L -1.638 -2.283 -3.46 -3.717 -0.247 -2.737 -3.403 -3.48 -2.411 1.908 4.19 -2.575 2.035 0.736 -3.702 -3.255 -1.678 -1.747 -1.153 1.009
29 V -0.857 -2.813 -3.117 -3.285 -0.077 -3.005 -3.289 -3.195 -2.595 3.458 1.056 -2.676 0.811 2.081 -3.505 -2.696 -0.922 -1.768 -0.383 3.592
30 G 0.348 -2.042 -0.038 -1.406 -0.787 -2.009 -2.202 3.869 -1.259 0.273 -1.293 -1.567 -1.088 1.545 -2.685 0.349 -0.547 -1.851 -0.972 -0.627
31 L -0.214 -2.5 -2.932 -3.142 -0.225 -2.646 -3.064 -2.684 -1.991 2.84 1.6 -2.414 2.257 2.842 -3.414 -2.364 -1.177 -1.329 0.043 2.479
32 V -0.132 -2.298 -2.303 -2.692 0.211 -2.341 -2.572 -2.501 -2.565 2.621 0.593 -2.122 0.547 -0.649 -2.993 -0.59 -0.32 -2.504 -1.437 4.039
33 L -1.07 -2.417 -3.249 -3.52 -0.231 -2.821 -3.272 -3.181 -2.273 1.997 3.301 -2.605 1.543 2.363 -3.629 -2.897 -1.429 -1.431 -0.285 2.087
34 A 2.26 -1.546 -1.037 -1.525 0.225 -1.465 -1.557 -0.675 -1.433 0.82 -0.728 -1.097 -0.441 -0.831 -1.943 1.056 1.668 -2.38 -1.569 1.184
35 L -1.409 -2.737 -3.022 -3.108 -0.561 -3.053 -3.207 -3.075 -2.048 2.827 1.649 -2.572 0.761 3.367 1.238 -2.786 -1.443 -1.273 0.305 2.002
36 V -0.778 -2.622 -2.999 -3.254 -0.086 -2.715 -3.107 -3.183 -1.639 3.296 0.989 -2.488 0.737 0.482 -3.378 -2.6 -0.884 -1.248 1.83 3.622
37 I -1.028 -2.802 -3.145 -3.256 -0.069 -2.954 -3.383 -3.317 -2.787 3.922 1.845 -2.598 1.135 -0.01 -3.447 -2.749 -0.672 -2.274 -1.36 3.239
38 G 0.628 -2.282 -1.515 -2.069 -0.535 -2.362 -2.472 2.47 -1.474 1.16 -0.365 -1.923 -0.39 3.142 -2.907 -0.225 -1.057 -1.288 0.1 0.951
39 F -1.837 -2.664 -3.031 -3.405 -1.074 -3.027 -3.244 -2.983 -0.887 2.043 0.521 -2.783 0.176 3.721 -4.134 -3.031 -1.851 6.914 2.926 1.325
40 D -1.723 -1.139 3.086 4.937 -2.333 -0.5 1.526 -1.029 -0.063 -2.824 -3.392 -0.557 -2.521 -2.832 -2.402 -0.798 -1.225 -3.314 -2.71 -2.783
41 T -0.358 -1.541 -1.341 -2.027 -0.202 -1.471 -2.077 -1.975 -1.298 0.722 0.685 -1.418 3.704 1.961 -2.604 -0.633 2.517 -1.393 -0.381 0.713
42 L -1.768 -2.752 -3.285 -3.481 -0.525 -3.214 -3.574 -3.366 -2.045 2.985 2.745 -2.844 1.33 3.644 -3.866 -3.193 -1.674 -0.97 0.488 1.461
43 G -0.144 -1.283 2.585 -0.402 -0.945 -0.887 -1.458 3.537 -0.487 -1.814 -1.855 -0.918 0.738 -1.991 -2.456 1.021 -0.291 -2.522 -2.239 -1.704
44 T -0.209 -1.19 -0.236 -1.112 0.024 -1.2 -1.475 -1.426 -1.51 -0.321 -1.154 -0.888 -0.629 -1.678 -1.784 0.608 4.517 -2.282 -1.804 0.132
45 T 0.024 -1.128 -0.12 -0.969 0.016 -1.104 -1.32 -1.183 -1.328 -0.542 -1.331 -0.797 -0.728 -1.735 -1.748 1.364 4.152 -2.339 -1.812 -0.072
46 L -1.018 -1.637 -2.544 -2.966 -0.174 -1.354 -2.533 -2.739 -1.311 1.798 1.871 -1.686 5.622 0.243 -3.327 -2.156 -1.035 -1.557 -1.0 1.841
47 L -1.726 -2.363 -3.392 -3.677 -0.375 -2.865 -3.424 -3.411 -2.177 1.741 3.916 -2.666 1.854 2.509 -3.794 -3.239 -1.765 -1.288 -0.239 0.85
48 N 1.05 -1.262 3.477 1.767 -1.059 -1.171 -0.907 1.564 -0.271 -2.223 -2.704 -0.82 -2.01 -2.524 1.52 -0.259 -0.64 -3.06 -2.369 -1.757
49 R -1.324 4.378 -0.829 -1.598 -1.813 0.109 -0.746 -2.069 -0.349 -1.578 -1.21 2.284 1.271 -2.095 1.169 -1.423 -1.121 -2.424 -1.814 -1.55
50 T -0.624 -1.598 -1.094 -1.143 -0.585 -1.267 0.146 0.949 -1.479 0.713 0.462 -1.136 -0.239 -1.29 1.495 -0.71 2.118 -2.472 -1.909 0.454
51 L -1.541 -2.493 -3.129 -3.459 -0.493 -2.841 -3.294 -3.3 -1.224 2.398 2.738 -2.618 1.251 2.89 -3.7 -3.004 -1.577 -0.544 2.291 1.731
52 P -1.382 -2.384 -2.36 -2.208 -1.459 -2.574 -2.281 -2.307 -1.444 -1.004 -0.633 -1.791 -1.059 3.693 5.438 -2.049 -1.758 -1.569 0.429 -1.402
53 T -0.944 0.052 1.441 -0.706 -1.098 2.381 -0.264 -1.505 3.554 -0.917 -0.089 0.056 -0.339 -1.518 -2.375 -0.342 1.522 -2.176 -0.813 -0.935
54 L -0.853 -2.629 -3.192 -3.308 -0.083 -2.791 -3.313 -3.2 -2.586 3.577 2.385 -2.516 1.83 0.156 -3.454 -2.774 -1.088 -2.123 -1.292 2.854
55 P -0.886 -0.879 0.636 -1.066 -1.601 -1.275 -1.264 -0.26 -1.082 -2.436 -2.811 0.8 -2.249 -3.171 5.758 -1.055 -1.256 -3.916 -2.529 -2.268
56 A 1.305 -1.315 0.983 -1.046 -0.22 -1.224 -1.357 -0.867 2.888 1.038 -0.835 -1.035 -0.505 -1.299 -2.222 1.176 0.221 -2.416 -1.048 1.061
57 S 1.011 -1.425 1.433 -0.821 -0.31 -1.361 -1.462 1.456 -0.86 0.485 -0.787 -1.027 -0.705 -0.381 -2.232 1.659 -0.108 -2.392 -1.563 0.331
58 L -0.892 -2.451 -2.69 -3.014 -0.252 -2.641 -3.037 -2.918 -1.702 3.066 2.159 -2.353 1.065 1.442 -3.331 -1.797 -0.487 -1.306 1.086 2.338
59 L 0.49 -1.979 -2.191 -2.457 -0.164 -2.115 -2.344 -1.938 -1.928 1.21 2.622 -1.774 0.962 -0.26 1.4 -0.426 -0.89 -2.288 -1.509 1.243
60 L -1.545 -1.514 -2.638 -2.969 -0.726 -2.333 -2.653 -2.93 -1.609 1.955 2.084 -0.104 0.884 4.044 -3.543 -2.697 -1.603 -0.807 0.795 1.418
61 L 0.299 -2.492 -2.838 -3.159 5.576 -2.761 -3.115 -0.82 -2.171 1.08 2.379 -2.453 0.826 1.855 -3.252 -2.014 -1.412 -1.743 -0.685 1.041
62 V 1.337 -2.351 -2.586 -2.806 0.201 -2.402 -2.58 -0.857 -2.339 2.188 0.375 -2.091 0.327 0.825 -2.847 -1.516 -0.668 -2.144 -0.956 3.539
63 V 0.005 -1.954 -1.637 -2.167 0.088 -1.993 -2.224 -2.024 -2.068 2.157 1.097 -1.732 0.528 -0.633 -2.679 0.266 0.931 -2.373 -1.494 2.957
64 L -0.978 -2.361 -3.204 -3.458 -0.427 -2.696 -3.235 -2.191 -2.141 2.118 3.273 -2.502 1.804 0.877 -3.702 -2.882 -1.641 4.96 -0.444 1.071
65 L -1.463 -2.731 -3.289 -3.514 4.321 -3.118 -3.572 -3.228 -2.326 2.665 2.788 -2.801 1.273 2.454 -3.706 -2.947 -1.547 -1.5 -0.308 1.51
66 L 0.059 -2.186 -3.184 -3.392 -0.13 -2.535 -3.061 -2.647 -2.247 1.673 3.863 -2.314 1.792 0.509 -3.332 -2.471 -1.505 -1.835 -1.232 0.904
67 A 1.692 -2.236 -2.024 -2.401 5.344 -2.245 -2.484 1.419 -2.003 0.676 0.894 -1.868 -0.024 -1.09 -2.618 -0.668 -0.975 -2.494 -1.946 1.124
68 L -1.538 -2.649 -3.318 -3.464 -0.307 -2.962 -3.502 -3.421 -2.366 3.332 2.984 -2.669 1.845 1.85 -3.689 -3.123 -1.446 -1.628 -0.585 1.966
69 R -1.146 5.341 -0.42 -1.46 -1.939 0.305 -0.657 -1.88 -0.063 -2.611 -2.161 1.716 -1.316 -2.497 -2.616 -0.144 -1.101 -2.369 -1.867 -2.135
70 F -2.293 -3.018 -3.005 -3.394 -1.287 -3.871 -3.604 -3.041 -1.104 1.324 0.632 -3.315 0.262 6.317 -4.409 -3.133 -2.27 0.51 2.543 0.1
71 L -1.356 1.29 -2.102 -2.61 -1.011 -1.52 -2.096 -2.599 -1.234 1.504 1.723 0.549 1.09 2.751 -3.353 -2.12 -1.606 3.997 0.276 0.345
72 F -2.053 -1.927 1.072 1.027 -1.798 -2.036 -1.746 -2.214 1.285 -0.817 -0.774 -1.923 -0.753 4.527 -3.479 -2.059 -1.923 0.911 4.76 -1.251
73 I -1.268 -0.302 -1.953 -2.172 -0.77 -1.25 -1.728 -2.633 -1.697 3.578 0.789 2.003 0.519 -0.629 -1.71 -2.203 -1.187 -2.419 -1.559 1.737
74 K -1.059 1.621 -0.744 -1.195 -1.534 1.606 -0.144 -1.817 0.347 0.454 -0.788 3.405 1.068 -1.621 -2.226 -1.263 -0.899 -2.2 -0.854 -0.495
75 K -0.935 1.857 2.462 -0.343 -1.549 0.229 -0.394 -1.143 3.09 -2.087 -2.334 2.541 -1.376 -2.239 -2.163 -0.009 0.622 -2.477 -1.193 -1.846
76 F -1.81 -2.76 -2.993 -3.356 -0.991 -3.165 -3.323 -3.06 -0.857 2.297 0.525 -2.849 0.275 4.467 -4.046 -2.997 -1.807 5.185 3.004 1.452
77 S 0.419 -0.957 -0.052 -0.281 -0.457 -0.556 0.707 -0.731 -0.669 -1.949 -2.385 -0.397 -1.449 -2.271 2.28 2.558 1.112 -2.835 -1.996 -1.418
78 L -1.166 -2.391 -2.874 -3.283 -0.564 -2.653 -3.089 -3.068 -0.656 2.209 2.247 -2.453 0.966 2.847 -3.543 -2.667 -1.169 -0.14 3.233 1.614
79 N -1.093 -0.571 2.556 -0.692 -1.297 -0.952 -1.257 -1.386 1.822 -1.132 -1.212 0.596 -0.97 1.918 -2.609 -0.078 0.452 -0.251 3.444 -1.048
80 Y -2.084 -2.223 -2.462 -3.219 -1.709 -2.46 -2.809 -3.009 1.268 -0.47 -0.395 -2.4 -0.435 4.947 -3.778 -2.731 -2.283 1.775 5.957 -0.9
81 L -1.683 -2.572 -3.367 -3.562 -0.375 -3.003 -3.515 -3.434 -2.264 2.808 3.4 -2.717 1.648 2.434 -3.768 -3.219 -1.626 -1.394 -0.279 1.426
82 L -1.417 -2.826 -3.364 -3.41 -0.206 -3.062 -3.589 -3.501 -2.689 3.981 2.658 -2.687 1.45 0.292 -3.606 -3.129 -1.268 -2.114 -1.307 2.497
83 F -1.338 -2.535 -2.448 -2.896 -0.625 -2.956 -3.035 -2.714 -1.553 1.934 1.364 -2.573 0.592 4.731 -3.595 -1.472 -0.419 -0.472 1.291 1.481
84 A 3.071 -1.276 -0.616 -1.083 0.279 -1.109 -1.102 0.771 -0.981 -1.409 -1.869 -0.724 -1.156 -2.015 -1.616 2.114 0.127 -2.582 -1.899 -0.566
85 P 0.749 -2.112 -2.067 -1.984 -0.599 -2.077 -2.018 -1.645 -1.811 1.289 0.046 -1.43 -0.516 -1.567 4.787 -0.913 -0.575 -3.199 -2.059 0.216
86 L -0.338 -2.419 -3.092 -3.261 -0.189 -2.665 -3.184 -2.832 -2.268 2.934 3.085 -2.392 1.931 1.013 -3.385 -2.525 -1.094 -1.82 -0.99 1.627
87 L -1.729 -2.358 -3.365 -3.658 -0.391 -2.846 -3.409 -3.389 -2.125 1.713 3.853 -2.658 1.973 2.668 -3.8 -3.215 -1.767 -1.231 -0.14 0.828
88 L -1.145 -2.148 -2.576 -2.967 -0.234 -2.446 -2.913 -2.805 -2.112 2.143 3.586 -2.22 1.662 0.759 -3.333 -0.964 -1.154 -1.836 -1.121 1.05
89 L -0.917 -2.348 -2.607 -2.963 -0.344 -2.664 -2.985 -2.718 -1.934 2.35 2.806 -2.365 1.266 2.79 -3.417 -1.193 -1.206 -1.316 -0.045 1.418
90 V 1.281 -1.57 -0.922 -1.514 0.14 -1.513 -1.657 -1.11 -1.569 1.357 -0.457 -1.184 -0.228 -1.271 -2.093 1.107 2.098 -2.449 -1.684 1.766
91 G 0.48 -2.157 -0.442 -1.275 -1.092 -1.993 -2.303 5.444 -1.414 -2.973 -3.267 -1.502 -2.438 -2.634 -2.614 0.135 -1.376 -2.551 -2.961 -2.516
92 I -0.541 -2.483 -2.557 -2.863 1.684 -2.576 -3.002 -1.337 -1.918 2.997 1.416 -2.313 2.188 2.485 -3.344 -1.505 -1.11 -1.478 -0.207 2.003
93 L 0.228 -1.825 -2.477 -2.017 2.14 -1.521 -0.115 -2.335 -1.64 1.627 2.7 -1.625 2.495 -0.043 -3.002 -1.923 -1.287 -1.994 -1.381 1.107
94 V -0.357 -2.571 -3.021 -3.256 0.229 -2.661 -2.992 -3.054 -2.966 2.955 0.884 -2.472 0.972 -0.469 -3.274 -2.388 -0.565 -2.461 -1.374 4.318
95 Y 0.987 -2.001 -2.3 -2.818 -1.031 -2.083 -2.342 -1.735 0.781 -0.831 -0.911 -1.923 -0.746 3.384 -3.113 -1.625 -1.762 5.372 5.145 -0.802
96 L -1.568 -2.05 0.688 -2.236 4.222 -2.252 -2.699 -2.364 0.085 0.499 1.463 -2.165 1.715 2.457 -3.648 -2.233 -1.586 5.063 2.001 0.311
97 K 0.628 1.124 0.024 -0.719 -1.193 2.63 0.255 -1.0 1.41 -2.021 -2.144 2.658 -1.011 -2.528 -1.92 0.469 -0.46 -2.462 -1.472 -1.566
98 T 0.19 -1.283 -0.738 -1.51 -0.006 -1.2 -1.684 -1.537 -1.38 0.227 0.017 -1.043 2.799 -1.027 -2.086 0.112 3.623 -2.05 -1.562 0.337
99 G -0.253 1.235 0.398 -0.013 -1.436 -0.956 -1.289 4.283 0.087 -2.844 -2.993 0.885 -2.089 -2.617 -2.492 0.082 -1.228 -2.571 -2.436 -2.504
100 N -0.745 2.12 3.558 1.819 -1.88 -0.262 -0.403 0.796 0.099 -2.597 -2.791 1.806 -1.898 -2.636 -2.422 -0.696 -1.047 -2.83 -2.217 -2.349
101 L 0.293 -1.928 -1.947 -2.476 -0.227 -2.063 -2.442 -2.098 -1.057 1.644 2.134 -1.796 0.79 0.887 -2.763 -1.176 1.445 -0.992 1.862 0.804
102 N -1.009 -0.869 4.734 2.168 -1.611 -0.836 -0.671 1.593 0.33 -2.754 -3.207 -0.594 -2.233 -2.512 -2.505 0.487 -0.556 -3.0 -2.346 -2.533
103 F -0.468 -2.767 -2.773 -3.154 -0.948 -3.4 -3.202 -1.775 -1.163 0.605 0.353 -2.912 0.08 5.949 -3.9 -2.432 -1.915 0.256 2.244 0.734
104 L -1.596 -2.277 -3.317 -3.608 -0.279 -2.726 -3.338 -3.367 -2.303 1.827 4.072 -2.549 1.953 1.34 -3.679 -2.845 -1.637 -1.62 -0.87 0.938
105 L 1.305 -2.141 -2.708 -2.868 0.102 -2.166 -2.595 -1.874 -2.064 2.299 2.037 -1.948 2.295 -0.2 -2.869 -1.596 -0.937 -2.121 -1.37 2.328
106 Y -1.813 -1.932 -2.303 -3.123 -1.545 -1.998 -2.552 -3.004 1.615 -0.339 0.432 -2.041 -0.217 3.207 -3.451 -2.31 -2.042 1.848 6.362 -0.707
107 S 0.175 -1.16 -0.477 -1.181 -0.1 -0.998 -1.347 -1.087 -0.936 0.145 0.463 -0.879 3.052 -0.861 -2.142 2.086 1.345 -2.131 -1.504 -0.092
108 L -0.554 -2.111 -2.265 -2.66 -0.222 -2.236 -2.702 -2.448 -1.881 2.561 2.674 -2.02 2.276 1.112 -3.129 -0.662 -0.457 -1.785 -0.912 1.271
109 L -1.638 -2.283 -3.46 -3.717 -0.247 -2.737 -3.403 -3.48 -2.411 1.908 4.19 -2.575 2.035 0.736 -3.702 -3.255 -1.678 -1.747 -1.153 1.009
110 L -1.417 -2.427 -3.125 -3.288 -0.243 -2.462 -3.283 -3.293 -2.175 3.549 2.612 -2.364 3.447 0.35 -3.554 -2.876 -1.279 -1.899 -1.202 2.014
111 V -0.463 -2.229 -2.513 -2.873 0.081 -2.256 -2.712 -2.693 -2.336 2.607 1.569 -2.136 2.267 -0.259 -3.152 -1.132 -0.598 -2.233 -1.329 3.484
112 L -1.018 -2.174 -2.101 -2.65 -0.513 -2.474 -2.822 0.792 -1.734 0.997 2.96 -2.189 1.142 2.65 -3.332 -0.784 -1.327 -1.315 -0.194 0.24
113 L 0.059 -2.186 -3.184 -3.392 -0.13 -2.535 -3.061 -2.647 -2.247 1.673 3.863 -2.314 1.792 0.509 -3.332 -2.471 -1.505 -1.835 -1.232 0.904
114 Y -1.513 -2.126 -2.563 -3.225 -1.022 -2.201 -2.744 -3.128 0.966 1.346 0.85 -2.183 0.196 2.425 -3.449 -2.637 -1.693 1.211 5.595 1.324
115 N -1.138 0.662 3.381 2.776 -1.874 0.154 0.067 -0.855 0.074 -2.523 -2.865 2.365 -1.868 -2.696 -2.191 0.019 -0.792 -2.964 -2.204 -2.375
116 A 2.814 -1.908 -2.229 -2.323 0.326 -1.78 -2.013 -0.784 -1.703 1.711 0.202 -1.463 1.787 -0.946 -2.246 -0.596 -0.672 -2.327 -1.566 1.935
117 D -1.673 -0.782 0.868 5.446 -2.42 -0.499 1.364 -1.297 -0.523 -2.742 -3.342 0.781 -2.495 -2.98 -2.275 -1.029 -1.459 -3.396 -2.863 -2.784
118 I -1.183 0.72 -2.516 -2.927 -0.373 -1.77 -2.646 -2.984 -1.695 3.051 1.445 -1.272 3.461 0.628 -3.376 -2.444 -1.125 -1.867 -1.012 2.329
119 D -1.36 1.754 0.242 3.727 -2.361 0.321 2.234 -1.58 -0.224 -2.655 -2.838 2.149 -1.936 -2.85 -2.166 -1.042 -1.401 -2.885 -2.326 -2.45
120 V -0.325 -1.032 -1.327 -1.9 -0.443 -1.46 -1.691 -1.846 -0.678 1.059 -0.298 0.331 -0.154 2.178 -2.665 0.552 -0.475 -0.87 2.148 2.15
121 I 0.35 -2.774 -3.017 -3.039 0.007 -2.827 -3.147 -2.597 -2.622 3.989 1.139 -2.399 0.857 -0.235 -3.171 -2.232 -0.904 -2.367 -1.437 3.105
122 L -1.617 -2.383 -3.447 -3.658 -0.247 -2.803 -3.448 -3.491 -2.457 2.461 3.967 -2.599 1.941 0.666 -3.689 -3.245 -1.609 -1.809 -1.181 1.296
123 K -0.92 2.795 -0.378 -0.971 -1.749 0.484 -0.075 -1.547 -0.405 -1.966 -2.128 4.066 -1.225 -2.667 -1.92 -0.795 0.446 -2.547 -1.873 -1.725
124 I -0.768 -2.006 0.41 -1.808 -0.144 -2.083 -2.405 -2.26 -1.86 2.934 0.683 -1.76 0.433 -0.646 -2.784 -1.097 1.94 -2.375 -1.559 2.51
125 Y -1.97 -1.993 -2.305 -3.154 -1.799 -2.072 -2.579 -3.022 1.768 -0.741 -0.776 -2.115 -0.653 3.969 -3.548 -2.602 -2.22 2.065 6.565 -1.013
126 V -0.339 -2.2 -2.127 -2.558 0.083 -2.277 -2.551 -2.441 -2.342 2.628 1.428 -2.029 0.762 -0.421 -2.959 -0.394 0.098 -2.358 -1.428 3.344
127 I 0.331 -2.465 -2.048 -2.463 -0.396 -2.579 -2.799 0.926 -1.858 2.712 0.357 -2.126 0.177 2.383 -3.029 -1.5 0.382 1.761 -0.195 1.488
128 V -0.841 -2.703 -2.897 -3.144 -0.082 -2.891 -3.174 -3.083 -2.512 3.312 1.065 -2.565 0.774 2.064 -3.406 -2.428 -0.266 -1.754 -0.393 3.454
129 A 2.05 -1.664 -1.084 -1.599 0.152 -1.574 -1.685 1.091 -1.542 0.543 -0.84 -1.217 -0.529 -1.527 -2.089 0.913 0.969 -2.511 -1.819 1.73
130 G -0.243 -2.417 -0.928 -1.709 -1.037 -2.346 -2.744 4.989 -1.696 0.279 -0.417 -1.855 -1.026 -1.001 -2.96 -0.859 -1.632 -2.335 -2.362 -0.796
131 L -0.299 -1.887 -1.312 -1.799 -0.499 -1.983 -2.017 -1.687 -1.325 1.206 0.712 -1.569 0.039 2.916 1.432 0.831 0.373 -1.463 0.03 0.206
132 I -1.545 -2.741 -3.112 -3.297 -0.466 -2.963 -3.434 -3.243 -1.96 3.402 1.736 -2.685 2.338 3.458 -3.754 -2.947 -1.428 -1.067 0.403 2.065
133 V -0.782 -2.392 -2.625 -2.982 0.013 -2.562 -2.965 -2.967 -2.595 2.957 2.065 -2.298 1.069 -0.136 -3.184 -2.058 0.589 -2.226 -1.373 3.152
134 L 0.388 -2.351 -3.023 -3.202 0.055 -2.554 -2.942 -2.527 -2.474 2.46 2.678 -2.296 1.26 0.021 -3.177 -2.191 -1.024 -2.138 -1.335 2.78
135 L 0.152 -1.901 -1.333 -1.988 -0.333 -1.954 -2.321 2.377 -1.719 0.543 1.911 -1.654 0.928 -0.623 -2.716 -0.126 0.536 -2.164 -1.766 0.451
136 V 0.779 -2.114 -1.926 -2.354 0.153 -2.138 -2.393 -1.956 -2.259 2.622 0.393 -1.806 0.349 -0.779 -2.602 -0.97 1.675 -2.4 -1.546 2.971
137 F -1.251 -2.779 -2.934 -3.285 -0.52 -3.248 -3.271 -3.0 -1.757 1.999 0.682 -2.884 0.442 4.895 -3.818 -2.675 -1.111 -0.426 1.433 2.681
138 L -0.013 -2.457 -2.994 -3.251 -0.435 -2.889 -3.107 -2.496 -1.732 1.56 2.619 -2.546 1.095 4.054 -3.525 -2.391 -1.622 -0.76 0.787 0.988
139 L -1.741 -2.377 -3.381 -3.67 -0.397 -2.887 -3.428 -3.4 -2.14 1.712 3.868 -2.682 1.822 2.722 -3.81 -3.236 -1.78 -1.218 -0.111 0.823
140 S 1.06 -0.848 0.376 -0.363 -0.014 -0.677 -0.662 -0.195 -0.567 -1.988 -2.407 -0.39 -1.279 -2.039 -1.572 3.545 0.896 -2.644 -1.853 -1.361
141 L -1.611 -2.195 -2.077 -3.211 -0.429 -2.671 -3.17 -3.143 -1.97 2.026 3.481 -2.077 1.776 2.583 -3.666 -2.656 -1.596 -1.313 -0.182 1.035
142 L -1.269 -2.518 -3.323 -3.499 -0.138 -2.812 -3.374 -3.392 -2.588 3.029 3.208 -2.581 1.77 0.371 -3.577 -3.011 -1.28 -2.001 -1.248 2.46
143 G -0.772 -0.931 0.652 2.768 -1.882 -1.055 -0.622 3.886 2.915 -2.937 -3.256 0.532 -2.329 -2.534 -2.575 -1.104 -1.738 -2.663 -1.822 -2.848
144 V -0.209 -2.45 -2.953 -3.015 0.024 -2.483 -2.414 -2.85 -2.49 3.01 1.724 -2.312 1.624 0.343 -3.265 -2.353 -0.87 -2.152 -1.162 3.403
145 I -1.277 -3.037 -3.312 -3.299 -0.167 -3.168 -3.626 -3.485 -2.814 4.435 1.721 -2.718 1.17 0.075 -3.554 -3.043 -1.094 -2.278 -1.368 3.004
146 P -0.934 -2.111 -2.031 -1.661 -1.554 -2.03 -1.719 -1.949 -1.705 -2.415 -2.847 -1.161 -2.5 -3.433 6.758 -1.549 -1.445 -4.646 -2.733 -2.259
147 N -1.757 -0.512 5.839 1.184 -1.943 -0.624 -0.822 -0.252 0.871 -2.809 -3.249 -0.393 -2.258 -2.471 -2.685 -0.215 -0.548 -3.063 -2.166 -2.657
148 L -1.638 -2.283 -3.46 -3.717 -0.247 -2.737 -3.403 -3.48 -2.411 1.908 4.19 -2.575 2.035 0.736 -3.702 -3.255 -1.678 -1.747 -1.153 1.009
149 Q -0.98 0.91 -0.19 -0.454 -2.008 5.205 1.295 -1.576 0.672 -2.337 -2.088 1.125 -0.5 -3.056 -2.248 -0.852 -1.072 -2.282 -1.382 -1.884
150 F -2.224 -2.522 -2.659 -3.298 -1.607 -2.998 -3.108 -2.993 0.539 -0.18 -0.001 -2.779 -0.196 5.792 -4.075 -2.891 -2.359 1.39 5.02 -0.773
151 V 0.789 -1.966 0.654 -1.671 -0.04 -1.967 -2.15 -1.56 -1.604 2.698 0.283 -1.638 0.231 -0.814 -2.69 -0.026 -0.424 -2.515 -1.586 2.676
152 R -1.207 3.652 -0.323 -0.85 -2.134 4.161 0.707 -1.803 0.439 -2.471 -2.102 1.45 -0.781 -2.863 -2.443 -1.079 -1.242 -2.3 -1.555 -2.019
153 P -0.776 -1.186 1.578 -0.414 -0.878 -0.723 0.704 -1.625 -0.394 0.497 -0.391 -0.767 1.749 -0.885 2.063 -0.393 -0.241 -2.071 -0.126 0.55
154 R -1.558 5.554 -0.486 -1.587 -2.283 0.494 -0.584 -2.151 0.075 -2.635 -2.051 1.995 -1.247 -2.495 -2.728 -1.43 -1.477 -2.257 -1.795 -2.185
155 A 1.398 -1.146 2.048 -0.591 -0.191 -1.13 -1.226 -0.502 -0.585 -0.535 0.506 -0.808 -0.274 -1.245 -0.081 1.325 -0.1 -2.488 -1.719 -0.516
156 S 0.747 1.544 0.083 1.824 -0.454 -0.656 -0.506 -0.808 -0.705 -1.173 -1.844 -0.035 -1.134 -2.032 -1.917 1.486 1.426 -2.579 -1.942 -0.512
157 G 0.419 -2.066 -0.559 -1.232 -1.008 -1.825 -1.452 5.134 -1.457 -2.191 -2.763 -1.439 -2.098 -2.48 -2.574 -0.536 0.224 -2.503 -2.804 -1.592
158 G 0.047 -2.263 -1.555 -2.199 -0.33 -2.299 -2.647 3.036 -2.071 1.233 0.599 -1.94 -0.031 -0.341 -2.89 -1.329 0.451 -2.258 -1.696 2.117
159 V 0.758 -2.446 -2.839 -3.03 0.281 -2.5 -2.746 -2.366 -2.732 2.697 0.659 -2.245 0.577 -0.63 -2.998 -1.869 -0.553 -2.488 -1.437 4.053
160 V -0.651 -2.342 -2.12 -2.561 0.022 -2.411 -2.748 -2.698 -2.494 3.322 0.781 -2.08 0.629 -0.495 -2.917 -1.474 1.631 -2.36 -1.482 3.154
161 R -1.631 5.684 -0.559 -1.661 -2.356 0.421 -0.658 -2.225 0.001 -2.709 -2.125 1.921 -1.321 -2.569 -2.801 -1.503 -1.551 -2.331 -1.869 -2.259
162 N -1.757 -0.512 5.839 1.184 -1.943 -0.624 -0.822 -0.252 0.871 -2.809 -3.249 -0.393 -2.258 -2.471 -2.685 -0.215 -0.548 -3.063 -2.166 -2.657
163 S 0.971 -0.838 0.4 -0.346 -0.025 -0.667 -0.652 -0.203 -0.557 -2.008 -2.425 -0.382 -1.284 -2.04 -1.572 3.576 0.914 -2.646 -1.853 -1.389
164 F -2.319 -2.894 -3.015 -3.448 -1.287 -3.777 -3.557 -3.03 -1.074 0.461 1.289 -3.284 0.429 6.327 -4.425 -3.143 -2.356 0.538 2.55 -0.346
165 G -0.007 -2.455 -0.537 -1.42 -1.417 -2.293 -2.719 5.899 -1.573 -3.313 -3.558 -1.748 -2.764 -2.775 -2.877 -1.099 -2.016 -2.537 -3.245 -2.961
166 F -2.293 -3.018 -3.005 -3.394 -1.287 -3.871 -3.604 -3.041 -1.104 1.324 0.632 -3.315 0.262 6.317 -4.409 -3.133 -2.27 0.51 2.543 0.1
167 I -1.474 -3.198 -3.36 -3.278 -0.247 -3.306 -3.784 -3.576 -2.808 4.763 1.58 -2.776 1.174 0.121 -3.602 -3.173 -1.172 -2.282 -1.382 2.763
168 Y -1.909 -1.874 -2.223 -3.119 -1.849 -1.881 -2.46 -3.029 2.008 -0.901 -1.007 -1.97 -0.779 3.251 -3.43 -2.534 -2.186 2.212 6.85 -1.076
169 P -0.934 -2.111 -2.031 -1.661 -1.554 -2.03 -1.719 -1.949 -1.705 -2.415 -2.847 -1.161 -2.5 -3.433 6.758 -1.549 -1.445 -4.646 -2.733 -2.259
170 T -0.209 -1.19 -0.236 -1.112 0.024 -1.2 -1.475 -1.426 -1.51 -0.321 -1.154 -0.888 -0.629 -1.678 -1.784 0.608 4.517 -2.282 -1.804 0.132
171 D -1.874 -1.685 1.102 5.972 -2.469 -0.969 0.953 -1.221 -0.633 -2.822 -3.588 -0.926 -2.795 -3.017 -2.386 -1.049 -1.51 -3.628 -3.14 -2.961
172 F -2.431 -2.993 -2.957 -3.411 -1.471 -3.961 -3.579 -2.972 -0.925 0.18 0.468 -3.401 0.104 6.66 -4.545 -3.128 -2.468 0.755 2.834 -0.604
173 A 4.139 -1.581 -1.759 -1.784 0.583 -1.417 -1.395 0.277 -1.308 -0.927 -1.418 -0.946 -0.971 -1.945 -1.572 0.358 -0.519 -2.537 -1.853 0.042
174 S 1.8 -0.949 0.135 -0.541 0.086 -0.779 -0.763 -0.118 -0.669 -1.798 -2.231 -0.469 -1.229 -2.024 -1.572 3.233 0.719 -2.628 -1.853 -1.096
175 H -1.805 -0.455 0.362 -1.058 -2.431 -0.262 -0.598 -1.794 8.164 -2.759 -2.692 -0.863 -1.358 -0.95 -2.846 -1.677 -2.324 -1.551 1.57 -3.133
176 C -0.645 -3.405 -3.097 -3.485 9.406 -3.523 -3.991 -2.396 -3.016 0.774 -0.637 -3.152 -0.754 -1.728 -3.339 -1.91 -1.382 -3.178 -2.655 0.168
177 F -2.431 -2.993 -2.957 -3.411 -1.471 -3.961 -3.579 -2.972 -0.925 0.18 0.468 -3.401 0.104 6.66 -4.545 -3.128 -2.468 0.755 2.834 -0.604
178 Y -1.909 -1.874 -2.223 -3.119 -1.849 -1.881 -2.46 -3.029 2.008 -0.901 -1.007 -1.97 -0.779 3.251 -3.43 -2.534 -2.186 2.212 6.85 -1.076
179 L -1.723 -2.378 -3.39 -3.669 -0.375 -2.874 -3.431 -3.413 -2.184 1.831 3.882 -2.67 1.84 2.504 -3.793 -3.238 -1.755 -1.296 -0.242 0.895
180 F -2.227 -2.528 -2.663 -3.3 -1.605 -3.009 -3.114 -2.993 0.523 -0.174 0.006 -2.787 -0.192 5.806 -4.081 -2.894 -2.36 1.382 4.999 -0.77
181 L 0.37 -2.256 -2.544 -2.837 0.004 -2.396 -2.781 -2.35 -2.297 2.713 2.295 -2.097 1.274 -0.11 -2.982 -1.711 0.371 -2.151 -1.395 2.326
182 A 3.796 -1.724 -1.884 -1.944 0.393 -1.636 -1.594 0.022 -1.257 -0.763 -1.103 -1.16 -0.812 1.536 -1.814 0.093 -0.702 -1.856 -0.665 -0.032
183 L -1.239 -2.365 -2.471 -2.852 -0.542 -2.595 -2.909 -2.655 -1.617 2.668 2.121 -2.31 0.911 1.867 -3.494 -0.942 -1.188 5.0 0.829 1.262
184 S 1.406 -1.328 -0.2 -0.888 4.374 -1.175 -1.219 1.603 -0.986 -1.801 -2.202 -0.842 -1.375 -2.121 -1.882 2.589 0.278 -2.695 -2.111 -1.187
185 Y -1.909 -1.874 -2.223 -3.119 -1.849 -1.881 -2.46 -3.029 2.008 -0.901 -1.007 -1.97 -0.779 3.251 -3.43 -2.534 -2.186 2.212 6.85 -1.076
186 L -1.396 -2.38 -3.385 -3.615 -0.17 -2.765 -3.362 -3.419 -2.517 2.377 3.754 -2.575 1.825 0.546 -3.627 -3.105 -1.448 -1.878 -1.201 1.934
187 L -1.777 -2.057 0.829 -2.277 -0.622 -2.482 -2.893 -2.672 -1.412 1.298 3.342 -2.258 1.418 2.839 -3.656 -2.565 -1.603 -1.256 -0.04 0.455
188 R -1.346 4.269 -0.717 -1.484 -1.896 0.292 -0.501 -2.021 -0.344 -1.419 -0.178 3.123 -0.62 -1.979 -2.461 -1.452 -1.421 -2.362 -1.775 -1.536
189 D -1.593 -0.369 2.733 3.31 -2.283 -0.175 1.76 -1.249 -0.026 -2.617 -2.875 1.007 -2.039 -1.92 -2.513 -0.978 -1.302 4.875 -1.278 -2.521
190 K -1.168 3.951 -0.436 -1.106 -2.177 0.605 -0.081 -1.709 -0.207 -2.393 -2.256 3.96 -1.321 -2.773 -2.124 -1.164 -1.313 -2.524 -1.88 -2.156
191 F -1.869 0.501 -2.384 -3.03 -1.23 -2.056 -2.66 -2.952 0.139 1.141 0.819 -1.522 1.738 4.326 -3.689 -2.628 -1.899 0.575 4.071 0.107
192 I -1.428 -2.945 -3.19 -3.09 -0.368 -3.07 -3.428 -3.335 -2.62 4.223 1.791 -2.525 1.05 -0.036 0.993 -2.951 -1.255 -2.4 -1.479 2.319
193 W -1.853 -2.653 -3.061 -3.42 -1.301 -2.993 -3.198 -1.225 -1.675 1.612 -0.242 -2.789 -0.29 1.808 -4.473 -3.074 -1.962 9.044 1.273 1.127
194 L -1.19 -2.093 -2.068 -2.621 -0.279 -2.347 -2.758 -2.685 -1.964 2.095 2.591 -2.062 1.318 2.019 -3.061 -1.527 1.652 -1.528 -0.482 1.041
195 R -1.634 5.369 -0.772 -1.831 -2.032 0.197 -0.863 -2.342 -0.188 -1.66 -0.302 1.655 -0.691 -1.954 -2.89 -1.655 -1.566 -2.262 -1.782 -1.655
196 T 0.395 -1.061 0.016 -0.781 0.008 -0.981 -1.102 -0.831 -1.066 -0.721 -1.554 -0.685 -0.847 -1.786 -1.727 2.328 3.221 -2.455 -1.811 -0.069
197 L -0.502 -2.566 -2.754 -3.058 -0.305 -2.8 -3.229 0.459 -2.282 2.796 2.507 -2.45 1.124 1.346 -3.413 -2.487 -1.38 -1.818 -0.894 1.934
198 L -0.957 -2.403 -2.419 -2.791 -0.295 -2.642 -2.896 -2.664 -1.968 2.736 2.095 -2.32 0.989 2.71 -3.336 -0.81 -0.962 -1.422 -0.075 2.105
199 G -0.009 -2.456 -0.539 -1.422 -1.419 -2.294 -2.721 5.9 -1.575 -3.314 -3.559 -1.75 -2.766 -2.777 -2.878 -1.101 -2.018 -2.539 -3.247 -2.963
200 L -1.289 -2.543 -3.231 -3.495 -0.268 -2.94 -3.33 -3.264 -2.258 2.331 2.868 -2.692 1.357 2.851 -3.689 -2.947 -1.376 -1.307 0.01 2.411
201 L 0.942 -2.079 -1.945 -2.411 -0.297 -2.231 -2.533 1.765 -1.732 0.627 2.461 -1.887 0.764 1.299 -2.882 -0.735 -1.242 -1.767 -0.957 0.128
202 L -1.424 -2.225 -2.858 -3.238 -0.218 -2.576 -3.151 -3.176 -2.337 2.255 3.69 -2.353 1.744 0.48 -3.405 -2.465 0.116 -1.86 -1.245 1.186
203 A 2.937 -1.35 -0.616 -1.111 0.184 -1.183 -1.196 1.65 -1.023 -1.511 -1.963 -0.79 -1.248 -2.066 -1.693 1.967 0.011 -2.58 -1.98 -0.686
204 A 2.413 -1.942 -2.188 -2.446 -0.076 -1.979 -2.124 -0.571 -0.634 0.255 0.725 -1.636 -0.021 2.256 -2.468 -0.829 -0.877 -0.621 2.49 0.648
205 F -2.31 -3.017 -3.001 -3.398 -1.308 -3.882 -3.603 -3.035 -1.085 1.218 0.613 -3.326 0.243 6.36 -4.425 -3.134 -2.293 0.536 2.575 0.028
206 L -1.326 -2.81 -3.34 -3.4 -0.174 -3.036 -3.545 -3.469 -2.713 3.923 2.559 -2.674 1.402 0.24 -3.582 -3.071 -1.212 -2.141 -1.314 2.679
207 I -1.542 -2.891 -3.223 -3.314 -0.389 -3.035 -3.556 -3.499 -1.644 4.204 1.919 -2.65 1.145 0.759 -3.596 -3.107 -1.333 -1.226 1.617 2.324
208 K -1.186 2.679 -0.313 -1.148 -1.994 0.304 -0.243 -1.709 0.339 -1.714 -1.753 3.905 -1.089 1.17 -2.199 -1.264 -1.36 -1.817 -0.245 -1.613
209 F -1.89 -2.404 -2.616 -3.263 -1.372 -2.733 -2.97 -3.008 0.649 0.287 -0.045 -2.587 -0.17 5.14 -3.854 -2.766 -2.065 1.32 5.186 0.458
210 C 0.681 -2.765 -2.26 -2.73 9.086 -2.771 -3.03 -1.568 -2.419 -0.951 -1.305 -2.417 -1.166 -2.096 -2.821 -0.205 -0.942 -3.152 -2.629 -0.526
211 D -1.876 -1.687 1.1 5.975 -2.471 -0.971 0.951 -1.222 -0.635 -2.824 -3.59 -0.928 -2.796 -3.018 -2.388 -1.051 -1.512 -3.63 -3.142 -2.963
212 A 4.143 -1.582 -1.761 -1.786 0.581 -1.419 -1.397 0.275 -1.31 -0.929 -1.42 -0.947 -0.972 -1.947 -1.574 0.356 -0.521 -2.539 -1.854 0.04
213 R -1.633 5.687 -0.561 -1.662 -2.358 0.419 -0.659 -2.227 -0.0 -2.71 -2.127 1.92 -1.322 -2.571 -2.803 -1.505 -1.553 -2.333 -1.871 -2.26
214 L -1.584 -2.184 -3.331 -3.617 -0.251 -2.513 -3.282 -3.381 -2.228 1.864 4.019 -2.443 2.874 0.696 -3.661 -3.105 -1.615 -1.709 -1.129 0.994
215 N -1.771 -0.623 5.571 2.302 -1.999 -0.662 -0.564 -0.346 0.736 -2.813 -3.286 -0.449 -2.315 -2.529 -2.652 -0.298 -0.642 -3.123 -2.261 -2.691
216 A 4.07 -1.551 -1.644 -1.718 0.561 -1.387 -1.366 0.259 -1.278 -0.963 -1.452 -0.924 -0.983 -1.95 -1.574 0.568 -0.453 -2.543 -1.854 -0.002
217 L -0.512 -2.054 -2.78 -3.201 -0.446 -2.186 -2.873 -1.55 -0.723 1.476 2.993 -2.134 2.697 1.19 -3.365 -2.434 -1.57 -0.514 2.671 0.669
218 S 0.86 -0.877 0.334 -0.423 -0.021 -0.723 -0.735 -0.318 -0.65 -1.766 -2.255 -0.436 -1.205 -1.999 -1.597 3.367 1.618 -2.605 -1.849 -1.177
219 I -1.201 -2.734 -2.777 -2.981 -0.169 -2.865 -3.305 -3.187 -2.606 4.103 1.787 -2.449 1.096 -0.008 -3.315 -2.359 0.346 -2.237 -1.401 2.62
220 L -0.832 -2.365 -3.174 -3.446 -0.249 -2.762 -3.226 -3.038 -2.213 1.973 3.428 -2.529 1.588 2.22 -3.558 -2.747 -1.238 -1.455 -0.381 1.627
221 L -0.625 -2.677 -3.204 -3.315 -0.047 -2.866 -3.3 -3.135 -2.705 3.546 2.29 -2.549 1.242 0.06 -3.421 -2.707 -1.039 -2.208 -1.338 3.072
222 A 2.905 -1.398 -0.87 -1.337 0.227 -1.246 -1.347 1.078 -1.153 -0.953 -1.317 -0.885 0.273 -1.793 -1.756 1.342 1.001 -2.453 -1.87 -0.302
223 T 0.873 -1.629 -1.023 -1.673 0.119 -1.625 -1.858 -1.462 -1.798 1.507 -0.314 -1.29 -0.136 -1.216 -2.134 0.096 3.126 -2.364 -1.682 1.778
224 L -0.843 -2.463 -3.029 -3.31 -0.134 -2.732 -3.234 -0.879 -2.542 2.595 3.011 -2.487 1.42 0.187 -3.462 -2.712 -1.241 -2.062 -1.344 2.533
225 I -1.248 -3.007 -3.341 -3.313 -0.228 -3.172 -3.663 -3.446 -2.723 4.425 2.119 -2.708 1.292 0.192 -3.572 -3.08 -1.223 -2.204 -1.355 2.566
226 F -2.425 -2.976 -2.947 -3.409 -1.478 -3.921 -3.562 -2.974 -0.857 0.165 0.45 -3.377 0.092 6.635 -4.528 -3.12 -2.465 0.779 2.951 -0.612
227 L 0.53 -2.191 -2.508 -2.819 -0.024 -2.356 -2.726 -2.229 -2.171 2.342 2.451 -2.062 1.29 0.58 -2.96 -1.635 0.349 -1.98 -1.139 1.993
228 F -1.643 -2.548 -2.782 -3.283 -0.967 -2.862 -3.111 -3.087 -0.025 1.748 0.51 -2.645 0.22 4.597 -3.786 -2.801 -1.745 0.689 4.291 1.548
229 F -2.147 -2.802 -2.94 -3.338 -1.155 -3.409 -3.452 -3.0 -1.101 1.346 0.825 -3.058 1.825 6.025 -4.27 -3.002 -2.123 0.348 2.307 0.198
230 R -1.52 5.483 -0.448 -1.549 -2.245 0.532 -0.546 -2.114 0.113 -2.597 -2.013 2.033 -1.209 -2.458 -2.69 -1.392 -1.439 -2.22 -1.758 -2.147
231 Y -1.911 -1.876 -2.224 -3.121 -1.85 -1.882 -2.462 -3.031 2.006 -0.902 -1.009 -1.972 -0.781 3.25 -3.432 -2.536 -2.188 2.21 6.853 -1.078
232 F -1.908 -2.469 -2.83 -3.373 -1.104 -2.896 -3.15 -3.1 -0.013 0.806 1.52 -2.696 0.488 4.945 -3.913 -2.919 -2.027 0.786 4.255 0.482
233 T -0.552 1.272 1.726 -0.646 -0.832 1.146 -0.589 -1.249 -0.325 -0.8 -1.064 1.069 1.237 -1.773 -2.201 0.568 1.652 -2.366 -1.694 -0.458
234 K -0.98 1.793 1.33 -0.458 -2.055 0.546 0.391 -0.435 -0.191 -2.334 -2.467 4.262 -1.462 -2.84 -1.917 -0.896 -1.141 -2.676 -1.954 -2.183
235 G -1.007 -0.816 2.804 2.606 -2.032 -0.251 1.956 2.61 -0.091 -2.919 -3.209 0.098 -2.304 -2.726 -2.428 -0.786 -1.306 -2.831 -2.512 -2.636
236 K -0.986 2.69 -0.628 -1.263 -1.383 0.116 -0.472 -1.767 -0.634 -1.006 -0.096 3.38 -0.521 -1.879 -2.14 -0.914 0.81 -2.401 -1.769 -1.075
237 K -1.255 1.21 1.333 -0.498 -2.049 0.39 0.571 -1.506 2.892 -1.983 -1.99 3.353 -1.248 1.152 -1.482 -1.129 -1.35 -1.92 -0.353 -2.046
238 L -1.177 0.886 -1.47 -2.242 -0.856 -1.569 -2.015 -2.265 2.61 0.951 1.91 -1.06 0.585 2.358 -3.178 -0.416 -1.227 2.431 0.634 0.013
239 K -0.88 3.237 -0.688 -1.337 -1.733 0.212 -0.484 0.194 -0.443 -1.197 -1.262 3.362 1.112 -2.035 -2.319 -1.266 -1.337 0.002 -1.714 -1.424
240 I -1.132 -2.8 -3.274 -3.364 -0.11 -2.999 -3.451 -3.387 -2.742 3.816 2.2 -2.655 1.251 0.431 -3.533 -2.936 -1.084 -2.146 -1.207 3.07
241 F -2.094 -2.384 -2.672 -3.313 -1.429 -2.759 -3.033 -3.045 0.574 0.091 0.839 -2.614 0.359 5.211 -3.927 -2.867 -2.233 1.277 5.05 -0.52
242 A 2.378 1.075 -0.737 -1.357 -0.257 -1.026 -1.293 1.993 0.899 -1.563 -1.952 -0.391 -1.287 -1.572 -2.012 1.054 -0.513 -2.081 -0.249 -0.789
243 L -1.608 -2.74 -3.339 -3.473 -0.361 -3.105 -3.57 -3.44 -2.344 3.401 2.887 -2.752 1.457 2.364 -3.739 -3.178 -1.497 -1.49 -0.315 1.905
244 L -0.735 -1.786 -1.908 -2.432 -0.196 -1.92 -2.39 -2.241 -1.705 1.296 3.284 -1.783 2.465 0.232 -3.004 0.24 -0.775 -1.898 -1.281 0.577
245 P 0.301 -2.048 -2.001 -1.676 -1.224 -1.957 -1.683 -1.6 -1.659 -2.208 -2.651 -1.138 -2.286 -3.226 6.44 -1.265 -1.328 -4.322 -2.622 -1.894
246 L -1.694 -2.244 -2.744 -3.346 -0.985 -2.498 -2.947 -3.141 0.405 0.871 1.78 -2.414 0.577 3.705 -3.663 -2.806 -1.857 0.881 4.839 0.85
247 S 1.402 -1.081 -0.033 -0.728 -0.021 -0.966 -0.968 -0.388 -0.764 -1.415 -1.803 -0.65 -1.041 0.553 -1.739 2.855 1.383 -2.155 -1.089 -0.912
248 A 2.759 -1.853 -1.813 -2.051 0.346 -1.777 -1.878 -0.72 -1.762 1.53 -0.296 -1.375 -0.178 -1.247 -2.095 -0.101 0.689 -2.471 -1.681 1.982
249 L 0.865 -2.254 -2.255 -2.394 -0.277 -2.279 -2.412 0.796 -2.096 1.409 0.933 -1.799 0.083 -1.035 2.76 -1.527 -1.069 -2.7 -1.845 1.967
250 I 0.059 -2.739 -3.039 -3.113 -0.178 -2.902 -3.216 -2.661 -2.298 3.647 1.594 -2.486 1.122 1.974 -3.334 -2.381 -1.153 -1.727 -0.493 2.495
251 F 1.01 -2.191 -2.153 -2.536 1.655 -2.477 -2.496 -1.591 -1.291 0.3 1.428 -2.084 0.348 4.418 -3.027 -0.421 -1.212 -0.631 1.046 -0.088
252 S 2.553 -1.089 -0.218 -0.794 0.21 -0.92 -0.904 -0.02 -0.811 -1.567 -2.018 -0.577 -1.167 -2.007 -1.574 2.767 0.467 -2.608 -1.854 -0.784
253 G 0.489 -1.351 -0.164 -0.941 -0.487 -1.225 -1.347 2.582 -0.394 -1.761 -1.837 -0.922 -1.306 -0.147 -2.094 2.259 0.558 -1.378 1.457 -1.42
254 L -1.187 -2.493 -3.154 -3.412 -0.176 -2.803 -3.326 -1.545 -2.527 2.685 3.166 -2.561 1.518 0.701 -3.558 -2.902 -1.316 -1.934 -1.136 2.394
255 L -0.744 -1.654 -2.085 -2.555 -0.16 -1.41 -2.343 -2.381 -1.337 2.035 1.571 -1.596 5.052 0.041 -3.093 -0.673 -0.748 -1.732 -1.123 1.77
256 Y -1.475 -2.025 -2.127 -2.812 -0.925 -2.115 -2.614 -2.802 0.511 1.277 0.753 -2.028 1.145 3.078 -3.256 -1.942 0.368 0.8 4.839 0.524
257 Y -1.911 -1.876 -2.224 -3.121 -1.85 -1.882 -2.462 -3.031 2.006 -0.902 -1.009 -1.972 -0.781 3.25 -3.432 -2.536 -2.188 2.21 6.853 -1.078
258 L -1.723 -2.322 -3.422 -3.705 -0.431 -2.774 -3.36 -3.332 -2.235 1.662 3.82 -2.62 1.757 1.044 -3.859 -3.257 -1.769 4.666 -0.455 0.883
259 T 0.445 -1.008 0.101 -0.701 -0.002 -0.92 -1.032 -0.746 -0.991 -1.053 -1.729 -0.623 -0.943 -1.857 -1.677 2.475 3.231 -2.462 -1.83 -0.539
260 Y 0.555 -0.564 0.083 -1.326 -0.905 -0.632 -1.14 -1.188 0.803 -1.437 -1.668 0.776 -1.06 1.223 -2.289 1.043 -0.595 0.309 4.459 -1.194
261 H -1.526 1.596 1.753 -0.793 -1.98 -0.023 -0.644 -1.598 5.573 -1.347 -1.891 1.682 -1.143 0.754 -2.63 -1.267 -0.997 -1.653 0.724 -1.844
262 F -2.433 -2.995 -2.959 -3.413 -1.473 -3.963 -3.581 -2.973 -0.927 0.178 0.466 -3.403 0.103 6.663 -4.547 -3.129 -2.469 0.753 2.832 -0.606
263 S 0.142 -0.875 2.643 -0.134 -0.337 -0.828 -0.947 -0.575 -0.425 -1.449 -2.069 -0.548 -1.222 -2.001 -1.862 2.201 2.534 -2.603 -1.904 -0.974
264 W -0.603 -2.384 -3.042 -3.417 -1.861 -2.742 -2.843 -2.011 -1.229 -1.71 -1.591 -2.613 -1.261 1.439 -4.667 -2.676 -2.422 10.253 1.857 -1.87
265 S 1.22 0.952 -0.051 -0.803 -0.295 -0.812 -1.013 1.767 -0.753 -1.915 -2.277 -0.242 -1.365 -2.151 -1.864 2.429 0.872 -2.555 -2.015 -1.295
266 S 0.062 -0.638 1.133 2.603 -0.855 1.204 0.098 -0.65 1.696 -2.293 -2.645 -0.248 -1.469 -2.301 -1.937 2.263 0.078 -2.724 -1.669 -1.883
267 P -0.524 -1.984 -1.359 -1.466 -1.387 -1.494 -1.729 2.202 -1.52 -2.558 -2.943 -1.159 -2.402 -3.146 5.733 -0.567 -1.29 -3.817 -2.735 -2.318
268 F -1.998 0.401 -2.585 -3.134 -1.099 -2.556 -2.946 -2.951 -1.121 0.912 1.684 -1.807 1.366 5.265 -3.953 -2.765 -1.702 -0.102 1.696 0.01
269 Y -1.904 -2.061 -2.517 -3.266 -1.402 -2.215 -2.742 -3.112 1.248 0.046 1.156 -2.217 0.148 3.591 -3.59 -2.732 -2.104 1.577 5.925 -0.462
270 V 0.59 -2.514 -2.89 -3.058 0.231 -2.574 -2.837 -2.474 -2.745 2.979 0.763 -2.298 0.641 -0.548 -3.057 -1.981 -0.61 -2.469 -1.432 3.958
271 A 1.745 1.243 0.074 -1.136 -0.343 -0.067 -0.887 -0.694 -0.702 -0.914 -0.151 0.934 -0.222 -1.04 -2.01 1.228 -0.162 -2.361 -1.597 -0.677
272 L 0.104 -2.563 -3.11 -3.197 -0.061 -2.746 -3.16 -2.701 -2.499 3.376 2.514 -2.4 1.27 0.092 -3.271 -2.398 -1.133 -2.15 -1.353 2.467
273 N -1.759 -0.514 5.842 1.183 -1.945 -0.626 -0.824 -0.253 0.87 -2.811 -3.25 -0.394 -2.26 -2.473 -2.686 -0.217 -0.55 -3.065 -2.167 -2.659
274 N -1.221 0.312 4.195 0.959 -1.936 1.093 -0.297 1.27 0.343 -2.656 -2.905 1.863 -1.832 -2.684 -2.407 -0.571 -0.918 -2.824 -2.129 -2.464
275 L -1.87 -2.493 -3.291 -3.618 -0.587 -3.077 -3.46 -3.309 -1.85 1.458 3.432 -2.816 1.545 4.066 -3.947 -3.216 -1.909 -0.695 0.776 0.583
276 I -1.288 -2.472 -2.452 -2.861 -0.441 -2.67 -3.03 -2.848 -1.772 2.818 1.05 -2.387 1.988 3.692 -3.418 -2.064 0.498 -0.968 0.568 1.938
277 S 0.558 -0.96 0.635 -0.534 -0.064 -0.853 -0.93 -0.246 -0.8 -1.359 -1.966 -0.559 -1.087 -1.935 -1.684 2.766 2.626 -2.53 -1.861 -0.827
278 G -0.6 -1.875 -1.447 -2.154 -0.723 -1.604 -2.568 3.739 -1.282 0.213 0.654 -1.638 4.476 -0.64 -3.126 -1.62 -1.501 -1.855 -1.743 -0.254
279 R -1.633 5.687 -0.561 -1.662 -2.358 0.419 -0.659 -2.227 -0.0 -2.71 -2.127 1.92 -1.322 -2.571 -2.803 -1.505 -1.553 -2.333 -1.871 -2.26
280 L -1.639 -2.285 -3.461 -3.719 -0.249 -2.739 -3.404 -3.481 -2.412 1.906 4.193 -2.577 2.034 0.734 -3.703 -3.257 -1.679 -1.749 -1.155 1.007
281 A 2.286 0.887 -0.857 -1.552 -0.422 -0.983 -1.218 -0.663 3.942 -1.331 -1.491 -0.544 -0.967 1.48 -2.191 0.398 -0.853 -1.496 0.713 -0.875
282 L -1.639 -2.285 -3.461 -3.719 -0.249 -2.739 -3.404 -3.481 -2.412 1.906 4.193 -2.577 2.034 0.734 -3.703 -3.257 -1.679 -1.749 -1.155 1.007
283 G -0.009 -2.456 -0.539 -1.422 -1.419 -2.294 -2.721 5.9 -1.575 -3.314 -3.559 -1.75 -2.766 -2.777 -2.878 -1.101 -2.018 -2.539 -3.247 -2.963
284 K -1.292 3.375 1.42 -0.735 -2.177 0.404 -0.206 -1.512 2.926 -2.475 -2.401 3.417 -1.417 -2.475 -2.251 -1.091 -1.31 -2.455 -1.248 -2.304
285 N -1.069 -0.385 3.965 2.151 -1.82 1.253 1.835 -0.804 0.447 -2.668 -2.932 0.003 -1.85 -2.587 -2.298 0.326 -0.648 -2.839 -2.087 -2.333
286 A 4.143 -1.582 -1.761 -1.786 0.581 -1.419 -1.397 0.275 -1.31 -0.929 -1.42 -0.947 -0.972 -1.947 -1.574 0.356 -0.521 -2.539 -1.854 0.04
287 L -1.831 -2.458 -3.143 -3.483 -0.636 -2.897 -3.361 -3.198 -1.651 1.656 2.934 -2.713 2.431 4.293 -3.927 -3.057 -1.837 -0.573 0.96 0.663
288 D -0.882 -0.014 3.157 2.831 -1.431 -0.406 -0.115 -0.835 -0.13 -2.136 -2.644 1.648 -1.751 -2.504 -2.128 0.49 0.775 -2.919 -2.206 -1.899
289 T -0.552 -0.253 -0.698 -1.398 -0.398 -0.858 -1.243 -1.697 -1.316 0.032 0.991 1.444 0.082 -1.134 -2.103 0.061 2.942 -2.246 -1.667 -0.049
290 Y -2.011 -2.074 -2.361 -3.179 -1.768 -2.206 -2.66 -3.019 1.598 -0.644 -0.637 -2.215 -0.575 4.356 -3.629 -2.649 -2.244 1.964 6.367 -0.974
291 G 0.721 -1.129 -0.227 2.02 -1.143 -0.589 1.396 2.656 -0.757 -2.361 -2.729 -0.124 -1.945 -2.583 0.332 0.314 -0.536 -2.79 -2.436 -1.858
292 L -1.065 -2.616 -3.273 -3.43 -0.064 -2.861 -3.343 -3.346 -2.722 3.276 2.694 -2.596 1.394 0.177 -3.515 -2.894 -1.1 -2.137 -1.296 3.028
293 H -1.548 1.56 2.834 -0.213 -2.202 0.958 0.006 -1.314 5.768 -2.662 -2.661 1.114 -1.498 -1.871 -1.503 -1.053 -1.424 -2.209 -0.038 -2.621
294 L -1.711 -2.167 -3.007 -3.265 -0.805 -2.062 -2.862 -3.018 -1.172 0.963 2.994 -2.258 1.12 0.945 0.948 -2.907 -1.841 5.552 1.955 0.193
295 F -2.433 -2.995 -2.959 -3.413 -1.473 -3.963 -3.581 -2.973 -0.927 0.178 0.466 -3.403 0.103 6.663 -4.547 -3.129 -2.469 0.753 2.832 -0.606
296 G -0.009 -2.456 -0.539 -1.422 -1.419 -2.294 -2.721 5.9 -1.575 -3.314 -3.559 -1.75 -2.766 -2.777 -2.878 -1.101 -2.018 -2.539 -3.247 -2.963
297 T -0.301 -0.774 1.392 -0.755 -0.352 0.69 -0.97 -1.326 -0.848 0.045 -1.179 -0.323 -0.633 -1.764 -1.998 0.232 3.629 -2.372 -1.77 -0.025
298 R -0.924 4.014 0.086 -1.31 -1.779 -0.137 -0.809 -1.8 -0.435 -2.301 -2.251 1.82 -1.536 -2.703 3.083 -1.136 -0.38 -2.824 -2.06 -1.951
299 G -0.505 -1.569 2.169 0.36 -1.422 -1.12 0.438 4.219 -0.688 -1.426 -2.457 -1.037 -1.894 -2.358 -2.717 -0.983 -1.389 -2.65 -2.563 -0.48
300 V -0.635 -2.563 -2.634 -2.933 0.069 -2.649 -2.992 -2.966 -2.741 3.478 0.95 -2.342 0.764 -0.388 -3.157 -2.042 0.564 -2.397 -1.428 3.648
301 Q -0.713 0.828 -0.309 -0.352 -1.631 3.665 1.508 -1.489 0.169 -1.772 -1.034 2.181 -0.6 -2.423 -2.098 0.031 -0.857 -2.384 -1.589 -1.605
302 F -2.433 -2.995 -2.959 -3.413 -1.473 -3.963 -3.581 -2.973 -0.927 0.178 0.466 -3.403 0.103 6.663 -4.547 -3.129 -2.469 0.753 2.832 -0.606
303 I -1.356 0.412 -2.659 -2.896 -0.422 -2.295 -2.917 -3.224 -2.215 4.208 1.183 -0.97 0.872 -0.21 -3.37 -2.691 -0.927 -2.313 -1.455 2.54
304 G -0.009 -2.456 -0.539 -1.422 -1.419 -2.294 -2.721 5.9 -1.575 -3.314 -3.559 -1.75 -2.766 -2.777 -2.878 -1.101 -2.018 -2.539 -3.247 -2.963
305 Y -0.596 -1.324 1.133 -1.237 -1.115 -1.273 -1.542 -1.442 1.242 -1.406 -1.615 -1.159 -1.079 1.889 -2.6 1.144 -0.61 0.901 5.265 -1.322
306 G -0.009 -2.456 -0.539 -1.422 -1.419 -2.294 -2.721 5.9 -1.575 -3.314 -3.559 -1.75 -2.766 -2.777 -2.878 -1.101 -2.018 -2.539 -3.247 -2.963
307 G -0.009 -2.456 -0.539 -1.422 -1.419 -2.294 -2.721 5.9 -1.575 -3.314 -3.559 -1.75 -2.766 -2.777 -2.878 -1.101 -2.018 -2.539 -3.247 -2.963
308 K -0.007 1.172 -0.057 -0.728 -0.76 -0.069 -0.403 -0.965 -0.608 -1.672 -2.075 2.77 -1.155 -2.294 -1.744 1.664 1.616 -2.556 -1.858 -1.269
309 T -0.211 -1.191 -0.238 -1.113 0.023 -1.202 -1.477 -1.428 -1.512 -0.323 -1.156 -0.89 -0.631 -1.679 -1.786 0.606 4.522 -2.283 -1.805 0.131
310 E -1.018 -0.221 -0.437 1.419 -2.51 1.248 4.712 -2.048 0.294 -2.863 -2.802 0.578 -1.852 -2.707 -1.98 -0.89 -1.4 -2.486 -2.007 -2.233
311 S 1.053 -0.981 0.123 -0.629 0.03 -0.859 -0.916 -0.475 -0.852 -1.342 -1.93 -0.557 -1.059 -1.926 -1.634 2.825 2.448 -2.53 -1.84 -0.763
312 V -0.347 -2.594 -3.033 -3.264 0.234 -2.695 -3.003 -3.062 -3.01 2.971 0.86 -2.491 0.74 -0.486 -3.275 -2.394 -0.559 -2.483 -1.384 4.353
313 L -1.208 -2.105 -2.34 -2.836 -0.48 -2.263 -2.744 -2.762 0.126 2.281 2.696 -2.11 1.524 1.275 -3.295 -1.036 -1.218 -0.677 2.493 1.016
314 G 0.072 -0.994 3.283 0.651 -0.833 -0.911 -0.932 2.291 -0.17 -2.491 -2.898 -0.619 -1.857 -2.332 -2.139 2.065 0.025 -2.778 -2.212 -2.054
315 Y -1.911 -1.876 -2.224 -3.121 -1.85 -1.882 -2.462 -3.031 2.006 -0.902 -1.009 -1.972 -0.781 3.25 -3.432 -2.536 -2.188 2.21 6.853 -1.078
316 N -1.551 -0.693 5.244 2.18 -1.696 -0.721 -0.623 -0.459 0.541 -2.404 -2.959 -0.501 -2.077 -2.427 -2.538 -0.192 0.623 -3.023 -2.217 -2.206
317 Y -1.965 -1.981 -2.297 -3.152 -1.806 -2.052 -2.567 -3.024 1.794 -0.76 -0.802 -2.1 -0.668 3.897 -3.537 -2.596 -2.218 2.08 6.601 -1.022
318 V -0.332 -2.585 -3.028 -3.263 0.241 -2.686 -2.992 -3.054 -3.014 2.931 0.847 -2.487 0.733 -0.497 -3.27 -2.383 -0.55 -2.486 -1.384 4.373
319 D -1.876 -1.687 1.1 5.975 -2.471 -0.971 0.951 -1.222 -0.635 -2.824 -3.59 -0.928 -2.796 -3.018 -2.388 -1.051 -1.512 -3.63 -3.142 -2.963
320 S 0.969 -0.84 0.398 -0.347 -0.026 -0.669 -0.654 -0.205 -0.559 -2.01 -2.427 -0.384 -1.285 -2.042 -1.574 3.581 0.912 -2.648 -1.854 -1.391
321 S 0.969 -0.84 0.398 -0.347 -0.026 -0.669 -0.654 -0.205 -0.559 -2.01 -2.427 -0.384 -1.285 -2.042 -1.574 3.581 0.912 -2.648 -1.854 -1.391
322 Y -1.911 -1.876 -2.224 -3.121 -1.85 -1.882 -2.462 -3.031 2.006 -0.902 -1.009 -1.972 -0.781 3.25 -3.432 -2.536 -2.188 2.21 6.853 -1.078
323 V -0.926 -2.804 -3.219 -3.318 -0.021 -2.953 -3.366 -3.323 -2.85 3.822 1.758 -2.623 1.102 -0.057 -3.461 -2.804 -0.927 -2.305 -1.357 3.478
324 Q -0.975 1.051 -0.21 -0.494 -2.017 4.945 1.192 -1.562 0.574 -2.326 -2.116 1.827 -0.582 -3.04 -2.194 -0.867 -1.085 -2.322 -1.436 -1.908
325 L -1.072 -1.586 -2.517 -2.95 -0.206 -1.285 -2.507 -2.721 -1.229 1.702 1.926 -1.641 5.782 0.285 -3.333 -2.144 -1.072 -1.507 -0.978 1.558
326 L -1.584 -2.184 -3.331 -3.617 -0.251 -2.513 -3.282 -3.381 -2.228 1.864 4.019 -2.443 2.874 0.696 -3.661 -3.105 -1.615 -1.709 -1.129 0.994
327 F -2.333 -2.907 -3.011 -3.445 -1.308 -3.798 -3.561 -3.026 -1.059 0.43 1.208 -3.299 0.393 6.369 -4.44 -3.143 -2.37 0.561 2.581 -0.375
328 T -0.846 -1.501 -0.674 -1.816 -0.536 -1.547 -1.936 -2.042 0.156 -0.153 0.215 -1.361 -0.238 1.131 -2.439 -0.45 2.997 0.079 3.967 -0.12
329 Y -1.911 -1.876 -2.224 -3.121 -1.85 -1.882 -2.462 -3.031 2.006 -0.902 -1.009 -1.972 -0.781 3.25 -3.432 -2.536 -2.188 2.21 6.853 -1.078
330 G -0.009 -2.456 -0.539 -1.422 -1.419 -2.294 -2.721 5.9 -1.575 -3.314 -3.559 -1.75 -2.766 -2.777 -2.878 -1.101 -2.018 -2.539 -3.247 -2.963
331 I -0.321 -1.998 -1.467 -1.94 -0.129 -1.939 -2.207 -1.908 -1.733 3.201 0.972 -1.646 1.504 -0.437 -2.725 0.958 -0.27 -2.316 -1.485 1.957
332 V -0.847 -2.692 -3.13 -3.336 -0.057 -2.92 -3.238 -3.186 -2.585 3.095 1.633 -2.64 0.954 1.941 -3.502 -2.694 -0.953 -1.774 -0.458 3.518
333 P 0.409 -1.959 -1.687 -1.637 -1.023 -1.921 -1.692 -1.453 -1.418 -1.764 -2.03 -1.212 -1.747 1.037 5.652 -0.187 -1.045 -2.885 -1.148 -1.592
334 V -0.599 -2.602 -3.122 -3.326 0.124 -2.757 -3.127 -3.166 -2.897 3.088 1.701 -2.531 1.007 -0.216 -3.364 -2.574 -0.753 -2.346 -1.35 3.918
335 I -0.557 -2.703 -3.166 -3.285 -0.066 -2.893 -3.282 -3.076 -2.632 3.517 2.034 -2.562 1.133 0.83 -3.423 -2.657 -1.031 -2.058 -1.023 3.114
336 L -0.476 -2.328 -3.258 -3.441 -0.169 -2.657 -3.221 -2.953 -2.351 2.421 3.668 -2.427 1.891 0.495 -3.453 -2.725 -1.471 -1.878 -1.233 1.374
337 L -1.718 -2.356 -3.401 -3.683 -0.362 -2.852 -3.423 -3.42 -2.204 1.758 3.95 -2.658 1.873 2.359 -3.786 -3.243 -1.757 -1.338 -0.329 0.866
338 V -0.844 -2.858 -3.19 -3.278 0.009 -2.969 -3.353 -3.3 -2.904 3.946 1.307 -2.624 0.976 -0.163 -3.432 -2.749 -0.849 -2.374 -1.38 3.67
339 L 0.491 -2.562 -2.953 -3.101 3.913 -2.724 -3.093 -1.772 -2.402 2.856 2.168 -2.365 0.974 0.304 -3.159 -2.073 -1.166 -2.168 -1.34 2.033
340 L -1.594 -2.68 -3.322 -3.478 -0.356 -3.037 -3.528 -3.417 -2.304 3.252 2.957 -2.72 1.655 2.371 -3.733 -3.151 -1.503 -1.467 -0.305 1.856
341 Y -1.665 -1.792 -1.923 -2.815 -1.571 -1.798 -2.335 -2.802 1.771 -0.832 -1.025 -1.83 -0.764 2.974 -3.195 -1.964 -0.151 1.945 6.531 -0.916
342 V -0.791 -2.369 -2.571 -2.964 -0.075 -2.517 -2.909 -2.877 -2.269 2.609 1.47 -2.306 1.681 1.893 -3.253 -2.036 0.439 -1.706 -0.468 3.133
343 V -0.894 -2.605 -3.162 -3.358 -0.034 -2.803 -3.233 -3.228 -2.631 3.128 2.115 -2.568 1.487 1.004 -3.479 -2.731 -0.979 -1.99 -0.915 3.363
344 R 1.36 2.681 -0.895 -1.364 -0.758 2.437 -0.274 -1.191 -0.356 -0.264 -1.257 0.592 -0.592 -2.066 -2.283 -0.333 -0.842 -2.399 -1.644 0.395
345 S 1.147 -0.861 0.35 -0.384 -0.005 -0.69 -0.675 -0.188 -0.58 -1.969 -2.389 -0.4 -1.275 -2.039 -1.574 3.518 0.876 -2.644 -1.854 -1.333
346 W -1.818 2.744 -1.832 -2.471 -1.642 -1.08 -1.78 -2.497 -0.986 1.513 -0.569 0.89 -0.457 -0.276 -3.519 -2.358 -1.747 7.6 0.158 0.037
347 K -0.764 2.371 -0.472 0.654 -1.543 1.342 0.588 -1.707 -0.241 -0.93 -1.676 2.721 -0.963 -1.785 -2.227 -0.798 -0.469 -2.142 -0.281 -0.098
348 L -0.609 -0.882 -1.037 -1.007 -0.724 1.772 0.574 -1.869 -0.748 2.014 0.72 -0.539 0.265 0.03 -2.565 0.44 -0.625 -2.146 -1.211 0.762
349 Y -1.616 -2.006 -2.318 -3.087 -1.273 -2.096 -2.588 -2.971 1.711 0.289 0.519 -2.113 -0.067 3.234 -3.457 -2.286 -1.838 1.463 5.844 0.526
350 K -0.983 3.103 -0.372 -0.971 -1.799 1.668 0.063 -1.616 -0.218 -2.044 -2.104 3.598 -1.124 -2.683 -2.043 -0.84 0.296 -2.486 -1.807 -1.754
351 K -0.806 1.441 0.02 1.832 -1.833 2.903 1.286 -1.364 0.044 -2.389 -2.432 2.455 -1.213 -2.823 -2.055 0.059 -0.899 -2.608 -1.857 -2.063
352 G -0.372 -0.234 1.339 -0.861 -1.624 -1.079 -1.516 4.787 -0.865 -2.965 -3.179 1.436 -2.294 -2.767 -2.571 -0.966 -1.609 -2.615 -2.732 -2.7
353 N -1.376 1.226 3.084 1.848 -2.012 2.795 0.625 -1.159 1.597 -2.269 -2.237 1.063 -0.319 -2.501 -2.436 -0.788 -1.046 -2.6 -1.633 -2.12
354 Y -1.882 -1.906 -2.219 -3.093 -1.741 -1.933 -2.486 -3.0 2.121 -0.643 -0.781 -2.017 -0.23 3.498 -3.47 -2.541 -2.141 2.031 6.587 -0.739
355 L -1.668 -2.237 -3.295 -3.646 -0.389 -2.63 -3.283 -3.428 -1.436 1.699 3.912 -2.503 1.827 1.149 -3.672 -3.167 -1.732 -0.933 1.681 0.837
356 L -1.618 -2.316 -2.591 -3.098 -0.654 -2.674 -3.05 -3.001 -0.903 1.711 2.471 -2.428 1.009 3.648 -3.532 -2.357 -0.01 -0.219 2.664 0.671
357 L -1.135 -2.382 -3.31 -3.559 -0.076 -2.721 -3.26 -3.332 -2.599 2.29 3.443 -2.546 1.662 0.379 -3.552 -2.935 -1.252 -1.975 -1.229 2.6
358 A 3.19 -1.68 -1.54 -1.838 4.229 -1.574 -1.672 -0.316 -1.538 -0.493 -1.119 -1.166 -0.361 -1.79 -1.835 0.145 1.313 -2.537 -1.906 0.326
359 L -0.862 -2.636 -3.167 -3.309 2.203 -2.828 -3.362 -3.132 -2.548 3.458 2.586 -2.533 1.744 0.163 -3.456 -2.705 -0.987 -2.122 -1.353 2.361
360 L -1.639 -2.285 -3.461 -3.719 -0.249 -2.739 -3.404 -3.481 -2.412 1.906 4.193 -2.577 2.034 0.734 -3.703 -3.257 -1.679 -1.749 -1.155 1.007
361 S 0.895 -1.267 -0.176 -0.855 4.125 -1.125 -1.156 -0.593 -0.974 0.168 -1.43 -0.817 -0.861 -1.71 -1.898 2.856 0.494 -2.668 -1.895 -0.371
362 L -0.082 -2.233 -3.21 -3.409 -0.144 -2.581 -3.114 -2.734 -2.283 1.929 3.816 -2.351 1.781 0.506 -3.369 -2.547 -1.501 -1.85 -1.235 1.026
363 I -1.071 -2.995 -3.254 -3.274 -0.088 -3.101 -3.516 -3.405 -2.871 4.312 1.371 -2.684 1.043 -0.058 -3.496 -2.906 -0.966 -2.345 -1.384 3.362
364 A 3.048 -1.367 -0.918 -1.375 0.354 -1.258 -1.328 -0.212 -1.275 -0.822 -1.429 -0.861 -0.894 -1.871 -1.638 1.015 2.171 -2.469 -1.839 -0.059
365 V -0.985 -2.74 -3.122 -3.34 -0.368 -3.024 -3.267 -3.021 -2.209 2.896 1.157 -2.717 0.669 2.725 -3.724 -2.772 -1.234 4.693 0.362 2.901
366 N -1.759 -0.514 5.842 1.183 -1.945 -0.626 -0.824 -0.253 0.87 -2.811 -3.25 -0.394 -2.26 -2.473 -2.686 -0.217 -0.55 -3.065 -2.167 -2.659
367 C -0.333 -3.003 -2.402 -2.938 9.452 -3.052 -3.388 -1.947 -2.64 -0.94 -1.276 -2.722 -1.189 -2.117 -3.053 -0.416 -1.043 -3.249 -2.759 -0.594
368 M -1.179 -1.482 -2.459 -2.913 -0.267 -1.15 -2.452 -2.682 -1.067 1.504 2.036 -1.551 6.065 0.369 -3.341 -2.115 -1.145 -1.405 -0.931 0.891
369 I -1.411 -3.102 -3.275 -3.292 -0.301 -3.296 -3.663 -3.442 -2.549 4.329 1.398 -2.806 1.024 2.032 -3.654 -3.071 -1.212 -1.758 -0.48 2.78
370 E 0.253 -0.344 -0.558 1.196 -1.952 1.047 4.415 -1.677 0.154 -2.572 -2.611 0.443 -1.74 -2.612 -1.932 -0.722 -1.288 -2.492 -1.989 -1.872
371 A 3.848 -1.433 -1.432 -1.696 0.365 -1.265 -1.297 0.106 2.583 -1.084 -1.537 -0.938 -1.013 -1.818 -1.691 0.189 -0.674 -2.411 -1.204 -0.182
372 F -2.356 -2.575 -2.338 -3.035 -1.565 -3.23 -3.052 -2.816 2.676 -0.034 0.244 -2.983 -0.028 6.348 -4.301 -2.927 -2.453 0.571 2.716 -0.8
373 W -2.602 -2.459 -3.286 -3.719 -2.091 -2.902 -3.103 -2.561 -1.343 -1.169 -0.118 -2.853 -0.732 0.998 -5.241 -3.431 -2.646 10.373 1.846 -1.702
374 I -1.536 -3.015 -3.171 -3.327 -0.511 -3.39 -3.577 -3.28 -2.056 3.541 1.208 -2.919 0.803 4.016 -3.828 -3.026 -1.433 -0.902 0.764 2.387
375 R -1.068 4.159 -1.157 -1.467 -1.224 -0.163 0.35 -2.455 -0.659 0.475 -0.811 0.881 -0.505 -1.715 -2.841 -1.687 -1.163 -2.4 -1.713 1.732
376 P -0.935 -2.112 -2.032 -1.662 -1.556 -2.032 -1.721 -1.951 -1.706 -2.416 -2.849 -1.163 -2.502 -3.434 6.76 -1.551 -1.447 -4.648 -2.734 -2.26
377 S 0.402 -1.167 -0.044 -0.837 -0.301 -1.052 -1.174 1.262 -0.385 -1.502 -1.998 -0.771 -1.187 -0.704 -1.908 2.411 1.931 -1.436 1.431 -1.054
378 Y -1.911 -1.876 -2.224 -3.121 -1.85 -1.882 -2.462 -3.031 2.006 -0.902 -1.009 -1.972 -0.781 3.25 -3.432 -2.536 -2.188 2.21 6.853 -1.078
379 N -1.771 -0.623 5.571 2.302 -1.999 -0.662 -0.564 -0.346 0.736 -2.813 -3.286 -0.449 -2.315 -2.529 -2.652 -0.298 -0.642 -3.123 -2.261 -2.691
380 I -1.324 -3.124 -3.322 -3.278 -0.19 -3.232 -3.686 -3.515 -2.832 4.612 1.505 -2.744 1.127 0.057 -3.564 -3.076 -1.097 -2.305 -1.384 2.992
381 F -2.433 -2.995 -2.959 -3.413 -1.473 -3.963 -3.581 -2.973 -0.927 0.178 0.466 -3.403 0.103 6.663 -4.547 -3.129 -2.469 0.753 2.832 -0.606
382 L -0.957 -1.582 -2.03 -2.542 -0.349 -1.355 -2.321 -2.328 -1.038 1.382 1.603 -1.58 5.312 2.076 -3.193 -0.68 -0.938 -1.196 -0.258 0.675
383 F -2.19 -2.726 -2.818 -3.331 -1.384 -3.289 -3.312 -3.048 -0.086 1.075 0.358 -2.951 0.077 5.818 -4.149 -2.991 -2.232 0.958 4.166 -0.051
384 L -0.867 -2.34 -2.585 -2.933 -0.127 -2.519 -3.01 -2.913 -2.37 3.095 2.558 -2.24 1.629 0.083 -3.198 -2.05 0.628 -2.078 -1.348 2.184
385 L -1.556 -2.18 -3.252 -3.553 -0.247 -2.495 -3.252 -3.343 -2.221 1.933 3.948 -2.416 2.846 0.662 -3.622 -2.999 -1.323 -1.725 -1.141 1.029
386 F -2.156 -2.689 -2.957 -3.389 -1.134 -3.318 -3.41 -2.999 -1.094 0.628 1.468 -3.02 1.935 5.985 -4.27 -3.013 -2.182 0.344 2.273 -0.151
387 A 3.064 -1.529 -1.053 -1.498 0.251 -1.416 -1.511 1.533 -1.363 -0.96 -1.544 -0.99 -1.035 -1.956 -1.75 0.484 1.793 -2.472 -1.966 -0.188
388 T 0.123 0.494 0.498 1.193 0.965 -0.897 -0.838 -1.106 -0.947 -0.421 -1.259 0.087 -0.856 -1.827 -2.053 1.341 2.048 -2.596 -1.919 0.394
389 L -1.253 -1.61 2.771 -0.7 -0.943 -1.649 -1.238 0.875 -0.694 1.324 0.773 -1.416 -0.061 1.607 -2.998 -1.184 0.302 -1.868 -0.775 0.262
390 T -0.246 -1.529 -0.832 -1.499 -0.129 -1.534 -1.727 -1.66 -1.537 0.632 -0.17 -1.19 -0.292 -1.17 1.32 0.511 3.067 -2.301 -0.909 1.284
391 E -0.892 -0.095 -0.311 1.545 -2.384 1.373 4.43 -1.922 0.42 -2.737 -2.676 0.704 -1.726 -2.581 -1.854 -0.764 -1.274 -2.36 -1.881 -2.107
392 F -0.62 -1.857 -2.064 -1.667 -0.858 0.006 -1.909 -2.295 -1.092 0.871 0.878 -1.765 0.245 4.567 -0.405 -1.546 -1.216 -0.593 1.185 0.811
393 D -0.453 -1.609 -0.155 2.232 -0.862 -1.515 -1.017 1.112 -1.279 1.146 -0.592 -0.672 0.429 -1.529 1.209 0.092 -0.823 -2.804 -2.121 0.571
394 K -0.623 2.261 0.357 -0.041 -1.615 1.051 0.829 -1.658 -0.341 0.164 -1.391 2.994 -0.848 -2.156 -2.23 -1.141 -1.162 -2.546 -1.816 -0.374
395 K 0.247 0.128 0.788 1.217 -1.333 -0.511 -0.109 1.052 -0.451 -0.99 -1.312 2.241 -1.139 0.861 -2.298 -0.619 -1.186 -1.819 0.112 -1.286
396 E -0.713 1.483 -0.608 0.096 -1.708 0.275 2.576 1.023 -0.348 -1.219 -1.858 1.245 -1.414 -2.366 0.733 -0.377 -1.165 -2.597 -2.075 -1.324
397 R -1.52 5.483 -0.448 -1.549 -2.245 0.532 -0.546 -2.114 0.113 -2.597 -2.013 2.033 -1.209 -2.458 -2.69 -1.392 -1.439 -2.22 -1.758 -2.147
398 S 0.197 -0.919 0.06 -0.771 -0.364 0.755 -0.348 0.022 -0.724 0.591 -0.315 -0.547 0.014 -1.432 -2.104 2.115 0.491 -2.444 -1.705 0.118
399 N -1.294 0.393 3.33 2.387 -1.92 0.032 1.087 -1.026 0.097 -1.76 -2.544 2.245 -1.72 -2.548 -2.204 -0.629 -0.312 -2.861 -2.139 -1.934
400 D -0.533 -0.196 1.001 3.122 -1.339 -0.04 1.682 -1.073 -0.338 -2.143 -2.585 1.294 -1.677 -2.494 -1.94 0.881 0.612 -2.803 -2.179 -1.804
401 V 1.075 -1.94 -1.053 -1.881 -0.015 -1.855 -1.502 -1.518 -1.511 2.307 0.598 -1.586 0.293 0.622 -2.594 0.131 -0.477 -1.95 -0.352 2.267
402 D -1.115 -0.184 0.849 2.078 -1.441 -0.819 0.091 0.383 -0.201 0.527 -1.198 1.056 -0.939 0.468 -2.597 -0.9 -0.969 -1.298 1.754 -0.071
403 Y -1.798 -1.763 -2.111 -3.008 -1.737 -1.769 -2.349 -2.918 2.119 -0.789 -0.896 -1.859 -0.668 3.363 -3.319 -2.423 -2.075 2.323 6.624 -0.965
404 S 1.082 -0.727 0.511 -0.234 0.087 -0.555 -0.541 -0.092 -0.446 -1.897 -2.314 -0.271 -1.172 -1.929 -1.461 3.212 1.025 -2.535 -1.741 -1.278
405 E -0.905 -0.107 -0.324 1.532 -2.397 1.361 4.46 -1.935 0.407 -2.75 -2.688 0.691 -1.739 -2.593 -1.867 -0.777 -1.286 -2.373 -1.893 -2.12
406 E -0.905 -0.107 -0.324 1.532 -2.397 1.361 4.46 -1.935 0.407 -2.75 -2.688 0.691 -1.739 -2.593 -1.867 -0.777 -1.286 -2.373 -1.893 -2.12
407 F -2.32 -2.882 -2.846 -3.3 -1.36 -3.85 -3.468 -2.86 -0.814 0.291 0.579 -3.29 0.216 6.492 -4.434 -3.016 -2.356 0.866 2.945 -0.493
408 L -1.526 -2.172 -3.348 -3.606 -0.136 -2.626 -3.291 -3.368 -2.299 2.019 4.014 -2.464 2.147 0.847 -3.59 -3.144 -1.566 -1.636 -1.042 1.12
409 L 0.782 0.391 1.334 -0.72 -0.764 -0.559 0.139 -0.048 -0.619 -0.612 0.275 1.11 1.002 -1.436 -0.528 -0.389 -0.013 -2.406 -1.784 -0.654
410 L -0.926 0.55 -0.96 0.176 -1.083 -0.02 1.51 1.175 -0.861 0.13 1.165 -0.432 0.34 -1.105 -2.611 -1.069 0.219 -2.244 -1.821 -0.429
411 D -1.752 -1.563 1.224 5.795 -2.348 -0.847 1.075 -1.099 -0.511 -2.701 -3.467 -0.805 -2.673 -2.895 -2.265 -0.927 -1.388 -3.506 -3.019 -2.84
412 K -0.802 2.118 -0.243 -0.697 -1.953 0.832 0.338 -1.317 -0.218 -2.098 -2.215 4.426 -1.199 -2.781 -1.662 -0.856 -1.057 -2.524 -1.764 -1.974
413 T -0.088 -1.068 -0.114 -0.99 0.146 -1.078 -1.353 -1.304 -1.388 -0.199 -1.032 -0.766 -0.507 -1.556 -1.662 0.73 4.169 -2.16 -1.682 0.254
414 E -0.894 -0.097 -0.314 1.543 -2.386 1.371 4.435 -1.925 0.417 -2.739 -2.678 0.701 -1.729 -2.583 -1.857 -0.766 -1.276 -2.363 -1.883 -2.109
415 L -0.839 1.22 2.122 1.522 -1.166 -0.745 0.271 -1.616 -0.521 0.141 1.315 0.056 0.01 -1.058 -2.733 -0.92 -1.122 -2.452 -1.805 -0.355
416 V 1.012 -0.332 -0.832 -1.087 -0.341 -0.907 0.53 -1.408 -0.907 0.772 0.048 -0.296 -0.204 0.216 -2.37 0.331 -0.344 -1.876 0.042 1.648
417 L -0.39 -1.348 0.047 1.24 -0.488 -0.963 0.562 -1.664 -1.132 0.503 0.655 -0.958 0.172 -1.151 -2.322 0.208 1.88 -2.409 -1.771 0.846